inner_cv_NB_bal_acc,inner_cv_root_leanness,inner_cv_SKSurvCox_c-index,train_NB_bal_acc,train_root_leanness,train_SKSurvCox_c-index,test_NB_bal_acc,test_root_leanness,test_SKSurvCox_c-index
,0.24253562503633297,,0.9197262390038332,0.24253562503633297,0.7563815622895994,0.7928100643878537,0.24253562503633297,0.6546662217665338
,0.23570226039551584,,0.9283138745704514,0.23570226039551584,0.7579410978005618,0.7928100643878537,0.23570226039551584,0.6516593809774762
,0.23570226039551584,,0.9188157128490773,0.23570226039551584,0.7536250564771115,0.7643320271901481,0.23570226039551584,0.6653387878551017
,0.23570226039551584,,0.9270473225294962,0.23570226039551584,0.7522577713991884,0.7594143234567076,0.23570226039551584,0.6693058177773828
,0.24253562503633297,,0.9252624816837696,0.24253562503633297,0.7553542585223538,0.7928100643878537,0.24253562503633297,0.6573838003794981
,0.24253562503633297,,0.9194091633586202,0.24253562503633297,0.7543634085954448,0.7888341963504403,0.24253562503633297,0.6450476326042126
,0.24253562503633297,,0.9280698814140403,0.24253562503633297,0.7406541143139923,0.7894504268656588,0.24253562503633297,0.6276371042413132
,0.22941573387056177,,0.9271963913324032,0.22941573387056177,0.757835015411064,0.7928100643878537,0.22941573387056177,0.6547304225452074
,0.22941573387056177,,0.935431611740298,0.22941573387056177,0.7512174483961819,0.7874199973978592,0.22941573387056177,0.6501706791698723
,0.22941573387056177,,0.9233645443344435,0.22941573387056177,0.7482688686375775,0.7461030382345322,0.22941573387056177,0.6647368374774009
,0.25,,0.9269973881731371,0.25,0.7474537687457096,0.7845910574139051,0.25,0.6596353552355382
,0.25,,0.9229754171128266,0.25,0.7379741565947262,0.7978076169406803,0.25,0.6519086577061733
,0.25,,0.8943557576108312,0.25,0.7401319963751894,0.7441519565633218,0.25,0.6394267377804798
,0.21320071635561044,,0.9170565743067567,0.21320071635561044,0.7629429074381108,0.7683672008206386,0.21320071635561044,0.6692778483343743
,0.21320071635561044,,0.925953589889354,0.21320071635561044,0.7348570021160519,0.7616642185335297,0.21320071635561044,0.6251756752235822
,0.20851441405707477,,0.9340956854740097,0.20851441405707477,0.760115565088179,0.7671984368192004,0.20851441405707477,0.6650568070646511
,0.21320071635561044,,0.9299349410326925,0.21320071635561044,0.762300119749388,0.7293965929961066,0.21320071635561044,0.6684073338624282
,0.21320071635561044,,0.9446725579143661,0.21320071635561044,0.7363002221124958,0.7701071129534414,0.21320071635561044,0.6316566597100114
,0.20851441405707477,,0.9459068914452092,0.20851441405707477,0.7508474516210764,0.7967190385874566,0.20851441405707477,0.6599136567206518
,0.21821789023599236,,0.9258209121220133,0.21821789023599236,0.7509322949161836,0.7727108716307837,0.21821789023599236,0.6566191361774789
,0.2581988897471611,,0.9236786526332653,0.2581988897471611,0.7524448568983763,0.757592298612882,0.2581988897471611,0.6219971340286052
,0.2581988897471611,,0.9197765486013565,0.2581988897471611,0.7502888299838729,0.757592298612882,0.2581988897471611,0.6443829356958936
,0.22360679774997896,,0.9299467273916222,0.22360679774997896,0.7624631188284043,0.782249227192131,0.22360679774997896,0.6505734590138551
,0.21821789023599236,,0.928283316856497,0.21821789023599236,0.747052793763425,0.7681937844163199,0.21821789023599236,0.6294482879037856
,0.22360679774997896,,0.9349272124125823,0.22360679774997896,0.7507900744025787,0.7874199973978592,0.22360679774997896,0.6512540952500777
,0.21821789023599236,,0.9278283080410359,0.21821789023599236,0.7619870681969686,0.7839610260315895,0.21821789023599236,0.6659437222738147
,0.21821789023599236,,0.9186150301662313,0.21821789023599236,0.7610890895504838,0.7638011149470608,0.21821789023599236,0.6496534474198029
,0.2581988897471611,,0.8943557576108312,0.2581988897471611,0.7406725603703305,0.7478076169406803,0.2581988897471611,0.6316947849896969
,0.22360679774997896,,0.9268432364100937,0.22360679774997896,0.7493005287617622,0.7719509690170887,0.22360679774997896,0.6652072106348484
,0.2041241452319315,,0.9378688790659877,0.2041241452319315,0.7606135905399627,0.7768149484839998,0.2041241452319315,0.665255082452238
,0.22360679774997896,,0.9233205091373664,0.22360679774997896,0.7492811388555153,0.7962785483025162,0.22360679774997896,0.6635327113464299
,0.21821789023599236,,0.9249093267614601,0.21821789023599236,0.7526470939710218,0.7983527446602109,0.21821789023599236,0.6697045027126725
,0.23570226039551584,,0.9217757267103498,0.23570226039551584,0.7492525043427052,0.7786225643878537,0.23570226039551584,0.6416747893601231
,0.24253562503633297,,0.9297741813793522,0.24253562503633297,0.7473936571961983,0.7712691508352705,0.24253562503633297,0.655480722915914
,0.22941573387056177,,0.9113038063059089,0.22941573387056177,0.748570056992621,0.7566886021237029,0.22941573387056177,0.657764623448015
,0.25,,0.9178127548551055,0.25,0.7458770614470985,0.7754991808224899,0.25,0.6373855036111967
,0.25,,0.9217667090125122,0.25,0.7485009537514669,0.7666038584099698,0.25,0.6414248087924043
,0.25,,0.9271873736345657,0.25,0.739595949157073,0.7978076169406803,0.25,0.6438887559953254
,0.23570226039551584,,0.9249093267614601,0.23570226039551584,0.7505017874437073,0.7715603034489655,0.23570226039551584,0.6403823058712
,0.24253562503633297,,0.9124123517069267,0.24253562503633297,0.7496281107002397,0.782577041058255,0.24253562503633297,0.6427704898618346
,0.21821789023599236,,0.92879126747484,0.21821789023599236,0.7580106134204475,0.7249168242099794,0.21821789023599236,0.6611732694938635
,0.25,,0.9262514541066249,0.25,0.7491179639872776,0.7878923606544134,0.25,0.6550976294072521
,0.22941573387056177,,0.9100902404070116,0.22941573387056177,0.7493928822499593,0.7659733850479448,0.22941573387056177,0.6628851082919277
,0.20851441405707477,,0.940360373216121,0.20851441405707477,0.7600117156926801,0.7761035503652841,0.20851441405707477,0.6693412803388112
,0.21821789023599236,,0.9338910122469122,0.21821789023599236,0.7626260229963936,0.7914942967652427,0.21821789023599236,0.6715854676083155
,0.21320071635561044,,0.940257265699023,0.21320071635561044,0.7442056616290005,0.7815665454253033,0.21320071635561044,0.6692209606607711
,0.20851441405707477,,0.9420814194332819,0.20851441405707477,0.7531993523228825,0.7906631240389614,0.20851441405707477,0.6625022483295541
,0.25,,0.9094959152536374,0.25,0.7491397568742807,0.76645877474514,0.25,0.6419398780469602
,0.21320071635561044,,0.9443259089573004,0.21320071635561044,0.7539405241092569,0.8052205307029517,0.21320071635561044,0.6653552084847854
,0.21320071635561044,,0.928055450749586,0.21320071635561044,0.7614058990592469,0.7921761149470609,0.21320071635561044,0.6723088362516758
,0.20851441405707477,,0.9158728052858485,0.20851441405707477,0.7620985510372975,0.7921761149470609,0.20851441405707477,0.6713438053353693
,0.19245008972987526,,0.9226018919077009,0.19245008972987526,0.7666907753342981,0.7714251627151983,0.19245008972987526,0.6450429045685026
,0.22941573387056177,,0.9217757267103498,0.22941573387056177,0.7488551375084437,0.7782816552969446,0.22941573387056177,0.641968282550763
,0.25,,0.9229754171128266,0.25,0.7392625670550697,0.7844470187873283,0.25,0.6615491251982357
,0.22360679774997896,,0.9089015901002632,0.22360679774997896,0.7496234883969581,0.771868929818367,0.22360679774997896,0.6614544170056836
,0.20851441405707477,,0.9400662345366216,0.20851441405707477,0.760087387839395,0.7885408031794003,0.20851441405707477,0.6668471200671622
,0.20851441405707477,,0.9419285661724124,0.20851441405707477,0.7502022025178876,0.7948990095905836,0.20851441405707477,0.6540970998065058
,0.2581988897471611,,0.9228028711005566,0.2581988897471611,0.7390530310872857,0.7978076169406803,0.2581988897471611,0.6434422166740872
,0.2581988897471611,,0.9205158065296135,0.2581988897471611,0.7385239115613592,0.7520754493190607,0.2581988897471611,0.6403509768296549
,0.22360679774997896,,0.9229754171128266,0.22360679774997896,0.7499984835034533,0.7974145682291127,0.22360679774997896,0.6466516299751903
,0.24253562503633297,,0.9094959152536374,0.24253562503633297,0.7484841426507655,0.7546909200461457,0.24253562503633297,0.6407842979856966
,0.23570226039551584,,0.9266706903978238,0.23570226039551584,0.755860861918682,0.7928100643878537,0.23570226039551584,0.6663885099678977
,0.25,,0.9284320540341874,0.25,0.7512581376291703,0.8000146764783926,0.25,0.6502465554181589
,0.24253562503633297,,0.9026024653290626,0.24253562503633297,0.7522337857426883,0.7624622052768724,0.24253562503633297,0.6214815592878563
,0.23570226039551584,,0.9216031806980798,0.23570226039551584,0.748253046446334,0.807679382569672,0.23570226039551584,0.6485188380445293
,0.20851441405707477,,0.9186126527352,0.20851441405707477,0.7629767666968758,0.7683672008206386,0.20851441405707477,0.6695960240793224
,0.25,,0.9124123517069267,0.25,0.7559398832594089,0.7928100643878537,0.25,0.6276510702271327
,0.2581988897471611,,0.9040446158437989,0.2581988897471611,0.7423603874410222,0.761751389521973,0.2581988897471611,0.6397639904483751
,0.2581988897471611,,0.9076679117744569,0.2581988897471611,0.7412367362601674,0.7524163584099698,0.2581988897471611,0.6392912966216915
,0.21821789023599236,,0.9227867453050174,0.21821789023599236,0.758769364489229,0.8075205631650438,0.21821789023599236,0.669223983139399
,0.2041241452319315,,0.9334799585042719,0.2041241452319315,0.7572588637120315,0.74838989225107,0.2041241452319315,0.6664646522501954
,0.23570226039551584,,0.9235370903467134,0.23570226039551584,0.7488134390663898,0.7488172489886226,0.23570226039551584,0.6468221124427523
,0.20851441405707477,,0.9203118779451553,0.20851441405707477,0.7627459602754294,0.7697023639890667,0.20851441405707477,0.6561207412509065
,0.21320071635561044,,0.9241369355479518,0.21320071635561044,0.7620616014832048,0.7569685668147725,0.21320071635561044,0.6511120172863187
,0.2672612419124244,,0.9216580571856514,0.2672612419124244,0.7491004835015251,0.7976625332758506,0.2672612419124244,0.6429524237801323
,0.2581988897471611,,0.9239739230195535,0.2581988897471611,0.7476106872779369,0.774144046696825,0.2581988897471611,0.6523226789218918
,0.1889822365046136,,0.9295262513483703,0.1889822365046136,0.7687968168438016,0.7714251627151983,0.1889822365046136,0.6458988556416084
,0.21821789023599236,,0.9296625874577096,0.21821789023599236,0.7517554743757969,0.7791619901167394,0.21821789023599236,0.6510914742623706
,0.2581988897471611,,0.9187544428932499,0.2581988897471611,0.7391475065046139,0.7524163584099698,0.2581988897471611,0.6427195871403014
,0.21821789023599236,,0.9338934264221975,0.21821789023599236,0.7389382891980091,0.7432887349745355,0.21821789023599236,0.6473893601549947
,0.20851441405707477,,0.9328647086640975,0.20851441405707477,0.7378344580521804,0.7615218176813023,0.20851441405707477,0.6433690963286965
,0.25,,0.9240556143979479,0.25,0.7529105963248005,0.7996737673874835,0.25,0.6461145236024897
,0.22941573387056177,,0.9210033354968414,0.22941573387056177,0.7488718264580985,0.807338473478763,0.22941573387056177,0.6493236100030086
,0.2672612419124244,,0.923419420822015,0.2672612419124244,0.6817583475424493,0.79058248041871,0.2672612419124244,0.5914291179450548
,0.2581988897471611,,0.9225905438166674,0.2581988897471611,0.7490376482658015,0.80476998041871,0.2581988897471611,0.6421127791477257
,0.22360679774997896,,0.9219923079196968,0.22360679774997896,0.753122507693483,0.8130518200413515,0.22360679774997896,0.6567893369414282
,0.22941573387056177,,0.9398740017071314,0.22941573387056177,0.7523512802611831,0.7623360260315895,0.22941573387056177,0.6715733944588028
,0.20851441405707477,,0.9342526836630943,0.20851441405707477,0.7614126023451887,0.7818183565623303,0.20851441405707477,0.6648655848818599
,0.21320071635561044,,0.9236031717156028,0.21320071635561044,0.7547503618563353,0.7558452287531029,0.21320071635561044,0.6583594571894237
,0.23570226039551584,,0.9132217066908502,0.23570226039551584,0.7508335629457568,0.7821962239864629,0.23570226039551584,0.6397717522525244
,0.2672612419124244,,0.9185923851649196,0.2672612419124244,0.7474267633627761,0.7875873174716143,0.2672612419124244,0.6496752284559212
,0.2672612419124244,,0.9241464690318235,0.2672612419124244,0.746793478201786,0.7555900705645671,0.2672612419124244,0.6287060416028809
,0.2672612419124244,,0.9045136832436937,0.2672612419124244,0.6882783848289236,0.7740804715899875,0.2672612419124244,0.6369646991672614
,0.2672612419124244,,0.9228028711005566,0.2672612419124244,0.7401271508922563,0.7657769565633218,0.2672612419124244,0.6392912966216915
,0.21821789023599236,,0.9299467273916222,0.21821789023599236,0.7628491704475977,0.7785935668147724,0.21821789023599236,0.6527801697494466
,0.23570226039551584,,0.9311653211368948,0.23570226039551584,0.7669505396222622,0.7854079952794313,0.23570226039551584,0.6432404821648287
,0.2,,0.9292401650712766,0.2,0.7607543299944793,0.7805552704489342,0.2,0.6491659582277932
,0.2672612419124244,,0.89366302207412,0.2672612419124244,0.7604966472777518,0.7799339923466874,0.2672612419124244,0.6389431843921058
,0.19611613513818404,,0.9292401650712766,0.19611613513818404,0.761030880150638,0.7802058915669466,0.19611613513818404,0.6473934621912794
,0.2581988897471611,,0.9183544495308056,0.2581988897471611,0.7461843542994224,0.7520754493190607,0.2581988897471611,0.6501167889055367
,0.21821789023599236,,0.9253796102975173,0.21821789023599236,0.7372821169209116,0.7737627733307999,0.21821789023599236,0.6281661595950512
,0.21320071635561044,,0.9397784935462712,0.21320071635561044,0.7503223387622808,0.7977307506265738,0.21320071635561044,0.6629119771569374
,0.20851441405707477,,0.9395069395034902,0.20851441405707477,0.7542184739758963,0.8000271527240459,0.20851441405707477,0.6662265349181814
,0.24253562503633297,,0.915641885503056,0.24253562503633297,0.757209736229722,0.8041151819154712,0.24253562503633297,0.6438464543779523
,0.25,,0.916368205452302,0.25,0.7598403494227982,0.7751336630793492,0.25,0.647594420523652
,0.25,,0.8949157952179098,0.25,0.7514960991293503,0.785826474990586,0.25,0.6090225206551485
,0.20851441405707477,,0.9410175140565379,0.20851441405707477,0.7525437834825074,0.7752388720148987,0.20851441405707477,0.659906960704939
,0.2041241452319315,,0.9395069395034902,0.2041241452319315,0.753728861084142,0.7988303442134076,0.2041241452319315,0.6697147344819172
,0.24253562503633297,,0.9068431750662954,0.24253562503633297,0.7530244068247186,0.8033768936800965,0.24253562503633297,0.6558013567975617
,0.23570226039551584,,0.9395590187521736,0.23570226039551584,0.749618181811398,0.7737048606544135,0.23570226039551584,0.645574344795417
,0.22941573387056177,,0.9231479631250965,0.22941573387056177,0.749666907416562,0.7955155929269582,0.22941573387056177,0.6475523017869699
,0.2041241452319315,,0.9451257683747516,0.2041241452319315,0.7533846571054846,0.7954757236626606,0.2041241452319315,0.6610734989339774
,0.21821789023599236,,0.9236031717156028,0.21821789023599236,0.7501347227254209,0.758188978753103,0.21821789023599236,0.6574030848743422
,0.2672612419124244,,0.9189514033169546,0.2672612419124244,0.7495262228157888,0.7606981980326112,0.2672612419124244,0.6549803633522244
,0.23570226039551584,,0.8932138466561013,0.23570226039551584,0.7489260152564423,0.8011820845901788,0.23570226039551584,0.645391082231663
,0.24253562503633297,,0.9179227655877051,0.24253562503633297,0.7614268933838628,0.8041151819154712,0.24253562503633297,0.6656336028863236
,0.25,,0.915087703945006,0.25,0.7597377628484683,0.8203279173653635,0.25,0.6526630882918879
,0.25,,0.9061709482303412,0.25,0.7510572811144962,0.8139377308758192,0.25,0.6440986860407121
,0.24253562503633297,,0.9216493712464776,0.24253562503633297,0.7508158663914978,0.746742760731053,0.24253562503633297,0.6307983313496845
,0.23570226039551584,,0.9324606154830053,0.23570226039551584,0.7549539619606672,0.7845388591056179,0.23570226039551584,0.6453007373879618
,0.21320071635561044,,0.9325227633753438,0.21320071635561044,0.7387429523330852,0.7432887349745355,0.21320071635561044,0.6468424747259566
,0.22360679774997896,,0.9074100368853708,0.22360679774997896,0.750769203815547,0.8057404992866345,0.22360679774997896,0.6612718277555234
,0.25,,0.9015067414584791,0.25,0.7583667377112832,0.7874605616804996,0.25,0.645013739038412
,0.20851441405707477,,0.9199138156256689,0.20851441405707477,0.7454037786332218,0.7493380123731705,0.20851441405707477,0.6322767318742397
,0.2581988897471611,,0.8990187071245429,0.2581988897471611,0.7603490775730973,0.7906746838360491,0.2581988897471611,0.6488966182034752
,0.22360679774997896,,0.9259686128281359,0.22360679774997896,0.7759671747913622,0.7781911956474803,0.22360679774997896,0.6397839738527342
,0.22941573387056177,,0.902216143432424,0.22941573387056177,0.7655996608595411,0.8101683592219153,0.22941573387056177,0.6473801373743784
,0.22941573387056177,,0.9343370931553567,0.22941573387056177,0.7712469083178656,0.801592064415729,0.22941573387056177,0.645761954045703
,0.24253562503633297,,0.9009124163051049,0.24253562503633297,0.7581928965870502,0.8190542425406186,0.24253562503633297,0.6441562278861958
,0.25,,0.9084373356487594,0.25,0.7532159554341123,0.8142786399667283,0.25,0.6498494286314669
,0.20851441405707477,,0.94786774248523,0.20851441405707477,0.7527959764232695,0.7840857610867211,0.20851441405707477,0.6681574400887208
,0.2773500981126146,,0.9025223833965519,0.2773500981126146,0.6713317963195256,0.7297960795969946,0.2773500981126146,0.5918980939503181
,0.2672612419124244,,0.907090047482745,0.2672612419124244,0.7513412418574108,0.7389237030324287,0.2672612419124244,0.6298448572406141
,0.24253562503633297,,0.911891968117212,0.24253562503633297,0.7542862601263034,0.8056936443872665,0.24253562503633297,0.6456585424450482
,0.2672612419124244,,0.9305014238277035,0.2672612419124244,0.7506468802316776,0.7263327175900995,0.2672612419124244,0.6387271334384742
,0.23570226039551584,,0.929200888044632,0.23570226039551584,0.7537801927919057,0.8112800710777401,0.23570226039551584,0.6484475114432301
,0.2672612419124244,,0.9150512636429657,0.2672612419124244,0.7486443669608587,0.7365300860111521,0.2672612419124244,0.6336044529318304
,0.21821789023599236,,0.9359398667297562,0.21821789023599236,0.7515478455820621,0.7729090479663773,0.21821789023599236,0.6512375707082297
,0.24253562503633297,,0.9316661915154019,0.24253562503633297,0.7543967886906582,0.8056936443872665,0.24253562503633297,0.6469908218588127
,0.25,,0.9293734340569019,0.25,0.7542982878069491,0.8056936443872665,0.25,0.6469908218588127
,0.25,,0.8915708440225817,0.25,0.7567868336408021,0.7971654994564933,0.25,0.6474133099608588
,0.2581988897471611,,0.8915708440225817,0.2581988897471611,0.7552980369078567,0.8153985821632601,0.2581988897471611,0.6449182839048946
,0.2672612419124244,,0.9027833885821257,0.2672612419124244,0.7521119092992786,0.7889759114372316,0.2672612419124244,0.6497510529499195
,0.2581988897471611,,0.9001269152643306,0.2581988897471611,0.7457054173348256,0.8294998075495311,0.2581988897471611,0.6171626178989458
,0.2581988897471611,,0.9043044766852929,0.2581988897471611,0.7514733716307913,0.8142786399667283,0.2581988897471611,0.6430812880454995
,0.2773500981126146,,0.9214711038929182,0.2773500981126146,0.7053484149782454,0.7367839290367959,0.2773500981126146,0.6137241179184852
,0.2773500981126146,,0.9014230981835933,0.2773500981126146,0.6617911961650368,0.7591952510598731,0.2773500981126146,0.6138358615754435
,0.2773500981126146,,0.9058365036096431,0.2773500981126146,0.6588703604326521,0.7661757783306173,0.2773500981126146,0.5827201212390061
,0.24253562503633297,,0.8915708440225817,0.24253562503633297,0.7554717743458526,0.8105260976098453,0.24253562503633297,0.6497845977596033
,0.2,,0.9153870173327919,0.2,0.7586214011000862,0.7994632508968863,0.2,0.6727305569651579
,0.2773500981126146,,0.9045136832436937,0.2773500981126146,0.6949511972388637,0.7744213806808966,0.2773500981126146,0.6540218865014029
,0.2773500981126146,,0.9165829553830469,0.2773500981126146,0.7480502585402369,0.757592298612882,0.2773500981126146,0.6522664723484036
,0.2773500981126146,,0.9093079303139094,0.2773500981126146,0.7481401595038206,0.7638605434851737,0.2773500981126146,0.6526379999265713
,0.22360679774997896,,0.9147971129132177,0.22360679774997896,0.7674097955959481,0.7700736780133312,0.22360679774997896,0.6337473245955115
,0.21320071635561044,,0.9305550329067483,0.21320071635561044,0.7527900745659405,0.7577605970796385,0.21320071635561044,0.6572306612561237
,0.2672612419124244,,0.9071084525149006,0.2672612419124244,0.7389984327589572,0.825563103989363,0.2672612419124244,0.6357341683903924
,0.2773500981126146,,0.9099811384975858,0.2773500981126146,0.7027763952758801,0.7460783803252283,0.2773500981126146,0.5826155737006031
,0.2672612419124244,,0.8889121024244676,0.2672612419124244,0.7530202347008952,0.8146195490576374,0.2672612419124244,0.6437801401805947
,0.2773500981126146,,0.9003876455247571,0.2773500981126146,0.7223131571199694,0.795783906583394,0.2773500981126146,0.5602287371185898
,0.2581988897471611,,0.8951291418717324,0.2581988897471611,0.7476034008941408,0.8244790946808815,0.2581988897471611,0.6471179714374864
,0.2773500981126146,,0.9028641906035034,0.2773500981126146,0.7461394174820188,0.7876282462060356,0.2773500981126146,0.6190458838544297
,0.2773500981126146,,0.9049764623826417,0.2773500981126146,0.7552583505829549,0.7872873371151266,0.2773500981126146,0.61536758643912
,0.2773500981126146,,0.9010109452709493,0.2773500981126146,0.6757898864723484,0.7715956017680347,0.2773500981126146,0.5785906626318273
,0.2581988897471611,,0.8980129101058828,0.2581988897471611,0.7514873122930912,0.8097670801696407,0.2581988897471611,0.646568385511055
,0.28867513459481287,,0.9246831675962978,0.28867513459481287,0.6696092122781157,0.7562735484849913,0.28867513459481287,0.5687992883122329
,0.2773500981126146,,0.9136259743333045,0.2773500981126146,0.7460912230091705,0.7462350237871458,0.2773500981126146,0.6297846937727313
,0.2773500981126146,,0.8951863942531654,0.2773500981126146,0.7450439823636131,0.7876282462060356,0.2773500981126146,0.624244083178371
,0.2773500981126146,,0.9092059888387236,0.2773500981126146,0.7513872563662288,0.7898318108569607,0.2773500981126146,0.6406055874572162
,0.21821789023599236,,0.9311373677499137,0.21821789023599236,0.7513172091256973,0.7704169944253076,0.21821789023599236,0.6536659883211527
,0.2672612419124244,,0.9002968233974429,0.2672612419124244,0.7396562285774612,0.7950426266118602,0.2672612419124244,0.6468866832545074
,0.2672612419124244,,0.8975015464695191,0.2672612419124244,0.7473029839264851,0.8133040054255263,0.2672612419124244,0.6465294136396178
,0.2773500981126146,,0.8794856552268516,0.2773500981126146,0.7493321018698257,0.783543217374971,0.2773500981126146,0.647970338689343
,0.28867513459481287,,0.9053893971108936,0.28867513459481287,0.6928174809072724,0.7701796699679421,0.28867513459481287,0.5546626604721461
,0.21821789023599236,,0.9215185750843993,0.21821789023599236,0.7612122017858717,0.8161875118350272,0.21821789023599236,0.6605558578610607
,0.28867513459481287,,0.9097575013106309,0.28867513459481287,0.659695472701416,0.7713691563095233,0.28867513459481287,0.5859118147790269
,0.2773500981126146,,0.890972634642478,0.2773500981126146,0.7542474282276137,0.7666154182070575,0.2773500981126146,0.6231055681832053
,0.24253562503633297,,0.9183420195385947,0.24253562503633297,0.7559665582029422,0.7751336630793492,0.24253562503633297,0.6520341630414275
,0.28867513459481287,,0.8851007601669179,0.28867513459481287,0.7228987893510398,0.8006363754713909,0.28867513459481287,0.557151091337
,0.2773500981126146,,0.8746005191932769,0.2773500981126146,0.7569782966973929,0.8085502559935843,0.2773500981126146,0.6145705757525377
,0.28867513459481287,,0.8887460339463784,0.28867513459481287,0.7559373457080676,0.8140941552969447,0.28867513459481287,0.6148480822466301
,0.2672612419124244,,0.8811329247523202,0.2672612419124244,0.7405162081801159,0.8411810052430869,0.2672612419124244,0.6400497121949974
,0.28867513459481287,,0.9228052964867266,0.28867513459481287,0.6973390186821821,0.7448990095905836,0.28867513459481287,0.6015652253936805
,0.28867513459481287,,0.9210541770846162,0.28867513459481287,0.7470882752775828,0.8025095842828525,0.28867513459481287,0.6487301554516043
,0.2672612419124244,,0.8957386986368263,0.2672612419124244,0.7374693281815076,0.8143262648929465,0.2672612419124244,0.6369330020243728
,0.2773500981126146,,0.8972872068104346,0.2773500981126146,0.732024568391115,0.8057688226964148,0.2773500981126146,0.6295694623081839
,0.2581988897471611,,0.8987522311897956,0.2581988897471611,0.7422247626078915,0.8119243145575932,0.2581988897471611,0.6549542726472543
,0.2581988897471611,,0.816281177739433,0.2581988897471611,0.7487662942152943,0.7909864349600829,0.2581988897471611,0.6150969561014454
,0.21320071635561044,,0.9146729986166209,0.21320071635561044,0.7595576338825893,0.7615751412743751,0.21320071635561044,0.669163642269654
,0.2581988897471611,,0.805488849629199,0.2581988897471611,0.7446950040982314,0.7677835368196361,0.2581988897471611,0.642963281724433
,0.2581988897471611,,0.8010427097318692,0.2581988897471611,0.7504057865908034,0.731889680222576,0.2581988897471611,0.6377865884793812
,0.2581988897471611,,0.7984354567827533,0.2581988897471611,0.747887284847735,0.7409411271953059,0.2581988897471611,0.645913565270117
,0.2672612419124244,,0.8964023476864519,0.2672612419124244,0.7401222330741322,0.8163595000972893,0.2672612419124244,0.6535773477238334
,0.2581988897471611,,0.7940076856073288,0.2581988897471611,0.7472286265673885,0.757646250941088,0.2581988897471611,0.6444698490580827
,0.2581988897471611,,0.7921217563451303,0.2581988897471611,0.7479520747570172,0.7824433840871886,0.2581988897471611,0.6420855878869552
,0.2581988897471611,,0.8077219714284052,0.2581988897471611,0.7474185243914767,0.7382940638093899,0.2581988897471611,0.6457029931325272
,0.2581988897471611,,0.7757395629771636,0.2581988897471611,0.7472951923211325,0.7817462782222735,0.2581988897471611,0.6044218176745552
,0.2581988897471611,,0.7603336479850782,0.2581988897471611,0.7496836842524047,0.7426238915147579,0.2581988897471611,0.6489494640908878
,0.30151134457776363,,0.9031293008049728,0.30151134457776363,0.6513724577418604,0.7176201477933768,0.30151134457776363,0.6023254819115984
,0.2672612419124244,,0.7734176851778175,0.2672612419124244,0.7555369687296285,0.7376870796063612,0.2672612419124244,0.622105583423951
,0.2672612419124244,,0.7750010243216162,0.2672612419124244,0.7471537261322305,0.7478789024413744,0.2672612419124244,0.6437625704920177
,0.2581988897471611,,0.7296703448826201,0.2581988897471611,0.748573916145643,0.7427477886652434,0.2581988897471611,0.6230420451481569
,0.2672612419124244,,0.770766509195212,0.2672612419124244,0.7454433150636541,0.7014590658009292,0.2672612419124244,0.6440781663576995
,0.21821789023599236,,0.9273410314561175,0.21821789023599236,0.7532433478685747,0.8210399807230241,0.21821789023599236,0.6714652524329676
,0.21821789023599236,,0.8901181708296835,0.21821789023599236,0.7376261957993383,0.8081986105265226,0.21821789023599236,0.6259707420333834
,0.2672612419124244,,0.7621781117524107,0.2672612419124244,0.7432931588301649,0.7474070703463173,0.2672612419124244,0.6522830351370215
,0.2773500981126146,,0.8919717737720557,0.2773500981126146,0.7554444405664259,0.8790722644322089,0.2773500981126146,0.6608493344901856
,0.2581988897471611,,0.757705591960363,0.2581988897471611,0.7506544482528513,0.7297706004715261,0.2581988897471611,0.5991627508853278
,0.2672612419124244,,0.7850003161881386,0.2672612419124244,0.7516284141332839,0.7623178234464918,0.2672612419124244,0.6315033382105701
,0.2672612419124244,,0.7572775842376563,0.2672612419124244,0.745659505480259,0.7455819069969885,0.2672612419124244,0.6402501889745377
,0.2672612419124244,,0.8134822657675023,0.2672612419124244,0.7478883067779898,0.7188440612286877,0.2672612419124244,0.646141194014977
,0.2672612419124244,,0.8222803876819266,0.2672612419124244,0.7452113415070696,0.7295529548359934,0.2672612419124244,0.5956852099847885
,0.2672612419124244,,0.744417733738511,0.2672612419124244,0.7514629125458462,0.7455405511121653,0.2672612419124244,0.6539764431849869
,0.2773500981126146,,0.7880029001909948,0.2773500981126146,0.7491285441927742,0.7296586666761299,0.2773500981126146,0.655424192805084
,0.2773500981126146,,0.7916114040294387,0.2773500981126146,0.7494789576490101,0.7740466759886327,0.2773500981126146,0.649233400035211
,0.20851441405707477,,0.9276591627204298,0.20851441405707477,0.7371168493334515,0.762861027044168,0.20851441405707477,0.6276736343095282
,0.28867513459481287,,0.902539869157401,0.28867513459481287,0.650202084721387,0.7621038584099697,0.28867513459481287,0.6016860273615032
,0.2773500981126146,,0.7847615925619701,0.2773500981126146,0.7517751363160594,0.8222734122604429,0.2773500981126146,0.6320465958222428
,0.2672612419124244,,0.7877753693602643,0.2672612419124244,0.7527428673228741,0.7305095874603428,0.2672612419124244,0.6389199770553609
,0.2773500981126146,,0.7775114374677109,0.2773500981126146,0.7559851787344761,0.7540443307648284,0.2773500981126146,0.6246764857282018
,0.2773500981126146,,0.752632232981326,0.2773500981126146,0.7549429183141494,0.804434515992368,0.2773500981126146,0.6358836030251951
,0.2672612419124244,,0.7783217666004373,0.2672612419124244,0.7515757112706856,0.7782844375513407,0.2672612419124244,0.6494340930315575
,0.2773500981126146,,0.7855510021713327,0.2773500981126146,0.7495408558297489,0.7577768068471185,0.2773500981126146,0.6336631588840973
,0.28867513459481287,,0.9114742986345415,0.28867513459481287,0.7479444391250221,0.7667502992332974,0.28867513459481287,0.6496866799066571
,0.2773500981126146,,0.7691269865061622,0.2773500981126146,0.7417978078359405,0.7290964335709581,0.2773500981126146,0.6498686000260366
,0.21320071635561044,,0.9311174756399826,0.21320071635561044,0.7551634141390435,0.7895012453340654,0.21320071635561044,0.6677770838943806
,0.28867513459481287,,0.8742845364134735,0.28867513459481287,0.7602467465396959,0.8749550934370898,0.28867513459481287,0.6603864555701194
,0.30151134457776363,,0.9083617381002432,0.30151134457776363,0.7339655891840813,0.7826135994071562,0.30151134457776363,0.6620060867655148
,0.30151134457776363,,0.8973183808213491,0.30151134457776363,0.6630455457268714,0.7943075021988293,0.30151134457776363,0.5810637316433939
,0.28867513459481287,,0.8742845364134735,0.28867513459481287,0.7534725562367551,0.8790722644322089,0.28867513459481287,0.6613416965398566
,0.28867513459481287,,0.8915283214845157,0.28867513459481287,0.7380747562648242,0.7985765318518737,0.28867513459481287,0.6680876737128957
,0.20851441405707477,,0.9154312723949641,0.20851441405707477,0.7614505333161773,0.7803822319683374,0.20851441405707477,0.6703187249658068
,0.30151134457776363,,0.9042214417728801,0.30151134457776363,0.7312879945377264,0.7834603563018204,0.30151134457776363,0.6249286410816746
,0.30151134457776363,,0.8869042978752136,0.30151134457776363,0.7293256343973602,0.7489121949852087,0.30151134457776363,0.648789988307814
,0.31622776601683794,,0.8973183808213491,0.31622776601683794,0.6538898744696032,0.7913087283330034,0.31622776601683794,0.5564373600120525
,0.30151134457776363,,0.8976426206301477,0.30151134457776363,0.7253619449214965,0.7899035076230425,0.30151134457776363,0.6102327351342456
,0.30151134457776363,,0.8706107741612074,0.30151134457776363,0.7350860140187422,0.7898093414000903,0.30151134457776363,0.6379058378172104
,0.31622776601683794,,0.8924636847523393,0.31622776601683794,0.6349350652709004,0.7963366474588103,0.31622776601683794,0.6536006449237902
,0.31622776601683794,,0.8912938236331237,0.31622776601683794,0.6260519147927937,0.7913087283330034,0.31622776601683794,0.5098040818497649
,0.31622776601683794,,0.8999431792771911,0.31622776601683794,0.6531743464796589,0.7834603563018204,0.31622776601683794,0.6031852404594313
,0.30151134457776363,,0.8914592546041076,0.30151134457776363,0.7411487612930308,0.7701728887929434,0.30151134457776363,0.6183059241959503
,0.31622776601683794,,0.9002161111347806,0.31622776601683794,0.6549905333285235,0.7784264225693679,0.31622776601683794,0.6067396011738597
,0.31622776601683794,,0.8922792549247894,0.31622776601683794,0.7017571604133991,0.7889822348035851,0.31622776601683794,0.5301287366506952
,0.31622776601683794,,0.8760190358171935,0.31622776601683794,0.750305059931217,0.7879443721483698,0.31622776601683794,0.6591905407969288
,0.2773500981126146,,0.7817021556464631,0.2773500981126146,0.7484131878434245,0.7420549242424243,0.2773500981126146,0.6418859733814488
,0.31622776601683794,,0.9021716794555655,0.31622776601683794,0.6636122132215934,0.7782979994958904,0.31622776601683794,0.6107926510624929
,0.28867513459481287,,0.9055554223509061,0.28867513459481287,0.7507116527673193,0.7684177152104013,0.28867513459481287,0.6438524540374551
,0.31622776601683794,,0.8861428460878676,0.31622776601683794,0.7328946069964373,0.7633948011172841,0.31622776601683794,0.6197349675386395
,0.28867513459481287,,0.9067920138032299,0.28867513459481287,0.7374767153036381,0.8291388229589852,0.28867513459481287,0.6563145973018044
,0.31622776601683794,,0.8770274912781097,0.31622776601683794,0.7408120503188074,0.7704844652858004,0.31622776601683794,0.6589766855922212
,0.28867513459481287,,0.8812301877474754,0.28867513459481287,0.744572945624716,0.7720240447650586,0.28867513459481287,0.6532843318687328
,0.30151134457776363,,0.893580455726147,0.30151134457776363,0.7369564161074347,0.7985765318518737,0.30151134457776363,0.6665659012535775
,0.31622776601683794,,0.9066521961864226,0.31622776601683794,0.7316551322928379,0.7678893648901679,0.31622776601683794,0.6617940633997417
,0.30151134457776363,,0.8852900223660113,0.30151134457776363,0.7345013444185853,0.8441236612339178,0.30151134457776363,0.66145732626395
,0.31622776601683794,,0.8849677586900913,0.31622776601683794,0.7345275755321835,0.7832573965612356,0.31622776601683794,0.6611995748292917
,0.31622776601683794,,0.87974350225257,0.31622776601683794,0.733553821743547,0.7448977127696491,0.31622776601683794,0.6378894792958596
,0.2773500981126146,,0.7515039797533991,0.2773500981126146,0.7537725426077146,0.7348361406582813,0.2773500981126146,0.6311645506554472
,0.18257418583505536,,0.9089192395295599,0.18257418583505536,0.757040039626135,0.7512429292575169,0.18257418583505536,0.6612979006989864
,0.30151134457776363,,0.8877294727159901,0.30151134457776363,0.743373992692699,0.7832913042718527,0.30151134457776363,0.6217713247834298
,0.3333333333333333,,0.8345862845972379,0.3333333333333333,0.7193383642573059,0.7850064271056918,0.3333333333333333,0.6416802986103917
,0.31622776601683794,,0.8935166315973553,0.31622776601683794,0.7380685201239865,0.7478016787525875,0.31622776601683794,0.6220167188438266
,0.3333333333333333,,0.8714619700226419,0.3333333333333333,0.6265529023022549,0.7537412777628628,0.3333333333333333,0.5108622346244804
,0.2773500981126146,,0.7562293708513149,0.2773500981126146,0.7552232613204629,0.7829315912041596,0.2773500981126146,0.6170773668605742
,0.3779644730092272,,0.8449916220460479,0.3779644730092272,0.6353172550181722,0.8324445441851813,0.3779644730092272,0.5912676950070168
,0.3333333333333333,,0.864400391649404,0.3333333333333333,0.6600010002447673,0.8188351815005231,0.3333333333333333,0.6143808089733326
,0.3333333333333333,,0.866787543018239,0.3333333333333333,0.6532053361595282,0.8345690207421442,0.3333333333333333,0.5863091046103516
,0.3779644730092272,,0.8268571739811914,0.3779644730092272,0.7071908875702881,0.8640174756363216,0.3779644730092272,0.5826701158584995
,0.3779644730092272,,0.8435476223711688,0.3779644730092272,0.6310776724019883,0.7867479795893699,0.3779644730092272,0.6052405924845331
,0.31622776601683794,,0.9075992438389293,0.31622776601683794,0.7377892844856567,0.8313956206933774,0.31622776601683794,0.66482812804286
,0.3333333333333333,,0.8479549183146771,0.3333333333333333,0.7473294100120507,0.7839710648762835,0.3333333333333333,0.6405978460269708
,0.3333333333333333,,0.8418992344497362,0.3333333333333333,0.7411307048350434,0.8546070394275936,0.3333333333333333,0.61574715884902
,0.3333333333333333,,0.8612878399871631,0.3333333333333333,0.7507887822091576,0.8281889714576169,0.3333333333333333,0.6490962008704649
,0.21320071635561044,,0.9244016340695784,0.21320071635561044,0.7509421166801574,0.7956842177912635,0.21320071635561044,0.6671480073674962
,0.28867513459481287,,0.7691449547420096,0.28867513459481287,0.7488346238247829,0.7756076899247198,0.28867513459481287,0.6514096862150761
,0.3535533905932738,,0.8239588680567869,0.3535533905932738,0.707234684624732,0.8739053955026621,0.3535533905932738,0.5817363205032818
,0.28867513459481287,,0.7554987956229935,0.28867513459481287,0.7461081268710138,0.7433828677834057,0.28867513459481287,0.6368658395355791
,0.408248290463863,,0.8422385838997335,0.408248290463863,0.6217168859718014,0.852289547437336,0.408248290463863,0.5155913023813183
,0.3333333333333333,,0.8815222903597553,0.3333333333333333,0.7373531322254417,0.7780058657242793,0.3333333333333333,0.660965012687049
,0.3333333333333333,,0.8780500215472846,0.3333333333333333,0.7324912500850937,0.7834482025719649,0.3333333333333333,0.6512165878320867
,0.3535533905932738,,0.8487621020697255,0.3535533905932738,0.7352990428726544,0.8368164709093368,0.3535533905932738,0.6302743192785708
,0.3779644730092272,,0.8331911133192008,0.3779644730092272,0.6707003973589336,0.7524608233807019,0.3779644730092272,0.5977765137092034
,0.3333333333333333,,0.8835254509977836,0.3333333333333333,0.7330053799116186,0.8034550183161888,0.3333333333333333,0.6505136997257442
,0.3779644730092272,,0.8148398365704829,0.3779644730092272,0.7317603796320943,0.8248153409090909,0.3779644730092272,0.6372432630954438
,0.3535533905932738,,0.8402263156577164,0.3535533905932738,0.7374203815449855,0.8440672886596681,0.3535533905932738,0.6060684636381325
,0.3535533905932738,,0.841677538663121,0.3535533905932738,0.7392500460393024,0.8496409526476081,0.3535533905932738,0.6215793414262021
,0.3535533905932738,,0.8184109647763442,0.3535533905932738,0.749066495146009,0.7503694156099878,0.3535533905932738,0.6358745793340388
,0.3779644730092272,,0.8435957552218232,0.3779644730092272,0.7380603354201385,0.856590503086224,0.3779644730092272,0.6162758274301492
,0.3779644730092272,,0.8384055665712266,0.3779644730092272,0.7322939372589642,0.7935685728564289,0.3779644730092272,0.6175066864782096
,0.3535533905932738,,0.8336241591160983,0.3535533905932738,0.7390776979220599,0.803191557440401,0.3535533905932738,0.6068782668757831
,0.408248290463863,,0.8403816391586617,0.408248290463863,0.6284092080425854,0.7796242942653854,0.408248290463863,0.6044980846863715
,0.2,,0.940207884202055,0.2,0.750714389988765,0.8018810527230544,0.2,0.6589064404894253
,0.408248290463863,,0.8509550394801638,0.408248290463863,0.5912127719780719,0.8550481233939783,0.408248290463863,0.5698229657532746
,0.408248290463863,,0.8393537089860872,0.408248290463863,0.6188976394295471,0.8279587269740594,0.408248290463863,0.6142905968091366
,0.3779644730092272,,0.8384149907941587,0.3779644730092272,0.7454207740448823,0.8026856551036784,0.3779644730092272,0.6551544559834009
,0.3779644730092272,,0.8499981085002389,0.3779644730092272,0.7228871382232426,0.7882808995225431,0.3779644730092272,0.5799714970493074
,0.408248290463863,,0.8191243635077788,0.408248290463863,0.6350127626265574,0.856590503086224,0.408248290463863,0.5257818445684611
,0.3535533905932738,,0.8518637126665476,0.3535533905932738,0.7463878784174243,0.8315432097003842,0.3535533905932738,0.6529237816412956
,0.3779644730092272,,0.856957675083595,0.3779644730092272,0.7459618849446888,0.8033972753667604,0.3779644730092272,0.6538118140762833
,0.3779644730092272,,0.8709636317486151,0.3779644730092272,0.7237523122621765,0.8029256976591891,0.3779644730092272,0.6065023487047854
,0.3779644730092272,,0.8391751186532828,0.3779644730092272,0.7452822585116452,0.8165322460127693,0.3779644730092272,0.6659514844258777
,0.408248290463863,,0.8409493925521231,0.408248290463863,0.6303877082090101,0.8139540981314054,0.408248290463863,0.6072798815356177
,0.408248290463863,,0.8219374250170156,0.408248290463863,0.698476329010687,0.8020431941824749,0.408248290463863,0.6367797293229304
,0.408248290463863,,0.8247642357598219,0.408248290463863,0.6331787148711183,0.8409286253863005,0.408248290463863,0.5942087676807053
,0.408248290463863,,0.8259289274206766,0.408248290463863,0.6673567981736901,0.812246183963662,0.408248290463863,0.5848991858963252
,0.408248290463863,,0.8379116994118007,0.408248290463863,0.7298984827743538,0.7862745985218411,0.408248290463863,0.5961659272109128
,0.408248290463863,,0.8352995155119053,0.408248290463863,0.723274306160802,0.8112779896235788,0.408248290463863,0.5802011254924817
,0.408248290463863,,0.8325907482072076,0.408248290463863,0.7212100839960901,0.7407995662603977,0.408248290463863,0.6048952660125495
,0.4472135954999579,,0.8430875871222657,0.4472135954999579,0.6081806734796978,0.8265628553649681,0.4472135954999579,0.4987582314336682
,0.408248290463863,,0.8376423107998555,0.408248290463863,0.7267965182098411,0.8290619160928898,0.408248290463863,0.5742675022235904
,0.4472135954999579,,0.8233532880874626,0.4472135954999579,0.6070369244471694,0.738040723093144,0.4472135954999579,0.6020681407671931
,0.4472135954999579,,0.8317230777270342,0.4472135954999579,0.605684920954263,0.8609188437413047,0.4472135954999579,0.5546898922676434
,0.4472135954999579,,0.8239380568811167,0.4472135954999579,0.6004085369227986,0.7695982210957546,0.4472135954999579,0.6136808702775814
,0.4472135954999579,,0.8132782214148594,0.4472135954999579,0.6454903617979152,0.8239004880433443,0.4472135954999579,0.6509604957639663
,0.4472135954999579,,0.8159230124606661,0.4472135954999579,0.6619699948320119,0.7731968905787298,0.4472135954999579,0.6190676107021367
,0.408248290463863,,0.8199659108369071,0.408248290463863,0.7228694919304003,0.8133010679701856,0.408248290463863,0.589943413645757
,0.3779644730092272,,0.8473021010117228,0.3779644730092272,0.7374789847130073,0.8389911722751915,0.3779644730092272,0.6162856136173874
,0.408248290463863,,0.8481443059780842,0.408248290463863,0.7223776965293264,0.8427140958590852,0.408248290463863,0.5790989448170702
,0.4472135954999579,,0.8212941206386808,0.4472135954999579,0.6396803632848135,0.7895154249096169,0.4472135954999579,0.5688387388383656
,0.3779644730092272,,0.8338181148948964,0.3779644730092272,0.7387157085544046,0.818529873352561,0.3779644730092272,0.6135384273196807
,0.408248290463863,,0.8186967366203008,0.408248290463863,0.7375989366476098,0.8126258964220748,0.408248290463863,0.6111231381285137
,0.3779644730092272,,0.8505833767101626,0.3779644730092272,0.7458038691536958,0.8033972753667604,0.3779644730092272,0.6528159296185839
,0.4472135954999579,,0.8278249614118692,0.4472135954999579,0.6210300870451069,0.8452662548258334,0.4472135954999579,0.6028613967327892
,0.408248290463863,,0.8449957731238501,0.408248290463863,0.7229551256458094,0.8363360154338415,0.408248290463863,0.5913717138866437
,0.3779644730092272,,0.83432947853126,0.3779644730092272,0.7399360532105426,0.8188161111184183,0.3779644730092272,0.6141162380640645
,0.3779644730092272,,0.8368242089968005,0.3779644730092272,0.7314304811402633,0.7839995949013486,0.3779644730092272,0.657838380151416
,0.408248290463863,,0.8222180707800291,0.408248290463863,0.7382174573149133,0.8445599672465014,0.408248290463863,0.6136486397067936
,0.3779644730092272,,0.8454318982690717,0.3779644730092272,0.7375295538177551,0.8341120119858556,0.3779644730092272,0.606054642385048
,0.3779644730092272,,0.8288839141483181,0.3779644730092272,0.7381644220242158,0.7911724438550014,0.3779644730092272,0.6136980578143506
,0.408248290463863,,0.830442539153458,0.408248290463863,0.7294785175395698,0.8117064112755473,0.408248290463863,0.6197339078787951
,0.3779644730092272,,0.8099994539312999,0.3779644730092272,0.7342197809702304,0.7828340284431221,0.3779644730092272,0.5847274496036371
,0.408248290463863,,0.816081993840633,0.408248290463863,0.7326054568921426,0.8153039204613637,0.408248290463863,0.6106430965858993
,0.408248290463863,,0.830463329949772,0.408248290463863,0.7228906489147585,0.8436746472672408,0.408248290463863,0.5888125475067916
,0.408248290463863,,0.82209340839803,0.408248290463863,0.720468981252583,0.8529830351173397,0.408248290463863,0.5849107201643725
,0.408248290463863,,0.8133898627854754,0.408248290463863,0.7260617324486855,0.8326665443377544,0.408248290463863,0.5826958925625476
,0.4472135954999579,,0.851697646302667,0.4472135954999579,0.6171747835778398,0.8529830351173397,0.4472135954999579,0.6150383340240365
,0.408248290463863,,0.8406174263455906,0.408248290463863,0.7463068139282515,0.8033972753667604,0.408248290463863,0.6530315382683456
,0.408248290463863,,0.83432947853126,0.408248290463863,0.7388807714120257,0.818529873352561,0.408248290463863,0.612632274470632
,0.408248290463863,,0.8201085867833419,0.408248290463863,0.7471755730693953,0.8211733531262554,0.408248290463863,0.6371857809768511
,0.5,,0.8054733506373195,0.5,0.6203011560222194,0.8339230651883577,0.5,0.5168073898484927
,0.5,,0.811967088858308,0.5,0.5936919563807979,0.8065155683720381,0.5,0.5334532201271088
,0.5,,0.8195760654279376,0.5,0.6093903363053841,0.8443368421343354,0.5,0.529050756394278
,0.4472135954999579,,0.8153355639664898,0.4472135954999579,0.7230878135987338,0.7907453164858195,0.4472135954999579,0.5813044468498093
,0.4472135954999579,,0.7845411084313498,0.4472135954999579,0.7157580822382958,0.7966511574169034,0.4472135954999579,0.5924075358937982
,0.4472135954999579,,0.810912495737945,0.4472135954999579,0.676773373665428,0.7545929063029587,0.4472135954999579,0.6435338072405136
,0.4472135954999579,,0.8088598137788487,0.4472135954999579,0.6974317172951497,0.7874734933583223,0.4472135954999579,0.6327037519613173
,0.4472135954999579,,0.8270527029784328,0.4472135954999579,0.7213566108046279,0.8127541927217864,0.4472135954999579,0.5796969763744716
,0.5,,0.8288088561621005,0.5,0.5808734559690684,0.7919597419228698,0.5,0.537782712795679
,0.5,,0.7969960339867654,0.5,0.6086954609364468,0.8430256255986255,0.5,0.5361223084623916
,0.4472135954999579,,0.7971063482359395,0.4472135954999579,0.7252371148699905,0.8343935061122827,0.4472135954999579,0.5747080739878354
,0.4472135954999579,,0.8208091779574737,0.4472135954999579,0.7309671416387675,0.8217564441433952,0.4472135954999579,0.585206990859812
,0.408248290463863,,0.7832776549361531,0.408248290463863,0.7439770956687844,0.7543695190194782,0.408248290463863,0.6005415599356576
,0.408248290463863,,0.78313918903775,0.408248290463863,0.738388287257556,0.7957479465443086,0.408248290463863,0.6153201250797641
,0.4472135954999579,,0.8193198128047847,0.4472135954999579,0.7330073197433047,0.8368708184056614,0.4472135954999579,0.6355580334122024
,0.4472135954999579,,0.7845361576059738,0.4472135954999579,0.727242842266479,0.8329542954780726,0.4472135954999579,0.5770443577439157
,0.408248290463863,,0.7747152496008389,0.408248290463863,0.7394242312514145,0.7013551933722326,0.408248290463863,0.6371145053730025
,0.3779644730092272,,0.7757392917797429,0.3779644730092272,0.736880426516422,0.7839894453865673,0.3779644730092272,0.609699299576671
,0.3779644730092272,,0.7932076308848207,0.3779644730092272,0.7369739471433474,0.7566082943965343,0.3779644730092272,0.6270751481190682
,0.408248290463863,,0.7665863988319813,0.408248290463863,0.7365970296320659,0.7457449272796296,0.408248290463863,0.6102872766807717
,0.3779644730092272,,0.7766434507989315,0.3779644730092272,0.7346901331791083,0.7420021122942224,0.3779644730092272,0.6464218476098412
,0.408248290463863,,0.7745209147053312,0.408248290463863,0.7342641154770903,0.7151515269194292,0.408248290463863,0.6452975235206101
,0.5,,0.8127305293472381,0.5,0.6318502684022358,0.7601189548100513,0.5,0.5691528354279278
,0.3779644730092272,,0.763695576399067,0.3779644730092272,0.7409067198691652,0.7089860622672912,0.3779644730092272,0.6466022099841376
,0.4472135954999579,,0.8180541562628084,0.4472135954999579,0.7288302425969295,0.7544737489590431,0.4472135954999579,0.5961385346178962
,0.5773502691896257,,0.7793134944727091,0.5773502691896257,0.5879449224892104,0.7815360142574816,0.5773502691896257,0.5299685657843207
,0.4472135954999579,,0.7984328044310823,0.4472135954999579,0.7232487248445032,0.8153948863636364,0.4472135954999579,0.5870420551539859
,0.4472135954999579,,0.7497409746128016,0.4472135954999579,0.7292513170543679,0.7701423267020814,0.4472135954999579,0.582811939514442
,0.4472135954999579,,0.8001290922495001,0.4472135954999579,0.7217181973458189,0.7266802878245893,0.4472135954999579,0.5743208911087065
,0.4472135954999579,,0.7677441910520652,0.4472135954999579,0.7327192497707031,0.8036242425272514,0.4472135954999579,0.6347613640043076
,0.3779644730092272,,0.7600466838519924,0.3779644730092272,0.7217795651470348,0.8000879449435598,0.3779644730092272,0.5968867101596326
,0.408248290463863,,0.801065789587311,0.408248290463863,0.7377007576162016,0.7883059003934687,0.408248290463863,0.6035838811490304
,0.408248290463863,,0.7684353473249396,0.408248290463863,0.7224977747811131,0.7602352197590456,0.408248290463863,0.5827995336546002
,0.4472135954999579,,0.7766244684201732,0.4472135954999579,0.7196273046211457,0.7745797867523332,0.4472135954999579,0.5711682368203898
,0.4472135954999579,,0.77652611825171,0.4472135954999579,0.732251483260937,0.7585412267548161,0.4472135954999579,0.6043904286535062
,0.5,,0.7866501006037054,0.5,0.5837243404561143,0.7576129899077637,0.5,0.5922848222661368
,0.3779644730092272,,0.7527739651397904,0.3779644730092272,0.7294156470846701,0.7647836288231509,0.3779644730092272,0.5865571498930066
,0.3779644730092272,,0.7480860652032595,0.3779644730092272,0.7260573941514655,0.7792306618593383,0.3779644730092272,0.5817613328149814
,0.5,,0.7866637154860229,0.5,0.6175613147240513,0.8009649996362481,0.5,0.5863161691971095
,0.408248290463863,,0.753421172171037,0.408248290463863,0.7478826064563863,0.7147101596883336,0.408248290463863,0.6525075696298032
,0.408248290463863,,0.7680593816531377,0.408248290463863,0.7412110642750366,0.7013551933722326,0.408248290463863,0.6135137536226807
,0.5773502691896257,,0.7510168032789153,0.5773502691896257,0.5987769105189163,0.7511283143939393,0.5773502691896257,0.5522547942774623
,0.5,,0.7383965422105072,0.5,0.6223066899103107,0.7656998633777186,0.5,0.5621742384638151
,0.3779644730092272,,0.76167013756805,0.3779644730092272,0.7247099542659825,0.7009323544396633,0.3779644730092272,0.5814143134705609
,0.5,,0.7566184052607338,0.5,0.6736515477577881,0.6401515918373764,0.5,0.6094143747634615
,0.408248290463863,,0.7508084858249003,0.408248290463863,0.7238464425134387,0.6978374216141241,0.408248290463863,0.5790301382591424
,0.3779644730092272,,0.7356572174484933,0.3779644730092272,0.7241285462096293,0.7092580341486695,0.3779644730092272,0.5895246703789248
,0.3779644730092272,,0.741977909114817,0.3779644730092272,0.7240644144019955,0.7815496485139789,0.3779644730092272,0.5819876834668701
,0.5,,0.7708257250477654,0.5,0.6619266524173646,0.8132226419699041,0.5,0.6282118639960121
,0.3779644730092272,,0.721358745261218,0.3779644730092272,0.7242248856035405,0.7549759430473517,0.3779644730092272,0.5846955960289161
,0.4472135954999579,,0.7346535821307142,0.4472135954999579,0.7226844523547984,0.8266559960583321,0.4472135954999579,0.585902357016405
,0.4472135954999579,,0.739186408575966,0.4472135954999579,0.7232751590165499,0.7479796921970733,0.4472135954999579,0.5775401714968158
,0.5,,0.7389927431745085,0.5,0.722172162892325,0.6839717476392202,0.5,0.5802922034001996
,0.5773502691896257,,0.7534597503507073,0.5773502691896257,0.5694547748403487,0.7192379763301986,0.5773502691896257,0.5256284402559889
,0.5,,0.7095964798189315,0.5,0.7228499402354766,0.6970279488225861,0.5,0.5843105102156659
,0.4472135954999579,,0.768226165460893,0.4472135954999579,0.732329744267154,0.7209177647485493,0.4472135954999579,0.6098709799958351
,0.5,,0.7556822134196001,0.5,0.7212845207590703,0.7444785560901506,0.5,0.5784511813438793
,0.5,,0.7191926130928825,0.5,0.723740127029115,0.7079292816558441,0.5,0.5867470378641274
,0.5773502691896257,,0.7284561176428261,0.5773502691896257,0.5974430125042287,0.7235596732771955,0.5773502691896257,0.5979057183388293
,0.4472135954999579,,0.7239627032309093,0.4472135954999579,0.7316977198593074,0.7201430938852813,0.4472135954999579,0.5879471073790599
,0.5,,0.7594635811299802,0.5,0.7167550862452068,0.7361171110366083,0.5,0.5814127096824993
,0.4472135954999579,,0.7642709525547531,0.4472135954999579,0.7320245821064052,0.711233055854378,0.4472135954999579,0.6012436234969292
,0.5773502691896257,,0.7357129319395493,0.5773502691896257,0.566546534658391,0.7292692759520376,0.5773502691896257,0.6137620422087453
,0.5,,0.7394517133516916,0.5,0.7151567789093871,0.7708273714154358,0.5,0.5737069590738401
,0.4472135954999579,,0.7930393839854227,0.4472135954999579,0.7316551038639848,0.7862569250096214,0.4472135954999579,0.6070709813990804
,0.5,,0.782876098297847,0.5,0.7226157023223287,0.7451819872835498,0.5,0.5680021049469001
,0.3779644730092272,,0.7010380425954117,0.3779644730092272,0.7307798302448685,0.7571838124048003,0.3779644730092272,0.5876122175741716
,0.5,,0.734298406639884,0.5,0.7182353437560434,0.6866114718614719,0.5,0.5780649909770265
,0.5,,0.7551456074581231,0.5,0.716479850800501,0.7742826614041972,0.5,0.579219281718797
,0.408248290463863,,0.7205579220268961,0.408248290463863,0.7241715603434647,0.7575820257581835,0.408248290463863,0.5808884845471094
,0.4472135954999579,,0.7229107592173205,0.4472135954999579,0.7387997233753031,0.6819858745956257,0.4472135954999579,0.6185339748718437
,0.5773502691896257,,0.7544333508385015,0.5773502691896257,0.5193974781885061,0.7863378752216873,0.5773502691896257,0.5644865870575281
,0.408248290463863,,0.7043764041346604,0.408248290463863,0.7221774650123031,0.7715044026373422,0.408248290463863,0.5800568362620193
,0.4472135954999579,,0.7600941528432241,0.4472135954999579,0.7455995871161855,0.7561759195569734,0.4472135954999579,0.6350431579010488
,0.408248290463863,,0.7258184858482716,0.408248290463863,0.7204574058883808,0.6938391307651907,0.408248290463863,0.5789078657785488
,0.4472135954999579,,0.719922535667845,0.4472135954999579,0.7344312972293124,0.6619373221292963,0.4472135954999579,0.6324470130014987
,0.5773502691896257,,0.7067489126042845,0.5773502691896257,0.6495086693244765,0.7292444631233307,0.5773502691896257,0.6101103171094682
,0.4472135954999579,,0.7226864675494301,0.4472135954999579,0.7366527472779432,0.6570870122931074,0.4472135954999579,0.6024563013266246
,0.5773502691896257,,0.691661096615057,0.5773502691896257,0.6156190157061797,0.632437352774893,0.5773502691896257,0.5404555934166927
,0.4472135954999579,,0.6953323783196634,0.4472135954999579,0.7220870118395827,0.7810263815548741,0.4472135954999579,0.579287439462652
,0.5,,0.7365443383743701,0.5,0.7239260142951671,0.7241018104432384,0.5,0.5621203676054352
,0.5773502691896257,,0.6859929561835352,0.5773502691896257,0.6390014582797713,0.6819864170406627,0.5773502691896257,0.5868675786581306
,0.5,,0.7213792016484873,0.5,0.7192442485383662,0.6946668695887446,0.5,0.5726766233931386
,0.5773502691896257,,0.6970779525510313,0.5773502691896257,0.5821616655820236,0.640640466898117,0.5773502691896257,0.5134729514718718
,0.4472135954999579,,0.7158129365596676,0.4472135954999579,0.7182776585200907,0.673877457157817,0.4472135954999579,0.5815052850170527
,0.408248290463863,,0.6640590304283537,0.408248290463863,0.715638655959222,0.6674408482142856,0.408248290463863,0.5793749271127107
,0.5773502691896257,,0.6962418031759988,0.5773502691896257,0.6398552555567076,0.6951889986510437,0.5773502691896257,0.5860315961001109
,0.5773502691896257,,0.7010584886318534,0.5773502691896257,0.6281283699251288,0.6808462611226854,0.5773502691896257,0.5665082227985582
,0.5,,0.6902158044649283,0.5,0.7257919657816024,0.7017636502444006,0.5,0.6169779835829686
,0.5773502691896257,,0.6951650634655635,0.5773502691896257,0.6496589535700119,0.6475164906425973,0.5773502691896257,0.6092456728001566
,0.5,,0.6832632990688592,0.5,0.7304482114168943,0.6953889457132388,0.5,0.6174734673382126
,0.5773502691896257,,0.6869251440426054,0.5773502691896257,0.6105617773100983,0.6521586015868689,0.5773502691896257,0.6094352245159255
,0.5,,0.6876328070954387,0.5,0.7315023246366913,0.65772237883548,0.5,0.6016639742354262
,0.5773502691896257,,0.670123087028684,0.5773502691896257,0.5698795656693417,0.6084427797610055,0.5773502691896257,0.5858511418554125
,0.5773502691896257,,0.6853355535272561,0.5773502691896257,0.6371900248987679,0.6577759712780225,0.5773502691896257,0.6516920693152193
,0.5773502691896257,,0.6698112366245265,0.5773502691896257,0.6485897231898813,0.6936858304126536,0.5773502691896257,0.6525031120649636
,0.5,,0.647037408874356,0.5,0.7171572738025624,0.6244499017040792,0.5,0.5852261622543816
,0.5773502691896257,,0.6586257782138216,0.5773502691896257,0.6708908332021312,0.6075567722190947,0.5773502691896257,0.6041065447974208
,0.5773502691896257,,0.6610905753069146,0.5773502691896257,0.6654105721835968,0.6162945903243767,0.5773502691896257,0.5842437977482388
,0.5773502691896257,,0.645235680380109,0.5773502691896257,0.6652082032112203,0.6645484828853625,0.5773502691896257,0.6019456377155517
,0.5773502691896257,,0.6674270600133719,0.5773502691896257,0.6387683586229004,0.6203454910704654,0.5773502691896257,0.5592702922467421
,0.5773502691896257,,0.6184219501359315,0.5773502691896257,0.7166748818291986,0.6260466865784796,0.5773502691896257,0.576967119525018
,0.5773502691896257,,0.6355604424492335,0.5773502691896257,0.7164999116005712,0.6614082160227223,0.5773502691896257,0.5794014166826272
,0.5773502691896257,,0.6547628796405434,0.5773502691896257,0.7190733476377609,0.5773084573935625,0.5773502691896257,0.5708948172295826
,0.5773502691896257,,0.6455645713421917,0.5773502691896257,0.7160498769003528,0.6135981561566973,0.5773502691896257,0.5770012776527624
,0.7071067811865476,,0.6288914200027217,0.7071067811865476,0.4731768708397871,0.664055955935912,0.7071067811865476,0.4831473057690509
,0.5773502691896257,,0.6009144280384436,0.5773502691896257,0.7187119577524955,0.5323220488038667,0.5773502691896257,0.5730837469095849
,0.5,,0.6495708584257489,0.5,0.7201420111348291,0.6818861412729935,0.5,0.5574295815809661
,0.5773502691896257,,0.619800933393413,0.5773502691896257,0.7170156641636213,0.5973430602997335,0.5773502691896257,0.5754283259262835
,0.5773502691896257,,0.6389417573685537,0.5773502691896257,0.7166113515848588,0.6550037476750089,0.5773502691896257,0.580840130564603
,0.7071067811865476,,0.6086983798569529,0.7071067811865476,0.5587921244964665,0.6668812564501531,0.7071067811865476,0.537956269951331
,0.5773502691896257,,0.6106516749066694,0.5773502691896257,0.71690694464086,0.6247992805860668,0.5773502691896257,0.5800325771829549
,0.5773502691896257,,0.6093791987913774,0.5773502691896257,0.7174018686149368,0.5975105049591353,0.5773502691896257,0.5761134426517156
,0.5773502691896257,,0.6129720448507,0.5773502691896257,0.7153903601265026,0.5699874519677888,0.5773502691896257,0.5753600096707945
,0.7071067811865476,,0.6116616921888371,0.7071067811865476,0.5051357797512331,0.5737507360230563,0.7071067811865476,0.5450728213516922
,0.7071067811865476,,0.6228998865002038,0.7071067811865476,0.5434042870893295,0.5994671881412981,0.7071067811865476,0.5138372192401683
,0.5773502691896257,,0.61999883643258,0.5773502691896257,0.7180530929326291,0.6352719967552117,0.5773502691896257,0.5977130092483219
,0.5773502691896257,,0.5960601019714391,0.5773502691896257,0.7187367640258013,0.6050852955082086,0.5773502691896257,0.5776589277230068
,0.7071067811865476,,0.6361723236700914,0.7071067811865476,0.5071902661172768,0.5802309633091831,0.7071067811865476,0.4869622845442207
,0.7071067811865476,,0.5902764439033715,0.7071067811865476,0.5982344998288918,0.5969212275430709,0.7071067811865476,0.5464213719092346
,0.5773502691896257,,0.6418919901821388,0.5773502691896257,0.722709352553256,0.6436644916178275,0.5773502691896257,0.5662542418008135
,0.5773502691896257,,0.6105699262121582,0.5773502691896257,0.719088352907782,0.6427615725519207,0.5773502691896257,0.5775883809766655
,0.7071067811865476,,0.5751881308656935,0.7071067811865476,0.5746159271576907,0.5785548492807686,0.7071067811865476,0.5509857697614794
,0.7071067811865476,,0.5847669710409706,0.7071067811865476,0.559107971022099,0.5463366859589686,0.7071067811865476,0.5523681824297211
,0.4472135954999579,,0.6168877897604534,0.4472135954999579,0.738248784454768,0.6441150617503585,0.4472135954999579,0.6484825367032658
,0.5,,0.6056631107668319,0.5,0.7332432209413612,0.5859876729737302,0.5,0.5961035506246752
,0.5,,0.6097593363235049,0.5,0.7282373796458483,0.638656189913383,0.5,0.6332483051561543
,0.5773502691896257,,0.5755143624565255,0.5773502691896257,0.7254186406673822,0.5543255045341983,0.5773502691896257,0.6092868727829386
,0.5,,0.6238944211306332,0.5,0.7216588065667049,0.6632596650341023,0.5,0.6043282840064996
,0.7071067811865476,,0.5710607840135532,0.7071067811865476,0.5300585769961478,0.4673683023818512,0.7071067811865476,0.49380434926453465
,0.408248290463863,,0.5693884982804046,0.408248290463863,0.7314607859957912,0.5355208150794732,0.408248290463863,0.5912726864242184
,0.5773502691896257,,0.5550484687193952,0.5773502691896257,0.7233368916363496,0.5425881750996288,0.5773502691896257,0.5833914483426885
,0.7071067811865476,,0.5626782052061936,0.7071067811865476,0.5931238503015056,0.5444533697312811,0.7071067811865476,0.5544134327815934
,0.7071067811865476,,0.5338267633850938,0.7071067811865476,0.5257865956870568,0.567125,0.7071067811865476,0.5817366674506032
,0.5773502691896257,,0.5499902934919304,0.5773502691896257,0.7195610414413739,0.5240364424294929,0.5773502691896257,0.5860032276115767
,0.5773502691896257,,0.5390830677535091,0.5773502691896257,0.7225482046643588,0.48447447499163737,0.5773502691896257,0.5840681831242565
,0.5773502691896257,,0.5469607802214248,0.5773502691896257,0.7238380433940096,0.4918107054837531,0.5773502691896257,0.5878670119665195
,0.5773502691896257,,0.5058476998048475,0.5773502691896257,0.7216732755049704,0.5208195689758476,0.5773502691896257,0.5831229206227466
,0.7071067811865476,,0.5365059092978842,0.7071067811865476,0.5989288788465528,0.527495423960098,0.7071067811865476,0.5206077353465938
,0.7071067811865476,,0.5275025653758408,0.7071067811865476,0.5803517794100364,0.549225167908097,0.7071067811865476,0.4780213268496607
,0.7071067811865476,,0.5045061261305456,0.7071067811865476,0.6396368812322343,0.48446834853590753,0.7071067811865476,0.5870788227091536
,0.7071067811865476,,0.5307274088104159,0.7071067811865476,0.5845656752868607,0.5455359158529957,0.7071067811865476,0.558818612591045
,0.7071067811865476,,0.5118165507728953,0.7071067811865476,0.6476790788928299,0.4816580554262325,0.7071067811865476,0.6016212807182733
,0.4472135954999579,,0.5381710292733137,0.4472135954999579,0.7165349705106062,0.5329949606857887,0.4472135954999579,0.5822239331674388
,0.7071067811865476,,0.4938301282690329,0.7071067811865476,0.5758404455630555,0.5174792184765589,0.7071067811865476,0.5489529206229846
,0.5773502691896257,,0.5108944381052924,0.5773502691896257,0.7182426877572406,0.46457777510265763,0.5773502691896257,0.5949201967314942
,0.5773502691896257,,0.4517695486608474,0.5773502691896257,0.7213276490822202,0.4510828341807015,0.5773502691896257,0.6037271709954127
,0.5,,0.48144005622922637,0.5,0.7162803536568165,0.49045560830890733,0.5,0.5773674683917525
,0.5773502691896257,,0.4189204640960835,0.5773502691896257,0.7211675188247514,0.40373377566097274,0.5773502691896257,0.5920711538178838
,0.5773502691896257,,0.42381174062193216,0.5773502691896257,0.7191598825792305,0.45728197254779107,0.5773502691896257,0.6003920669699208
,0.7071067811865476,,0.4054630152593673,0.7071067811865476,0.6409204737219605,0.4272082774428188,0.7071067811865476,0.6024745095433979
,0.7071067811865476,,0.42746456203371097,0.7071067811865476,0.5537336203916899,0.4020343838162571,0.7071067811865476,0.5175549745568567
,0.7071067811865476,,0.4371305240749382,0.7071067811865476,0.6713541793116269,0.4604777404554665,0.7071067811865476,0.6500996805439783
,0.7071067811865476,,0.42562155037261346,0.7071067811865476,0.612369595045876,0.4583638076241135,0.7071067811865476,0.5403346637813182
,0.7071067811865476,,0.3488903405941678,0.7071067811865476,0.7175604771503644,0.3428052222646064,0.7071067811865476,0.5759691415829098
,0.5,,0.42962197470658126,0.5,0.7215676681904065,0.4699029932798651,0.5,0.6203857096432519
,0.7071067811865476,,0.3875326617252335,0.7071067811865476,0.6602663459998932,0.39919402049357294,0.7071067811865476,0.5798307619304401
,0.5773502691896257,,0.345142168824501,0.5773502691896257,0.7206018044815511,0.3508762405526133,0.5773502691896257,0.6044285278988808
,0.7071067811865476,,0.3760519123691726,0.7071067811865476,0.6605195956703895,0.3920237662752848,0.7071067811865476,0.5618711127627102
,0.7071067811865476,,0.3476148810701238,0.7071067811865476,0.620042183649745,0.32454558982683984,0.7071067811865476,0.5690363484581152
,0.7071067811865476,,0.31366963054835295,0.7071067811865476,0.6645136125240272,0.3263934577804558,0.7071067811865476,0.5881170114762817
,0.7071067811865476,,0.30060546706720964,0.7071067811865476,0.670761705736232,0.3347976107058879,0.7071067811865476,0.6052231608625838
,1.0,,0.25,1.0,0.5,0.25,1.0,0.5
