
OPTIMIZING FINAL MODEL ON WHOLE DATASET

COMPUTING LOCAL ACTIVE FEATURES
Computing active features for view clinic
Existing features: 12
Applying union strategy for feature selection using composite feature selector with
categorical: feature selector any na and anova
survival: feature selector Cox

Computing active features for outcome survival
Features selected for this outcome: 3
Features active in total: 3
Computing active features for view log_mirna
Existing features: 732
Applying union strategy for feature selection using composite feature selector with
categorical: feature selector any na and anova
survival: feature selector Cox

Computing active features for outcome survival
Features selected for this outcome: 234
Features active in total: 234
Computing feature importance
Running optimizer

STARTING 2-STEPS GENETIC ALGORITHM

CREATING INNER FOLDS

ASSIGNING STRATA FOR MULTI-OUTCOME DATA KIRC_MV
Assigning strata for outcome named survival of type survival
Counts:
censored 0: 69
censored 1: 155
deceased 0: 44
deceased 1: 44

STARTING SWEEP NUMBER 1
folds_creator_seed = 3549916659

ASSIGNING STRATA FOR MULTI-OUTCOME DATA KIRC_MV
Assigning strata for outcome named survival of type survival
Counts:
censored 0: 69
censored 1: 155
deceased 0: 44
deceased 1: 44
ga_runner_seed = 458417330
VIEW: CLINIC
   	     	         	        	   survival SKSurv Cox model concordance index   	             root leanness              
   	     	         	        	-------------------------------------------------	----------------------------------------
gen	evals	gen_feats	explored	min	avg     	max     	std                  	min	avg     	max	std     
0  	500  	3        	3       	0.5	0.667888	0.762078	0.104352             	0.5	0.69091 	1  	0.189237
1  	326  	3        	3       	0.5	0.673211	0.762078	0.0807073            	0.5	0.672497	1  	0.147472
2  	339  	3        	3       	0.5	0.674481	0.762078	0.0791983            	0.5	0.669387	1  	0.145216
3  	354  	3        	3       	0.5	0.674481	0.762078	0.0791983            	0.5	0.669387	1  	0.145216
4  	350  	3        	3       	0.5	0.674481	0.762078	0.0791983            	0.5	0.669387	1  	0.145216
5  	350  	3        	3       	0.5	0.674481	0.762078	0.0791983            	0.5	0.669387	1  	0.145216
6  	352  	3        	3       	0.5	0.674481	0.762078	0.0791983            	0.5	0.669387	1  	0.145216
7  	342  	3        	3       	0.5	0.674481	0.762078	0.0791983            	0.5	0.669387	1  	0.145216
8  	338  	3        	3       	0.5	0.674481	0.762078	0.0791983            	0.5	0.669387	1  	0.145216
9  	332  	3        	3       	0.5	0.674481	0.762078	0.0791983            	0.5	0.669387	1  	0.145216
10 	350  	3        	3       	0.5	0.674481	0.762078	0.0791983            	0.5	0.669387	1  	0.145216
11 	367  	3        	3       	0.5	0.674481	0.762078	0.0791983            	0.5	0.669387	1  	0.145216
12 	324  	3        	3       	0.5	0.674481	0.762078	0.0791983            	0.5	0.669387	1  	0.145216
13 	327  	3        	3       	0.5	0.674481	0.762078	0.0791983            	0.5	0.669387	1  	0.145216
14 	321  	3        	3       	0.5	0.674481	0.762078	0.0791983            	0.5	0.669387	1  	0.145216
15 	325  	3        	3       	0.5	0.674481	0.762078	0.0791983            	0.5	0.669387	1  	0.145216
16 	347  	3        	3       	0.5	0.674481	0.762078	0.0791983            	0.5	0.669387	1  	0.145216
17 	356  	3        	3       	0.5	0.674481	0.762078	0.0791983            	0.5	0.669387	1  	0.145216
18 	354  	3        	3       	0.5	0.674481	0.762078	0.0791983            	0.5	0.669387	1  	0.145216
19 	344  	3        	3       	0.5	0.674481	0.762078	0.0791983            	0.5	0.669387	1  	0.145216
20 	347  	3        	3       	0.5	0.674481	0.762078	0.0791983            	0.5	0.669387	1  	0.145216
21 	345  	3        	3       	0.5	0.674481	0.762078	0.0791983            	0.5	0.669387	1  	0.145216
22 	325  	3        	3       	0.5	0.674481	0.762078	0.0791983            	0.5	0.669387	1  	0.145216
23 	328  	3        	3       	0.5	0.674481	0.762078	0.0791983            	0.5	0.669387	1  	0.145216
24 	337  	3        	3       	0.5	0.674481	0.762078	0.0791983            	0.5	0.669387	1  	0.145216
25 	321  	3        	3       	0.5	0.674481	0.762078	0.0791983            	0.5	0.669387	1  	0.145216
26 	351  	3        	3       	0.5	0.674481	0.762078	0.0791983            	0.5	0.669387	1  	0.145216
27 	321  	3        	3       	0.5	0.674481	0.762078	0.0791983            	0.5	0.669387	1  	0.145216
28 	350  	3        	3       	0.5	0.674481	0.762078	0.0791983            	0.5	0.669387	1  	0.145216
29 	346  	3        	3       	0.5	0.674481	0.762078	0.0791983            	0.5	0.669387	1  	0.145216
30 	351  	3        	3       	0.5	0.674481	0.762078	0.0791983            	0.5	0.669387	1  	0.145216
31 	359  	3        	3       	0.5	0.674481	0.762078	0.0791983            	0.5	0.669387	1  	0.145216
32 	346  	3        	3       	0.5	0.674481	0.762078	0.0791983            	0.5	0.669387	1  	0.145216
33 	339  	3        	3       	0.5	0.674481	0.762078	0.0791983            	0.5	0.669387	1  	0.145216
34 	349  	3        	3       	0.5	0.674481	0.762078	0.0791983            	0.5	0.669387	1  	0.145216
35 	344  	3        	3       	0.5	0.674481	0.762078	0.0791983            	0.5	0.669387	1  	0.145216
36 	338  	3        	3       	0.5	0.674481	0.762078	0.0791983            	0.5	0.669387	1  	0.145216
37 	337  	3        	3       	0.5	0.674481	0.762078	0.0791983            	0.5	0.669387	1  	0.145216
38 	342  	3        	3       	0.5	0.674481	0.762078	0.0791983            	0.5	0.669387	1  	0.145216
39 	338  	3        	3       	0.5	0.674481	0.762078	0.0791983            	0.5	0.669387	1  	0.145216
40 	345  	3        	3       	0.5	0.674481	0.762078	0.0791983            	0.5	0.669387	1  	0.145216
41 	342  	3        	3       	0.5	0.674481	0.762078	0.0791983            	0.5	0.669387	1  	0.145216
42 	335  	3        	3       	0.5	0.674481	0.762078	0.0791983            	0.5	0.669387	1  	0.145216
43 	332  	3        	3       	0.5	0.674481	0.762078	0.0791983            	0.5	0.669387	1  	0.145216
44 	329  	3        	3       	0.5	0.674481	0.762078	0.0791983            	0.5	0.669387	1  	0.145216
45 	323  	3        	3       	0.5	0.674481	0.762078	0.0791983            	0.5	0.669387	1  	0.145216
46 	328  	3        	3       	0.5	0.674481	0.762078	0.0791983            	0.5	0.669387	1  	0.145216
47 	313  	3        	3       	0.5	0.674481	0.762078	0.0791983            	0.5	0.669387	1  	0.145216
48 	352  	3        	3       	0.5	0.674481	0.762078	0.0791983            	0.5	0.669387	1  	0.145216
49 	341  	3        	3       	0.5	0.674481	0.762078	0.0791983            	0.5	0.669387	1  	0.145216

ASSIGNING STRATA FOR MULTI-OUTCOME DATA KIRC_MV
Assigning strata for outcome named survival of type survival
Counts:
censored 0: 69
censored 1: 155
deceased 0: 44
deceased 1: 44
VIEW: LOG_MIRNA
   	     	         	        	       survival SKSurv Cox model concordance index       	                 root leanness                  
   	     	         	        	---------------------------------------------------------	------------------------------------------------
gen	evals	gen_feats	explored	min     	avg     	max     	std             	min     	avg     	max	std     
0  	500  	10       	10      	0.5     	0.71687 	0.734467	0.0388025       	0.301511	0.342439	1  	0.13035 
1  	345  	155      	155     	0.5     	0.703739	0.753743	0.0550342       	0.258199	0.377654	1  	0.164471
2  	359  	202      	210     	0.403708	0.709349	0.753743	0.0384596       	0.258199	0.365671	1  	0.101968
3  	374  	203      	227     	0.403708	0.709836	0.753743	0.0384354       	0.25    	0.391366	1  	0.108605
4  	379  	192      	232     	0.403708	0.708265	0.753743	0.0432428       	0.25    	0.406265	1  	0.11817 
5  	378  	184      	234     	0.403708	0.709795	0.753743	0.04414         	0.25    	0.409461	1  	0.122971
6  	378  	197      	234     	0.403708	0.710392	0.757836	0.0461389       	0.242536	0.413892	1  	0.128231
7  	380  	207      	234     	0.5     	0.712505	0.757836	0.0429414       	0.242536	0.41417 	1  	0.129434
8  	358  	192      	234     	0.5     	0.714785	0.76112 	0.040896        	0.242536	0.413251	1  	0.13034 
9  	399  	196      	234     	0.5     	0.716415	0.76112 	0.0403741       	0.235702	0.413008	1  	0.130628
10 	386  	193      	234     	0.5     	0.718917	0.761158	0.0399565       	0.229416	0.407797	1  	0.131513
11 	387  	197      	234     	0.5     	0.72118 	0.764267	0.0386909       	0.229416	0.402778	1  	0.131779
12 	379  	195      	234     	0.5     	0.724125	0.769133	0.0382073       	0.229416	0.395572	1  	0.131342
13 	375  	199      	234     	0.5     	0.726002	0.769133	0.0372895       	0.229416	0.393367	1  	0.131238
14 	360  	195      	234     	0.5     	0.727423	0.769229	0.0370872       	0.229416	0.392295	1  	0.130497
15 	399  	199      	234     	0.5     	0.729646	0.779844	0.0367885       	0.229416	0.387284	1  	0.131201
16 	358  	190      	234     	0.5     	0.730731	0.779844	0.0373274       	0.229416	0.387301	1  	0.130839
17 	379  	197      	234     	0.5     	0.73192 	0.779844	0.0375957       	0.229416	0.386283	1  	0.131232
18 	402  	197      	234     	0.5     	0.733088	0.779844	0.0376078       	0.229416	0.386047	1  	0.13164 
19 	388  	192      	234     	0.5     	0.734696	0.779844	0.0376001       	0.218218	0.383264	1  	0.131381
20 	378  	203      	234     	0.5     	0.737243	0.782028	0.0370065       	0.218218	0.376104	1  	0.131445
21 	383  	192      	234     	0.5     	0.738139	0.792005	0.0374069       	0.218218	0.376076	1  	0.131496
22 	389  	191      	234     	0.5     	0.739198	0.792005	0.0377144       	0.218218	0.374902	1  	0.132133
23 	357  	204      	234     	0.5     	0.739531	0.792005	0.0385334       	0.218218	0.376706	1  	0.132638
24 	380  	199      	234     	0.5     	0.740722	0.792005	0.0382987       	0.218218	0.37611 	1  	0.131708
25 	376  	197      	234     	0.5     	0.741854	0.792005	0.0387573       	0.213201	0.375843	1  	0.131733
26 	389  	204      	234     	0.5     	0.742853	0.792005	0.0392194       	0.213201	0.376112	1  	0.131557
27 	399  	199      	234     	0.5     	0.743313	0.792005	0.0403029       	0.213201	0.37934 	1  	0.132054
28 	380  	194      	234     	0.5     	0.744118	0.792005	0.0407185       	0.213201	0.379126	1  	0.132182
29 	371  	194      	234     	0.5     	0.745487	0.792005	0.041041        	0.208514	0.377259	1  	0.132332
30 	373  	196      	234     	0.5     	0.746806	0.792005	0.0407974       	0.208514	0.375499	1  	0.132071
31 	385  	200      	234     	0.5     	0.748483	0.792005	0.0406144       	0.208514	0.372062	1  	0.131806
32 	392  	208      	234     	0.5     	0.749231	0.794142	0.0409579       	0.208514	0.371784	1  	0.132026
33 	360  	206      	234     	0.5     	0.749794	0.794142	0.0411678       	0.213201	0.371969	1  	0.131865
34 	386  	192      	234     	0.5     	0.750469	0.795161	0.0414325       	0.213201	0.372067	1  	0.131777
35 	375  	204      	234     	0.5     	0.750105	0.795161	0.0422675       	0.208514	0.374849	1  	0.132433
36 	406  	199      	234     	0.5     	0.750652	0.795161	0.0425671       	0.208514	0.375667	1  	0.131996
37 	376  	198      	234     	0.5     	0.751217	0.795161	0.042787        	0.208514	0.374781	1  	0.13251 
38 	367  	190      	234     	0.5     	0.752178	0.795161	0.0430172       	0.213201	0.37328 	1  	0.132515
39 	380  	192      	234     	0.5     	0.753097	0.796445	0.0427982       	0.223607	0.37203 	1  	0.131726
40 	362  	196      	234     	0.5     	0.753542	0.797253	0.0430326       	0.218218	0.372399	1  	0.131447
41 	384  	206      	234     	0.5     	0.754366	0.797253	0.043302        	0.208514	0.370908	1  	0.132098
42 	381  	192      	234     	0.5     	0.75457 	0.798503	0.0435204       	0.208514	0.372036	1  	0.131824
43 	373  	198      	234     	0.5     	0.755103	0.800828	0.04378         	0.218218	0.372216	1  	0.131649
44 	376  	195      	234     	0.5     	0.755495	0.804329	0.043992        	0.218218	0.372216	1  	0.13165 
45 	382  	206      	234     	0.5     	0.755974	0.804329	0.0442478       	0.218218	0.371816	1  	0.131889
46 	368  	196      	234     	0.5     	0.75693 	0.804329	0.0439702       	0.218218	0.369584	1  	0.131507
47 	376  	194      	234     	0.5     	0.756737	0.804329	0.0448806       	0.218218	0.370758	1  	0.132376
48 	373  	188      	234     	0.5     	0.757682	0.804329	0.0447777       	0.223607	0.369295	1  	0.132228
49 	359  	205      	234     	0.5     	0.757243	0.804329	0.0450094       	0.218218	0.37196 	1  	0.131758

STARTING MASTER RUNNER RESAMPLING
Generations completed = 7
Generations completed = 16
Generations completed = 25
Generations completed = 34
Generations completed = 43
MASTER
   	     	         	        	       survival SKSurv Cox model concordance index       	                      root leanness                      
   	     	         	        	---------------------------------------------------------	---------------------------------------------------------
gen	evals	gen_feats	explored	min     	avg     	max     	std             	min     	avg     	max     	std      
0  	500  	123      	123     	0.579043	0.739866	0.812488	0.045486        	0.208514	0.334478	0.707107	0.0978464
1  	407  	121      	133     	0.599311	0.761091	0.812488	0.0320513       	0.213201	0.354569	0.707107	0.101994 
2  	407  	120      	139     	0.599311	0.765454	0.812488	0.0344444       	0.218218	0.364991	0.707107	0.110121 
3  	402  	124      	141     	0.5     	0.76748 	0.812488	0.0372586       	0.218218	0.373239	1       	0.119558 
4  	405  	116      	142     	0.5     	0.769557	0.813952	0.0367725       	0.223607	0.377579	1       	0.119438 
5  	418  	112      	143     	0.5     	0.772127	0.813952	0.0363206       	0.223607	0.37518 	1       	0.119779 
6  	386  	118      	144     	0.5     	0.772615	0.813952	0.0373141       	0.223607	0.377968	1       	0.12131  
7  	408  	121      	144     	0.5     	0.772597	0.813952	0.0387097       	0.223607	0.380466	1       	0.123655 
8  	409  	123      	145     	0.5     	0.772983	0.813952	0.0397567       	0.223607	0.38071 	1       	0.124944 
9  	404  	117      	145     	0.5     	0.772599	0.813952	0.0408949       	0.223607	0.383299	1       	0.126448 
10 	406  	120      	145     	0.5     	0.772759	0.813952	0.0409506       	0.223607	0.384558	1       	0.126036 
11 	400  	118      	145     	0.5     	0.772944	0.813952	0.0414439       	0.223607	0.384276	1       	0.126458 
12 	406  	122      	145     	0.5     	0.772859	0.813952	0.0418372       	0.223607	0.385382	1       	0.126981 
13 	407  	122      	145     	0.5     	0.773107	0.813952	0.0419035       	0.223607	0.385351	1       	0.127023 
14 	402  	113      	145     	0.5     	0.773042	0.81572 	0.0424962       	0.223607	0.385798	1       	0.12802  
15 	418  	117      	145     	0.5     	0.773085	0.81572 	0.0425006       	0.223607	0.385798	1       	0.12802  
16 	406  	125      	145     	0.5     	0.773201	0.81572 	0.0425513       	0.223607	0.385721	1       	0.12809  
17 	405  	118      	145     	0.5     	0.773277	0.81572 	0.0425747       	0.223607	0.385755	1       	0.128074 
18 	394  	107      	145     	0.5     	0.773366	0.81572 	0.0425934       	0.223607	0.385547	1       	0.128243 
19 	401  	120      	145     	0.5     	0.773398	0.81572 	0.0425894       	0.223607	0.385729	1       	0.128104 
20 	411  	115      	145     	0.5     	0.773458	0.81572 	0.0426123       	0.223607	0.385507	1       	0.128213 
21 	415  	120      	145     	0.5     	0.773591	0.81572 	0.0425661       	0.223607	0.385375	1       	0.128301 
22 	396  	120      	145     	0.5     	0.773611	0.81572 	0.0425733       	0.223607	0.385359	1       	0.128318 
23 	415  	120      	145     	0.5     	0.773316	0.81572 	0.0431888       	0.223607	0.385956	1       	0.129116 
24 	396  	118      	145     	0.5     	0.773316	0.81572 	0.0431888       	0.223607	0.385956	1       	0.129116 
25 	399  	110      	145     	0.5     	0.773398	0.81572 	0.0431892       	0.223607	0.385712	1       	0.129016 
26 	407  	111      	145     	0.5     	0.773366	0.81572 	0.0431981       	0.223607	0.385818	1       	0.129088 
27 	406  	115      	145     	0.5     	0.773366	0.81572 	0.0431981       	0.223607	0.385818	1       	0.129088 
28 	409  	118      	145     	0.5     	0.773401	0.81572 	0.0431904       	0.223607	0.385712	1       	0.129016 
29 	421  	112      	145     	0.5     	0.77324 	0.81572 	0.0435669       	0.223607	0.385972	1       	0.129531 
30 	393  	109      	145     	0.5     	0.773221	0.81572 	0.0435711       	0.223607	0.386077	1       	0.129602 
31 	412  	113      	145     	0.5     	0.773221	0.81572 	0.0435711       	0.223607	0.386077	1       	0.129602 
32 	399  	117      	145     	0.5     	0.772614	0.81572 	0.044573        	0.223607	0.387371	1       	0.13097  
33 	404  	119      	145     	0.5     	0.772614	0.81572 	0.044573        	0.223607	0.387371	1       	0.13097  
34 	402  	119      	145     	0.5     	0.772615	0.81572 	0.0445732       	0.223607	0.387371	1       	0.13097  
35 	419  	118      	145     	0.5     	0.772615	0.81572 	0.0445732       	0.223607	0.387371	1       	0.13097  
36 	413  	113      	145     	0.5     	0.772636	0.81572 	0.044581        	0.223607	0.387303	1       	0.131023 
37 	394  	114      	145     	0.5     	0.772614	0.81572 	0.044573        	0.223607	0.387371	1       	0.13097  
38 	397  	113      	145     	0.5     	0.772614	0.81572 	0.044573        	0.223607	0.387371	1       	0.13097  
39 	386  	116      	145     	0.5     	0.772614	0.81572 	0.044573        	0.223607	0.387371	1       	0.13097  
40 	406  	120      	145     	0.5     	0.772624	0.81572 	0.0445774       	0.223607	0.387328	1       	0.131005 
41 	405  	121      	145     	0.5     	0.772638	0.81572 	0.0445812       	0.223607	0.387273	1       	0.131041 
42 	393  	119      	145     	0.5     	0.772638	0.81572 	0.0445812       	0.223607	0.387273	1       	0.131041 
43 	412  	119      	145     	0.5     	0.772615	0.81572 	0.0445738       	0.223607	0.387351	1       	0.130987 
44 	397  	117      	145     	0.5     	0.772616	0.81572 	0.0445741       	0.223607	0.387351	1       	0.130987 
45 	397  	117      	145     	0.5     	0.772633	0.81572 	0.0445799       	0.223607	0.387303	1       	0.131023 
46 	409  	116      	145     	0.5     	0.772633	0.81572 	0.0445799       	0.223607	0.387303	1       	0.131023 
47 	400  	114      	145     	0.5     	0.772634	0.81572 	0.0445803       	0.223607	0.387303	1       	0.131023 
48 	420  	125      	145     	0.5     	0.772634	0.81572 	0.0445803       	0.223607	0.387303	1       	0.131023 
49 	399  	112      	145     	0.5     	0.772634	0.81572 	0.0445803       	0.223607	0.387303	1       	0.131023 

CURRENT HALLS OF FAME

PARETO FRONT
Number of solutions = 12
(0.8157195973796725, 0.2581988897471611) 14 features: [0_age_at_initial_pathologic_diagnosis, 0_ajcc_pathologic_tumor_stage_Stage I, 0_ajcc_pathologic_tumor_stage_Stage IV, 1_hsa.miR.101.5p, 1_hsa.miR.10b.3p, 1_hsa.miR.18a.5p, 1_hsa.miR.192.3p, 1_hsa.miR.204.5p, 1_hsa.miR.2355.5p, 1_hsa.miR.24.1.5p, 1_hsa.miR.296.5p, 1_hsa.miR.34c.3p, 1_hsa.miR.486.5p, 1_hsa.miR.92b.3p]
(0.8139516404310568, 0.2672612419124244) 13 features: [0_age_at_initial_pathologic_diagnosis, 0_ajcc_pathologic_tumor_stage_Stage IV, 1_hsa.miR.101.5p, 1_hsa.miR.10b.3p, 1_hsa.miR.18a.5p, 1_hsa.miR.192.3p, 1_hsa.miR.204.5p, 1_hsa.miR.2355.5p, 1_hsa.miR.24.1.5p, 1_hsa.miR.296.5p, 1_hsa.miR.34c.3p, 1_hsa.miR.486.5p, 1_hsa.miR.92b.3p]
(0.8132117821291068, 0.2773500981126146) 12 features: [0_age_at_initial_pathologic_diagnosis, 0_ajcc_pathologic_tumor_stage_Stage IV, 1_hsa.miR.10b.3p, 1_hsa.miR.144.5p, 1_hsa.miR.18a.5p, 1_hsa.miR.194.3p, 1_hsa.miR.204.5p, 1_hsa.miR.2355.5p, 1_hsa.miR.296.5p, 1_hsa.miR.34c.3p, 1_hsa.miR.3607.3p, 1_hsa.miR.302b.3p]
(0.8124882168970763, 0.28867513459481287) 11 features: [0_age_at_initial_pathologic_diagnosis, 0_ajcc_pathologic_tumor_stage_Stage IV, 1_hsa.miR.10b.3p, 1_hsa.miR.144.5p, 1_hsa.miR.18a.5p, 1_hsa.miR.194.3p, 1_hsa.miR.204.5p, 1_hsa.miR.2355.5p, 1_hsa.miR.296.5p, 1_hsa.miR.34c.3p, 1_hsa.miR.302b.3p]
(0.8109741185870197, 0.30151134457776363) 10 features: [0_age_at_initial_pathologic_diagnosis, 0_ajcc_pathologic_tumor_stage_Stage IV, 1_hsa.miR.10b.3p, 1_hsa.miR.144.5p, 1_hsa.miR.18a.5p, 1_hsa.miR.192.5p, 1_hsa.miR.204.5p, 1_hsa.miR.2355.5p, 1_hsa.miR.296.5p, 1_hsa.miR.34c.3p]
(0.8005930001403888, 0.3779644730092272) 6 features: [0_age_at_initial_pathologic_diagnosis, 0_ajcc_pathologic_tumor_stage_Stage I, 0_ajcc_pathologic_tumor_stage_Stage IV, 1_hsa.miR.10b.3p, 1_hsa.miR.194.3p, 1_hsa.miR.296.5p]
(0.7968165410803237, 0.408248290463863) 5 features: [0_age_at_initial_pathologic_diagnosis, 0_ajcc_pathologic_tumor_stage_Stage IV, 1_hsa.miR.10b.3p, 1_hsa.miR.194.3p, 1_hsa.miR.296.5p]
(0.786982175845968, 0.4472135954999579) 4 features: [0_age_at_initial_pathologic_diagnosis, 0_ajcc_pathologic_tumor_stage_Stage IV, 1_hsa.miR.130b.3p, 1_hsa.miR.296.5p]
(0.7802729105295537, 0.5) [0_age_at_initial_pathologic_diagnosis, 0_ajcc_pathologic_tumor_stage_Stage IV, 1_hsa.miR.34c.5p]
(0.7565244693225508, 0.5773502691896257) [0_age_at_initial_pathologic_diagnosis, 0_ajcc_pathologic_tumor_stage_Stage IV]
(0.6753015851714627, 0.7071067811865476) [1_hsa.miR.130b.3p]
(0.5, 1.0) []
Features in hall of fame by prevalence:
21 features: [0_age_at_initial_pathologic_diagnosis, 0_ajcc_pathologic_tumor_stage_Stage IV, 1_hsa.miR.296.5p, 1_hsa.miR.10b.3p, 1_hsa.miR.18a.5p, 1_hsa.miR.204.5p, 1_hsa.miR.2355.5p, 1_hsa.miR.34c.3p, 1_hsa.miR.194.3p, 1_hsa.miR.144.5p, 0_ajcc_pathologic_tumor_stage_Stage I, 1_hsa.miR.101.5p, 1_hsa.miR.130b.3p, 1_hsa.miR.192.3p, 1_hsa.miR.24.1.5p, 1_hsa.miR.486.5p, 1_hsa.miR.92b.3p, 1_hsa.miR.302b.3p, 1_hsa.miR.192.5p, 1_hsa.miR.34c.5p, 1_hsa.miR.3607.3p]

LAST POPULATION
Number of solutions = 500
Features in hall of fame by prevalence:
93 features: [0_ajcc_pathologic_tumor_stage_Stage IV, 0_age_at_initial_pathologic_diagnosis, 1_hsa.miR.18a.5p, 1_hsa.miR.144.5p, 1_hsa.miR.2355.5p, 1_hsa.miR.34c.3p, 1_hsa.miR.296.5p, 1_hsa.miR.92b.3p, 0_ajcc_pathologic_tumor_stage_Stage I, 1_hsa.miR.204.5p, 1_hsa.miR.10b.3p, 1_hsa.miR.194.3p, 1_hsa.miR.302b.3p, 1_hsa.miR.130b.3p, 1_hsa.miR.24.1.5p, 1_hsa.miR.486.5p, 1_hsa.miR.192.3p, 1_hsa.miR.31.5p, 1_hsa.miR.101.5p, 1_hsa.miR.511.5p, 1_hsa.miR.1269a, 1_hsa.miR.21.5p, 1_hsa.miR.182.5p, 1_hsa.miR.192.5p, 1_hsa.miR.223.3p, 1_hsa.miR.34b.5p, 1_hsa.miR.145.3p, 1_hsa.miR.6503.5p, 1_hsa.miR.1248, 1_hsa.miR.183.5p, 1_hsa.miR.190a.5p, 1_hsa.miR.199b.5p, 1_hsa.miR.21.3p, 1_hsa.miR.301b, 1_hsa.miR.342.3p, 1_hsa.miR.3607.3p, 1_hsa.miR.576.5p, 1_hsa.miR.7702, 1_hsa.miR.222.3p, 1_hsa.miR.4461, 1_hsa.miR.95.3p, 1_hsa.miR.10b.5p, 1_hsa.miR.145.5p, 1_hsa.miR.146b.3p, 1_hsa.miR.34c.5p, 1_hsa.miR.194.5p, 1_hsa.miR.3922.3p, 1_hsa.miR.1254, 1_hsa.miR.139.3p, 1_hsa.miR.149.5p, 1_hsa.miR.215.5p, 1_hsa.miR.221.3p, 1_hsa.miR.27b.5p, 1_hsa.miR.3614.5p, 1_hsa.miR.625.5p, 1_hsa.miR.139.5p, 1_hsa.miR.143.5p, 1_hsa.miR.146b.5p, 1_hsa.miR.191.5p, 1_hsa.miR.197.3p, 1_hsa.miR.425.3p, 1_hsa.miR.616.5p, 1_hsa.miR.664a.5p, 1_hsa.miR.671.5p, 1_hsa.miR.101.3p, 1_hsa.miR.103a.2.5p, 1_hsa.miR.138.1.3p, 1_hsa.miR.15b.5p, 1_hsa.miR.193b.5p, 1_hsa.miR.204.3p, 1_hsa.miR.23b.3p, 1_hsa.miR.30e.3p, 1_hsa.miR.329.3p, 1_hsa.miR.3651, 1_hsa.miR.365b.3p, 1_hsa.miR.423.3p, 1_hsa.miR.514a.5p, 1_hsa.miR.550a.3p, 1_hsa.miR.590.3p, 1_hsa.miR.590.5p, 1_hsa.miR.96.5p, 1_hsa.miR.1293, 1_hsa.miR.1307.3p, 1_hsa.miR.130b.5p, 1_hsa.miR.155.5p, 1_hsa.miR.34b.3p, 1_hsa.miR.362.3p, 1_hsa.miR.376b.3p, 1_hsa.miR.4326, 1_hsa.miR.487a.3p, 1_hsa.miR.6715b.3p, 1_hsa.miR.93.5p, 1_hsa.miR.9.5p]

BEST SUMS WITH SIZE 50
Number of solutions = 50
Features in hall of fame by prevalence:
34 features: [0_ajcc_pathologic_tumor_stage_Stage IV, 0_age_at_initial_pathologic_diagnosis, 1_hsa.miR.130b.3p, 1_hsa.miR.139.3p, 1_hsa.miR.146b.5p, 1_hsa.miR.18a.5p, 1_hsa.miR.194.3p, 1_hsa.miR.194.5p, 1_hsa.miR.21.3p, 1_hsa.miR.21.5p, 1_hsa.miR.222.3p, 1_hsa.miR.296.5p, 1_hsa.miR.34c.3p, 1_hsa.miR.34c.5p, 1_hsa.miR.616.5p, 1_hsa.miR.92b.3p, 0_ajcc_pathologic_tumor_stage_Stage I, 1_hsa.miR.101.3p, 1_hsa.miR.10b.3p, 1_hsa.miR.10b.5p, 1_hsa.miR.1248, 1_hsa.miR.130b.5p, 1_hsa.miR.139.5p, 1_hsa.miR.144.5p, 1_hsa.miR.149.5p, 1_hsa.miR.192.5p, 1_hsa.miR.215.5p, 1_hsa.miR.223.3p, 1_hsa.miR.23b.3p, 1_hsa.miR.301b, 1_hsa.miR.30e.3p, 1_hsa.miR.425.3p, 1_hsa.miR.671.5p, 1_hsa.miR.96.5p]

BEST SUMS WITH SIZE 100
Number of solutions = 100
Features in hall of fame by prevalence:
35 features: [0_ajcc_pathologic_tumor_stage_Stage IV, 0_ajcc_pathologic_tumor_stage_Stage I, 1_hsa.miR.130b.3p, 0_age_at_initial_pathologic_diagnosis, 1_hsa.miR.10b.3p, 1_hsa.miR.10b.5p, 1_hsa.miR.296.5p, 1_hsa.miR.34c.5p, 1_hsa.miR.1248, 1_hsa.miR.130b.5p, 1_hsa.miR.139.3p, 1_hsa.miR.144.5p, 1_hsa.miR.146b.5p, 1_hsa.miR.149.5p, 1_hsa.miR.18a.5p, 1_hsa.miR.192.5p, 1_hsa.miR.194.3p, 1_hsa.miR.194.5p, 1_hsa.miR.21.3p, 1_hsa.miR.215.5p, 1_hsa.miR.21.5p, 1_hsa.miR.222.3p, 1_hsa.miR.223.3p, 1_hsa.miR.301b, 1_hsa.miR.30e.3p, 1_hsa.miR.34c.3p, 1_hsa.miR.425.3p, 1_hsa.miR.671.5p, 1_hsa.miR.92b.3p, 1_hsa.miR.101.3p, 1_hsa.miR.139.5p, 1_hsa.miR.23b.3p, 1_hsa.miR.590.5p, 1_hsa.miR.616.5p, 1_hsa.miR.96.5p]

STARTING SWEEP NUMBER 2
folds_creator_seed = 3004187957

ASSIGNING STRATA FOR MULTI-OUTCOME DATA KIRC_MV
Assigning strata for outcome named survival of type survival
Counts:
censored 0: 69
censored 1: 155
deceased 0: 44
deceased 1: 44
ga_runner_seed = 475749083
VIEW: CLINIC
   	     	         	        	   survival SKSurv Cox model concordance index   	             root leanness              
   	     	         	        	-------------------------------------------------	----------------------------------------
gen	evals	gen_feats	explored	min	avg     	max     	std                  	min	avg     	max	std     
0  	0    	3        	3       	0.5	0.730949	0.762078	0.0681047            	0.5	0.590839	1  	0.124135
1  	317  	3        	3       	0.5	0.680724	0.762078	0.0858644            	0.5	0.661382	1  	0.155693
2  	315  	3        	3       	0.5	0.672822	0.762078	0.0797247            	0.5	0.669387	1  	0.145216
3  	343  	3        	3       	0.5	0.672822	0.762078	0.0797247            	0.5	0.669387	1  	0.145216
4  	340  	3        	3       	0.5	0.672822	0.762078	0.0797247            	0.5	0.669387	1  	0.145216
5  	337  	3        	3       	0.5	0.672822	0.762078	0.0797247            	0.5	0.669387	1  	0.145216
6  	361  	3        	3       	0.5	0.672822	0.762078	0.0797247            	0.5	0.669387	1  	0.145216
7  	349  	3        	3       	0.5	0.672822	0.762078	0.0797247            	0.5	0.669387	1  	0.145216
8  	339  	3        	3       	0.5	0.672822	0.762078	0.0797247            	0.5	0.669387	1  	0.145216
9  	338  	3        	3       	0.5	0.672822	0.762078	0.0797247            	0.5	0.669387	1  	0.145216
10 	329  	3        	3       	0.5	0.672822	0.762078	0.0797247            	0.5	0.669387	1  	0.145216
11 	335  	3        	3       	0.5	0.672822	0.762078	0.0797247            	0.5	0.669387	1  	0.145216
12 	348  	3        	3       	0.5	0.672822	0.762078	0.0797247            	0.5	0.669387	1  	0.145216
13 	338  	3        	3       	0.5	0.672822	0.762078	0.0797247            	0.5	0.669387	1  	0.145216
14 	342  	3        	3       	0.5	0.672822	0.762078	0.0797247            	0.5	0.669387	1  	0.145216
15 	350  	3        	3       	0.5	0.672822	0.762078	0.0797247            	0.5	0.669387	1  	0.145216
16 	331  	3        	3       	0.5	0.672822	0.762078	0.0797247            	0.5	0.669387	1  	0.145216
17 	334  	3        	3       	0.5	0.672822	0.762078	0.0797247            	0.5	0.669387	1  	0.145216
18 	361  	3        	3       	0.5	0.672822	0.762078	0.0797247            	0.5	0.669387	1  	0.145216
19 	331  	3        	3       	0.5	0.672822	0.762078	0.0797247            	0.5	0.669387	1  	0.145216
20 	337  	3        	3       	0.5	0.672822	0.762078	0.0797247            	0.5	0.669387	1  	0.145216
21 	357  	3        	3       	0.5	0.672822	0.762078	0.0797247            	0.5	0.669387	1  	0.145216
22 	329  	3        	3       	0.5	0.672822	0.762078	0.0797247            	0.5	0.669387	1  	0.145216
23 	334  	3        	3       	0.5	0.672822	0.762078	0.0797247            	0.5	0.669387	1  	0.145216
24 	320  	3        	3       	0.5	0.672822	0.762078	0.0797247            	0.5	0.669387	1  	0.145216
25 	350  	3        	3       	0.5	0.672822	0.762078	0.0797247            	0.5	0.669387	1  	0.145216
26 	338  	3        	3       	0.5	0.672822	0.762078	0.0797247            	0.5	0.669387	1  	0.145216
27 	330  	3        	3       	0.5	0.672822	0.762078	0.0797247            	0.5	0.669387	1  	0.145216
28 	342  	3        	3       	0.5	0.672822	0.762078	0.0797247            	0.5	0.669387	1  	0.145216
29 	356  	3        	3       	0.5	0.672822	0.762078	0.0797247            	0.5	0.669387	1  	0.145216
30 	358  	3        	3       	0.5	0.672822	0.762078	0.0797247            	0.5	0.669387	1  	0.145216
31 	348  	3        	3       	0.5	0.672822	0.762078	0.0797247            	0.5	0.669387	1  	0.145216
32 	340  	3        	3       	0.5	0.672822	0.762078	0.0797247            	0.5	0.669387	1  	0.145216
33 	339  	3        	3       	0.5	0.672822	0.762078	0.0797247            	0.5	0.669387	1  	0.145216
34 	362  	3        	3       	0.5	0.672822	0.762078	0.0797247            	0.5	0.669387	1  	0.145216
35 	341  	3        	3       	0.5	0.672822	0.762078	0.0797247            	0.5	0.669387	1  	0.145216
36 	357  	3        	3       	0.5	0.672822	0.762078	0.0797247            	0.5	0.669387	1  	0.145216
37 	335  	3        	3       	0.5	0.672822	0.762078	0.0797247            	0.5	0.669387	1  	0.145216
38 	356  	3        	3       	0.5	0.672822	0.762078	0.0797247            	0.5	0.669387	1  	0.145216
39 	344  	3        	3       	0.5	0.672822	0.762078	0.0797247            	0.5	0.669387	1  	0.145216
40 	323  	3        	3       	0.5	0.672822	0.762078	0.0797247            	0.5	0.669387	1  	0.145216
41 	332  	3        	3       	0.5	0.672822	0.762078	0.0797247            	0.5	0.669387	1  	0.145216
42 	357  	3        	3       	0.5	0.672822	0.762078	0.0797247            	0.5	0.669387	1  	0.145216
43 	326  	3        	3       	0.5	0.672822	0.762078	0.0797247            	0.5	0.669387	1  	0.145216
44 	337  	3        	3       	0.5	0.672822	0.762078	0.0797247            	0.5	0.669387	1  	0.145216
45 	341  	3        	3       	0.5	0.672822	0.762078	0.0797247            	0.5	0.669387	1  	0.145216
46 	343  	3        	3       	0.5	0.672822	0.762078	0.0797247            	0.5	0.669387	1  	0.145216
47 	331  	3        	3       	0.5	0.672822	0.762078	0.0797247            	0.5	0.669387	1  	0.145216
48 	349  	3        	3       	0.5	0.672822	0.762078	0.0797247            	0.5	0.669387	1  	0.145216
49 	340  	3        	3       	0.5	0.672822	0.762078	0.0797247            	0.5	0.669387	1  	0.145216

ASSIGNING STRATA FOR MULTI-OUTCOME DATA KIRC_MV
Assigning strata for outcome named survival of type survival
Counts:
censored 0: 69
censored 1: 155
deceased 0: 44
deceased 1: 44
VIEW: LOG_MIRNA
   	     	         	        	       survival SKSurv Cox model concordance index       	                 root leanness                  
   	     	         	        	---------------------------------------------------------	------------------------------------------------
gen	evals	gen_feats	explored	min     	avg     	max     	std             	min     	avg     	max	std     
0  	0    	90       	90      	0.5     	0.725309	0.796027	0.0629047       	0.242536	0.466601	1  	0.171427
1  	362  	184      	188     	0.429123	0.711408	0.796027	0.0573454       	0.242536	0.41616 	1  	0.132583
2  	371  	204      	223     	0.5     	0.718256	0.796027	0.0515792       	0.242536	0.424288	1  	0.131937
3  	369  	200      	230     	0.5     	0.722054	0.796027	0.049855        	0.242536	0.425028	1  	0.131202
4  	379  	198      	233     	0.5     	0.725576	0.796027	0.0485513       	0.242536	0.422449	1  	0.130864
5  	382  	191      	233     	0.5     	0.726989	0.796027	0.0478432       	0.242536	0.423752	1  	0.130155
6  	368  	198      	233     	0.5     	0.728801	0.796027	0.0471911       	0.242536	0.422692	1  	0.128992
7  	375  	195      	233     	0.5     	0.729017	0.796027	0.0473598       	0.242536	0.424956	1  	0.129228
8  	371  	189      	234     	0.5     	0.729694	0.796027	0.0470287       	0.242536	0.424732	1  	0.129474
9  	360  	198      	234     	0.5     	0.730938	0.796027	0.0464166       	0.242536	0.422639	1  	0.129112
10 	366  	198      	234     	0.5     	0.732101	0.796027	0.0459757       	0.242536	0.419864	1  	0.129211
11 	368  	186      	234     	0.5     	0.732565	0.796027	0.046007        	0.242536	0.420022	1  	0.129073
12 	377  	202      	234     	0.5     	0.732849	0.796027	0.0458955       	0.242536	0.419688	1  	0.129338
13 	370  	186      	234     	0.5     	0.733294	0.796027	0.0459725       	0.242536	0.419087	1  	0.129663
14 	373  	182      	234     	0.5     	0.734205	0.796027	0.045505        	0.242536	0.417039	1  	0.12935 
15 	385  	186      	234     	0.5     	0.734729	0.796027	0.045537        	0.242536	0.416475	1  	0.129591
16 	359  	187      	234     	0.5     	0.735111	0.796027	0.045587        	0.242536	0.416309	1  	0.129703
17 	386  	183      	234     	0.5     	0.735974	0.796027	0.0451179       	0.242536	0.414059	1  	0.129496
18 	368  	193      	234     	0.5     	0.736257	0.796027	0.0450918       	0.242536	0.414061	1  	0.129495
19 	367  	198      	234     	0.5     	0.736429	0.796027	0.0451552       	0.242536	0.414104	1  	0.12945 
20 	389  	188      	234     	0.5     	0.736982	0.796027	0.0452463       	0.242536	0.413086	1  	0.129799
21 	376  	202      	234     	0.5     	0.737704	0.796027	0.0448863       	0.242536	0.411796	1  	0.12904 
22 	375  	198      	234     	0.5     	0.738186	0.796027	0.0448998       	0.242536	0.410562	1  	0.129416
23 	374  	204      	234     	0.5     	0.738265	0.796027	0.0450826       	0.242536	0.410973	1  	0.129618
24 	375  	188      	234     	0.5     	0.738569	0.796027	0.045079        	0.242536	0.41097 	1  	0.129491
25 	365  	194      	234     	0.5     	0.738674	0.796027	0.0451464       	0.242536	0.411754	1  	0.129099
26 	378  	193      	234     	0.5     	0.738775	0.796027	0.0451609       	0.242536	0.411676	1  	0.129168
27 	376  	195      	234     	0.5     	0.738935	0.796027	0.0451037       	0.242536	0.411768	1  	0.129079
28 	375  	204      	234     	0.5     	0.739072	0.796027	0.0451459       	0.242536	0.411652	1  	0.129208
29 	368  	187      	234     	0.5     	0.739204	0.796027	0.0452187       	0.242536	0.411268	1  	0.129525
30 	376  	195      	234     	0.5     	0.739896	0.796027	0.0449039       	0.242536	0.409548	1  	0.129437
31 	387  	194      	234     	0.5     	0.740286	0.796027	0.0448454       	0.242536	0.40856 	1  	0.12936 
32 	375  	197      	234     	0.5     	0.740755	0.796027	0.0448149       	0.242536	0.406988	1  	0.129759
33 	375  	194      	234     	0.5     	0.741146	0.796027	0.0446076       	0.242536	0.40624 	1  	0.129603
34 	364  	197      	234     	0.5     	0.741173	0.796027	0.045103        	0.242536	0.406005	1  	0.130339
35 	389  	192      	234     	0.5     	0.741158	0.796027	0.0451026       	0.242536	0.406626	1  	0.130415
36 	377  	193      	234     	0.5     	0.741719	0.796027	0.0446796       	0.242536	0.405247	1  	0.129679
37 	380  	195      	234     	0.5     	0.741837	0.796027	0.0447097       	0.242536	0.40514 	1  	0.129783
38 	380  	180      	234     	0.5     	0.742077	0.796027	0.0448225       	0.235702	0.404417	1  	0.130386
39 	389  	195      	234     	0.5     	0.742096	0.796027	0.0448436       	0.242536	0.404939	1  	0.13    
40 	370  	189      	234     	0.5     	0.742244	0.796027	0.0449136       	0.242536	0.404544	1  	0.130329
41 	376  	188      	234     	0.5     	0.743108	0.796027	0.0445271       	0.242536	0.402099	1  	0.130067
42 	375  	199      	234     	0.5     	0.743404	0.796027	0.0445993       	0.242536	0.401273	1  	0.13055 
43 	383  	200      	234     	0.5     	0.744011	0.796027	0.0442614       	0.242536	0.3997  	1  	0.130178
44 	385  	195      	234     	0.5     	0.744139	0.796027	0.0446915       	0.242536	0.399152	1  	0.131026
45 	372  	196      	234     	0.5     	0.744514	0.796027	0.0443048       	0.242536	0.398254	1  	0.130449
46 	368  	196      	234     	0.5     	0.744764	0.796027	0.0444353       	0.235702	0.397337	1  	0.131166
47 	383  	209      	234     	0.5     	0.745738	0.796027	0.0441099       	0.235702	0.394669	1  	0.130775
48 	372  	198      	234     	0.5     	0.745886	0.796027	0.0441852       	0.235702	0.394803	1  	0.130634
49 	374  	191      	234     	0.5     	0.746228	0.796027	0.0443558       	0.235702	0.39427 	1  	0.131043

STARTING MASTER RUNNER RESAMPLING
Generations completed = 7
Generations completed = 17
Generations completed = 27
Generations completed = 37
Generations completed = 47
MASTER
   	     	         	        	       survival SKSurv Cox model concordance index       	                      root leanness                      
   	     	         	        	---------------------------------------------------------	---------------------------------------------------------
gen	evals	gen_feats	explored	min     	avg     	max     	std             	min     	avg     	max     	std      
0  	500  	126      	126     	0.494554	0.759319	0.809394	0.0321812       	0.223607	0.342727	0.707107	0.0899501
1  	420  	122      	133     	0.605343	0.767586	0.812488	0.0299496       	0.223607	0.363649	0.707107	0.0950633
2  	404  	124      	139     	0.602199	0.770404	0.812488	0.0339376       	0.223607	0.370647	0.707107	0.103878 
3  	413  	128      	141     	0.602199	0.773219	0.812488	0.032633        	0.235702	0.372384	0.707107	0.105243 
4  	398  	126      	143     	0.602199	0.775053	0.812488	0.033487        	0.229416	0.373431	0.707107	0.108144 
5  	405  	118      	143     	0.602199	0.776496	0.812488	0.0338119       	0.223607	0.371194	0.707107	0.110012 
6  	419  	119      	143     	0.602199	0.777435	0.813212	0.0348649       	0.223607	0.372572	0.707107	0.111414 
7  	390  	122      	143     	0.602199	0.777921	0.813212	0.0356942       	0.223607	0.373575	0.707107	0.11304  
8  	408  	124      	143     	0.5     	0.777089	0.813212	0.0392904       	0.223607	0.376882	1       	0.120114 
9  	401  	121      	143     	0.5     	0.776287	0.813212	0.0413432       	0.223607	0.380847	1       	0.123103 
10 	408  	123      	143     	0.5     	0.776725	0.813212	0.0412772       	0.223607	0.379792	1       	0.123024 
11 	402  	121      	143     	0.5     	0.776604	0.813952	0.0419391       	0.223607	0.380754	1       	0.123912 
12 	410  	123      	143     	0.5     	0.776538	0.813952	0.0422542       	0.223607	0.381242	1       	0.124785 
13 	388  	117      	143     	0.5     	0.775576	0.813952	0.0438661       	0.223607	0.384056	1       	0.126798 
14 	418  	123      	143     	0.5     	0.775701	0.813952	0.0438693       	0.223607	0.38396 	1       	0.126897 
15 	396  	124      	143     	0.5     	0.775695	0.813952	0.0438571       	0.223607	0.384602	1       	0.126574 
16 	422  	126      	143     	0.5     	0.775537	0.813952	0.0441541       	0.223607	0.385179	1       	0.127297 
17 	403  	127      	143     	0.5     	0.775117	0.81572 	0.0450218       	0.223607	0.386602	1       	0.128938 
18 	392  	117      	143     	0.5     	0.775157	0.81572 	0.0450422       	0.223607	0.386567	1       	0.128917 
19 	410  	114      	143     	0.5     	0.774896	0.81572 	0.0453931       	0.223607	0.387378	1       	0.129654 
20 	414  	117      	143     	0.5     	0.774921	0.81572 	0.0454031       	0.223607	0.387288	1       	0.129751 
21 	401  	121      	143     	0.5     	0.774386	0.81572 	0.0461447       	0.223607	0.388544	1       	0.131308 
22 	399  	123      	143     	0.5     	0.774425	0.81572 	0.0461205       	0.223607	0.388544	1       	0.131308 
23 	421  	120      	143     	0.5     	0.774473	0.81572 	0.0460503       	0.223607	0.388972	1       	0.130954 
24 	411  	123      	143     	0.5     	0.774116	0.81572 	0.0465066       	0.223607	0.390107	1       	0.131555 
25 	393  	114      	143     	0.5     	0.774116	0.81572 	0.0465066       	0.223607	0.390107	1       	0.131555 
26 	413  	126      	143     	0.5     	0.774193	0.81572 	0.0463477       	0.223607	0.390107	1       	0.131555 
27 	413  	123      	143     	0.5     	0.774166	0.81572 	0.0463378       	0.223607	0.39028 	1       	0.131451 
28 	410  	120      	143     	0.5     	0.774195	0.81572 	0.0463477       	0.223607	0.390081	1       	0.131535 
29 	404  	119      	143     	0.5     	0.774193	0.81572 	0.0463471       	0.223607	0.39013 	1       	0.131526 
30 	408  	119      	143     	0.5     	0.774277	0.81572 	0.0462037       	0.223607	0.389903	1       	0.131508 
31 	399  	119      	143     	0.5     	0.774227	0.81572 	0.0462023       	0.223607	0.39013 	1       	0.131526 
32 	410  	122      	143     	0.5     	0.774243	0.81572 	0.0460949       	0.223607	0.390337	1       	0.131386 
33 	402  	118      	143     	0.5     	0.774308	0.81572 	0.0461061       	0.223607	0.389959	1       	0.131494 
34 	407  	115      	143     	0.5     	0.774258	0.81572 	0.0460959       	0.223607	0.390337	1       	0.131386 
35 	398  	114      	143     	0.5     	0.774288	0.81572 	0.0461057       	0.223607	0.390165	1       	0.131491 
36 	401  	121      	143     	0.5     	0.77429 	0.81572 	0.0461068       	0.223607	0.390165	1       	0.131491 
37 	410  	118      	143     	0.5     	0.774265	0.81572 	0.0460968       	0.223607	0.390337	1       	0.131386 
38 	392  	116      	143     	0.5     	0.774272	0.81572 	0.0460986       	0.223607	0.390297	1       	0.131401 
39 	417  	122      	143     	0.5     	0.774325	0.81572 	0.0461097       	0.223607	0.389884	1       	0.131525 
40 	396  	123      	143     	0.5     	0.774291	0.81572 	0.0461058       	0.223607	0.390165	1       	0.131491 
41 	406  	124      	143     	0.5     	0.774267	0.81572 	0.0460974       	0.223607	0.390337	1       	0.131386 
42 	408  	115      	143     	0.5     	0.774291	0.81572 	0.0461061       	0.223607	0.390165	1       	0.131491 
43 	425  	122      	143     	0.5     	0.774318	0.81572 	0.046108        	0.223607	0.389977	1       	0.131477 
44 	415  	118      	143     	0.5     	0.774291	0.81572 	0.0461061       	0.223607	0.390165	1       	0.131491 
45 	410  	118      	143     	0.5     	0.774266	0.81572 	0.0460973       	0.223607	0.390337	1       	0.131386 
46 	405  	114      	143     	0.5     	0.774291	0.81572 	0.0461059       	0.223607	0.390165	1       	0.131491 
47 	395  	115      	143     	0.5     	0.774292	0.81572 	0.0461058       	0.223607	0.390165	1       	0.131491 
48 	415  	123      	143     	0.5     	0.774317	0.81572 	0.0461077       	0.223607	0.389977	1       	0.131477 
49 	413  	122      	143     	0.5     	0.77429 	0.81572 	0.046106        	0.223607	0.390165	1       	0.131491 

CURRENT HALLS OF FAME

PARETO FRONT
Number of solutions = 14
(0.8157195973796725, 0.2581988897471611) 14 features: [0_age_at_initial_pathologic_diagnosis, 0_ajcc_pathologic_tumor_stage_Stage I, 0_ajcc_pathologic_tumor_stage_Stage IV, 1_hsa.miR.101.5p, 1_hsa.miR.10b.3p, 1_hsa.miR.18a.5p, 1_hsa.miR.192.3p, 1_hsa.miR.204.5p, 1_hsa.miR.2355.5p, 1_hsa.miR.24.1.5p, 1_hsa.miR.296.5p, 1_hsa.miR.34c.3p, 1_hsa.miR.486.5p, 1_hsa.miR.92b.3p]
(0.8139516404310568, 0.2672612419124244) 13 features: [0_age_at_initial_pathologic_diagnosis, 0_ajcc_pathologic_tumor_stage_Stage IV, 1_hsa.miR.101.5p, 1_hsa.miR.10b.3p, 1_hsa.miR.18a.5p, 1_hsa.miR.192.3p, 1_hsa.miR.204.5p, 1_hsa.miR.2355.5p, 1_hsa.miR.24.1.5p, 1_hsa.miR.296.5p, 1_hsa.miR.34c.3p, 1_hsa.miR.486.5p, 1_hsa.miR.92b.3p]
(0.8132117821291068, 0.2773500981126146) 12 features: [0_age_at_initial_pathologic_diagnosis, 0_ajcc_pathologic_tumor_stage_Stage IV, 1_hsa.miR.10b.3p, 1_hsa.miR.144.5p, 1_hsa.miR.18a.5p, 1_hsa.miR.194.3p, 1_hsa.miR.204.5p, 1_hsa.miR.2355.5p, 1_hsa.miR.296.5p, 1_hsa.miR.34c.3p, 1_hsa.miR.3607.3p, 1_hsa.miR.302b.3p]
(0.8124882168970763, 0.28867513459481287) 11 features: [0_age_at_initial_pathologic_diagnosis, 0_ajcc_pathologic_tumor_stage_Stage IV, 1_hsa.miR.10b.3p, 1_hsa.miR.144.5p, 1_hsa.miR.18a.5p, 1_hsa.miR.194.3p, 1_hsa.miR.204.5p, 1_hsa.miR.2355.5p, 1_hsa.miR.296.5p, 1_hsa.miR.34c.3p, 1_hsa.miR.302b.3p]
(0.8109741185870197, 0.30151134457776363) 10 features: [0_age_at_initial_pathologic_diagnosis, 0_ajcc_pathologic_tumor_stage_Stage IV, 1_hsa.miR.10b.3p, 1_hsa.miR.144.5p, 1_hsa.miR.18a.5p, 1_hsa.miR.192.5p, 1_hsa.miR.204.5p, 1_hsa.miR.2355.5p, 1_hsa.miR.296.5p, 1_hsa.miR.34c.3p]
(0.8036297871984011, 0.3333333333333333) 8 features: [0_age_at_initial_pathologic_diagnosis, 0_ajcc_pathologic_tumor_stage_Stage I, 0_ajcc_pathologic_tumor_stage_Stage IV, 1_hsa.miR.10b.3p, 1_hsa.miR.144.5p, 1_hsa.miR.18a.5p, 1_hsa.miR.296.5p, 1_hsa.miR.6503.5p]
(0.8018402523179745, 0.3535533905932738) 7 features: [0_age_at_initial_pathologic_diagnosis, 0_ajcc_pathologic_tumor_stage_Stage IV, 1_hsa.miR.10b.3p, 1_hsa.miR.144.5p, 1_hsa.miR.18a.5p, 1_hsa.miR.296.5p, 1_hsa.miR.6503.5p]
(0.8005930001403888, 0.3779644730092272) 6 features: [0_age_at_initial_pathologic_diagnosis, 0_ajcc_pathologic_tumor_stage_Stage I, 0_ajcc_pathologic_tumor_stage_Stage IV, 1_hsa.miR.10b.3p, 1_hsa.miR.194.3p, 1_hsa.miR.296.5p]
(0.7968165410803237, 0.408248290463863) 5 features: [0_age_at_initial_pathologic_diagnosis, 0_ajcc_pathologic_tumor_stage_Stage IV, 1_hsa.miR.10b.3p, 1_hsa.miR.194.3p, 1_hsa.miR.296.5p]
(0.7875845845611988, 0.4472135954999579) 4 features: [0_age_at_initial_pathologic_diagnosis, 0_ajcc_pathologic_tumor_stage_Stage IV, 1_hsa.miR.194.3p, 1_hsa.miR.296.5p]
(0.7802729105295537, 0.5) [0_age_at_initial_pathologic_diagnosis, 0_ajcc_pathologic_tumor_stage_Stage IV, 1_hsa.miR.34c.5p]
(0.7565244693225508, 0.5773502691896257) [0_age_at_initial_pathologic_diagnosis, 0_ajcc_pathologic_tumor_stage_Stage IV]
(0.6753015851714627, 0.7071067811865476) [1_hsa.miR.130b.3p]
(0.5, 1.0) []
Features in hall of fame by prevalence:
22 features: [0_age_at_initial_pathologic_diagnosis, 0_ajcc_pathologic_tumor_stage_Stage IV, 1_hsa.miR.296.5p, 1_hsa.miR.10b.3p, 1_hsa.miR.18a.5p, 1_hsa.miR.144.5p, 1_hsa.miR.194.3p, 1_hsa.miR.204.5p, 1_hsa.miR.2355.5p, 1_hsa.miR.34c.3p, 0_ajcc_pathologic_tumor_stage_Stage I, 1_hsa.miR.101.5p, 1_hsa.miR.192.3p, 1_hsa.miR.24.1.5p, 1_hsa.miR.486.5p, 1_hsa.miR.6503.5p, 1_hsa.miR.92b.3p, 1_hsa.miR.302b.3p, 1_hsa.miR.130b.3p, 1_hsa.miR.192.5p, 1_hsa.miR.34c.5p, 1_hsa.miR.3607.3p]

LAST POPULATION
Number of solutions = 500
Features in hall of fame by prevalence:
92 features: [0_ajcc_pathologic_tumor_stage_Stage IV, 0_age_at_initial_pathologic_diagnosis, 1_hsa.miR.18a.5p, 1_hsa.miR.144.5p, 1_hsa.miR.34c.3p, 1_hsa.miR.296.5p, 1_hsa.miR.2355.5p, 1_hsa.miR.10b.3p, 1_hsa.miR.92b.3p, 0_ajcc_pathologic_tumor_stage_Stage I, 1_hsa.miR.194.3p, 1_hsa.miR.204.5p, 1_hsa.miR.6503.5p, 1_hsa.miR.302b.3p, 1_hsa.miR.130b.3p, 1_hsa.miR.3922.3p, 1_hsa.miR.3614.5p, 1_hsa.miR.192.3p, 1_hsa.miR.31.5p, 1_hsa.miR.24.1.5p, 1_hsa.miR.486.5p, 1_hsa.miR.21.5p, 1_hsa.miR.101.5p, 1_hsa.miR.182.5p, 1_hsa.miR.194.5p, 1_hsa.miR.376b.3p, 1_hsa.miR.511.5p, 1_hsa.miR.145.3p, 1_hsa.miR.192.5p, 1_hsa.miR.491.3p, 1_hsa.miR.7702, 1_hsa.miR.126.3p, 1_hsa.miR.34b.5p, 1_hsa.miR.34c.5p, 1_hsa.miR.183.5p, 1_hsa.miR.223.3p, 1_hsa.miR.342.3p, 1_hsa.miR.34b.3p, 1_hsa.miR.3607.3p, 1_hsa.miR.3648, 1_hsa.miR.4461, 1_hsa.miR.301b, 1_hsa.miR.10b.5p, 1_hsa.miR.1248, 1_hsa.miR.146b.3p, 1_hsa.miR.199b.5p, 1_hsa.miR.222.3p, 1_hsa.miR.576.5p, 1_hsa.miR.1269a, 1_hsa.miR.145.5p, 1_hsa.miR.149.5p, 1_hsa.miR.21.3p, 1_hsa.miR.616.5p, 1_hsa.miR.664a.5p, 1_hsa.miR.139.3p, 1_hsa.miR.190a.5p, 1_hsa.miR.215.5p, 1_hsa.miR.625.5p, 1_hsa.miR.95.3p, 1_hsa.miR.101.3p, 1_hsa.miR.146b.5p, 1_hsa.miR.221.3p, 1_hsa.miR.296.3p, 1_hsa.miR.425.3p, 1_hsa.miR.671.5p, 1_hsa.miR.766.3p, 1_hsa.miR.1254, 1_hsa.miR.130b.5p, 1_hsa.miR.139.5p, 1_hsa.miR.143.5p, 1_hsa.miR.15b.5p, 1_hsa.miR.191.5p, 1_hsa.miR.193b.5p, 1_hsa.miR.27b.5p, 1_hsa.miR.30e.3p, 1_hsa.miR.335.3p, 1_hsa.miR.338.5p, 1_hsa.miR.3651, 1_hsa.miR.365b.3p, 1_hsa.miR.425.5p, 1_hsa.miR.514a.5p, 1_hsa.miR.550a.3p, 1_hsa.miR.590.3p, 1_hsa.miR.590.5p, 1_hsa.miR.103a.2.5p, 1_hsa.miR.1307.3p, 1_hsa.miR.138.1.3p, 1_hsa.miR.204.3p, 1_hsa.miR.23b.3p, 1_hsa.miR.329.3p, 1_hsa.miR.423.3p, 1_hsa.miR.96.5p]

BEST SUMS WITH SIZE 50
Number of solutions = 50
Features in hall of fame by prevalence:
37 features: [0_ajcc_pathologic_tumor_stage_Stage IV, 0_age_at_initial_pathologic_diagnosis, 1_hsa.miR.130b.3p, 1_hsa.miR.139.3p, 1_hsa.miR.146b.5p, 1_hsa.miR.194.3p, 1_hsa.miR.194.5p, 1_hsa.miR.21.5p, 1_hsa.miR.222.3p, 1_hsa.miR.296.5p, 1_hsa.miR.34c.3p, 1_hsa.miR.34c.5p, 1_hsa.miR.92b.3p, 0_ajcc_pathologic_tumor_stage_Stage I, 1_hsa.miR.101.3p, 1_hsa.miR.10b.3p, 1_hsa.miR.10b.5p, 1_hsa.miR.1248, 1_hsa.miR.130b.5p, 1_hsa.miR.139.5p, 1_hsa.miR.144.5p, 1_hsa.miR.149.5p, 1_hsa.miR.18a.5p, 1_hsa.miR.192.5p, 1_hsa.miR.21.3p, 1_hsa.miR.215.5p, 1_hsa.miR.223.3p, 1_hsa.miR.23b.3p, 1_hsa.miR.296.3p, 1_hsa.miR.301b, 1_hsa.miR.30e.3p, 1_hsa.miR.335.3p, 1_hsa.miR.3922.3p, 1_hsa.miR.425.3p, 1_hsa.miR.425.5p, 1_hsa.miR.616.5p, 1_hsa.miR.671.5p]

BEST SUMS WITH SIZE 100
Number of solutions = 100
Features in hall of fame by prevalence:
41 features: [0_ajcc_pathologic_tumor_stage_Stage IV, 0_ajcc_pathologic_tumor_stage_Stage I, 1_hsa.miR.18a.5p, 1_hsa.miR.10b.3p, 1_hsa.miR.10b.5p, 1_hsa.miR.130b.3p, 1_hsa.miR.144.5p, 1_hsa.miR.192.5p, 1_hsa.miR.194.3p, 1_hsa.miR.194.5p, 1_hsa.miR.21.3p, 1_hsa.miR.215.5p, 1_hsa.miR.21.5p, 1_hsa.miR.222.3p, 1_hsa.miR.223.3p, 1_hsa.miR.296.5p, 1_hsa.miR.301b, 1_hsa.miR.34c.3p, 1_hsa.miR.34c.5p, 1_hsa.miR.425.3p, 1_hsa.miR.425.5p, 1_hsa.miR.671.5p, 1_hsa.miR.92b.3p, 0_age_at_initial_pathologic_diagnosis, 1_hsa.miR.101.3p, 1_hsa.miR.1248, 1_hsa.miR.130b.5p, 1_hsa.miR.139.3p, 1_hsa.miR.139.5p, 1_hsa.miR.146b.5p, 1_hsa.miR.149.5p, 1_hsa.miR.23b.3p, 1_hsa.miR.24.1.5p, 1_hsa.miR.296.3p, 1_hsa.miR.30e.3p, 1_hsa.miR.335.3p, 1_hsa.miR.590.5p, 1_hsa.miR.616.5p, 1_hsa.miR.3922.3p, 1_hsa.miR.4326, 1_hsa.miR.96.5p]

STARTING CONCATENATED OPTIMIZATION
CONCATENATED
   	     	         	        	   survival SKSurv Cox model concordance index   	                 root leanness                  
   	     	         	        	-------------------------------------------------	------------------------------------------------
gen	evals	gen_feats	explored	min	avg     	max     	std                  	min     	avg     	max	std     
0  	0    	92       	92      	0.5	0.77429 	0.81572 	0.046106             	0.223607	0.390165	1  	0.131491
1  	374  	192      	197     	0.5	0.775132	0.81572 	0.0464257            	0.223607	0.389234	1  	0.132075
2  	392  	182      	222     	0.5	0.776599	0.81572 	0.0460957            	0.223607	0.387849	1  	0.130704
3  	387  	197      	234     	0.5	0.776344	0.81572 	0.0470179            	0.229416	0.391594	1  	0.130414
4  	368  	191      	236     	0.5	0.777253	0.81572 	0.0473997            	0.229416	0.391653	1  	0.130367
5  	376  	196      	237     	0.5	0.777176	0.818112	0.0486842            	0.235702	0.39467 	1  	0.130476
6  	384  	194      	237     	0.5	0.777978	0.818112	0.0488245            	0.242536	0.394425	1  	0.130619
7  	384  	191      	237     	0.5	0.77903 	0.818112	0.0483762            	0.242536	0.392992	1  	0.130114
8  	363  	191      	237     	0.5	0.77999 	0.819164	0.0485847            	0.242536	0.392028	1  	0.130039
9  	377  	196      	237     	0.5	0.780744	0.819164	0.0489414            	0.235702	0.391678	1  	0.13035 
10 	375  	189      	237     	0.5	0.782127	0.819164	0.0485009            	0.235702	0.388261	1  	0.130357
11 	372  	193      	237     	0.5	0.78271 	0.819164	0.0487492            	0.229416	0.387423	1  	0.130996
12 	349  	195      	237     	0.5	0.783979	0.82093 	0.0483168            	0.229416	0.384513	1  	0.13057 
13 	374  	196      	237     	0.5	0.784419	0.82093 	0.0485255            	0.229416	0.38417 	1  	0.130872
14 	367  	189      	237     	0.5	0.78395 	0.82183 	0.0493344            	0.229416	0.387072	1  	0.131367
15 	391  	197      	237     	0.5	0.78516 	0.82183 	0.049009             	0.223607	0.38487 	1  	0.131275
16 	379  	193      	237     	0.5	0.785833	0.825525	0.0491429            	0.223607	0.383782	1  	0.13127 
17 	371  	188      	237     	0.5	0.786346	0.827481	0.0493688            	0.223607	0.382551	1  	0.131861
18 	387  	187      	237     	0.5	0.786702	0.827481	0.0495394            	0.223607	0.384403	1  	0.130707
19 	371  	189      	237     	0.5	0.787093	0.827481	0.0497199            	0.223607	0.384274	1  	0.130825
20 	390  	194      	237     	0.5	0.787549	0.827481	0.0498749            	0.223607	0.384052	1  	0.131025
21 	384  	191      	237     	0.5	0.787981	0.827481	0.0500624            	0.223607	0.384046	1  	0.13105 
22 	369  	194      	237     	0.5	0.788403	0.827481	0.0502678            	0.223607	0.383583	1  	0.131468
23 	383  	199      	237     	0.5	0.789686	0.828528	0.0498254            	0.218218	0.37948 	1  	0.131886
24 	379  	194      	237     	0.5	0.790144	0.828528	0.0500376            	0.218218	0.379117	1  	0.132059
25 	374  	192      	237     	0.5	0.790338	0.828528	0.0501401            	0.208514	0.379494	1  	0.131837
26 	348  	190      	237     	0.5	0.791329	0.831767	0.0496063            	0.208514	0.377021	1  	0.131361
27 	367  	205      	237     	0.5	0.791794	0.831767	0.0497299            	0.208514	0.375757	1  	0.131915
28 	369  	201      	237     	0.5	0.792237	0.831802	0.0498514            	0.208514	0.373713	1  	0.132802
29 	399  	202      	237     	0.5	0.792407	0.831802	0.0499765            	0.208514	0.373842	1  	0.133067
30 	374  	211      	237     	0.5	0.792522	0.831802	0.0500543            	0.208514	0.374989	1  	0.132637
31 	376  	199      	237     	0.5	0.792696	0.831802	0.0501259            	0.208514	0.374964	1  	0.132665
32 	379  	199      	237     	0.5	0.79201 	0.831802	0.0510745            	0.208514	0.379052	1  	0.132391
33 	383  	196      	237     	0.5	0.792303	0.831802	0.0511136            	0.208514	0.379061	1  	0.132375
34 	393  	203      	237     	0.5	0.792795	0.831802	0.0513176            	0.204124	0.377435	1  	0.13319 
35 	389  	201      	237     	0.5	0.793799	0.831802	0.0506347            	0.204124	0.375261	1  	0.132396
36 	385  	207      	237     	0.5	0.794961	0.831802	0.0500871            	0.204124	0.371466	1  	0.13229 
37 	405  	210      	237     	0.5	0.795194	0.831802	0.050199             	0.204124	0.371915	1  	0.131905
38 	378  	193      	237     	0.5	0.795432	0.831802	0.0503279            	0.204124	0.371756	1  	0.132049
39 	382  	198      	237     	0.5	0.795778	0.831802	0.0504983            	0.204124	0.370749	1  	0.132717
40 	373  	197      	237     	0.5	0.796481	0.832289	0.050537             	0.204124	0.369419	1  	0.132359
41 	392  	193      	237     	0.5	0.79713 	0.832354	0.0500064            	0.204124	0.36786 	1  	0.131996
42 	382  	200      	237     	0.5	0.797187	0.832354	0.0501238            	0.204124	0.368412	1  	0.131958
43 	376  	193      	237     	0.5	0.797512	0.832354	0.0502083            	0.204124	0.367789	1  	0.132052
44 	377  	203      	237     	0.5	0.797806	0.833415	0.0503305            	0.204124	0.366749	1  	0.132582
45 	383  	200      	237     	0.5	0.798874	0.834564	0.0496716            	0.204124	0.363765	1  	0.131911
46 	391  	195      	237     	0.5	0.799054	0.834564	0.0497539            	0.204124	0.363297	1  	0.132193
47 	361  	190      	237     	0.5	0.799881	0.834564	0.0492332            	0.204124	0.361125	1  	0.131799
48 	362  	194      	237     	0.5	0.80001 	0.835729	0.0493025            	0.2     	0.361648	1  	0.131457
49 	383  	198      	237     	0.5	0.800302	0.835729	0.0493642            	0.2     	0.361139	1  	0.131417
50 	380  	191      	237     	0.5	0.800335	0.835729	0.0494324            	0.2     	0.361266	1  	0.131683
51 	377  	197      	237     	0.5	0.800366	0.835729	0.0495242            	0.2     	0.361614	1  	0.131654
52 	383  	192      	237     	0.5	0.800908	0.835729	0.0494382            	0.2     	0.359933	1  	0.131497
53 	384  	204      	237     	0.5	0.800123	0.835729	0.0502653            	0.2     	0.362807	1  	0.13235 
54 	379  	195      	237     	0.5	0.800168	0.835729	0.0503032            	0.2     	0.363589	1  	0.132006
55 	368  	188      	237     	0.5	0.801337	0.835729	0.0496509            	0.2     	0.359676	1  	0.131721
56 	373  	183      	237     	0.5	0.801558	0.835729	0.049771             	0.213201	0.359523	1  	0.13179 
57 	379  	191      	237     	0.5	0.802305	0.836843	0.0492287            	0.208514	0.357229	1  	0.131608
58 	389  	200      	237     	0.5	0.802278	0.836843	0.0500859            	0.208514	0.3568  	1  	0.1323  
59 	359  	194      	237     	0.5	0.802492	0.836843	0.049984             	0.208514	0.356309	1  	0.132415
60 	392  	185      	237     	0.5	0.802245	0.841359	0.0500995            	0.208514	0.358126	1  	0.132515
61 	381  	194      	237     	0.5	0.80241 	0.841359	0.0501871            	0.208514	0.357941	1  	0.1327  
62 	392  	194      	237     	0.5	0.802369	0.841359	0.050207             	0.208514	0.358941	1  	0.132335
63 	374  	194      	237     	0.5	0.802773	0.841359	0.0502862            	0.208514	0.357224	1  	0.132824
64 	368  	203      	237     	0.5	0.803541	0.841359	0.0495326            	0.208514	0.355571	1  	0.131602
65 	375  	190      	237     	0.5	0.803419	0.841359	0.0498051            	0.208514	0.355969	1  	0.132045
66 	365  	195      	237     	0.5	0.803838	0.841359	0.0496477            	0.208514	0.354949	1  	0.131989
67 	374  	194      	237     	0.5	0.803859	0.846368	0.0497104            	0.208514	0.355552	1  	0.131789
68 	365  	188      	237     	0.5	0.803137	0.846368	0.0505982            	0.204124	0.357566	1  	0.133099
69 	364  	193      	237     	0.5	0.804155	0.846368	0.0498293            	0.204124	0.354754	1  	0.132195
70 	367  	197      	237     	0.5	0.804245	0.846368	0.0498716            	0.204124	0.354677	1  	0.132263
71 	372  	191      	237     	0.5	0.804401	0.846368	0.0499601            	0.204124	0.354535	1  	0.132393
72 	376  	192      	237     	0.5	0.804524	0.846368	0.0500263            	0.204124	0.354332	1  	0.132564
73 	364  	188      	237     	0.5	0.804621	0.846368	0.0500826            	0.208514	0.354489	1  	0.132419
74 	375  	194      	237     	0.5	0.805916	0.846368	0.0494651            	0.208514	0.349971	1  	0.13233 
75 	367  	196      	237     	0.5	0.806082	0.846368	0.0495023            	0.208514	0.34977 	1  	0.132469
76 	359  	193      	237     	0.5	0.806267	0.846368	0.0496036            	0.208514	0.34945 	1  	0.132661
77 	379  	202      	237     	0.5	0.807453	0.846368	0.0489142            	0.208514	0.34589 	1  	0.131716
78 	369  	190      	237     	0.5	0.808289	0.846368	0.0490512            	0.196116	0.343326	1  	0.132199
79 	372  	194      	237     	0.5	0.809145	0.846368	0.0484836            	0.196116	0.341409	1  	0.131288
80 	396  	200      	237     	0.5	0.809377	0.846368	0.0486079            	0.196116	0.340911	1  	0.13163 
81 	368  	196      	237     	0.5	0.80955 	0.846368	0.0487046            	0.196116	0.341159	1  	0.131485
82 	369  	194      	237     	0.5	0.809783	0.846368	0.0488088            	0.196116	0.340325	1  	0.131904
83 	368  	191      	237     	0.5	0.809885	0.846368	0.0488794            	0.196116	0.34041 	1  	0.131915
84 	383  	205      	237     	0.5	0.80996 	0.846368	0.0489306            	0.196116	0.340776	1  	0.131818
85 	387  	204      	237     	0.5	0.810121	0.846368	0.0490166            	0.196116	0.340962	1  	0.131657
86 	370  	200      	237     	0.5	0.810266	0.847483	0.0491036            	0.196116	0.341251	1  	0.131421
87 	389  	193      	237     	0.5	0.809638	0.847483	0.0501561            	0.204124	0.343635	1  	0.132271
88 	378  	196      	237     	0.5	0.809466	0.847483	0.0504296            	0.204124	0.344552	1  	0.132562
89 	374  	201      	237     	0.5	0.81013 	0.848382	0.0503115            	0.204124	0.343142	1  	0.132583
90 	382  	194      	237     	0.5	0.809786	0.848421	0.0503694            	0.204124	0.345205	1  	0.132253
91 	386  	198      	237     	0.5	0.810057	0.848749	0.0504104            	0.204124	0.344621	1  	0.132541
92 	388  	197      	237     	0.5	0.810696	0.848749	0.0504596            	0.204124	0.3431  	1  	0.132518
93 	389  	193      	237     	0.5	0.811324	0.848749	0.0498872            	0.204124	0.342129	1  	0.131627
94 	373  	197      	237     	0.5	0.811733	0.849216	0.0499175            	0.204124	0.341224	1  	0.131482
95 	366  	199      	237     	0.5	0.811947	0.849216	0.0500368            	0.204124	0.340997	1  	0.131681
96 	385  	198      	237     	0.5	0.812152	0.849216	0.0501342            	0.204124	0.340933	1  	0.131724
97 	378  	193      	237     	0.5	0.812278	0.84974 	0.050205             	0.204124	0.341248	1  	0.131467
98 	374  	194      	237     	0.5	0.812448	0.851063	0.050298             	0.204124	0.341054	1  	0.131636
99 	391  	184      	237     	0.5	0.812559	0.85205 	0.0503793            	0.204124	0.341254	1  	0.13164 
Sweeping genetic algorithm multi-view multi-objective optimizer with resampling (MO-3-folds creator, pop 500, uniform(0, 50), gen [50,50]100, sort NSGA3CICR, crossover 0.33, mutation 1.0 symmetric flip) with (multi-view lasso FI, multi-view Cox FI) final optimization execution time = 00-06:20:10

FEATURE SETS SELECTED ON WHOLE DATASET

PARETO FRONT
Number of solutions = 17
(0.8520496691419627, 0.21320071635561044) 21 features: [0_age_at_initial_pathologic_diagnosis, 0_ajcc_pathologic_tumor_stage_Stage IV, 1_hsa.miR.10b.3p, 1_hsa.miR.144.5p, 1_hsa.miR.204.5p, 1_hsa.miR.215.5p, 1_hsa.miR.296.5p, 1_hsa.miR.34c.3p, 1_hsa.miR.3615, 1_hsa.miR.376a.3p, 1_hsa.miR.491.3p, 1_hsa.miR.550a.3p, 1_hsa.miR.6503.5p, 1_hsa.miR.656.3p, 1_hsa.miR.766.3p, 1_hsa.miR.7704, 1_hsa.miR.92b.3p, 1_hsa.miR.935, 1_hsa.miR.99b.5p, 1_hsa.miR.302b.3p, 1_hsa.miR.513c.3p]
(0.8490455860589039, 0.21821789023599236) 20 features: [0_age_at_initial_pathologic_diagnosis, 0_ajcc_pathologic_tumor_stage_Stage I, 0_ajcc_pathologic_tumor_stage_Stage IV, 1_hsa.miR.10b.3p, 1_hsa.miR.138.5p, 1_hsa.miR.144.5p, 1_hsa.miR.204.5p, 1_hsa.miR.215.5p, 1_hsa.miR.27b.3p, 1_hsa.miR.296.5p, 1_hsa.miR.34c.3p, 1_hsa.miR.3922.3p, 1_hsa.miR.491.3p, 1_hsa.miR.590.3p, 1_hsa.miR.664a.5p, 1_hsa.miR.7704, 1_hsa.miR.92b.3p, 1_hsa.miR.935, 1_hsa.miR.302b.3p, 1_hsa.miR.513c.3p]
(0.8484513239646435, 0.24253562503633297) 16 features: [0_age_at_initial_pathologic_diagnosis, 0_ajcc_pathologic_tumor_stage_Stage I, 0_ajcc_pathologic_tumor_stage_Stage IV, 1_hsa.miR.144.5p, 1_hsa.miR.153.5p, 1_hsa.miR.204.5p, 1_hsa.miR.215.5p, 1_hsa.miR.296.5p, 1_hsa.miR.34c.3p, 1_hsa.miR.590.3p, 1_hsa.miR.664a.5p, 1_hsa.miR.766.3p, 1_hsa.miR.7704, 1_hsa.miR.92b.3p, 1_hsa.miR.935, 1_hsa.miR.302b.3p]
(0.8475503657943427, 0.25) 15 features: [0_age_at_initial_pathologic_diagnosis, 0_ajcc_pathologic_tumor_stage_Stage IV, 1_hsa.miR.144.5p, 1_hsa.miR.215.5p, 1_hsa.miR.296.5p, 1_hsa.miR.34c.3p, 1_hsa.miR.3615, 1_hsa.miR.548f.3p, 1_hsa.miR.590.3p, 1_hsa.miR.6503.5p, 1_hsa.miR.766.3p, 1_hsa.miR.7704, 1_hsa.miR.92b.3p, 1_hsa.miR.935, 1_hsa.miR.302b.3p]
(0.8465045075896506, 0.2773500981126146) 12 features: [0_age_at_initial_pathologic_diagnosis, 0_ajcc_pathologic_tumor_stage_Stage IV, 1_hsa.miR.215.5p, 1_hsa.miR.296.5p, 1_hsa.miR.34c.3p, 1_hsa.miR.590.3p, 1_hsa.miR.6503.5p, 1_hsa.miR.766.3p, 1_hsa.miR.7704, 1_hsa.miR.92b.3p, 1_hsa.miR.935, 1_hsa.miR.302b.3p]
(0.8390477938416971, 0.28867513459481287) 11 features: [0_age_at_initial_pathologic_diagnosis, 0_ajcc_pathologic_tumor_stage_Stage IV, 1_hsa.miR.215.5p, 1_hsa.miR.296.5p, 1_hsa.miR.34c.3p, 1_hsa.miR.590.3p, 1_hsa.miR.6503.5p, 1_hsa.miR.766.3p, 1_hsa.miR.7704, 1_hsa.miR.92b.3p, 1_hsa.miR.935]
(0.8339817901191706, 0.30151134457776363) 10 features: [0_age_at_initial_pathologic_diagnosis, 0_ajcc_pathologic_tumor_stage_Stage IV, 1_hsa.miR.204.5p, 1_hsa.miR.215.5p, 1_hsa.miR.296.5p, 1_hsa.miR.34c.3p, 1_hsa.miR.590.3p, 1_hsa.miR.7704, 1_hsa.miR.92b.3p, 1_hsa.miR.302b.3p]
(0.8310023823972311, 0.31622776601683794) 9 features: [0_age_at_initial_pathologic_diagnosis, 0_ajcc_pathologic_tumor_stage_Stage IV, 1_hsa.miR.215.5p, 1_hsa.miR.296.5p, 1_hsa.miR.34c.3p, 1_hsa.miR.590.3p, 1_hsa.miR.92b.3p, 1_hsa.miR.935, 1_hsa.miR.302b.3p]
(0.8256706730485271, 0.3333333333333333) 8 features: [0_age_at_initial_pathologic_diagnosis, 0_ajcc_pathologic_tumor_stage_Stage IV, 1_hsa.miR.215.5p, 1_hsa.miR.296.5p, 1_hsa.miR.34c.3p, 1_hsa.miR.6503.5p, 1_hsa.miR.302b.3p, 1_hsa.miR.513c.3p]
(0.821631951039878, 0.3535533905932738) 7 features: [0_age_at_initial_pathologic_diagnosis, 0_ajcc_pathologic_tumor_stage_Stage IV, 1_hsa.miR.215.5p, 1_hsa.miR.296.5p, 1_hsa.miR.34c.3p, 1_hsa.miR.590.3p, 1_hsa.miR.935]
(0.8154155299728124, 0.3779644730092272) 6 features: [0_age_at_initial_pathologic_diagnosis, 0_ajcc_pathologic_tumor_stage_Stage IV, 1_hsa.miR.215.5p, 1_hsa.miR.296.5p, 1_hsa.miR.34c.3p, 1_hsa.miR.6503.5p]
(0.8072666749515934, 0.408248290463863) 5 features: [0_age_at_initial_pathologic_diagnosis, 0_ajcc_pathologic_tumor_stage_Stage IV, 1_hsa.miR.215.5p, 1_hsa.miR.296.5p, 1_hsa.miR.34c.3p]
(0.8002442637638204, 0.4472135954999579) 4 features: [0_age_at_initial_pathologic_diagnosis, 0_ajcc_pathologic_tumor_stage_Stage IV, 1_hsa.miR.215.5p, 1_hsa.miR.296.5p]
(0.7802729105295537, 0.5) [0_age_at_initial_pathologic_diagnosis, 0_ajcc_pathologic_tumor_stage_Stage IV, 1_hsa.miR.34c.5p]
(0.7565244693225508, 0.5773502691896257) [0_age_at_initial_pathologic_diagnosis, 0_ajcc_pathologic_tumor_stage_Stage IV]
(0.6753015851714627, 0.7071067811865476) [1_hsa.miR.130b.3p]
(0.5, 1.0) []
Features in hall of fame by prevalence:
31 features: [0_age_at_initial_pathologic_diagnosis, 0_ajcc_pathologic_tumor_stage_Stage IV, 1_hsa.miR.215.5p, 1_hsa.miR.296.5p, 1_hsa.miR.34c.3p, 1_hsa.miR.590.3p, 1_hsa.miR.92b.3p, 1_hsa.miR.935, 1_hsa.miR.302b.3p, 1_hsa.miR.7704, 1_hsa.miR.6503.5p, 1_hsa.miR.766.3p, 1_hsa.miR.144.5p, 1_hsa.miR.204.5p, 1_hsa.miR.513c.3p, 0_ajcc_pathologic_tumor_stage_Stage I, 1_hsa.miR.10b.3p, 1_hsa.miR.3615, 1_hsa.miR.491.3p, 1_hsa.miR.664a.5p, 1_hsa.miR.130b.3p, 1_hsa.miR.138.5p, 1_hsa.miR.153.5p, 1_hsa.miR.27b.3p, 1_hsa.miR.34c.5p, 1_hsa.miR.376a.3p, 1_hsa.miR.3922.3p, 1_hsa.miR.548f.3p, 1_hsa.miR.550a.3p, 1_hsa.miR.656.3p, 1_hsa.miR.99b.5p]

LAST POPULATION
Number of solutions = 500
Features in hall of fame by prevalence:
139 features: [0_ajcc_pathologic_tumor_stage_Stage IV, 0_age_at_initial_pathologic_diagnosis, 1_hsa.miR.296.5p, 1_hsa.miR.215.5p, 1_hsa.miR.34c.3p, 1_hsa.miR.302b.3p, 1_hsa.miR.590.3p, 1_hsa.miR.92b.3p, 1_hsa.miR.7704, 1_hsa.miR.935, 1_hsa.miR.204.5p, 1_hsa.miR.10b.3p, 1_hsa.miR.513c.3p, 1_hsa.miR.6503.5p, 1_hsa.miR.664a.5p, 0_ajcc_pathologic_tumor_stage_Stage I, 1_hsa.miR.144.5p, 1_hsa.miR.766.3p, 1_hsa.miR.491.3p, 1_hsa.miR.486.5p, 1_hsa.miR.101.5p, 1_hsa.miR.130b.3p, 1_hsa.miR.27b.3p, 1_hsa.miR.3615, 1_hsa.miR.138.5p, 1_hsa.miR.379.3p, 1_hsa.miR.3922.3p, 1_hsa.miR.34b.5p, 1_hsa.miR.192.3p, 1_hsa.miR.676.3p, 1_hsa.miR.99b.5p, 1_hsa.miR.1269a, 1_hsa.miR.30c.1.3p, 1_hsa.miR.365b.3p, 1_hsa.miR.301b, 1_hsa.miR.342.3p, 1_hsa.miR.182.5p, 1_hsa.miR.3648, 1_hsa.miR.548f.3p, 1_hsa.miR.1291, 1_hsa.miR.30a.3p, 1_hsa.miR.485.3p, 1_hsa.miR.153.5p, 1_hsa.miR.21.5p, 1_hsa.miR.1293, 1_hsa.miR.221.3p, 1_hsa.miR.34c.5p, 1_hsa.miR.3607.3p, 1_hsa.miR.656.3p, 1_hsa.miR.1254, 1_hsa.miR.181b.3p, 1_hsa.miR.193b.5p, 1_hsa.miR.550a.3p, 1_hsa.miR.106b.5p, 1_hsa.miR.126.3p, 1_hsa.miR.194.3p, 1_hsa.miR.194.5p, 1_hsa.miR.31.5p, 1_hsa.miR.10a.5p, 1_hsa.miR.15b.5p, 1_hsa.miR.190a.5p, 1_hsa.miR.192.5p, 1_hsa.miR.296.3p, 1_hsa.miR.34b.3p, 1_hsa.miR.3651, 1_hsa.miR.365a.3p, 1_hsa.miR.7.5p, 1_hsa.miR.1251.3p, 1_hsa.miR.516a.5p, 1_hsa.let.7b.3p, 1_hsa.miR.130b.5p, 1_hsa.miR.132.5p, 1_hsa.miR.138.1.3p, 1_hsa.miR.139.3p, 1_hsa.miR.146b.5p, 1_hsa.miR.193b.3p, 1_hsa.miR.199b.5p, 1_hsa.miR.222.3p, 1_hsa.miR.30e.3p, 1_hsa.miR.4326, 1_hsa.miR.4449, 1_hsa.miR.616.3p, 1_hsa.miR.625.5p, 1_hsa.miR.942.5p, 1_hsa.miR.10b.5p, 1_hsa.miR.1251.5p, 1_hsa.miR.145.3p, 1_hsa.miR.151b, 1_hsa.miR.18a.5p, 1_hsa.miR.21.3p, 1_hsa.miR.214.3p, 1_hsa.miR.223.3p, 1_hsa.miR.224.5p, 1_hsa.miR.24.1.5p, 1_hsa.miR.376a.3p, 1_hsa.miR.590.5p, 1_hsa.miR.616.5p, 1_hsa.miR.7702, 1_hsa.miR.9.3p, 1_hsa.miR.519a.3p, 1_hsa.miR.101.3p, 1_hsa.miR.1228.3p, 1_hsa.miR.1248, 1_hsa.miR.130a.5p, 1_hsa.miR.135b.5p, 1_hsa.miR.143.5p, 1_hsa.miR.1468.5p, 1_hsa.miR.149.5p, 1_hsa.miR.181a.2.3p, 1_hsa.miR.191.5p, 1_hsa.miR.22.5p, 1_hsa.miR.2355.5p, 1_hsa.miR.23b.3p, 1_hsa.miR.27b.5p, 1_hsa.miR.30c.2.3p, 1_hsa.miR.335.5p, 1_hsa.miR.342.5p, 1_hsa.miR.369.3p, 1_hsa.miR.376c.3p, 1_hsa.miR.377.3p, 1_hsa.miR.425.3p, 1_hsa.miR.425.5p, 1_hsa.miR.485.5p, 1_hsa.miR.487a.3p, 1_hsa.miR.539.3p, 1_hsa.miR.539.5p, 1_hsa.miR.576.5p, 1_hsa.miR.589.3p, 1_hsa.miR.625.3p, 1_hsa.miR.627.5p, 1_hsa.miR.671.5p, 1_hsa.miR.6718.5p, 1_hsa.miR.6892.5p, 1_hsa.miR.885.5p, 1_hsa.miR.92a.3p, 1_hsa.miR.9.5p, 1_hsa.miR.518c.3p, 1_hsa.miR.519a.5p, 1_hsa.miR.520a.3p]

BEST SUMS WITH SIZE 50
Number of solutions = 50
Features in hall of fame by prevalence:
41 features: [0_ajcc_pathologic_tumor_stage_Stage IV, 0_age_at_initial_pathologic_diagnosis, 1_hsa.miR.130b.3p, 1_hsa.miR.194.3p, 1_hsa.miR.21.5p, 1_hsa.miR.296.5p, 1_hsa.miR.34c.5p, 1_hsa.miR.590.3p, 1_hsa.miR.92b.3p, 0_ajcc_pathologic_tumor_stage_Stage I, 1_hsa.miR.101.3p, 1_hsa.miR.10b.3p, 1_hsa.miR.10b.5p, 1_hsa.miR.1248, 1_hsa.miR.130b.5p, 1_hsa.miR.139.3p, 1_hsa.miR.139.5p, 1_hsa.miR.144.5p, 1_hsa.miR.146b.5p, 1_hsa.miR.149.5p, 1_hsa.miR.18a.5p, 1_hsa.miR.192.5p, 1_hsa.miR.194.5p, 1_hsa.miR.21.3p, 1_hsa.miR.215.5p, 1_hsa.miR.221.3p, 1_hsa.miR.222.3p, 1_hsa.miR.223.3p, 1_hsa.miR.22.5p, 1_hsa.miR.23b.3p, 1_hsa.miR.296.3p, 1_hsa.miR.301b, 1_hsa.miR.30e.3p, 1_hsa.miR.335.3p, 1_hsa.miR.34c.3p, 1_hsa.miR.3922.3p, 1_hsa.miR.425.3p, 1_hsa.miR.425.5p, 1_hsa.miR.4326, 1_hsa.miR.671.5p, 1_hsa.miR.7702]

BEST SUMS WITH SIZE 100
Number of solutions = 100
Features in hall of fame by prevalence:
71 features: [0_ajcc_pathologic_tumor_stage_Stage IV, 0_ajcc_pathologic_tumor_stage_Stage I, 1_hsa.miR.130b.3p, 1_hsa.miR.296.5p, 1_hsa.miR.34c.5p, 0_age_at_initial_pathologic_diagnosis, 1_hsa.miR.10b.3p, 1_hsa.miR.1248, 1_hsa.miR.139.3p, 1_hsa.miR.146b.5p, 1_hsa.miR.18a.5p, 1_hsa.miR.192.5p, 1_hsa.miR.194.3p, 1_hsa.miR.194.5p, 1_hsa.miR.21.3p, 1_hsa.miR.21.5p, 1_hsa.miR.221.3p, 1_hsa.miR.222.3p, 1_hsa.miR.223.3p, 1_hsa.miR.301b, 1_hsa.miR.335.5p, 1_hsa.miR.34c.3p, 1_hsa.miR.590.3p, 1_hsa.miR.590.5p, 1_hsa.miR.616.5p, 1_hsa.miR.6718.5p, 1_hsa.miR.92b.3p, 1_hsa.let.7i.5p, 1_hsa.miR.101.3p, 1_hsa.miR.106b.5p, 1_hsa.miR.10b.5p, 1_hsa.miR.1228.3p, 1_hsa.miR.126.3p, 1_hsa.miR.1269a, 1_hsa.miR.130a.3p, 1_hsa.miR.130b.5p, 1_hsa.miR.132.5p, 1_hsa.miR.135b.5p, 1_hsa.miR.139.5p, 1_hsa.miR.144.5p, 1_hsa.miR.146b.3p, 1_hsa.miR.149.5p, 1_hsa.miR.151b, 1_hsa.miR.191.5p, 1_hsa.miR.192.3p, 1_hsa.miR.193b.3p, 1_hsa.miR.204.5p, 1_hsa.miR.215.5p, 1_hsa.miR.22.5p, 1_hsa.miR.23b.3p, 1_hsa.miR.24.1.5p, 1_hsa.miR.27b.5p, 1_hsa.miR.296.3p, 1_hsa.miR.29a.5p, 1_hsa.miR.30e.3p, 1_hsa.miR.335.3p, 1_hsa.miR.3615, 1_hsa.miR.3651, 1_hsa.miR.3922.3p, 1_hsa.miR.425.3p, 1_hsa.miR.425.5p, 1_hsa.miR.4326, 1_hsa.miR.4677.3p, 1_hsa.miR.486.5p, 1_hsa.miR.502.3p, 1_hsa.miR.576.5p, 1_hsa.miR.627.5p, 1_hsa.miR.671.5p, 1_hsa.miR.7702, 1_hsa.miR.7704, 1_hsa.miR.96.5p]

SAVING FEATURES AND FITNESSES FOR EACH SELECTED INDIVIDUAL TO FILES.
