
OPTIMIZING ON FOLD NUMBER 1
Number of workers = 80

COMPUTING LOCAL ACTIVE FEATURES
Computing active features for view clinic
Existing features: 12
Applying union strategy for feature selection using composite feature selector with
categorical: feature selector any na and anova
survival: feature selector Cox

Computing active features for outcome survival
Features selected for this outcome: 3
Features active in total: 3
Computing active features for view log_mirna
Existing features: 732
Applying union strategy for feature selection using composite feature selector with
categorical: feature selector any na and anova
survival: feature selector Cox

Computing active features for outcome survival
Features selected for this outcome: 179
Features active in total: 179
Computing feature importance
Running optimizer

STARTING 2-STEPS GENETIC ALGORITHM

CREATING INNER FOLDS

ASSIGNING STRATA FOR MULTI-OUTCOME DATA KIRC_MV
Assigning strata for outcome named survival of type survival
Counts:
censored 0: 55
censored 1: 124
deceased 0: 35
deceased 1: 35

STARTING SWEEP NUMBER 1
folds_creator_seed = 4107908117

ASSIGNING STRATA FOR MULTI-OUTCOME DATA KIRC_MV
Assigning strata for outcome named survival of type survival
Counts:
censored 0: 55
censored 1: 124
deceased 0: 35
deceased 1: 35
ga_runner_seed = 3091794638
VIEW: CLINIC
   	     	         	        	   survival SKSurv Cox model concordance index   	             root leanness              
   	     	         	        	-------------------------------------------------	----------------------------------------
gen	evals	gen_feats	explored	min	avg     	max     	std                  	min	avg     	max	std     
0  	500  	3        	3       	0.5	0.666536	0.770948	0.107679             	0.5	0.690749	1  	0.192005
1  	298  	3        	3       	0.5	0.675174	0.770948	0.0834522            	0.5	0.669387	1  	0.145216
2  	330  	3        	3       	0.5	0.675174	0.770948	0.0834522            	0.5	0.669387	1  	0.145216
3  	343  	3        	3       	0.5	0.675174	0.770948	0.0834522            	0.5	0.669387	1  	0.145216
4  	334  	3        	3       	0.5	0.675174	0.770948	0.0834522            	0.5	0.669387	1  	0.145216
5  	349  	3        	3       	0.5	0.675174	0.770948	0.0834522            	0.5	0.669387	1  	0.145216
6  	336  	3        	3       	0.5	0.675174	0.770948	0.0834522            	0.5	0.669387	1  	0.145216
7  	342  	3        	3       	0.5	0.675174	0.770948	0.0834522            	0.5	0.669387	1  	0.145216
8  	323  	3        	3       	0.5	0.675174	0.770948	0.0834522            	0.5	0.669387	1  	0.145216
9  	335  	3        	3       	0.5	0.675174	0.770948	0.0834522            	0.5	0.669387	1  	0.145216
10 	360  	3        	3       	0.5	0.675174	0.770948	0.0834522            	0.5	0.669387	1  	0.145216
11 	329  	3        	3       	0.5	0.675174	0.770948	0.0834522            	0.5	0.669387	1  	0.145216
12 	330  	3        	3       	0.5	0.675174	0.770948	0.0834522            	0.5	0.669387	1  	0.145216
13 	350  	3        	3       	0.5	0.675174	0.770948	0.0834522            	0.5	0.669387	1  	0.145216
14 	348  	3        	3       	0.5	0.675174	0.770948	0.0834522            	0.5	0.669387	1  	0.145216
15 	358  	3        	3       	0.5	0.675174	0.770948	0.0834522            	0.5	0.669387	1  	0.145216
16 	341  	3        	3       	0.5	0.675174	0.770948	0.0834522            	0.5	0.669387	1  	0.145216
17 	340  	3        	3       	0.5	0.675174	0.770948	0.0834522            	0.5	0.669387	1  	0.145216
18 	355  	3        	3       	0.5	0.675174	0.770948	0.0834522            	0.5	0.669387	1  	0.145216
19 	350  	3        	3       	0.5	0.675174	0.770948	0.0834522            	0.5	0.669387	1  	0.145216
20 	317  	3        	3       	0.5	0.675174	0.770948	0.0834522            	0.5	0.669387	1  	0.145216
21 	344  	3        	3       	0.5	0.675174	0.770948	0.0834522            	0.5	0.669387	1  	0.145216
22 	335  	3        	3       	0.5	0.675174	0.770948	0.0834522            	0.5	0.669387	1  	0.145216
23 	342  	3        	3       	0.5	0.675174	0.770948	0.0834522            	0.5	0.669387	1  	0.145216
24 	345  	3        	3       	0.5	0.675174	0.770948	0.0834522            	0.5	0.669387	1  	0.145216
25 	333  	3        	3       	0.5	0.675174	0.770948	0.0834522            	0.5	0.669387	1  	0.145216
26 	340  	3        	3       	0.5	0.675174	0.770948	0.0834522            	0.5	0.669387	1  	0.145216
27 	329  	3        	3       	0.5	0.675174	0.770948	0.0834522            	0.5	0.669387	1  	0.145216
28 	333  	3        	3       	0.5	0.675174	0.770948	0.0834522            	0.5	0.669387	1  	0.145216
29 	338  	3        	3       	0.5	0.675174	0.770948	0.0834522            	0.5	0.669387	1  	0.145216
30 	342  	3        	3       	0.5	0.675174	0.770948	0.0834522            	0.5	0.669387	1  	0.145216
31 	311  	3        	3       	0.5	0.675174	0.770948	0.0834522            	0.5	0.669387	1  	0.145216
32 	324  	3        	3       	0.5	0.675174	0.770948	0.0834522            	0.5	0.669387	1  	0.145216
33 	352  	3        	3       	0.5	0.675174	0.770948	0.0834522            	0.5	0.669387	1  	0.145216
34 	365  	3        	3       	0.5	0.675174	0.770948	0.0834522            	0.5	0.669387	1  	0.145216
35 	338  	3        	3       	0.5	0.675174	0.770948	0.0834522            	0.5	0.669387	1  	0.145216
36 	324  	3        	3       	0.5	0.675174	0.770948	0.0834522            	0.5	0.669387	1  	0.145216
37 	337  	3        	3       	0.5	0.675174	0.770948	0.0834522            	0.5	0.669387	1  	0.145216
38 	339  	3        	3       	0.5	0.675174	0.770948	0.0834522            	0.5	0.669387	1  	0.145216
39 	346  	3        	3       	0.5	0.675174	0.770948	0.0834522            	0.5	0.669387	1  	0.145216
40 	345  	3        	3       	0.5	0.675174	0.770948	0.0834522            	0.5	0.669387	1  	0.145216
41 	340  	3        	3       	0.5	0.675174	0.770948	0.0834522            	0.5	0.669387	1  	0.145216
42 	351  	3        	3       	0.5	0.675174	0.770948	0.0834522            	0.5	0.669387	1  	0.145216
43 	352  	3        	3       	0.5	0.675174	0.770948	0.0834522            	0.5	0.669387	1  	0.145216
44 	326  	3        	3       	0.5	0.675174	0.770948	0.0834522            	0.5	0.669387	1  	0.145216
45 	340  	3        	3       	0.5	0.675174	0.770948	0.0834522            	0.5	0.669387	1  	0.145216
46 	342  	3        	3       	0.5	0.675174	0.770948	0.0834522            	0.5	0.669387	1  	0.145216
47 	343  	3        	3       	0.5	0.675174	0.770948	0.0834522            	0.5	0.669387	1  	0.145216
48 	335  	3        	3       	0.5	0.675174	0.770948	0.0834522            	0.5	0.669387	1  	0.145216
49 	337  	3        	3       	0.5	0.675174	0.770948	0.0834522            	0.5	0.669387	1  	0.145216

ASSIGNING STRATA FOR MULTI-OUTCOME DATA KIRC_MV
Assigning strata for outcome named survival of type survival
Counts:
censored 0: 55
censored 1: 124
deceased 0: 35
deceased 1: 35
VIEW: LOG_MIRNA
   	     	         	        	   survival SKSurv Cox model concordance index   	                 root leanness                  
   	     	         	        	-------------------------------------------------	------------------------------------------------
gen	evals	gen_feats	explored	min	avg     	max     	std                  	min     	avg     	max	std     
0  	500  	11       	11      	0.5	0.736189	0.758688	0.0413442            	0.288675	0.339117	1  	0.136845
1  	335  	136      	136     	0.5	0.722241	0.769904	0.058074             	0.258199	0.381567	1  	0.167649
2  	355  	166      	171     	0.5	0.727339	0.769904	0.0432604            	0.25    	0.373794	1  	0.109809
3  	371  	169      	177     	0.5	0.729106	0.777188	0.0433738            	0.25    	0.389892	1  	0.114042
4  	374  	166      	178     	0.5	0.729839	0.777188	0.0458467            	0.25    	0.398956	1  	0.119578
5  	367  	158      	179     	0.5	0.730077	0.777188	0.0467492            	0.242536	0.40435 	1  	0.124682
6  	378  	164      	179     	0.5	0.730468	0.777188	0.0481441            	0.25    	0.408764	1  	0.127637
7  	364  	167      	179     	0.5	0.731315	0.777188	0.0484859            	0.242536	0.410899	1  	0.12975 
8  	358  	155      	179     	0.5	0.733344	0.777861	0.0476702            	0.235702	0.409133	1  	0.130243
9  	377  	158      	179     	0.5	0.735482	0.777861	0.0459448            	0.235702	0.407732	1  	0.130071
10 	378  	160      	179     	0.5	0.737692	0.784273	0.0447304            	0.235702	0.404884	1  	0.12999 
11 	375  	162      	179     	0.5	0.738706	0.784273	0.0446904            	0.242536	0.405494	1  	0.129397
12 	360  	159      	179     	0.5	0.73913 	0.788456	0.0456312            	0.242536	0.40661 	1  	0.130473
13 	368  	164      	179     	0.5	0.740826	0.788714	0.0446317            	0.242536	0.404517	1  	0.13026 
14 	383  	165      	179     	0.5	0.742458	0.791953	0.044456             	0.242536	0.401949	1  	0.129814
15 	379  	161      	179     	0.5	0.74351 	0.791953	0.0444915            	0.242536	0.402013	1  	0.129802
16 	369  	160      	179     	0.5	0.745516	0.791953	0.0436688            	0.242536	0.398679	1  	0.129972
17 	377  	159      	179     	0.5	0.747314	0.794842	0.0432409            	0.242536	0.395366	1  	0.130024
18 	390  	164      	179     	0.5	0.748795	0.801247	0.0434786            	0.242536	0.395352	1  	0.130041
19 	375  	160      	179     	0.5	0.750383	0.801247	0.0432799            	0.242536	0.392046	1  	0.130023
20 	381  	162      	179     	0.5	0.751565	0.807031	0.0431839            	0.235702	0.39203 	1  	0.130039
21 	381  	162      	179     	0.5	0.752294	0.807031	0.0432918            	0.235702	0.391766	1  	0.130248
22 	371  	166      	179     	0.5	0.754164	0.813796	0.0433126            	0.235702	0.387991	1  	0.130473
23 	371  	161      	179     	0.5	0.755527	0.813796	0.0438926            	0.218218	0.38618 	1  	0.130992
24 	389  	162      	179     	0.5	0.756864	0.813796	0.0437306            	0.218218	0.384066	1  	0.130958
25 	390  	160      	179     	0.5	0.757664	0.813879	0.0442037            	0.218218	0.383501	1  	0.131401
26 	382  	159      	179     	0.5	0.759739	0.81973 	0.0444416            	0.218218	0.380144	1  	0.131306
27 	398  	162      	179     	0.5	0.761676	0.81973 	0.0440374            	0.218218	0.376196	1  	0.131416
28 	375  	160      	179     	0.5	0.763597	0.823818	0.0440499            	0.218218	0.372771	1  	0.131067
29 	389  	160      	179     	0.5	0.764597	0.829063	0.0443026            	0.218218	0.371517	1  	0.131565
30 	385  	164      	179     	0.5	0.76637 	0.829063	0.0441697            	0.208514	0.367765	1  	0.131395
31 	384  	168      	179     	0.5	0.767072	0.829063	0.0444434            	0.208514	0.367317	1  	0.131327
32 	377  	157      	179     	0.5	0.768372	0.829063	0.0444675            	0.208514	0.366069	1  	0.130908
33 	385  	158      	179     	0.5	0.769134	0.830506	0.0458124            	0.223607	0.366437	1  	0.131886
34 	369  	167      	179     	0.5	0.769617	0.830506	0.0462051            	0.218218	0.367251	1  	0.13172 
35 	382  	159      	179     	0.5	0.770404	0.830506	0.0466779            	0.218218	0.367254	1  	0.131858
36 	392  	158      	179     	0.5	0.771275	0.830506	0.0470885            	0.223607	0.366856	1  	0.131752
37 	367  	162      	179     	0.5	0.772587	0.830506	0.047046             	0.213201	0.365433	1  	0.130787
38 	380  	159      	179     	0.5	0.773455	0.830506	0.0473174            	0.223607	0.36448 	1  	0.130959
39 	386  	163      	179     	0.5	0.774362	0.830506	0.0475863            	0.208514	0.363252	1  	0.131069
40 	379  	154      	179     	0.5	0.774676	0.830506	0.0480034            	0.208514	0.363784	1  	0.131493
41 	367  	154      	179     	0.5	0.77524 	0.830506	0.0481996            	0.208514	0.363502	1  	0.131512
42 	371  	163      	179     	0.5	0.775424	0.830506	0.0484258            	0.208514	0.364612	1  	0.131119
43 	381  	155      	179     	0.5	0.776074	0.830506	0.0486976            	0.213201	0.364259	1  	0.131265
44 	355  	148      	179     	0.5	0.776609	0.830506	0.0489037            	0.213201	0.363867	1  	0.131438
45 	364  	155      	179     	0.5	0.777027	0.835   	0.0491472            	0.213201	0.364231	1  	0.131406
46 	368  	159      	179     	0.5	0.777272	0.835   	0.0492566            	0.213201	0.36462 	1  	0.131109
47 	371  	154      	179     	0.5	0.77724 	0.835   	0.05024              	0.213201	0.365964	1  	0.131987
48 	385  	159      	179     	0.5	0.778492	0.835   	0.0499422            	0.213201	0.363952	1  	0.131477
49 	384  	159      	179     	0.5	0.779596	0.839209	0.0502327            	0.213201	0.361825	1  	0.131715

STARTING MASTER RUNNER RESAMPLING
Generations completed = 7
Generations completed = 16
Generations completed = 25
Generations completed = 34
Generations completed = 43
MASTER
   	     	         	        	   survival SKSurv Cox model concordance index   	                  root leanness                  
   	     	         	        	-------------------------------------------------	-------------------------------------------------
gen	evals	gen_feats	explored	min	avg     	max     	std                  	min     	avg     	max	std      
0  	500  	101      	101     	0.5	0.755267	0.808405	0.0404782            	0.2     	0.322412	1  	0.0991532
1  	393  	89       	107     	0.5	0.768505	0.819903	0.0304527            	0.218218	0.355891	1  	0.100249 
2  	402  	92       	112     	0.5	0.771409	0.819903	0.032321             	0.218218	0.365036	1  	0.105432 
3  	416  	94       	116     	0.5	0.773096	0.819903	0.0336599            	0.218218	0.370889	1  	0.110517 
4  	434  	97       	118     	0.5	0.775225	0.823587	0.0337174            	0.213201	0.371805	1  	0.114975 
5  	409  	93       	118     	0.5	0.77527 	0.823587	0.0355875            	0.218218	0.378067	1  	0.117038 
6  	422  	95       	120     	0.5	0.775635	0.823587	0.0369533            	0.208514	0.380381	1  	0.119385 
7  	393  	93       	120     	0.5	0.775917	0.823587	0.0379045            	0.208514	0.382606	1  	0.120735 
8  	408  	96       	120     	0.5	0.77584 	0.823587	0.0387781            	0.208514	0.385923	1  	0.121402 
9  	409  	93       	120     	0.5	0.775878	0.823587	0.0393741            	0.208514	0.387098	1  	0.121911 
10 	400  	96       	120     	0.5	0.77602 	0.823587	0.0397652            	0.208514	0.38818 	1  	0.122441 
11 	388  	87       	120     	0.5	0.775961	0.823587	0.0401224            	0.208514	0.389333	1  	0.122851 
12 	382  	92       	120     	0.5	0.776074	0.823587	0.0401933            	0.208514	0.389922	1  	0.1227   
13 	396  	95       	120     	0.5	0.776082	0.823587	0.0402134            	0.208514	0.391145	1  	0.122549 
14 	420  	102      	120     	0.5	0.77615 	0.823587	0.0407977            	0.208514	0.390594	1  	0.123171 
15 	401  	92       	120     	0.5	0.776197	0.823587	0.0407517            	0.208514	0.391128	1  	0.12306  
16 	418  	89       	120     	0.5	0.775918	0.823587	0.0408342            	0.223607	0.392913	1  	0.122596 
17 	393  	95       	120     	0.5	0.776006	0.823587	0.0407806            	0.223607	0.39308 	1  	0.122475 
18 	402  	93       	120     	0.5	0.775815	0.823587	0.0408222            	0.223607	0.394184	1  	0.122563 
19 	411  	97       	120     	0.5	0.776015	0.823587	0.0407535            	0.223607	0.393584	1  	0.122399 
20 	413  	96       	120     	0.5	0.775747	0.823587	0.0414394            	0.223607	0.394016	1  	0.123087 
21 	416  	100      	120     	0.5	0.775772	0.823587	0.0414535            	0.223607	0.393834	1  	0.123277 
22 	401  	100      	120     	0.5	0.7758  	0.823587	0.0414532            	0.223607	0.393834	1  	0.123277 
23 	404  	95       	120     	0.5	0.775842	0.823587	0.041443             	0.223607	0.393804	1  	0.123297 
24 	395  	93       	120     	0.5	0.775481	0.823587	0.0419918            	0.223607	0.39467 	1  	0.123978 
25 	401  	95       	120     	0.5	0.775498	0.823587	0.0419982            	0.223607	0.394593	1  	0.12404  
26 	410  	101      	120     	0.5	0.775522	0.823587	0.0420074            	0.223607	0.394615	1  	0.124019 
27 	402  	95       	120     	0.5	0.775243	0.823587	0.0424054            	0.223607	0.395452	1  	0.124711 
28 	418  	92       	120     	0.5	0.775303	0.823587	0.0423436            	0.223607	0.395452	1  	0.124711 
29 	395  	96       	120     	0.5	0.775073	0.823587	0.0427784            	0.223607	0.395981	1  	0.125561 
30 	398  	98       	120     	0.5	0.775165	0.823587	0.0427922            	0.223607	0.395515	1  	0.125606 
31 	407  	88       	120     	0.5	0.775107	0.823587	0.0427972            	0.223607	0.395849	1  	0.125662 
32 	413  	94       	120     	0.5	0.775197	0.823587	0.0427687            	0.223607	0.395549	1  	0.125811 
33 	389  	99       	120     	0.5	0.775226	0.823587	0.0427613            	0.223607	0.395365	1  	0.125725 
34 	410  	97       	120     	0.5	0.775199	0.823587	0.0427695            	0.223607	0.395471	1  	0.125791 
35 	401  	96       	120     	0.5	0.77521 	0.823587	0.0427671            	0.223607	0.39541 	1  	0.125792 
36 	411  	95       	120     	0.5	0.775221	0.823587	0.0427715            	0.223607	0.395549	1  	0.125811 
37 	400  	96       	120     	0.5	0.775225	0.823587	0.0427708            	0.223607	0.395549	1  	0.125811 
38 	414  	103      	120     	0.5	0.77492 	0.823587	0.0433511            	0.223607	0.396068	1  	0.126558 
39 	411  	91       	120     	0.5	0.775023	0.823587	0.0432741            	0.223607	0.395808	1  	0.126318 
40 	392  	94       	120     	0.5	0.774915	0.823587	0.0433576            	0.223607	0.396068	1  	0.126558 
41 	390  	86       	120     	0.5	0.774918	0.823587	0.0433534            	0.223607	0.396068	1  	0.126558 
42 	406  	101      	120     	0.5	0.774918	0.823587	0.0433534            	0.223607	0.396068	1  	0.126558 
43 	411  	94       	120     	0.5	0.774919	0.823587	0.0433523            	0.223607	0.396068	1  	0.126558 
44 	407  	100      	120     	0.5	0.774919	0.823587	0.0433523            	0.223607	0.396068	1  	0.126558 
45 	415  	94       	120     	0.5	0.77492 	0.823587	0.0433511            	0.223607	0.396068	1  	0.126558 
46 	420  	95       	120     	0.5	0.775094	0.823587	0.0432917            	0.223607	0.395491	1  	0.126388 
47 	407  	101      	120     	0.5	0.775115	0.823587	0.043286             	0.223607	0.395385	1  	0.126323 
48 	413  	104      	120     	0.5	0.775094	0.823587	0.0432917            	0.223607	0.395491	1  	0.126388 
49 	398  	92       	120     	0.5	0.775011	0.823587	0.0433649            	0.223607	0.395646	1  	0.126563 

CURRENT HALLS OF FAME

PARETO FRONT
Number of solutions = 13
(0.8235867672399407, 0.2672612419124244) 13 features: [0_age_at_initial_pathologic_diagnosis, 0_ajcc_pathologic_tumor_stage_Stage IV, 1_hsa.miR.1179, 1_hsa.miR.18a.5p, 1_hsa.miR.194.3p, 1_hsa.miR.202.5p, 1_hsa.miR.24.1.5p, 1_hsa.miR.296.5p, 1_hsa.miR.3065.5p, 1_hsa.miR.30b.5p, 1_hsa.miR.425.5p, 1_hsa.miR.676.3p, 1_hsa.miR.516a.5p]
(0.8132504198832988, 0.2773500981126146) 12 features: [0_age_at_initial_pathologic_diagnosis, 0_ajcc_pathologic_tumor_stage_Stage IV, 1_hsa.miR.1179, 1_hsa.miR.18a.5p, 1_hsa.miR.194.3p, 1_hsa.miR.24.1.5p, 1_hsa.miR.296.5p, 1_hsa.miR.3065.5p, 1_hsa.miR.425.5p, 1_hsa.miR.676.3p, 1_hsa.miR.516a.5p, 1_hsa.miR.520a.3p]
(0.8127342078938266, 0.28867513459481287) 11 features: [0_age_at_initial_pathologic_diagnosis, 0_ajcc_pathologic_tumor_stage_Stage I, 0_ajcc_pathologic_tumor_stage_Stage IV, 1_hsa.miR.1179, 1_hsa.miR.1248, 1_hsa.miR.18a.5p, 1_hsa.miR.192.3p, 1_hsa.miR.296.5p, 1_hsa.miR.3065.5p, 1_hsa.miR.676.3p, 1_hsa.miR.516a.5p]
(0.8126042503136938, 0.31622776601683794) 9 features: [0_age_at_initial_pathologic_diagnosis, 0_ajcc_pathologic_tumor_stage_Stage I, 0_ajcc_pathologic_tumor_stage_Stage IV, 1_hsa.miR.1179, 1_hsa.miR.18a.5p, 1_hsa.miR.194.3p, 1_hsa.miR.296.5p, 1_hsa.miR.3065.5p, 1_hsa.miR.520a.3p]
(0.8087338838998667, 0.3333333333333333) 8 features: [0_age_at_initial_pathologic_diagnosis, 0_ajcc_pathologic_tumor_stage_Stage IV, 1_hsa.miR.10b.3p, 1_hsa.miR.18a.5p, 1_hsa.miR.194.3p, 1_hsa.miR.296.5p, 1_hsa.miR.3065.5p, 1_hsa.miR.516a.5p]
(0.8086233978378871, 0.3535533905932738) 7 features: [0_age_at_initial_pathologic_diagnosis, 0_ajcc_pathologic_tumor_stage_Stage IV, 1_hsa.miR.10b.3p, 1_hsa.miR.18a.5p, 1_hsa.miR.194.3p, 1_hsa.miR.296.5p, 1_hsa.miR.3065.5p]
(0.7953869065949813, 0.3779644730092272) 6 features: [0_ajcc_pathologic_tumor_stage_Stage IV, 1_hsa.miR.10b.3p, 1_hsa.miR.18a.5p, 1_hsa.miR.194.3p, 1_hsa.miR.296.5p, 1_hsa.miR.3065.5p]
(0.7931780621139821, 0.408248290463863) 5 features: [0_age_at_initial_pathologic_diagnosis, 0_ajcc_pathologic_tumor_stage_Stage IV, 1_hsa.miR.1248, 1_hsa.miR.296.5p, 1_hsa.miR.425.3p]
(0.7920978849391244, 0.4472135954999579) 4 features: [0_age_at_initial_pathologic_diagnosis, 0_ajcc_pathologic_tumor_stage_Stage IV, 1_hsa.miR.1248, 1_hsa.miR.296.5p]
(0.7767680916047266, 0.5) [0_age_at_initial_pathologic_diagnosis, 0_ajcc_pathologic_tumor_stage_Stage IV, 1_hsa.miR.296.5p]
(0.7609387799200493, 0.5773502691896257) [0_ajcc_pathologic_tumor_stage_Stage IV, 1_hsa.miR.139.3p]
(0.675481908534016, 0.7071067811865476) [1_hsa.miR.130b.3p]
(0.5, 1.0) []
Features in hall of fame by prevalence:
21 features: [0_ajcc_pathologic_tumor_stage_Stage IV, 1_hsa.miR.296.5p, 0_age_at_initial_pathologic_diagnosis, 1_hsa.miR.18a.5p, 1_hsa.miR.3065.5p, 1_hsa.miR.194.3p, 1_hsa.miR.1179, 1_hsa.miR.516a.5p, 1_hsa.miR.10b.3p, 1_hsa.miR.1248, 1_hsa.miR.676.3p, 0_ajcc_pathologic_tumor_stage_Stage I, 1_hsa.miR.24.1.5p, 1_hsa.miR.425.5p, 1_hsa.miR.520a.3p, 1_hsa.miR.130b.3p, 1_hsa.miR.139.3p, 1_hsa.miR.192.3p, 1_hsa.miR.202.5p, 1_hsa.miR.30b.5p, 1_hsa.miR.425.3p]

LAST POPULATION
Number of solutions = 500
Features in hall of fame by prevalence:
74 features: [0_ajcc_pathologic_tumor_stage_Stage IV, 1_hsa.miR.18a.5p, 0_ajcc_pathologic_tumor_stage_Stage I, 1_hsa.miR.3065.5p, 1_hsa.miR.1248, 0_age_at_initial_pathologic_diagnosis, 1_hsa.miR.296.5p, 1_hsa.miR.1179, 1_hsa.miR.194.3p, 1_hsa.miR.24.1.5p, 1_hsa.miR.516a.5p, 1_hsa.miR.676.3p, 1_hsa.miR.126.3p, 1_hsa.miR.520a.3p, 1_hsa.miR.182.5p, 1_hsa.miR.425.5p, 1_hsa.miR.27b.5p, 1_hsa.miR.10b.3p, 1_hsa.miR.616.3p, 1_hsa.miR.628.3p, 1_hsa.miR.425.3p, 1_hsa.miR.223.3p, 1_hsa.miR.659.5p, 1_hsa.miR.202.5p, 1_hsa.miR.139.5p, 1_hsa.miR.3614.5p, 1_hsa.miR.1258, 1_hsa.miR.130b.3p, 1_hsa.miR.139.3p, 1_hsa.miR.30b.5p, 1_hsa.miR.589.3p, 1_hsa.miR.145.5p, 1_hsa.miR.184, 1_hsa.miR.21.5p, 1_hsa.miR.2355.5p, 1_hsa.miR.449a, 1_hsa.miR.296.3p, 1_hsa.miR.34c.5p, 1_hsa.miR.149.5p, 1_hsa.miR.192.3p, 1_hsa.miR.193b.3p, 1_hsa.miR.34b.5p, 1_hsa.miR.3922.3p, 1_hsa.miR.590.3p, 1_hsa.miR.6715b.3p, 1_hsa.miR.7704, 1_hsa.miR.92b.3p, 1_hsa.miR.505.5p, 1_hsa.miR.616.5p, 1_hsa.miR.671.5p, 1_hsa.miR.95.3p, 1_hsa.miR.10a.5p, 1_hsa.miR.130b.5p, 1_hsa.miR.146b.5p, 1_hsa.miR.22.5p, 1_hsa.miR.23a.5p, 1_hsa.miR.30e.3p, 1_hsa.miR.331.5p, 1_hsa.miR.335.3p, 1_hsa.miR.376c.3p, 1_hsa.miR.4677.3p, 1_hsa.miR.494.3p, 1_hsa.miR.96.5p, 1_hsa.miR.10b.5p, 1_hsa.miR.126.5p, 1_hsa.miR.1269a, 1_hsa.miR.130a.3p, 1_hsa.miR.183.5p, 1_hsa.miR.21.3p, 1_hsa.miR.221.5p, 1_hsa.miR.23b.3p, 1_hsa.miR.27a.5p, 1_hsa.miR.339.5p, 1_hsa.miR.1251.3p]

BEST SUMS WITH SIZE 50
Number of solutions = 50
Features in hall of fame by prevalence:
33 features: [0_ajcc_pathologic_tumor_stage_Stage IV, 0_ajcc_pathologic_tumor_stage_Stage I, 1_hsa.miR.18a.5p, 0_age_at_initial_pathologic_diagnosis, 1_hsa.miR.1248, 1_hsa.miR.130b.3p, 1_hsa.miR.139.3p, 1_hsa.miR.139.5p, 1_hsa.miR.193b.3p, 1_hsa.miR.194.3p, 1_hsa.miR.21.5p, 1_hsa.miR.22.5p, 1_hsa.miR.296.3p, 1_hsa.miR.296.5p, 1_hsa.miR.425.3p, 1_hsa.miR.590.3p, 1_hsa.miR.92b.3p, 1_hsa.miR.10b.3p, 1_hsa.miR.10b.5p, 1_hsa.miR.126.3p, 1_hsa.miR.130a.3p, 1_hsa.miR.130b.5p, 1_hsa.miR.146b.5p, 1_hsa.miR.149.5p, 1_hsa.miR.223.3p, 1_hsa.miR.23b.3p, 1_hsa.miR.24.1.5p, 1_hsa.miR.27b.5p, 1_hsa.miR.30e.3p, 1_hsa.miR.34c.5p, 1_hsa.miR.3922.3p, 1_hsa.miR.671.5p, 1_hsa.miR.96.5p]

BEST SUMS WITH SIZE 100
Number of solutions = 100
Features in hall of fame by prevalence:
34 features: [0_ajcc_pathologic_tumor_stage_Stage IV, 0_ajcc_pathologic_tumor_stage_Stage I, 1_hsa.miR.1248, 1_hsa.miR.18a.5p, 1_hsa.miR.425.3p, 1_hsa.miR.130b.3p, 1_hsa.miR.21.5p, 1_hsa.miR.223.3p, 1_hsa.miR.27b.5p, 1_hsa.miR.296.5p, 0_age_at_initial_pathologic_diagnosis, 1_hsa.miR.10b.3p, 1_hsa.miR.126.3p, 1_hsa.miR.130a.3p, 1_hsa.miR.130b.5p, 1_hsa.miR.139.3p, 1_hsa.miR.139.5p, 1_hsa.miR.146b.5p, 1_hsa.miR.149.5p, 1_hsa.miR.193b.3p, 1_hsa.miR.194.3p, 1_hsa.miR.22.5p, 1_hsa.miR.296.3p, 1_hsa.miR.34c.5p, 1_hsa.miR.3922.3p, 1_hsa.miR.590.3p, 1_hsa.miR.671.5p, 1_hsa.miR.92b.3p, 1_hsa.miR.10b.5p, 1_hsa.miR.23b.3p, 1_hsa.miR.24.1.5p, 1_hsa.miR.30e.3p, 1_hsa.miR.96.5p, 1_hsa.miR.27a.5p]

STARTING SWEEP NUMBER 2
folds_creator_seed = 2948139199

ASSIGNING STRATA FOR MULTI-OUTCOME DATA KIRC_MV
Assigning strata for outcome named survival of type survival
Counts:
censored 0: 55
censored 1: 124
deceased 0: 35
deceased 1: 35
ga_runner_seed = 1243658532
VIEW: CLINIC
   	     	         	        	   survival SKSurv Cox model concordance index   	             root leanness              
   	     	         	        	-------------------------------------------------	----------------------------------------
gen	evals	gen_feats	explored	min	avg     	max     	std                  	min	avg     	max	std     
0  	0    	3        	3       	0.5	0.718845	0.770948	0.0671948            	0.5	0.612354	1  	0.123243
1  	328  	3        	3       	0.5	0.67971 	0.770948	0.0854243            	0.5	0.668943	1  	0.152803
2  	349  	3        	3       	0.5	0.675234	0.770948	0.0825529            	0.5	0.669387	1  	0.145216
3  	338  	3        	3       	0.5	0.675234	0.770948	0.0825529            	0.5	0.669387	1  	0.145216
4  	340  	3        	3       	0.5	0.675234	0.770948	0.0825529            	0.5	0.669387	1  	0.145216
5  	335  	3        	3       	0.5	0.675234	0.770948	0.0825529            	0.5	0.669387	1  	0.145216
6  	338  	3        	3       	0.5	0.675234	0.770948	0.0825529            	0.5	0.669387	1  	0.145216
7  	336  	3        	3       	0.5	0.675234	0.770948	0.0825529            	0.5	0.669387	1  	0.145216
8  	344  	3        	3       	0.5	0.675234	0.770948	0.0825529            	0.5	0.669387	1  	0.145216
9  	344  	3        	3       	0.5	0.675234	0.770948	0.0825529            	0.5	0.669387	1  	0.145216
10 	334  	3        	3       	0.5	0.675234	0.770948	0.0825529            	0.5	0.669387	1  	0.145216
11 	351  	3        	3       	0.5	0.675234	0.770948	0.0825529            	0.5	0.669387	1  	0.145216
12 	332  	3        	3       	0.5	0.675234	0.770948	0.0825529            	0.5	0.669387	1  	0.145216
13 	334  	3        	3       	0.5	0.675234	0.770948	0.0825529            	0.5	0.669387	1  	0.145216
14 	330  	3        	3       	0.5	0.675234	0.770948	0.0825529            	0.5	0.669387	1  	0.145216
15 	335  	3        	3       	0.5	0.675234	0.770948	0.0825529            	0.5	0.669387	1  	0.145216
16 	345  	3        	3       	0.5	0.675234	0.770948	0.0825529            	0.5	0.669387	1  	0.145216
17 	336  	3        	3       	0.5	0.675234	0.770948	0.0825529            	0.5	0.669387	1  	0.145216
18 	344  	3        	3       	0.5	0.675234	0.770948	0.0825529            	0.5	0.669387	1  	0.145216
19 	341  	3        	3       	0.5	0.675234	0.770948	0.0825529            	0.5	0.669387	1  	0.145216
20 	348  	3        	3       	0.5	0.675234	0.770948	0.0825529            	0.5	0.669387	1  	0.145216
21 	317  	3        	3       	0.5	0.675234	0.770948	0.0825529            	0.5	0.669387	1  	0.145216
22 	341  	3        	3       	0.5	0.675234	0.770948	0.0825529            	0.5	0.669387	1  	0.145216
23 	346  	3        	3       	0.5	0.675234	0.770948	0.0825529            	0.5	0.669387	1  	0.145216
24 	340  	3        	3       	0.5	0.675234	0.770948	0.0825529            	0.5	0.669387	1  	0.145216
25 	359  	3        	3       	0.5	0.675234	0.770948	0.0825529            	0.5	0.669387	1  	0.145216
26 	336  	3        	3       	0.5	0.675234	0.770948	0.0825529            	0.5	0.669387	1  	0.145216
27 	354  	3        	3       	0.5	0.675234	0.770948	0.0825529            	0.5	0.669387	1  	0.145216
28 	343  	3        	3       	0.5	0.675234	0.770948	0.0825529            	0.5	0.669387	1  	0.145216
29 	334  	3        	3       	0.5	0.675234	0.770948	0.0825529            	0.5	0.669387	1  	0.145216
30 	349  	3        	3       	0.5	0.675234	0.770948	0.0825529            	0.5	0.669387	1  	0.145216
31 	337  	3        	3       	0.5	0.675234	0.770948	0.0825529            	0.5	0.669387	1  	0.145216
32 	339  	3        	3       	0.5	0.675234	0.770948	0.0825529            	0.5	0.669387	1  	0.145216
33 	338  	3        	3       	0.5	0.675234	0.770948	0.0825529            	0.5	0.669387	1  	0.145216
34 	326  	3        	3       	0.5	0.675234	0.770948	0.0825529            	0.5	0.669387	1  	0.145216
35 	327  	3        	3       	0.5	0.675234	0.770948	0.0825529            	0.5	0.669387	1  	0.145216
36 	347  	3        	3       	0.5	0.675234	0.770948	0.0825529            	0.5	0.669387	1  	0.145216
37 	306  	3        	3       	0.5	0.675234	0.770948	0.0825529            	0.5	0.669387	1  	0.145216
38 	291  	3        	3       	0.5	0.675234	0.770948	0.0825529            	0.5	0.669387	1  	0.145216
39 	349  	3        	3       	0.5	0.675234	0.770948	0.0825529            	0.5	0.669387	1  	0.145216
40 	330  	3        	3       	0.5	0.675234	0.770948	0.0825529            	0.5	0.669387	1  	0.145216
41 	315  	3        	3       	0.5	0.675234	0.770948	0.0825529            	0.5	0.669387	1  	0.145216
42 	351  	3        	3       	0.5	0.675234	0.770948	0.0825529            	0.5	0.669387	1  	0.145216
43 	344  	3        	3       	0.5	0.675234	0.770948	0.0825529            	0.5	0.669387	1  	0.145216
44 	341  	3        	3       	0.5	0.675234	0.770948	0.0825529            	0.5	0.669387	1  	0.145216
45 	324  	3        	3       	0.5	0.675234	0.770948	0.0825529            	0.5	0.669387	1  	0.145216
46 	346  	3        	3       	0.5	0.675234	0.770948	0.0825529            	0.5	0.669387	1  	0.145216
47 	334  	3        	3       	0.5	0.675234	0.770948	0.0825529            	0.5	0.669387	1  	0.145216
48 	331  	3        	3       	0.5	0.675234	0.770948	0.0825529            	0.5	0.669387	1  	0.145216
49 	340  	3        	3       	0.5	0.675234	0.770948	0.0825529            	0.5	0.669387	1  	0.145216

ASSIGNING STRATA FOR MULTI-OUTCOME DATA KIRC_MV
Assigning strata for outcome named survival of type survival
Counts:
censored 0: 55
censored 1: 124
deceased 0: 35
deceased 1: 35
VIEW: LOG_MIRNA
   	     	         	        	       survival SKSurv Cox model concordance index       	                 root leanness                  
   	     	         	        	---------------------------------------------------------	------------------------------------------------
gen	evals	gen_feats	explored	min     	avg     	max     	std             	min     	avg     	max	std     
0  	0    	71       	71      	0.5     	0.739098	0.829247	0.0647148       	0.242536	0.469858	1  	0.163829
1  	377  	156      	158     	0.435979	0.719775	0.829247	0.0656926       	0.242536	0.427951	1  	0.131276
2  	357  	169      	174     	0.5     	0.737384	0.829247	0.0506225       	0.242536	0.414457	1  	0.130607
3  	378  	158      	178     	0.5     	0.741479	0.829247	0.0505161       	0.242536	0.41301 	1  	0.131544
4  	383  	165      	179     	0.5     	0.745695	0.829247	0.0492934       	0.242536	0.406886	1  	0.132055
5  	369  	163      	179     	0.5     	0.747466	0.829247	0.0486467       	0.242536	0.405969	1  	0.131341
6  	380  	158      	179     	0.5     	0.749975	0.829247	0.0480725       	0.235702	0.401922	1  	0.131797
7  	376  	158      	179     	0.5     	0.75159 	0.829247	0.0477788       	0.229416	0.399691	1  	0.131854
8  	368  	163      	179     	0.5     	0.752789	0.829247	0.0474699       	0.229416	0.398929	1  	0.131214
9  	376  	152      	179     	0.5     	0.754431	0.829247	0.0477482       	0.223607	0.395218	1  	0.132803
10 	379  	158      	179     	0.5     	0.756052	0.829247	0.0468962       	0.229416	0.393213	1  	0.132092
11 	383  	163      	179     	0.5     	0.757889	0.829247	0.0465643       	0.229416	0.389614	1  	0.132321
12 	387  	162      	179     	0.5     	0.758707	0.829247	0.0466471       	0.223607	0.389684	1  	0.132254
13 	358  	152      	179     	0.5     	0.759481	0.829247	0.0468706       	0.223607	0.390036	1  	0.131982
14 	370  	164      	179     	0.5     	0.761269	0.829247	0.0467147       	0.218218	0.386175	1  	0.13234 
15 	386  	160      	179     	0.5     	0.762138	0.829247	0.0471122       	0.229416	0.385467	1  	0.132684
16 	371  	159      	179     	0.5     	0.763703	0.829247	0.0469496       	0.229416	0.382607	1  	0.132383
17 	375  	164      	179     	0.5     	0.764354	0.829247	0.0472419       	0.223607	0.382556	1  	0.132435
18 	367  	155      	179     	0.5     	0.764935	0.829247	0.0475407       	0.223607	0.382573	1  	0.132367
19 	386  	161      	179     	0.5     	0.766555	0.829247	0.0473764       	0.223607	0.37932 	1  	0.132072
20 	376  	166      	179     	0.5     	0.767066	0.829247	0.0476267       	0.223607	0.378992	1  	0.132362
21 	366  	166      	179     	0.5     	0.768839	0.829247	0.0474692       	0.223607	0.375324	1  	0.132275
22 	366  	166      	179     	0.5     	0.76942 	0.829247	0.047759        	0.223607	0.375291	1  	0.132305
23 	390  	163      	179     	0.5     	0.769849	0.835865	0.0479889       	0.223607	0.375191	1  	0.132286
24 	378  	158      	179     	0.5     	0.771558	0.835865	0.0477966       	0.223607	0.371538	1  	0.132158
25 	362  	160      	179     	0.5     	0.771956	0.835865	0.0480188       	0.223607	0.371484	1  	0.132195
26 	379  	160      	179     	0.5     	0.772234	0.835865	0.0481977       	0.218218	0.371368	1  	0.132304
27 	376  	165      	179     	0.5     	0.773604	0.835865	0.0479896       	0.208514	0.368689	1  	0.131734
28 	383  	165      	179     	0.5     	0.774168	0.835865	0.0481971       	0.208514	0.367851	1  	0.131892
29 	382  	159      	179     	0.5     	0.775819	0.835865	0.0479402       	0.208514	0.363953	1  	0.131684
30 	359  	165      	179     	0.5     	0.776269	0.8439  	0.0482201       	0.208514	0.363462	1  	0.132089
31 	382  	160      	179     	0.5     	0.777244	0.8439  	0.0486755       	0.204124	0.361942	1  	0.132657
32 	398  	166      	179     	0.5     	0.778135	0.8439  	0.0489066       	0.204124	0.360739	1  	0.132423
33 	365  	163      	179     	0.5     	0.779094	0.8439  	0.0487217       	0.2     	0.3593  	1  	0.131993
34 	374  	158      	179     	0.5     	0.779546	0.8439  	0.0490546       	0.196116	0.359727	1  	0.131664
35 	388  	162      	179     	0.5     	0.778739	0.8439  	0.0498986       	0.2     	0.363258	1  	0.131968
36 	361  	157      	179     	0.5     	0.778338	0.8439  	0.0505379       	0.208514	0.365746	1  	0.13198 
37 	368  	162      	179     	0.5     	0.779282	0.8439  	0.05016         	0.208514	0.364347	1  	0.131232
38 	397  	165      	179     	0.5     	0.779977	0.8439  	0.0505462       	0.208514	0.363708	1  	0.131585
39 	385  	159      	179     	0.5     	0.78033 	0.8439  	0.0507865       	0.208514	0.363645	1  	0.131613
40 	376  	163      	179     	0.5     	0.781988	0.8439  	0.0505275       	0.213201	0.360538	1  	0.130935
41 	375  	165      	179     	0.5     	0.782617	0.8439  	0.0507043       	0.218218	0.359612	1  	0.131403
42 	371  	162      	179     	0.5     	0.783477	0.8439  	0.0504537       	0.213201	0.358259	1  	0.130916
43 	376  	162      	179     	0.5     	0.784595	0.8439  	0.0506016       	0.213201	0.356092	1  	0.13092 
44 	366  	165      	179     	0.5     	0.785019	0.8439  	0.0508881       	0.218218	0.356279	1  	0.130744
45 	378  	169      	179     	0.5     	0.784873	0.8439  	0.0511899       	0.223607	0.357375	1  	0.130957
46 	380  	164      	179     	0.5     	0.785647	0.8439  	0.0512416       	0.223607	0.356182	1  	0.130809
47 	378  	162      	179     	0.5     	0.785828	0.8439  	0.0513833       	0.218218	0.35648 	1  	0.130765
48 	375  	159      	179     	0.5     	0.786423	0.8439  	0.051623        	0.218218	0.355724	1  	0.13118 
49 	371  	161      	179     	0.5     	0.786828	0.8439  	0.0518736       	0.218218	0.355372	1  	0.131418

STARTING MASTER RUNNER RESAMPLING
Generations completed = 7
Generations completed = 17
Generations completed = 27
Generations completed = 37
Generations completed = 47
MASTER
   	     	         	        	       survival SKSurv Cox model concordance index       	                      root leanness                      
   	     	         	        	---------------------------------------------------------	---------------------------------------------------------
gen	evals	gen_feats	explored	min     	avg     	max     	std             	min     	avg     	max     	std      
0  	500  	118      	118     	0.616446	0.775036	0.830544	0.0336182       	0.208514	0.320742	0.707107	0.0923371
1  	392  	109      	124     	0.625842	0.782708	0.830544	0.0318001       	0.208514	0.346397	0.707107	0.098997 
2  	412  	114      	125     	0.610199	0.786565	0.830544	0.0343119       	0.208514	0.351413	0.707107	0.104032 
3  	384  	108      	125     	0.610199	0.787234	0.831394	0.0368106       	0.208514	0.355771	0.707107	0.109182 
4  	396  	108      	126     	0.610199	0.788011	0.831394	0.0379084       	0.208514	0.358225	0.707107	0.112159 
5  	400  	113      	127     	0.610199	0.78939 	0.831394	0.0368579       	0.208514	0.359521	0.707107	0.113157 
6  	404  	111      	127     	0.5     	0.78978 	0.831394	0.0399748       	0.208514	0.360072	1       	0.118732 
7  	409  	116      	127     	0.5     	0.790619	0.831394	0.0400483       	0.208514	0.360847	1       	0.119739 
8  	408  	108      	127     	0.5     	0.79051 	0.831394	0.0407513       	0.208514	0.362412	1       	0.121705 
9  	405  	107      	127     	0.5     	0.791396	0.831394	0.0405248       	0.208514	0.360606	1       	0.122065 
10 	403  	109      	127     	0.5     	0.791043	0.831394	0.0412785       	0.208514	0.362471	1       	0.122897 
11 	400  	111      	127     	0.5     	0.79134 	0.831394	0.0411431       	0.208514	0.363475	1       	0.122437 
12 	408  	104      	127     	0.5     	0.791827	0.831394	0.0416723       	0.208514	0.362001	1       	0.123382 
13 	407  	109      	127     	0.5     	0.79161 	0.832037	0.0419023       	0.208514	0.363805	1       	0.123452 
14 	416  	109      	127     	0.5     	0.791663	0.832037	0.0418852       	0.208514	0.364372	1       	0.123306 
15 	408  	106      	127     	0.5     	0.791845	0.832037	0.0418016       	0.208514	0.364674	1       	0.123077 
16 	392  	104      	127     	0.5     	0.791312	0.832037	0.0428127       	0.208514	0.366259	1       	0.12495  
17 	409  	109      	127     	0.5     	0.791089	0.832037	0.0433628       	0.208514	0.367043	1       	0.125855 
18 	395  	107      	127     	0.5     	0.790988	0.832037	0.0436671       	0.208514	0.367118	1       	0.126873 
19 	414  	107      	127     	0.5     	0.790379	0.832037	0.0446785       	0.208514	0.368903	1       	0.128757 
20 	416  	111      	127     	0.5     	0.79044 	0.832037	0.044657        	0.208514	0.368781	1       	0.128695 
21 	407  	106      	127     	0.5     	0.790636	0.832037	0.044555        	0.208514	0.368542	1       	0.128733 
22 	407  	103      	127     	0.5     	0.790444	0.832037	0.0445221       	0.208514	0.369799	1       	0.128194 
23 	417  	108      	127     	0.5     	0.790549	0.832037	0.0444456       	0.208514	0.369867	1       	0.128148 
24 	426  	114      	127     	0.5     	0.790229	0.832037	0.0449406       	0.208514	0.370678	1       	0.128994 
25 	411  	105      	127     	0.5     	0.790236	0.832037	0.0449403       	0.208514	0.370678	1       	0.128994 
26 	397  	107      	127     	0.5     	0.790351	0.832037	0.0449618       	0.208514	0.370263	1       	0.129087 
27 	397  	110      	127     	0.5     	0.790353	0.832037	0.0449613       	0.208514	0.370263	1       	0.129087 
28 	411  	106      	127     	0.5     	0.789739	0.832037	0.0455679       	0.208514	0.372534	1       	0.130477 
29 	400  	105      	127     	0.5     	0.789766	0.832037	0.0455713       	0.208514	0.372466	1       	0.130523 
30 	417  	106      	127     	0.5     	0.789812	0.832037	0.0455708       	0.208514	0.37227 	1       	0.130641 
31 	408  	105      	127     	0.5     	0.789605	0.832037	0.0459927       	0.208514	0.37264 	1       	0.131455 
32 	403  	110      	127     	0.5     	0.789701	0.832037	0.045928        	0.208514	0.372461	1       	0.131222 
33 	402  	104      	127     	0.5     	0.789654	0.832037	0.0460206       	0.208514	0.372571	1       	0.131501 
34 	397  	108      	127     	0.5     	0.789592	0.832037	0.0460235       	0.208514	0.372799	1       	0.131531 
35 	417  	104      	127     	0.5     	0.789577	0.832037	0.0460083       	0.208514	0.373006	1       	0.131305 
36 	426  	104      	127     	0.5     	0.789512	0.832037	0.0460093       	0.208514	0.373297	1       	0.131308 
37 	397  	104      	127     	0.5     	0.789519	0.832037	0.0460051       	0.208514	0.373297	1       	0.131308 
38 	402  	105      	127     	0.5     	0.789521	0.832037	0.0460056       	0.208514	0.373297	1       	0.131308 
39 	404  	113      	127     	0.5     	0.789524	0.832037	0.0460046       	0.208514	0.373297	1       	0.131308 
40 	400  	102      	127     	0.5     	0.789592	0.832037	0.0460061       	0.208514	0.373006	1       	0.131305 
41 	387  	100      	127     	0.5     	0.789523	0.832037	0.0460048       	0.208514	0.373297	1       	0.131308 
42 	402  	102      	127     	0.5     	0.789591	0.832037	0.0460057       	0.208514	0.373006	1       	0.131305 
43 	411  	103      	127     	0.5     	0.789593	0.832037	0.0460051       	0.208514	0.373006	1       	0.131305 
44 	408  	111      	127     	0.5     	0.78952 	0.832037	0.0460066       	0.208514	0.373297	1       	0.131308 
45 	397  	109      	127     	0.5     	0.789578	0.832037	0.0460098       	0.208514	0.373084	1       	0.131337 
46 	405  	110      	127     	0.5     	0.78952 	0.832037	0.0460056       	0.208514	0.373297	1       	0.131308 
47 	400  	108      	127     	0.5     	0.789593	0.832037	0.0460056       	0.208514	0.37298 	1       	0.13132  
48 	409  	110      	127     	0.5     	0.789594	0.832037	0.0460059       	0.208514	0.373006	1       	0.131305 
49 	411  	113      	127     	0.5     	0.789534	0.832037	0.0460071       	0.208514	0.373233	1       	0.131335 

CURRENT HALLS OF FAME

PARETO FRONT
Number of solutions = 12
(0.832036763623209, 0.2672612419124244) 13 features: [0_age_at_initial_pathologic_diagnosis, 0_ajcc_pathologic_tumor_stage_Stage I, 0_ajcc_pathologic_tumor_stage_Stage IV, 1_hsa.miR.1179, 1_hsa.miR.18a.5p, 1_hsa.miR.194.3p, 1_hsa.miR.27b.5p, 1_hsa.miR.296.5p, 1_hsa.miR.3065.5p, 1_hsa.miR.30b.5p, 1_hsa.miR.425.5p, 1_hsa.miR.92b.3p, 1_hsa.miR.516a.5p]
(0.8305437643302919, 0.30151134457776363) 10 features: [0_age_at_initial_pathologic_diagnosis, 0_ajcc_pathologic_tumor_stage_Stage IV, 1_hsa.let.7b.3p, 1_hsa.miR.1179, 1_hsa.miR.296.5p, 1_hsa.miR.3065.5p, 1_hsa.miR.30b.5p, 1_hsa.miR.676.3p, 1_hsa.miR.92b.3p, 1_hsa.miR.516a.5p]
(0.829205078007345, 0.31622776601683794) 9 features: [0_age_at_initial_pathologic_diagnosis, 0_ajcc_pathologic_tumor_stage_Stage IV, 1_hsa.miR.1179, 1_hsa.miR.296.5p, 1_hsa.miR.3065.5p, 1_hsa.miR.30b.5p, 1_hsa.miR.676.3p, 1_hsa.miR.92b.3p, 1_hsa.miR.516a.5p]
(0.8260186578533312, 0.3333333333333333) 8 features: [0_age_at_initial_pathologic_diagnosis, 0_ajcc_pathologic_tumor_stage_Stage IV, 1_hsa.miR.1179, 1_hsa.miR.296.5p, 1_hsa.miR.3065.5p, 1_hsa.miR.30b.5p, 1_hsa.miR.92b.3p, 1_hsa.miR.516a.5p]
(0.8132865178304102, 0.3535533905932738) 7 features: [0_age_at_initial_pathologic_diagnosis, 0_ajcc_pathologic_tumor_stage_Stage IV, 1_hsa.miR.1179, 1_hsa.miR.18a.5p, 1_hsa.miR.296.5p, 1_hsa.miR.3065.5p, 1_hsa.miR.505.5p]
(0.8093411966610868, 0.3779644730092272) 6 features: [0_age_at_initial_pathologic_diagnosis, 0_ajcc_pathologic_tumor_stage_Stage IV, 1_hsa.miR.1179, 1_hsa.miR.296.5p, 1_hsa.miR.3065.5p, 1_hsa.miR.92b.3p]
(0.7978233221212139, 0.408248290463863) 5 features: [0_age_at_initial_pathologic_diagnosis, 0_ajcc_pathologic_tumor_stage_Stage IV, 1_hsa.miR.1179, 1_hsa.miR.18a.5p, 1_hsa.miR.296.5p]
(0.7920978849391244, 0.4472135954999579) 4 features: [0_age_at_initial_pathologic_diagnosis, 0_ajcc_pathologic_tumor_stage_Stage IV, 1_hsa.miR.1248, 1_hsa.miR.296.5p]
(0.77849563776013, 0.5) [0_ajcc_pathologic_tumor_stage_Stage IV, 1_hsa.miR.21.5p, 1_hsa.miR.3065.5p]
(0.7609387799200493, 0.5773502691896257) [0_ajcc_pathologic_tumor_stage_Stage IV, 1_hsa.miR.139.3p]
(0.675481908534016, 0.7071067811865476) [1_hsa.miR.130b.3p]
(0.5, 1.0) []
Features in hall of fame by prevalence:
20 features: [0_ajcc_pathologic_tumor_stage_Stage IV, 0_age_at_initial_pathologic_diagnosis, 1_hsa.miR.296.5p, 1_hsa.miR.1179, 1_hsa.miR.3065.5p, 1_hsa.miR.92b.3p, 1_hsa.miR.30b.5p, 1_hsa.miR.516a.5p, 1_hsa.miR.18a.5p, 1_hsa.miR.676.3p, 0_ajcc_pathologic_tumor_stage_Stage I, 1_hsa.let.7b.3p, 1_hsa.miR.1248, 1_hsa.miR.130b.3p, 1_hsa.miR.139.3p, 1_hsa.miR.194.3p, 1_hsa.miR.21.5p, 1_hsa.miR.27b.5p, 1_hsa.miR.425.5p, 1_hsa.miR.505.5p]

LAST POPULATION
Number of solutions = 500
Features in hall of fame by prevalence:
88 features: [0_ajcc_pathologic_tumor_stage_Stage IV, 1_hsa.miR.296.5p, 1_hsa.miR.1179, 1_hsa.miR.3065.5p, 0_age_at_initial_pathologic_diagnosis, 1_hsa.miR.92b.3p, 1_hsa.miR.18a.5p, 0_ajcc_pathologic_tumor_stage_Stage I, 1_hsa.miR.30b.5p, 1_hsa.miR.516a.5p, 1_hsa.miR.1248, 1_hsa.miR.27b.5p, 1_hsa.miR.425.5p, 1_hsa.miR.676.3p, 1_hsa.miR.99b.3p, 1_hsa.miR.520a.3p, 1_hsa.miR.202.5p, 1_hsa.miR.27b.3p, 1_hsa.miR.505.5p, 1_hsa.miR.3614.5p, 1_hsa.miR.182.5p, 1_hsa.miR.194.3p, 1_hsa.miR.24.1.5p, 1_hsa.miR.139.5p, 1_hsa.miR.425.3p, 1_hsa.miR.29a.3p, 1_hsa.miR.301b, 1_hsa.miR.10a.5p, 1_hsa.miR.21.5p, 1_hsa.miR.454.3p, 1_hsa.miR.6718.5p, 1_hsa.miR.221.5p, 1_hsa.miR.2355.5p, 1_hsa.miR.138.5p, 1_hsa.miR.223.3p, 1_hsa.miR.139.3p, 1_hsa.miR.183.5p, 1_hsa.miR.22.5p, 1_hsa.miR.296.3p, 1_hsa.miR.365a.3p, 1_hsa.miR.659.5p, 1_hsa.miR.6720.3p, 1_hsa.miR.3922.3p, 1_hsa.miR.502.3p, 1_hsa.miR.7704, 1_hsa.miR.9.5p, 1_hsa.let.7b.3p, 1_hsa.miR.10b.3p, 1_hsa.miR.34c.5p, 1_hsa.miR.376b.3p, 1_hsa.miR.126.3p, 1_hsa.miR.130b.3p, 1_hsa.miR.143.3p, 1_hsa.miR.151b, 1_hsa.miR.193b.3p, 1_hsa.miR.29b.3p, 1_hsa.miR.363.3p, 1_hsa.miR.494.3p, 1_hsa.miR.106b.5p, 1_hsa.miR.146b.5p, 1_hsa.miR.154.3p, 1_hsa.miR.15b.5p, 1_hsa.miR.192.5p, 1_hsa.miR.30a.3p, 1_hsa.miR.31.5p, 1_hsa.miR.34c.3p, 1_hsa.miR.3613.3p, 1_hsa.miR.590.3p, 1_hsa.miR.616.3p, 1_hsa.miR.625.5p, 1_hsa.miR.671.5p, 1_hsa.miR.7.5p, 1_hsa.miR.10b.5p, 1_hsa.miR.1258, 1_hsa.miR.1293, 1_hsa.miR.130b.5p, 1_hsa.miR.146b.3p, 1_hsa.miR.181a.2.3p, 1_hsa.miR.191.5p, 1_hsa.miR.192.3p, 1_hsa.miR.222.3p, 1_hsa.miR.3615, 1_hsa.miR.3923, 1_hsa.miR.550a.3p, 1_hsa.miR.628.3p, 1_hsa.miR.6715b.3p, 1_hsa.miR.96.5p, 1_hsa.miR.99b.5p]

BEST SUMS WITH SIZE 50
Number of solutions = 50
Features in hall of fame by prevalence:
33 features: [0_ajcc_pathologic_tumor_stage_Stage IV, 0_ajcc_pathologic_tumor_stage_Stage I, 1_hsa.miR.18a.5p, 0_age_at_initial_pathologic_diagnosis, 1_hsa.miR.1248, 1_hsa.miR.130b.3p, 1_hsa.miR.139.3p, 1_hsa.miR.139.5p, 1_hsa.miR.193b.3p, 1_hsa.miR.194.3p, 1_hsa.miR.21.5p, 1_hsa.miR.22.5p, 1_hsa.miR.296.3p, 1_hsa.miR.296.5p, 1_hsa.miR.425.3p, 1_hsa.miR.590.3p, 1_hsa.miR.92b.3p, 1_hsa.miR.10b.3p, 1_hsa.miR.10b.5p, 1_hsa.miR.126.3p, 1_hsa.miR.130a.3p, 1_hsa.miR.130b.5p, 1_hsa.miR.146b.5p, 1_hsa.miR.149.5p, 1_hsa.miR.223.3p, 1_hsa.miR.23b.3p, 1_hsa.miR.24.1.5p, 1_hsa.miR.27b.5p, 1_hsa.miR.301b, 1_hsa.miR.34c.5p, 1_hsa.miR.3922.3p, 1_hsa.miR.671.5p, 1_hsa.miR.96.5p]

BEST SUMS WITH SIZE 100
Number of solutions = 100
Features in hall of fame by prevalence:
37 features: [0_ajcc_pathologic_tumor_stage_Stage IV, 0_ajcc_pathologic_tumor_stage_Stage I, 1_hsa.miR.18a.5p, 1_hsa.miR.1248, 1_hsa.miR.130b.3p, 1_hsa.miR.139.5p, 1_hsa.miR.21.5p, 1_hsa.miR.27b.5p, 1_hsa.miR.296.5p, 1_hsa.miR.425.3p, 0_age_at_initial_pathologic_diagnosis, 1_hsa.miR.10b.3p, 1_hsa.miR.126.3p, 1_hsa.miR.130a.3p, 1_hsa.miR.139.3p, 1_hsa.miR.146b.5p, 1_hsa.miR.149.5p, 1_hsa.miR.193b.3p, 1_hsa.miR.194.3p, 1_hsa.miR.223.3p, 1_hsa.miR.22.5p, 1_hsa.miR.296.3p, 1_hsa.miR.301b, 1_hsa.miR.34c.5p, 1_hsa.miR.3922.3p, 1_hsa.miR.590.3p, 1_hsa.miR.92b.3p, 1_hsa.miR.10b.5p, 1_hsa.miR.130b.5p, 1_hsa.miR.24.1.5p, 1_hsa.miR.30e.3p, 1_hsa.miR.671.5p, 1_hsa.miR.96.5p, 1_hsa.miR.23b.3p, 1_hsa.miR.27a.5p, 1_hsa.miR.3065.5p, 1_hsa.miR.505.5p]

STARTING CONCATENATED OPTIMIZATION
CONCATENATED
   	     	         	        	       survival SKSurv Cox model concordance index       	                 root leanness                  
   	     	         	        	---------------------------------------------------------	------------------------------------------------
gen	evals	gen_feats	explored	min     	avg     	max     	std             	min     	avg     	max	std     
0  	0    	88       	88      	0.5     	0.789534	0.832037	0.0460071       	0.208514	0.373233	1  	0.131335
1  	366  	153      	156     	0.5     	0.790298	0.832037	0.0463235       	0.208514	0.373979	1  	0.130749
2  	384  	164      	176     	0.476054	0.790048	0.837231	0.0503222       	0.208514	0.374178	1  	0.133296
3  	371  	162      	180     	0.5     	0.791175	0.837231	0.049238        	0.213201	0.373282	1  	0.133398
4  	396  	169      	182     	0.5     	0.791799	0.837231	0.0495213       	0.213201	0.374441	1  	0.133002
5  	375  	163      	182     	0.5     	0.792466	0.837231	0.0494931       	0.213201	0.374003	1  	0.133413
6  	366  	156      	182     	0.5     	0.793123	0.837231	0.0497462       	0.208514	0.373872	1  	0.133521
7  	377  	162      	182     	0.5     	0.793681	0.837231	0.0498096       	0.208514	0.374335	1  	0.133121
8  	374  	162      	182     	0.5     	0.794182	0.837231	0.0499781       	0.208514	0.374634	1  	0.13291 
9  	372  	157      	182     	0.5     	0.794575	0.837231	0.0501384       	0.208514	0.374504	1  	0.133026
10 	374  	160      	182     	0.5     	0.794197	0.838208	0.051405        	0.208514	0.37744 	1  	0.133618
11 	356  	164      	182     	0.5     	0.795601	0.838208	0.0506193       	0.213201	0.374608	1  	0.132913
12 	390  	166      	182     	0.5     	0.797225	0.838208	0.0501135       	0.208514	0.371423	1  	0.132295
13 	361  	165      	182     	0.5     	0.797867	0.841629	0.0503154       	0.208514	0.370508	1  	0.132436
14 	380  	169      	182     	0.5     	0.798565	0.844392	0.0504051       	0.208514	0.369027	1  	0.132614
15 	392  	163      	182     	0.5     	0.799231	0.844446	0.0500983       	0.208514	0.368608	1  	0.132242
16 	368  	159      	182     	0.5     	0.800132	0.844446	0.0502523       	0.208514	0.366689	1  	0.132724
17 	370  	167      	182     	0.5     	0.801427	0.844446	0.0496652       	0.208514	0.363642	1  	0.131992
18 	393  	165      	182     	0.5     	0.801771	0.845476	0.0499392       	0.208514	0.364094	1  	0.132106
19 	373  	161      	182     	0.5     	0.802528	0.845476	0.0501265       	0.208514	0.362214	1  	0.132637
20 	366  	164      	182     	0.5     	0.803647	0.845476	0.0497216       	0.208514	0.359967	1  	0.13232 
21 	367  	165      	182     	0.5     	0.803251	0.856208	0.0506905       	0.208514	0.36319 	1  	0.132412
22 	395  	166      	182     	0.5     	0.804146	0.856208	0.0509431       	0.208514	0.361437	1  	0.13283 
23 	377  	167      	182     	0.5     	0.804149	0.856208	0.0510628       	0.208514	0.363726	1  	0.13192 
24 	371  	162      	182     	0.5     	0.80459 	0.856208	0.0512654       	0.208514	0.363593	1  	0.132076
25 	377  	159      	182     	0.5     	0.805019	0.856208	0.0514462       	0.208514	0.363132	1  	0.1324  
26 	383  	164      	182     	0.5     	0.805368	0.856208	0.0516236       	0.208514	0.36322 	1  	0.132355
27 	376  	165      	182     	0.5     	0.805613	0.856208	0.0517538       	0.208514	0.363466	1  	0.132173
28 	355  	168      	182     	0.5     	0.805918	0.856208	0.0518732       	0.208514	0.363286	1  	0.132327
29 	382  	159      	182     	0.5     	0.806403	0.856208	0.052133        	0.208514	0.363292	1  	0.1322  
30 	365  	159      	182     	0.5     	0.807369	0.856208	0.0516699       	0.208514	0.361421	1  	0.131665
31 	374  	164      	182     	0.5     	0.806909	0.856208	0.0525207       	0.208514	0.363708	1  	0.13194 
32 	373  	163      	182     	0.5     	0.807226	0.856208	0.0526357       	0.208514	0.364131	1  	0.13158 
33 	386  	166      	182     	0.5     	0.807654	0.856208	0.0528721       	0.208514	0.364083	1  	0.131622
34 	370  	166      	182     	0.5     	0.807757	0.856208	0.0531411       	0.208514	0.36475 	1  	0.131865
35 	365  	166      	182     	0.5     	0.80826 	0.856208	0.0532027       	0.213201	0.363904	1  	0.13179 
36 	403  	165      	182     	0.5     	0.808751	0.856208	0.0533563       	0.204124	0.362614	1  	0.132339
37 	369  	167      	182     	0.5     	0.808999	0.856208	0.0534706       	0.204124	0.36272 	1  	0.132463
38 	376  	160      	182     	0.5     	0.809119	0.857042	0.0535998       	0.204124	0.363374	1  	0.132091
39 	369  	157      	182     	0.5     	0.809505	0.857042	0.05375         	0.204124	0.362624	1  	0.132455
40 	359  	162      	182     	0.5     	0.809682	0.857042	0.0538679       	0.204124	0.362826	1  	0.132479
41 	393  	164      	182     	0.5     	0.809825	0.857042	0.0539501       	0.204124	0.362799	1  	0.132545
42 	387  	168      	182     	0.5     	0.810432	0.857042	0.0539851       	0.204124	0.361913	1  	0.132269
43 	384  	170      	182     	0.5     	0.810265	0.857042	0.0541492       	0.204124	0.362808	1  	0.13241 
44 	381  	165      	182     	0.5     	0.810896	0.857042	0.0536061       	0.19245 	0.361981	1  	0.131606
45 	361  	165      	182     	0.5     	0.810654	0.857042	0.0545479       	0.19245 	0.362759	1  	0.132441
46 	375  	165      	182     	0.5     	0.811457	0.857204	0.0545787       	0.19245 	0.360916	1  	0.132296
47 	380  	166      	182     	0.5     	0.811914	0.857204	0.0538695       	0.19245 	0.360692	1  	0.131462
48 	374  	164      	182     	0.5     	0.812337	0.857204	0.0539677       	0.188982	0.359788	1  	0.131693
49 	369  	166      	182     	0.5     	0.812449	0.857204	0.0539962       	0.188982	0.359727	1  	0.131758
50 	387  	166      	182     	0.5     	0.812717	0.857204	0.0541482       	0.188982	0.359348	1  	0.13199 
51 	390  	167      	182     	0.5     	0.812806	0.857204	0.0542157       	0.188982	0.359396	1  	0.132004
52 	386  	164      	182     	0.5     	0.813363	0.857281	0.0544102       	0.188982	0.358095	1  	0.132528
53 	366  	170      	182     	0.5     	0.814596	0.857281	0.0537788       	0.19245 	0.355381	1  	0.131686
54 	360  	169      	182     	0.5     	0.814724	0.857281	0.0538522       	0.19245 	0.35504 	1  	0.131989
55 	365  	161      	182     	0.5     	0.814773	0.857281	0.0538809       	0.19245 	0.355021	1  	0.132032
56 	380  	167      	182     	0.5     	0.815226	0.861464	0.0540571       	0.19245 	0.353616	1  	0.132828
57 	388  	163      	182     	0.5     	0.815396	0.861464	0.0541546       	0.19245 	0.353463	1  	0.132966
58 	371  	161      	182     	0.5     	0.816692	0.861464	0.0534798       	0.19245 	0.350213	1  	0.132211
59 	368  	166      	182     	0.5     	0.816736	0.861464	0.053552        	0.188982	0.350868	1  	0.131912
60 	376  	168      	182     	0.5     	0.816134	0.861464	0.0545285       	0.188982	0.352246	1  	0.133235
61 	385  	171      	182     	0.5     	0.817176	0.861464	0.053738        	0.188982	0.349636	1  	0.132684
62 	375  	158      	182     	0.5     	0.817246	0.861464	0.0537878       	0.188982	0.350212	1  	0.132227
63 	367  	162      	182     	0.5     	0.817584	0.862702	0.0539058       	0.188982	0.349462	1  	0.132475
64 	375  	166      	182     	0.5     	0.818212	0.862702	0.0539083       	0.188982	0.347871	1  	0.132443
65 	380  	164      	182     	0.5     	0.818423	0.862702	0.0534243       	0.188982	0.347989	1  	0.131795
66 	384  	171      	182     	0.5     	0.818257	0.862702	0.054191        	0.185695	0.348288	1  	0.132799
67 	388  	169      	182     	0.5     	0.819388	0.862702	0.0535133       	0.185695	0.345923	1  	0.131835
68 	388  	166      	182     	0.5     	0.818734	0.864183	0.0543313       	0.185695	0.347754	1  	0.132534
69 	376  	165      	182     	0.5     	0.819202	0.864183	0.0536682       	0.185695	0.347161	1  	0.13189 
70 	378  	168      	182     	0.5     	0.81853 	0.864183	0.0548066       	0.185695	0.348796	1  	0.132933
71 	380  	163      	182     	0.5     	0.819806	0.864183	0.0537421       	0.185695	0.34602 	1  	0.131892
72 	375  	164      	182     	0.5     	0.819985	0.864183	0.0538317       	0.185695	0.345556	1  	0.132195
73 	373  	168      	182     	0.5     	0.820119	0.866511	0.0539249       	0.185695	0.345293	1  	0.132422
74 	369  	164      	182     	0.5     	0.820222	0.866511	0.0539918       	0.185695	0.34499 	1  	0.132677
75 	367  	159      	182     	0.5     	0.820619	0.866511	0.0541777       	0.185695	0.343849	1  	0.133288
76 	367  	161      	182     	0.5     	0.821272	0.866511	0.0540702       	0.185695	0.341943	1  	0.133048
77 	364  	161      	182     	0.5     	0.822002	0.866511	0.0534541       	0.19245 	0.340309	1  	0.132408
78 	390  	167      	182     	0.5     	0.821955	0.866836	0.053498        	0.19245 	0.341029	1  	0.132156
79 	358  	170      	182     	0.5     	0.820776	0.866836	0.0550797       	0.19245 	0.343997	1  	0.133066
80 	383  	173      	182     	0.5     	0.821025	0.866836	0.0544935       	0.19245 	0.344067	1  	0.132771
81 	389  	157      	182     	0.5     	0.821645	0.866836	0.0545068       	0.19245 	0.342412	1  	0.133238
82 	381  	163      	182     	0.5     	0.821355	0.866836	0.0545088       	0.19245 	0.343577	1  	0.133001
83 	376  	161      	182     	0.5     	0.821829	0.866836	0.0544713       	0.19245 	0.342458	1  	0.132885
84 	371  	172      	182     	0.5     	0.822054	0.86829 	0.0539977       	0.19245 	0.34235 	1  	0.132483
85 	371  	163      	182     	0.5     	0.822774	0.868397	0.0538907       	0.19245 	0.340439	1  	0.132298
86 	387  	166      	182     	0.5     	0.822861	0.868397	0.0539365       	0.19245 	0.340207	1  	0.132496
87 	375  	167      	182     	0.5     	0.823854	0.870277	0.0541585       	0.19245 	0.337203	1  	0.133344
88 	412  	166      	182     	0.5     	0.824692	0.870277	0.0533596       	0.19245 	0.335595	1  	0.132   
89 	387  	160      	182     	0.5     	0.824863	0.870277	0.0534481       	0.19245 	0.335112	1  	0.132359
90 	368  	163      	182     	0.5     	0.825579	0.870277	0.0535359       	0.188982	0.332744	1  	0.132923
91 	377  	165      	182     	0.5     	0.826576	0.870315	0.0527501       	0.188982	0.330482	1  	0.131746
92 	374  	167      	182     	0.5     	0.826877	0.872347	0.0528634       	0.188982	0.329775	1  	0.131976
93 	391  	169      	182     	0.5     	0.827405	0.872347	0.052938        	0.188982	0.328383	1  	0.132062
94 	381  	166      	182     	0.5     	0.828382	0.872347	0.0522252       	0.188982	0.326648	1  	0.130736
95 	372  	165      	182     	0.5     	0.827711	0.872347	0.0533089       	0.188982	0.328585	1  	0.131803
96 	359  	171      	182     	0.5     	0.827714	0.872347	0.0533539       	0.188982	0.328803	1  	0.131748
97 	379  	173      	182     	0.5     	0.82839 	0.872347	0.0524296       	0.188982	0.327739	1  	0.13056 
98 	364  	161      	182     	0.5     	0.827904	0.872347	0.053246        	0.188982	0.328979	1  	0.131482
99 	385  	170      	182     	0.5     	0.829089	0.872437	0.0525127       	0.188982	0.326085	1  	0.130635
Optimization on fold finished in 00-06:15:07

FEATURE SETS SELECTED

PARETO FRONT
Number of solutions = 23
Features in hall of fame by prevalence:
46 features: [0_ajcc_pathologic_tumor_stage_Stage IV, 1_hsa.miR.3065.5p, 1_hsa.miR.296.5p, 0_age_at_initial_pathologic_diagnosis, 1_hsa.miR.30b.5p, 1_hsa.miR.92b.3p, 1_hsa.miR.516a.5p, 1_hsa.miR.1179, 1_hsa.miR.505.5p, 1_hsa.miR.215.5p, 1_hsa.miR.29a.3p, 1_hsa.miR.425.3p, 1_hsa.miR.192.3p, 1_hsa.miR.7704, 1_hsa.miR.18a.5p, 0_ajcc_pathologic_tumor_stage_Stage I, 1_hsa.miR.138.5p, 1_hsa.miR.494.3p, 1_hsa.miR.502.3p, 1_hsa.miR.10a.5p, 1_hsa.miR.339.5p, 1_hsa.miR.34b.3p, 1_hsa.miR.589.3p, 1_hsa.miR.676.3p, 1_hsa.miR.99b.3p, 1_hsa.miR.106b.5p, 1_hsa.miR.139.5p, 1_hsa.miR.191.5p, 1_hsa.miR.204.3p, 1_hsa.miR.21.5p, 1_hsa.miR.27b.5p, 1_hsa.miR.34b.5p, 1_hsa.miR.3648, 1_hsa.miR.6718.5p, 1_hsa.miR.106a.5p, 1_hsa.miR.10b.3p, 1_hsa.miR.1262, 1_hsa.miR.130b.3p, 1_hsa.miR.139.3p, 1_hsa.miR.301b, 1_hsa.miR.365a.3p, 1_hsa.miR.365b.3p, 1_hsa.miR.425.5p, 1_hsa.miR.550a.3p, 1_hsa.miR.590.5p, 1_hsa.miR.625.5p]

LAST POPULATION
Number of solutions = 500
Features in hall of fame by prevalence:
122 features: [0_ajcc_pathologic_tumor_stage_Stage IV, 1_hsa.miR.296.5p, 0_age_at_initial_pathologic_diagnosis, 1_hsa.miR.3065.5p, 1_hsa.miR.30b.5p, 1_hsa.miR.92b.3p, 1_hsa.miR.516a.5p, 1_hsa.miR.1179, 1_hsa.miR.505.5p, 1_hsa.miR.425.3p, 1_hsa.miR.192.3p, 1_hsa.miR.29a.3p, 1_hsa.miR.7704, 1_hsa.miR.215.5p, 1_hsa.miR.676.3p, 1_hsa.miR.18a.5p, 1_hsa.miR.138.5p, 1_hsa.miR.494.3p, 1_hsa.miR.99b.3p, 0_ajcc_pathologic_tumor_stage_Stage I, 1_hsa.miR.34b.3p, 1_hsa.miR.502.3p, 1_hsa.miR.589.3p, 1_hsa.miR.139.5p, 1_hsa.miR.27b.5p, 1_hsa.miR.10a.5p, 1_hsa.miR.425.5p, 1_hsa.miR.6718.5p, 1_hsa.miR.34b.5p, 1_hsa.miR.191.5p, 1_hsa.miR.223.3p, 1_hsa.miR.139.3p, 1_hsa.miR.339.5p, 1_hsa.miR.21.5p, 1_hsa.miR.146b.3p, 1_hsa.miR.625.5p, 1_hsa.miR.10b.3p, 1_hsa.miR.1258, 1_hsa.miR.192.5p, 1_hsa.miR.3648, 1_hsa.miR.365a.3p, 1_hsa.miR.550a.3p, 1_hsa.miR.590.3p, 1_hsa.miR.301b, 1_hsa.miR.1248, 1_hsa.miR.143.3p, 1_hsa.miR.106b.5p, 1_hsa.miR.181a.2.3p, 1_hsa.miR.3922.3p, 1_hsa.miR.659.5p, 1_hsa.miR.204.3p, 1_hsa.miR.99b.5p, 1_hsa.miR.194.3p, 1_hsa.miR.365b.3p, 1_hsa.miR.487a.3p, 1_hsa.miR.34c.3p, 1_hsa.miR.625.3p, 1_hsa.miR.1262, 1_hsa.miR.1293, 1_hsa.miR.183.5p, 1_hsa.miR.3614.5p, 1_hsa.miR.126.5p, 1_hsa.miR.16.5p, 1_hsa.miR.214.3p, 1_hsa.miR.22.5p, 1_hsa.miR.34c.5p, 1_hsa.miR.3615, 1_hsa.miR.17.5p, 1_hsa.miR.199b.5p, 1_hsa.miR.296.3p, 1_hsa.miR.29a.5p, 1_hsa.miR.3923, 1_hsa.miR.4326, 1_hsa.miR.9.3p, 1_hsa.miR.101.3p, 1_hsa.miR.106a.5p, 1_hsa.miR.202.5p, 1_hsa.miR.27b.3p, 1_hsa.miR.377.3p, 1_hsa.miR.5586.5p, 1_hsa.miR.7702, 1_hsa.let.7e.3p, 1_hsa.miR.10b.5p, 1_hsa.miR.182.5p, 1_hsa.miR.193b.3p, 1_hsa.miR.221.5p, 1_hsa.miR.29b.3p, 1_hsa.miR.30c.2.3p, 1_hsa.miR.335.3p, 1_hsa.miR.376c.3p, 1_hsa.miR.590.5p, 1_hsa.miR.130b.3p, 1_hsa.miR.145.5p, 1_hsa.miR.149.5p, 1_hsa.miR.151b, 1_hsa.miR.153.5p, 1_hsa.miR.181b.3p, 1_hsa.miR.19a.3p, 1_hsa.miR.331.5p, 1_hsa.miR.3613.3p, 1_hsa.miR.3613.5p, 1_hsa.miR.454.3p, 1_hsa.miR.539.3p, 1_hsa.miR.616.3p, 1_hsa.miR.671.5p, 1_hsa.miR.942.5p, 1_hsa.miR.96.5p, 1_hsa.miR.513c.3p, 1_hsa.miR.1251.5p, 1_hsa.miR.126.3p, 1_hsa.miR.130a.3p, 1_hsa.miR.130b.5p, 1_hsa.miR.143.5p, 1_hsa.miR.145.3p, 1_hsa.miR.19b.3p, 1_hsa.miR.20a.5p, 1_hsa.miR.30a.3p, 1_hsa.miR.31.5p, 1_hsa.miR.616.5p, 1_hsa.miR.1251.3p, 1_hsa.miR.519a.3p, 1_hsa.miR.520a.3p]

BEST SUMS WITH SIZE 50
Number of solutions = 50
Features in hall of fame by prevalence:
37 features: [0_ajcc_pathologic_tumor_stage_Stage IV, 0_age_at_initial_pathologic_diagnosis, 0_ajcc_pathologic_tumor_stage_Stage I, 1_hsa.miR.1248, 1_hsa.miR.139.3p, 1_hsa.miR.139.5p, 1_hsa.miR.18a.5p, 1_hsa.miR.194.3p, 1_hsa.miR.21.5p, 1_hsa.miR.296.3p, 1_hsa.miR.296.5p, 1_hsa.miR.425.3p, 1_hsa.miR.590.3p, 1_hsa.miR.92b.3p, 1_hsa.miR.101.3p, 1_hsa.miR.10b.3p, 1_hsa.miR.10b.5p, 1_hsa.miR.126.3p, 1_hsa.miR.130a.3p, 1_hsa.miR.130b.3p, 1_hsa.miR.130b.5p, 1_hsa.miR.146b.5p, 1_hsa.miR.149.5p, 1_hsa.miR.193b.3p, 1_hsa.miR.19b.3p, 1_hsa.miR.223.3p, 1_hsa.miR.22.5p, 1_hsa.miR.23b.3p, 1_hsa.miR.27b.5p, 1_hsa.miR.301b, 1_hsa.miR.34c.3p, 1_hsa.miR.34c.5p, 1_hsa.miR.365a.3p, 1_hsa.miR.365b.3p, 1_hsa.miR.3922.3p, 1_hsa.miR.671.5p, 1_hsa.miR.96.5p]

BEST SUMS WITH SIZE 100
Number of solutions = 100
Features in hall of fame by prevalence:
64 features: [0_ajcc_pathologic_tumor_stage_Stage IV, 0_ajcc_pathologic_tumor_stage_Stage I, 1_hsa.miR.139.3p, 1_hsa.miR.18a.5p, 1_hsa.miR.21.5p, 1_hsa.miR.223.3p, 1_hsa.miR.296.5p, 1_hsa.miR.301b, 1_hsa.miR.425.3p, 0_age_at_initial_pathologic_diagnosis, 1_hsa.miR.1248, 1_hsa.miR.130b.3p, 1_hsa.miR.139.5p, 1_hsa.miR.146b.5p, 1_hsa.miR.149.5p, 1_hsa.miR.151b, 1_hsa.miR.193b.3p, 1_hsa.miR.194.3p, 1_hsa.miR.194.5p, 1_hsa.miR.22.5p, 1_hsa.miR.296.3p, 1_hsa.miR.34c.3p, 1_hsa.miR.34c.5p, 1_hsa.miR.3613.5p, 1_hsa.miR.365a.3p, 1_hsa.miR.365b.3p, 1_hsa.miR.590.3p, 1_hsa.miR.590.5p, 1_hsa.miR.671.5p, 1_hsa.miR.92b.3p, 1_hsa.miR.101.3p, 1_hsa.miR.106b.5p, 1_hsa.miR.10b.3p, 1_hsa.miR.10b.5p, 1_hsa.miR.126.3p, 1_hsa.miR.126.5p, 1_hsa.miR.130a.3p, 1_hsa.miR.130b.5p, 1_hsa.miR.192.3p, 1_hsa.miR.192.5p, 1_hsa.miR.19b.3p, 1_hsa.miR.202.5p, 1_hsa.miR.21.3p, 1_hsa.miR.222.3p, 1_hsa.miR.2355.5p, 1_hsa.miR.23b.3p, 1_hsa.miR.24.1.5p, 1_hsa.miR.27b.5p, 1_hsa.miR.29a.5p, 1_hsa.miR.29b.3p, 1_hsa.miR.30b.5p, 1_hsa.miR.30e.3p, 1_hsa.miR.335.3p, 1_hsa.miR.3651, 1_hsa.miR.3922.3p, 1_hsa.miR.425.5p, 1_hsa.miR.502.3p, 1_hsa.miR.505.5p, 1_hsa.miR.616.5p, 1_hsa.miR.627.5p, 1_hsa.miR.7702, 1_hsa.miR.7704, 1_hsa.miR.95.3p, 1_hsa.miR.96.5p]
