
OPTIMIZING ON FOLD NUMBER 2
Number of workers = 80

COMPUTING LOCAL ACTIVE FEATURES
Computing active features for view clinic
Existing features: 12
Applying union strategy for feature selection using composite feature selector with
categorical: feature selector any na and anova
survival: feature selector Cox

Computing active features for outcome survival
Features selected for this outcome: 3
Features active in total: 3
Computing active features for view log_mirna
Existing features: 732
Applying union strategy for feature selection using composite feature selector with
categorical: feature selector any na and anova
survival: feature selector Cox

Computing active features for outcome survival
Features selected for this outcome: 199
Features active in total: 199
Computing feature importance
Running optimizer

STARTING 2-STEPS GENETIC ALGORITHM

CREATING INNER FOLDS

ASSIGNING STRATA FOR MULTI-OUTCOME DATA KIRC_MV
Assigning strata for outcome named survival of type survival
Counts:
censored 0: 55
censored 1: 124
deceased 0: 36
deceased 1: 35

STARTING SWEEP NUMBER 1
folds_creator_seed = 4107908117

ASSIGNING STRATA FOR MULTI-OUTCOME DATA KIRC_MV
Assigning strata for outcome named survival of type survival
Counts:
censored 0: 55
censored 1: 124
deceased 0: 36
deceased 1: 35
ga_runner_seed = 3091794638
VIEW: CLINIC
   	     	         	        	   survival SKSurv Cox model concordance index   	             root leanness              
   	     	         	        	-------------------------------------------------	----------------------------------------
gen	evals	gen_feats	explored	min	avg     	max     	std                  	min    	avg     	max	std     
0  	500  	2        	2       	0.5	0.665356	0.759024	0.107511             	0.57735	0.722733	1  	0.17509 
1  	353  	3        	3       	0.5	0.669629	0.766138	0.0872269            	0.5    	0.679365	1  	0.155875
2  	328  	3        	3       	0.5	0.672024	0.766138	0.0801465            	0.5    	0.669387	1  	0.145216
3  	346  	3        	3       	0.5	0.672024	0.766138	0.0801465            	0.5    	0.669387	1  	0.145216
4  	345  	3        	3       	0.5	0.672024	0.766138	0.0801465            	0.5    	0.669387	1  	0.145216
5  	357  	3        	3       	0.5	0.672024	0.766138	0.0801465            	0.5    	0.669387	1  	0.145216
6  	336  	3        	3       	0.5	0.672024	0.766138	0.0801465            	0.5    	0.669387	1  	0.145216
7  	325  	3        	3       	0.5	0.672024	0.766138	0.0801465            	0.5    	0.669387	1  	0.145216
8  	338  	3        	3       	0.5	0.672024	0.766138	0.0801465            	0.5    	0.669387	1  	0.145216
9  	347  	3        	3       	0.5	0.672024	0.766138	0.0801465            	0.5    	0.669387	1  	0.145216
10 	329  	3        	3       	0.5	0.672024	0.766138	0.0801465            	0.5    	0.669387	1  	0.145216
11 	323  	3        	3       	0.5	0.672024	0.766138	0.0801465            	0.5    	0.669387	1  	0.145216
12 	328  	3        	3       	0.5	0.672024	0.766138	0.0801465            	0.5    	0.669387	1  	0.145216
13 	338  	3        	3       	0.5	0.672024	0.766138	0.0801465            	0.5    	0.669387	1  	0.145216
14 	338  	3        	3       	0.5	0.672024	0.766138	0.0801465            	0.5    	0.669387	1  	0.145216
15 	351  	3        	3       	0.5	0.672024	0.766138	0.0801465            	0.5    	0.669387	1  	0.145216
16 	353  	3        	3       	0.5	0.672024	0.766138	0.0801465            	0.5    	0.669387	1  	0.145216
17 	347  	3        	3       	0.5	0.672024	0.766138	0.0801465            	0.5    	0.669387	1  	0.145216
18 	341  	3        	3       	0.5	0.672024	0.766138	0.0801465            	0.5    	0.669387	1  	0.145216
19 	337  	3        	3       	0.5	0.672024	0.766138	0.0801465            	0.5    	0.669387	1  	0.145216
20 	346  	3        	3       	0.5	0.672024	0.766138	0.0801465            	0.5    	0.669387	1  	0.145216
21 	350  	3        	3       	0.5	0.672024	0.766138	0.0801465            	0.5    	0.669387	1  	0.145216
22 	345  	3        	3       	0.5	0.672024	0.766138	0.0801465            	0.5    	0.669387	1  	0.145216
23 	341  	3        	3       	0.5	0.672024	0.766138	0.0801465            	0.5    	0.669387	1  	0.145216
24 	331  	3        	3       	0.5	0.672024	0.766138	0.0801465            	0.5    	0.669387	1  	0.145216
25 	333  	3        	3       	0.5	0.672024	0.766138	0.0801465            	0.5    	0.669387	1  	0.145216
26 	350  	3        	3       	0.5	0.672024	0.766138	0.0801465            	0.5    	0.669387	1  	0.145216
27 	347  	3        	3       	0.5	0.672024	0.766138	0.0801465            	0.5    	0.669387	1  	0.145216
28 	353  	3        	3       	0.5	0.672024	0.766138	0.0801465            	0.5    	0.669387	1  	0.145216
29 	340  	3        	3       	0.5	0.672024	0.766138	0.0801465            	0.5    	0.669387	1  	0.145216
30 	348  	3        	3       	0.5	0.672024	0.766138	0.0801465            	0.5    	0.669387	1  	0.145216
31 	347  	3        	3       	0.5	0.672024	0.766138	0.0801465            	0.5    	0.669387	1  	0.145216
32 	337  	3        	3       	0.5	0.672024	0.766138	0.0801465            	0.5    	0.669387	1  	0.145216
33 	342  	3        	3       	0.5	0.672024	0.766138	0.0801465            	0.5    	0.669387	1  	0.145216
34 	362  	3        	3       	0.5	0.672024	0.766138	0.0801465            	0.5    	0.669387	1  	0.145216
35 	334  	3        	3       	0.5	0.672024	0.766138	0.0801465            	0.5    	0.669387	1  	0.145216
36 	344  	3        	3       	0.5	0.672024	0.766138	0.0801465            	0.5    	0.669387	1  	0.145216
37 	330  	3        	3       	0.5	0.672024	0.766138	0.0801465            	0.5    	0.669387	1  	0.145216
38 	329  	3        	3       	0.5	0.672024	0.766138	0.0801465            	0.5    	0.669387	1  	0.145216
39 	333  	3        	3       	0.5	0.672024	0.766138	0.0801465            	0.5    	0.669387	1  	0.145216
40 	327  	3        	3       	0.5	0.672024	0.766138	0.0801465            	0.5    	0.669387	1  	0.145216
41 	324  	3        	3       	0.5	0.672024	0.766138	0.0801465            	0.5    	0.669387	1  	0.145216
42 	325  	3        	3       	0.5	0.672024	0.766138	0.0801465            	0.5    	0.669387	1  	0.145216
43 	353  	3        	3       	0.5	0.672024	0.766138	0.0801465            	0.5    	0.669387	1  	0.145216
44 	334  	3        	3       	0.5	0.672024	0.766138	0.0801465            	0.5    	0.669387	1  	0.145216
45 	344  	3        	3       	0.5	0.672024	0.766138	0.0801465            	0.5    	0.669387	1  	0.145216
46 	348  	3        	3       	0.5	0.672024	0.766138	0.0801465            	0.5    	0.669387	1  	0.145216
47 	357  	3        	3       	0.5	0.672024	0.766138	0.0801465            	0.5    	0.669387	1  	0.145216
48 	334  	3        	3       	0.5	0.672024	0.766138	0.0801465            	0.5    	0.669387	1  	0.145216
49 	341  	3        	3       	0.5	0.672024	0.766138	0.0801465            	0.5    	0.669387	1  	0.145216

ASSIGNING STRATA FOR MULTI-OUTCOME DATA KIRC_MV
Assigning strata for outcome named survival of type survival
Counts:
censored 0: 55
censored 1: 124
deceased 0: 36
deceased 1: 35
VIEW: LOG_MIRNA
   	     	         	        	       survival SKSurv Cox model concordance index       	                 root leanness                  
   	     	         	        	---------------------------------------------------------	------------------------------------------------
gen	evals	gen_feats	explored	min     	avg     	max     	std             	min     	avg     	max	std     
0  	500  	27       	27      	0.482124	0.589354	0.751119	0.109477        	0.188982	0.269659	1  	0.153998
1  	371  	157      	157     	0.476578	0.675948	0.759163	0.0599446       	0.179605	0.291226	1  	0.113172
2  	362  	167      	187     	0.478053	0.709255	0.760596	0.0397353       	0.196116	0.331709	1  	0.112789
3  	382  	176      	193     	0.5     	0.718689	0.760596	0.0364545       	0.196116	0.351424	1  	0.119054
4  	374  	177      	199     	0.488188	0.720884	0.765668	0.0394152       	0.196116	0.364974	1  	0.124166
5  	380  	183      	199     	0.488188	0.722489	0.765668	0.0417851       	0.196116	0.374096	1  	0.127824
6  	393  	175      	199     	0.5     	0.723043	0.765668	0.0458761       	0.196116	0.380046	1  	0.134946
7  	371  	170      	199     	0.5     	0.725614	0.765727	0.0425309       	0.196116	0.381799	1  	0.133063
8  	370  	179      	199     	0.5     	0.729291	0.767752	0.0387104       	0.196116	0.378011	1  	0.133181
9  	382  	177      	199     	0.5     	0.731472	0.777609	0.038656        	0.196116	0.376486	1  	0.134446
10 	379  	179      	199     	0.5     	0.733305	0.777609	0.0381053       	0.196116	0.375749	1  	0.134842
11 	376  	183      	199     	0.5     	0.734788	0.777609	0.0383436       	0.213201	0.377008	1  	0.133849
12 	380  	183      	199     	0.5     	0.735639	0.777609	0.0382694       	0.213201	0.379227	1  	0.134399
13 	371  	178      	199     	0.5     	0.737358	0.777609	0.0380701       	0.213201	0.377238	1  	0.133712
14 	369  	180      	199     	0.5     	0.737887	0.777609	0.0386493       	0.223607	0.380618	1  	0.13335 
15 	379  	181      	199     	0.5     	0.740127	0.78226 	0.0382115       	0.223607	0.378027	1  	0.133005
16 	370  	177      	199     	0.5     	0.741486	0.78226 	0.0381901       	0.223607	0.376332	1  	0.133571
17 	382  	179      	199     	0.5     	0.742248	0.78226 	0.0383933       	0.213201	0.378189	1  	0.132993
18 	375  	183      	199     	0.5     	0.743088	0.78226 	0.0386378       	0.213201	0.378384	1  	0.132904
19 	386  	180      	199     	0.5     	0.743933	0.78226 	0.0390402       	0.213201	0.378342	1  	0.132933
20 	390  	176      	199     	0.5     	0.744754	0.78226 	0.0392169       	0.213201	0.377825	1  	0.133361
21 	386  	175      	199     	0.5     	0.745174	0.78226 	0.0400539       	0.213201	0.379555	1  	0.133564
22 	363  	172      	199     	0.5     	0.746376	0.787136	0.0398593       	0.213201	0.378798	1  	0.132672
23 	349  	171      	199     	0.5     	0.747056	0.795735	0.0401724       	0.213201	0.378159	1  	0.133044
24 	387  	174      	199     	0.5     	0.748462	0.795735	0.0399053       	0.213201	0.375113	1  	0.132547
25 	370  	183      	199     	0.5     	0.750187	0.795735	0.0396767       	0.213201	0.370628	1  	0.132931
26 	387  	171      	199     	0.5     	0.749998	0.795735	0.0404969       	0.213201	0.373647	1  	0.133652
27 	364  	177      	199     	0.5     	0.750743	0.795735	0.040767        	0.213201	0.374136	1  	0.133049
28 	400  	184      	199     	0.5     	0.751584	0.795735	0.0408782       	0.213201	0.373474	1  	0.132663
29 	397  	175      	199     	0.5     	0.751847	0.795735	0.0412175       	0.213201	0.375463	1  	0.131969
30 	360  	179      	199     	0.5     	0.752241	0.795735	0.0413224       	0.213201	0.376298	1  	0.131297
31 	394  	176      	199     	0.5     	0.752771	0.795735	0.0414706       	0.213201	0.376807	1  	0.130797
32 	383  	178      	199     	0.5     	0.753192	0.800393	0.0416998       	0.223607	0.377113	1  	0.130617
33 	380  	164      	199     	0.5     	0.753788	0.800393	0.042           	0.223607	0.376323	1  	0.131179
34 	344  	166      	199     	0.5     	0.754721	0.801222	0.0421567       	0.223607	0.374589	1  	0.131159
35 	379  	177      	199     	0.5     	0.755683	0.801222	0.0417978       	0.218218	0.373083	1  	0.130762
36 	371  	174      	199     	0.5     	0.755336	0.801222	0.0425719       	0.218218	0.376531	1  	0.131033
37 	376  	169      	199     	0.5     	0.755171	0.801222	0.0434762       	0.218218	0.378311	1  	0.131645
38 	385  	178      	199     	0.5     	0.755371	0.801222	0.0436237       	0.218218	0.379926	1  	0.131294
39 	380  	173      	199     	0.5     	0.756802	0.804213	0.0431648       	0.218218	0.376714	1  	0.13093 
40 	385  	178      	199     	0.5     	0.757343	0.804213	0.0434253       	0.218218	0.375882	1  	0.131538
41 	376  	171      	199     	0.5     	0.757957	0.804213	0.0437036       	0.218218	0.375288	1  	0.131735
42 	352  	175      	199     	0.5     	0.758185	0.804213	0.0437008       	0.218218	0.375556	1  	0.131815
43 	387  	176      	199     	0.5     	0.758557	0.804213	0.0439154       	0.213201	0.375877	1  	0.131728
44 	381  	177      	199     	0.5     	0.759043	0.804213	0.0441141       	0.213201	0.375401	1  	0.131767
45 	373  	176      	199     	0.5     	0.759499	0.804213	0.0443651       	0.213201	0.374775	1  	0.132233
46 	393  	175      	199     	0.5     	0.760396	0.804213	0.0444983       	0.208514	0.373277	1  	0.132233
47 	382  	172      	199     	0.5     	0.761183	0.804213	0.0441169       	0.213201	0.372447	1  	0.131431
48 	374  	176      	199     	0.5     	0.76195 	0.808629	0.0444645       	0.213201	0.371299	1  	0.131956
49 	396  	179      	199     	0.5     	0.762858	0.808629	0.0446503       	0.213201	0.36999 	1  	0.131738

STARTING MASTER RUNNER RESAMPLING
Generations completed = 7
Generations completed = 16
Generations completed = 25
Generations completed = 34
Generations completed = 43
MASTER
   	     	         	        	       survival SKSurv Cox model concordance index       	                      root leanness                      
   	     	         	        	---------------------------------------------------------	---------------------------------------------------------
gen	evals	gen_feats	explored	min     	avg     	max     	std             	min     	avg     	max     	std      
0  	500  	124      	124     	0.557164	0.748876	0.814753	0.0480662       	0.208514	0.325773	0.707107	0.0932384
1  	404  	115      	127     	0.621439	0.767503	0.815397	0.032641        	0.213201	0.359527	0.707107	0.100459 
2  	413  	114      	130     	0.621439	0.772708	0.815397	0.0338111       	0.213201	0.371106	0.707107	0.104372 
3  	402  	118      	133     	0.621439	0.775038	0.815397	0.0356017       	0.213201	0.377573	0.707107	0.110368 
4  	402  	113      	133     	0.616713	0.777186	0.815397	0.0355997       	0.213201	0.380243	0.707107	0.112512 
5  	403  	111      	133     	0.616713	0.778359	0.815397	0.0365178       	0.213201	0.384884	0.707107	0.115208 
6  	408  	112      	133     	0.615694	0.778815	0.816746	0.0385668       	0.213201	0.386957	0.707107	0.11947  
7  	413  	115      	134     	0.615694	0.780147	0.819212	0.0384069       	0.213201	0.387843	0.707107	0.118618 
8  	401  	112      	134     	0.615694	0.780374	0.819212	0.0385528       	0.213201	0.388845	0.707107	0.119307 
9  	413  	111      	134     	0.615694	0.781019	0.819212	0.0388195       	0.213201	0.387825	0.707107	0.120137 
10 	423  	116      	134     	0.615694	0.781568	0.819212	0.0394073       	0.213201	0.386898	0.707107	0.121357 
11 	410  	108      	134     	0.615694	0.781641	0.819212	0.0399958       	0.213201	0.387281	0.707107	0.122128 
12 	380  	113      	134     	0.615694	0.781903	0.819212	0.039985        	0.218218	0.387653	0.707107	0.121775 
13 	413  	112      	134     	0.615694	0.781733	0.819212	0.0405076       	0.218218	0.388608	0.707107	0.122477 
14 	408  	116      	134     	0.615694	0.782198	0.819212	0.0404824       	0.218218	0.3869  	0.707107	0.123087 
15 	400  	108      	134     	0.615694	0.782404	0.819212	0.0405009       	0.218218	0.386385	0.707107	0.122909 
16 	413  	113      	134     	0.615694	0.7826  	0.819212	0.0405051       	0.218218	0.385967	0.707107	0.123078 
17 	405  	114      	134     	0.5     	0.782042	0.819212	0.0424284       	0.218218	0.38805 	1       	0.125622 
18 	406  	119      	134     	0.5     	0.781807	0.819212	0.0429003       	0.218218	0.388714	1       	0.126455 
19 	423  	112      	134     	0.5     	0.781578	0.819212	0.0433479       	0.218218	0.38951 	1       	0.12719  
20 	401  	108      	134     	0.5     	0.781244	0.819212	0.0439797       	0.218218	0.390749	1       	0.127625 
21 	406  	109      	134     	0.5     	0.781018	0.819212	0.0443165       	0.218218	0.391531	1       	0.128361 
22 	396  	109      	134     	0.5     	0.781075	0.819212	0.0443483       	0.218218	0.391351	1       	0.128492 
23 	402  	111      	134     	0.5     	0.78111 	0.819212	0.044356        	0.218218	0.391199	1       	0.128581 
24 	409  	114      	134     	0.5     	0.781119	0.819212	0.0443586       	0.218218	0.391199	1       	0.128581 
25 	415  	117      	134     	0.5     	0.781119	0.819212	0.0443586       	0.218218	0.391199	1       	0.128581 
26 	394  	113      	134     	0.5     	0.781119	0.819212	0.0443586       	0.218218	0.391199	1       	0.128581 
27 	393  	107      	134     	0.5     	0.781181	0.819212	0.0443819       	0.218218	0.390883	1       	0.128734 
28 	404  	113      	134     	0.5     	0.780917	0.819212	0.0448026       	0.218218	0.391541	1       	0.129505 
29 	411  	112      	134     	0.5     	0.780917	0.819212	0.0448026       	0.218218	0.391541	1       	0.129505 
30 	410  	108      	134     	0.5     	0.780936	0.819212	0.044801        	0.218218	0.391463	1       	0.129483 
31 	408  	116      	134     	0.5     	0.780713	0.819212	0.0450695       	0.218218	0.392061	1       	0.130247 
32 	399  	109      	134     	0.5     	0.780579	0.819212	0.0454725       	0.218218	0.392137	1       	0.130657 
33 	413  	108      	134     	0.5     	0.780432	0.819212	0.0456012       	0.218218	0.392475	1       	0.130917 
34 	410  	111      	134     	0.5     	0.78058 	0.819212	0.0454818       	0.218218	0.392215	1       	0.130679 
35 	399  	110      	134     	0.5     	0.780651	0.819212	0.0454913       	0.218218	0.391805	1       	0.130826 
36 	409  	112      	134     	0.5     	0.780651	0.819212	0.0454913       	0.218218	0.391805	1       	0.130826 
37 	406  	111      	134     	0.5     	0.780651	0.819212	0.0454913       	0.218218	0.391805	1       	0.130826 
38 	400  	113      	134     	0.5     	0.780668	0.819212	0.0454847       	0.218218	0.391805	1       	0.130826 
39 	393  	116      	134     	0.5     	0.780668	0.819212	0.0454847       	0.218218	0.391805	1       	0.130826 
40 	405  	116      	134     	0.5     	0.780669	0.819212	0.045485        	0.218218	0.391805	1       	0.130826 
41 	401  	110      	134     	0.5     	0.780669	0.819212	0.045485        	0.218218	0.391805	1       	0.130826 
42 	412  	117      	134     	0.5     	0.780669	0.819212	0.045485        	0.218218	0.391805	1       	0.130826 
43 	400  	109      	134     	0.5     	0.780669	0.819212	0.045485        	0.218218	0.391805	1       	0.130826 
44 	395  	116      	134     	0.5     	0.780669	0.819212	0.045485        	0.218218	0.391805	1       	0.130826 
45 	390  	108      	134     	0.5     	0.780669	0.819212	0.045485        	0.218218	0.391805	1       	0.130826 
46 	406  	113      	134     	0.5     	0.780669	0.819212	0.045485        	0.218218	0.391805	1       	0.130826 
47 	405  	114      	134     	0.5     	0.780487	0.819212	0.0456175       	0.218218	0.392327	1       	0.131044 
48 	413  	116      	134     	0.5     	0.78034 	0.819212	0.0456002       	0.218218	0.393226	1       	0.130842 
49 	407  	108      	134     	0.5     	0.780368	0.819212	0.045587        	0.218218	0.393148	1       	0.130822 

CURRENT HALLS OF FAME

PARETO FRONT
Number of solutions = 10
(0.8192124090909608, 0.24253562503633297) 16 features: [0_age_at_initial_pathologic_diagnosis, 0_ajcc_pathologic_tumor_stage_Stage IV, 1_hsa.miR.10a.5p, 1_hsa.miR.1229.3p, 1_hsa.miR.126.5p, 1_hsa.miR.1291, 1_hsa.miR.138.5p, 1_hsa.miR.191.5p, 1_hsa.miR.194.3p, 1_hsa.miR.222.5p, 1_hsa.miR.335.5p, 1_hsa.miR.34c.5p, 1_hsa.miR.3614.5p, 1_hsa.miR.3922.3p, 1_hsa.miR.616.5p, 1_hsa.miR.513c.3p]
(0.8184257916835622, 0.30151134457776363) 10 features: [0_age_at_initial_pathologic_diagnosis, 0_ajcc_pathologic_tumor_stage_Stage IV, 1_hsa.miR.1229.3p, 1_hsa.miR.194.3p, 1_hsa.miR.24.1.5p, 1_hsa.miR.3678.5p, 1_hsa.miR.3922.3p, 1_hsa.miR.590.3p, 1_hsa.miR.616.5p, 1_hsa.miR.671.3p]
(0.8153967347338119, 0.3333333333333333) 8 features: [0_age_at_initial_pathologic_diagnosis, 0_ajcc_pathologic_tumor_stage_Stage IV, 1_hsa.miR.1229.3p, 1_hsa.miR.194.3p, 1_hsa.miR.34c.5p, 1_hsa.miR.3614.5p, 1_hsa.miR.502.3p, 1_hsa.miR.616.5p]
(0.8126733436838087, 0.3779644730092272) 6 features: [0_age_at_initial_pathologic_diagnosis, 0_ajcc_pathologic_tumor_stage_Stage IV, 1_hsa.miR.1229.3p, 1_hsa.miR.194.3p, 1_hsa.miR.296.5p, 1_hsa.miR.616.3p]
(0.8032211235474741, 0.408248290463863) 5 features: [0_age_at_initial_pathologic_diagnosis, 0_ajcc_pathologic_tumor_stage_Stage IV, 1_hsa.miR.18a.5p, 1_hsa.miR.194.3p, 1_hsa.miR.616.3p]
(0.7982138521220586, 0.4472135954999579) 4 features: [0_age_at_initial_pathologic_diagnosis, 0_ajcc_pathologic_tumor_stage_Stage IV, 1_hsa.miR.21.5p, 1_hsa.miR.3922.3p]
(0.7896064669611871, 0.5) [0_ajcc_pathologic_tumor_stage_Stage IV, 1_hsa.miR.21.5p, 1_hsa.miR.616.5p]
(0.7655372228702128, 0.5773502691896257) [0_ajcc_pathologic_tumor_stage_Stage IV, 1_hsa.miR.21.5p]
(0.6809820199927156, 0.7071067811865476) [1_hsa.miR.92b.3p]
(0.5, 1.0) []
Features in hall of fame by prevalence:
26 features: [0_ajcc_pathologic_tumor_stage_Stage IV, 0_age_at_initial_pathologic_diagnosis, 1_hsa.miR.194.3p, 1_hsa.miR.1229.3p, 1_hsa.miR.616.5p, 1_hsa.miR.21.5p, 1_hsa.miR.3922.3p, 1_hsa.miR.34c.5p, 1_hsa.miR.3614.5p, 1_hsa.miR.616.3p, 1_hsa.miR.10a.5p, 1_hsa.miR.126.5p, 1_hsa.miR.1291, 1_hsa.miR.138.5p, 1_hsa.miR.18a.5p, 1_hsa.miR.191.5p, 1_hsa.miR.222.5p, 1_hsa.miR.24.1.5p, 1_hsa.miR.296.5p, 1_hsa.miR.335.5p, 1_hsa.miR.3678.5p, 1_hsa.miR.502.3p, 1_hsa.miR.590.3p, 1_hsa.miR.671.3p, 1_hsa.miR.92b.3p, 1_hsa.miR.513c.3p]

LAST POPULATION
Number of solutions = 500
Features in hall of fame by prevalence:
102 features: [0_ajcc_pathologic_tumor_stage_Stage IV, 1_hsa.miR.194.3p, 0_age_at_initial_pathologic_diagnosis, 1_hsa.miR.1229.3p, 1_hsa.miR.616.5p, 1_hsa.miR.3922.3p, 1_hsa.miR.34c.5p, 1_hsa.miR.10a.5p, 1_hsa.miR.3614.5p, 1_hsa.miR.1291, 1_hsa.miR.513c.3p, 1_hsa.miR.590.3p, 1_hsa.miR.616.3p, 1_hsa.miR.222.5p, 0_ajcc_pathologic_tumor_stage_Stage I, 1_hsa.miR.24.1.5p, 1_hsa.miR.10b.3p, 1_hsa.miR.126.5p, 1_hsa.miR.1269a, 1_hsa.miR.3678.5p, 1_hsa.miR.34c.3p, 1_hsa.miR.511.5p, 1_hsa.miR.138.5p, 1_hsa.miR.149.3p, 1_hsa.miR.130b.3p, 1_hsa.miR.27b.3p, 1_hsa.miR.296.5p, 1_hsa.miR.99b.5p, 1_hsa.miR.95.3p, 1_hsa.miR.126.3p, 1_hsa.miR.335.5p, 1_hsa.miR.21.3p, 1_hsa.miR.21.5p, 1_hsa.miR.182.5p, 1_hsa.miR.18a.5p, 1_hsa.miR.539.3p, 1_hsa.miR.380.3p, 1_hsa.miR.7702, 1_hsa.miR.191.5p, 1_hsa.miR.96.5p, 1_hsa.miR.30a.3p, 1_hsa.miR.223.3p, 1_hsa.miR.425.3p, 1_hsa.miR.5586.5p, 1_hsa.miR.124.3p, 1_hsa.miR.154.3p, 1_hsa.miR.204.5p, 1_hsa.miR.671.3p, 1_hsa.miR.10b.5p, 1_hsa.miR.130b.5p, 1_hsa.miR.502.3p, 1_hsa.miR.1228.3p, 1_hsa.miR.151b, 1_hsa.miR.296.3p, 1_hsa.miR.92b.3p, 1_hsa.miR.517a.3p, 1_hsa.miR.139.3p, 1_hsa.miR.146a.3p, 1_hsa.miR.146b.3p, 1_hsa.miR.146b.5p, 1_hsa.miR.149.5p, 1_hsa.miR.222.3p, 1_hsa.miR.224.5p, 1_hsa.miR.29a.5p, 1_hsa.miR.335.3p, 1_hsa.miR.376b.3p, 1_hsa.miR.423.3p, 1_hsa.miR.425.5p, 1_hsa.miR.4326, 1_hsa.miR.550a.3p, 1_hsa.miR.6715b.3p, 1_hsa.miR.671.5p, 1_hsa.let.7b.5p, 1_hsa.miR.142.3p, 1_hsa.miR.23b.3p, 1_hsa.miR.331.5p, 1_hsa.miR.3615, 1_hsa.miR.517b.3p, 1_hsa.let.7b.3p, 1_hsa.miR.103a.2.5p, 1_hsa.miR.1197, 1_hsa.miR.1248, 1_hsa.miR.125a.5p, 1_hsa.miR.137, 1_hsa.miR.139.5p, 1_hsa.miR.142.5p, 1_hsa.miR.17.5p, 1_hsa.miR.190a.5p, 1_hsa.miR.221.3p, 1_hsa.miR.221.5p, 1_hsa.miR.27b.5p, 1_hsa.miR.30c.2.3p, 1_hsa.miR.31.3p, 1_hsa.miR.381.3p, 1_hsa.miR.4461, 1_hsa.miR.548d.3p, 1_hsa.miR.548f.3p, 1_hsa.miR.576.5p, 1_hsa.miR.7704, 1_hsa.miR.942.5p, 1_hsa.miR.519a.5p, 1_hsa.miR.520c.3p]

BEST SUMS WITH SIZE 50
Number of solutions = 50
Features in hall of fame by prevalence:
35 features: [0_ajcc_pathologic_tumor_stage_Stage IV, 0_age_at_initial_pathologic_diagnosis, 1_hsa.miR.1228.3p, 1_hsa.miR.130b.3p, 1_hsa.miR.139.3p, 1_hsa.miR.146b.5p, 1_hsa.miR.18a.5p, 1_hsa.miR.21.3p, 1_hsa.miR.21.5p, 1_hsa.miR.222.3p, 1_hsa.miR.296.5p, 1_hsa.miR.29a.5p, 1_hsa.miR.616.5p, 1_hsa.miR.671.5p, 1_hsa.miR.92b.3p, 0_ajcc_pathologic_tumor_stage_Stage I, 1_hsa.miR.10b.3p, 1_hsa.miR.10b.5p, 1_hsa.miR.138.5p, 1_hsa.miR.149.5p, 1_hsa.miR.194.3p, 1_hsa.miR.204.5p, 1_hsa.miR.223.3p, 1_hsa.miR.23b.3p, 1_hsa.miR.296.3p, 1_hsa.miR.335.3p, 1_hsa.miR.34c.3p, 1_hsa.miR.34c.5p, 1_hsa.miR.3922.3p, 1_hsa.miR.425.3p, 1_hsa.miR.4326, 1_hsa.miR.511.5p, 1_hsa.miR.5586.5p, 1_hsa.miR.7702, 1_hsa.miR.96.5p]

BEST SUMS WITH SIZE 100
Number of solutions = 100
Features in hall of fame by prevalence:
37 features: [0_ajcc_pathologic_tumor_stage_Stage IV, 0_ajcc_pathologic_tumor_stage_Stage I, 1_hsa.miR.10b.3p, 1_hsa.miR.21.5p, 0_age_at_initial_pathologic_diagnosis, 1_hsa.miR.130b.3p, 1_hsa.miR.18a.5p, 1_hsa.miR.223.3p, 1_hsa.miR.296.5p, 1_hsa.miR.3922.3p, 1_hsa.miR.616.5p, 1_hsa.miR.7702, 1_hsa.miR.10b.5p, 1_hsa.miR.149.5p, 1_hsa.miR.194.3p, 1_hsa.miR.21.3p, 1_hsa.miR.222.3p, 1_hsa.miR.296.3p, 1_hsa.miR.34c.3p, 1_hsa.miR.425.3p, 1_hsa.miR.671.5p, 1_hsa.miR.92b.3p, 1_hsa.miR.1228.3p, 1_hsa.miR.1229.3p, 1_hsa.miR.138.5p, 1_hsa.miR.139.3p, 1_hsa.miR.146b.5p, 1_hsa.miR.204.5p, 1_hsa.miR.23b.3p, 1_hsa.miR.29a.5p, 1_hsa.miR.335.3p, 1_hsa.miR.34c.5p, 1_hsa.miR.4326, 1_hsa.miR.511.5p, 1_hsa.miR.5586.5p, 1_hsa.miR.96.5p, 1_hsa.miR.3615]

STARTING SWEEP NUMBER 2
folds_creator_seed = 2413423250

ASSIGNING STRATA FOR MULTI-OUTCOME DATA KIRC_MV
Assigning strata for outcome named survival of type survival
Counts:
censored 0: 55
censored 1: 124
deceased 0: 36
deceased 1: 35
ga_runner_seed = 2906769502
VIEW: CLINIC
   	     	         	        	   survival SKSurv Cox model concordance index   	             root leanness              
   	     	         	        	-------------------------------------------------	----------------------------------------
gen	evals	gen_feats	explored	min	avg     	max     	std                  	min	avg     	max	std     
0  	0    	3        	3       	0.5	0.719381	0.766138	0.071874             	0.5	0.630756	1  	0.119637
1  	354  	3        	3       	0.5	0.672266	0.767158	0.0898148            	0.5	0.678268	1  	0.161614
2  	344  	3        	3       	0.5	0.672107	0.767158	0.0799787            	0.5	0.669387	1  	0.145216
3  	337  	3        	3       	0.5	0.672107	0.767158	0.0799787            	0.5	0.669387	1  	0.145216
4  	327  	3        	3       	0.5	0.672107	0.767158	0.0799787            	0.5	0.669387	1  	0.145216
5  	343  	3        	3       	0.5	0.672107	0.767158	0.0799787            	0.5	0.669387	1  	0.145216
6  	339  	3        	3       	0.5	0.672107	0.767158	0.0799787            	0.5	0.669387	1  	0.145216
7  	349  	3        	3       	0.5	0.672107	0.767158	0.0799787            	0.5	0.669387	1  	0.145216
8  	341  	3        	3       	0.5	0.672107	0.767158	0.0799787            	0.5	0.669387	1  	0.145216
9  	336  	3        	3       	0.5	0.672107	0.767158	0.0799787            	0.5	0.669387	1  	0.145216
10 	348  	3        	3       	0.5	0.672107	0.767158	0.0799787            	0.5	0.669387	1  	0.145216
11 	345  	3        	3       	0.5	0.672107	0.767158	0.0799787            	0.5	0.669387	1  	0.145216
12 	341  	3        	3       	0.5	0.672107	0.767158	0.0799787            	0.5	0.669387	1  	0.145216
13 	340  	3        	3       	0.5	0.672107	0.767158	0.0799787            	0.5	0.669387	1  	0.145216
14 	335  	3        	3       	0.5	0.672107	0.767158	0.0799787            	0.5	0.669387	1  	0.145216
15 	339  	3        	3       	0.5	0.672107	0.767158	0.0799787            	0.5	0.669387	1  	0.145216
16 	332  	3        	3       	0.5	0.672107	0.767158	0.0799787            	0.5	0.669387	1  	0.145216
17 	378  	3        	3       	0.5	0.672107	0.767158	0.0799787            	0.5	0.669387	1  	0.145216
18 	345  	3        	3       	0.5	0.672107	0.767158	0.0799787            	0.5	0.669387	1  	0.145216
19 	321  	3        	3       	0.5	0.672107	0.767158	0.0799787            	0.5	0.669387	1  	0.145216
20 	324  	3        	3       	0.5	0.672107	0.767158	0.0799787            	0.5	0.669387	1  	0.145216
21 	334  	3        	3       	0.5	0.672107	0.767158	0.0799787            	0.5	0.669387	1  	0.145216
22 	345  	3        	3       	0.5	0.672107	0.767158	0.0799787            	0.5	0.669387	1  	0.145216
23 	351  	3        	3       	0.5	0.672107	0.767158	0.0799787            	0.5	0.669387	1  	0.145216
24 	309  	3        	3       	0.5	0.672107	0.767158	0.0799787            	0.5	0.669387	1  	0.145216
25 	341  	3        	3       	0.5	0.672107	0.767158	0.0799787            	0.5	0.669387	1  	0.145216
26 	325  	3        	3       	0.5	0.672107	0.767158	0.0799787            	0.5	0.669387	1  	0.145216
27 	333  	3        	3       	0.5	0.672107	0.767158	0.0799787            	0.5	0.669387	1  	0.145216
28 	336  	3        	3       	0.5	0.672107	0.767158	0.0799787            	0.5	0.669387	1  	0.145216
29 	342  	3        	3       	0.5	0.672107	0.767158	0.0799787            	0.5	0.669387	1  	0.145216
30 	341  	3        	3       	0.5	0.672107	0.767158	0.0799787            	0.5	0.669387	1  	0.145216
31 	337  	3        	3       	0.5	0.672107	0.767158	0.0799787            	0.5	0.669387	1  	0.145216
32 	328  	3        	3       	0.5	0.672107	0.767158	0.0799787            	0.5	0.669387	1  	0.145216
33 	335  	3        	3       	0.5	0.672107	0.767158	0.0799787            	0.5	0.669387	1  	0.145216
34 	340  	3        	3       	0.5	0.672107	0.767158	0.0799787            	0.5	0.669387	1  	0.145216
35 	345  	3        	3       	0.5	0.672107	0.767158	0.0799787            	0.5	0.669387	1  	0.145216
36 	331  	3        	3       	0.5	0.672107	0.767158	0.0799787            	0.5	0.669387	1  	0.145216
37 	349  	3        	3       	0.5	0.672107	0.767158	0.0799787            	0.5	0.669387	1  	0.145216
38 	348  	3        	3       	0.5	0.672107	0.767158	0.0799787            	0.5	0.669387	1  	0.145216
39 	338  	3        	3       	0.5	0.672107	0.767158	0.0799787            	0.5	0.669387	1  	0.145216
40 	345  	3        	3       	0.5	0.672107	0.767158	0.0799787            	0.5	0.669387	1  	0.145216
41 	330  	3        	3       	0.5	0.672107	0.767158	0.0799787            	0.5	0.669387	1  	0.145216
42 	321  	3        	3       	0.5	0.672107	0.767158	0.0799787            	0.5	0.669387	1  	0.145216
43 	323  	3        	3       	0.5	0.672107	0.767158	0.0799787            	0.5	0.669387	1  	0.145216
44 	359  	3        	3       	0.5	0.672107	0.767158	0.0799787            	0.5	0.669387	1  	0.145216
45 	324  	3        	3       	0.5	0.672107	0.767158	0.0799787            	0.5	0.669387	1  	0.145216
46 	333  	3        	3       	0.5	0.672107	0.767158	0.0799787            	0.5	0.669387	1  	0.145216
47 	338  	3        	3       	0.5	0.672107	0.767158	0.0799787            	0.5	0.669387	1  	0.145216
48 	348  	3        	3       	0.5	0.672107	0.767158	0.0799787            	0.5	0.669387	1  	0.145216
49 	342  	3        	3       	0.5	0.672107	0.767158	0.0799787            	0.5	0.669387	1  	0.145216

ASSIGNING STRATA FOR MULTI-OUTCOME DATA KIRC_MV
Assigning strata for outcome named survival of type survival
Counts:
censored 0: 55
censored 1: 124
deceased 0: 36
deceased 1: 35
VIEW: LOG_MIRNA
   	     	         	        	   survival SKSurv Cox model concordance index   	                 root leanness                  
   	     	         	        	-------------------------------------------------	------------------------------------------------
gen	evals	gen_feats	explored	min	avg     	max     	std                  	min     	avg     	max	std     
0  	0    	99       	99      	0.5	0.734515	0.808629	0.059135             	0.229416	0.456739	1  	0.162512
1  	376  	163      	171     	0.5	0.734136	0.808629	0.0518061            	0.223607	0.413894	1  	0.134171
2  	380  	179      	192     	0.5	0.739427	0.808629	0.0470477            	0.223607	0.406825	1  	0.133704
3  	400  	178      	196     	0.5	0.741715	0.808629	0.0467173            	0.223607	0.406565	1  	0.13317 
4  	363  	179      	198     	0.5	0.743412	0.808629	0.0460224            	0.223607	0.404392	1  	0.132882
5  	388  	178      	198     	0.5	0.744559	0.808629	0.0454822            	0.223607	0.403288	1  	0.132499
6  	381  	175      	198     	0.5	0.745555	0.808629	0.0454567            	0.223607	0.401602	1  	0.132895
7  	355  	169      	199     	0.5	0.745978	0.808629	0.0453124            	0.223607	0.401993	1  	0.132636
8  	381  	174      	199     	0.5	0.74693 	0.808629	0.0448888            	0.223607	0.400764	1  	0.132372
9  	386  	170      	199     	0.5	0.747724	0.808629	0.044817             	0.223607	0.399105	1  	0.132483
10 	356  	166      	199     	0.5	0.748786	0.808629	0.0443459            	0.223607	0.39674 	1  	0.132051
11 	380  	178      	199     	0.5	0.749365	0.808629	0.0442807            	0.223607	0.396253	1  	0.132202
12 	362  	176      	199     	0.5	0.748877	0.808629	0.0448663            	0.223607	0.398577	1  	0.132816
13 	396  	171      	199     	0.5	0.750162	0.808629	0.0442301            	0.223607	0.395274	1  	0.132461
14 	371  	178      	199     	0.5	0.750274	0.808629	0.0444237            	0.223607	0.395237	1  	0.133036
15 	373  	179      	199     	0.5	0.751221	0.808629	0.0439221            	0.223607	0.392682	1  	0.132528
16 	388  	180      	199     	0.5	0.75148 	0.808629	0.0440163            	0.229416	0.393218	1  	0.132086
17 	374  	169      	199     	0.5	0.751973	0.808629	0.0440667            	0.223607	0.391981	1  	0.132469
18 	395  	175      	199     	0.5	0.751989	0.808629	0.0442212            	0.229416	0.393273	1  	0.132103
19 	369  	177      	199     	0.5	0.752214	0.808629	0.0442836            	0.229416	0.393042	1  	0.132192
20 	374  	177      	199     	0.5	0.753165	0.808629	0.0438928            	0.229416	0.390077	1  	0.131963
21 	376  	169      	199     	0.5	0.753517	0.808629	0.0439796            	0.223607	0.389104	1  	0.132424
22 	373  	171      	199     	0.5	0.754344	0.808629	0.0435442            	0.223607	0.386573	1  	0.132038
23 	386  	181      	199     	0.5	0.754553	0.808629	0.0436161            	0.218218	0.38645 	1  	0.132153
24 	377  	174      	199     	0.5	0.754751	0.808629	0.0437086            	0.218218	0.386321	1  	0.132294
25 	386  	177      	199     	0.5	0.755008	0.808629	0.0437606            	0.218218	0.385927	1  	0.132235
26 	366  	173      	199     	0.5	0.754964	0.808629	0.0438181            	0.218218	0.386473	1  	0.132168
27 	367  	168      	199     	0.5	0.755046	0.808629	0.0437987            	0.218218	0.386511	1  	0.132113
28 	385  	181      	199     	0.5	0.755019	0.808629	0.0439537            	0.218218	0.387122	1  	0.132309
29 	378  	175      	199     	0.5	0.755089	0.808629	0.0439855            	0.218218	0.387263	1  	0.132164
30 	367  	177      	199     	0.5	0.755471	0.808629	0.0440063            	0.218218	0.385982	1  	0.132544
31 	365  	180      	199     	0.5	0.756518	0.808629	0.0436244            	0.218218	0.382736	1  	0.132341
32 	372  	167      	199     	0.5	0.756949	0.808629	0.0437635            	0.223607	0.381434	1  	0.132937
33 	384  	179      	199     	0.5	0.757999	0.808629	0.0433417            	0.223607	0.378132	1  	0.132713
34 	361  	174      	199     	0.5	0.758894	0.808629	0.0429396            	0.218218	0.375089	1  	0.132511
35 	383  	183      	199     	0.5	0.7591  	0.808629	0.0430288            	0.218218	0.375147	1  	0.132475
36 	388  	188      	199     	0.5	0.759321	0.808629	0.0431083            	0.223607	0.375059	1  	0.132543
37 	394  	182      	199     	0.5	0.759508	0.808629	0.0431928            	0.223607	0.374868	1  	0.132684
38 	371  	168      	199     	0.5	0.759738	0.808629	0.0433141            	0.218218	0.374562	1  	0.132985
39 	383  	176      	199     	0.5	0.75994 	0.808629	0.0434073            	0.218218	0.37387 	1  	0.133389
40 	375  	176      	199     	0.5	0.76074 	0.808629	0.0431196            	0.218218	0.371999	1  	0.132844
41 	373  	171      	199     	0.5	0.761271	0.808629	0.0431314            	0.218218	0.370808	1  	0.132833
42 	382  	176      	199     	0.5	0.761491	0.808629	0.0431377            	0.218218	0.370633	1  	0.132702
43 	377  	177      	199     	0.5	0.761759	0.808629	0.0432236            	0.213201	0.369847	1  	0.133034
44 	391  	179      	199     	0.5	0.762662	0.808629	0.0427988            	0.213201	0.367446	1  	0.132303
45 	396  	183      	199     	0.5	0.762802	0.808629	0.042888             	0.213201	0.367443	1  	0.132322
46 	383  	181      	199     	0.5	0.762901	0.808629	0.0429195            	0.213201	0.367565	1  	0.132224
47 	375  	165      	199     	0.5	0.763034	0.808629	0.0429981            	0.213201	0.367695	1  	0.132123
48 	373  	179      	199     	0.5	0.76317 	0.808629	0.0430279            	0.213201	0.367353	1  	0.132413
49 	389  	175      	199     	0.5	0.763959	0.808629	0.0430544            	0.213201	0.364439	1  	0.132898

STARTING MASTER RUNNER RESAMPLING
Generations completed = 7
Generations completed = 17
Generations completed = 27
Generations completed = 37
Generations completed = 47
MASTER
   	     	         	        	       survival SKSurv Cox model concordance index       	                      root leanness                      
   	     	         	        	---------------------------------------------------------	---------------------------------------------------------
gen	evals	gen_feats	explored	min     	avg     	max     	std             	min     	avg     	max     	std      
0  	500  	133      	133     	0.6259  	0.760323	0.819429	0.0348594       	0.204124	0.32822 	0.707107	0.0977936
1  	389  	128      	141     	0.6259  	0.772263	0.819429	0.03193         	0.208514	0.357385	0.707107	0.0997022
2  	402  	117      	143     	0.6259  	0.777955	0.819429	0.0335864       	0.208514	0.365153	0.707107	0.103343 
3  	407  	118      	144     	0.6259  	0.779416	0.819429	0.0358205       	0.208514	0.374782	0.707107	0.108344 
4  	409  	115      	144     	0.6259  	0.780903	0.819429	0.0373449       	0.208514	0.377607	0.707107	0.11002  
5  	420  	122      	145     	0.621681	0.782356	0.819429	0.0370756       	0.208514	0.380416	0.707107	0.113833 
6  	417  	122      	145     	0.5     	0.783157	0.819429	0.0386927       	0.208514	0.381017	1       	0.118331 
7  	417  	117      	145     	0.5     	0.784433	0.819429	0.0383474       	0.208514	0.38039 	1       	0.118921 
8  	416  	121      	145     	0.5     	0.784663	0.819429	0.0389477       	0.208514	0.382174	1       	0.120308 
9  	411  	122      	145     	0.5     	0.784085	0.819429	0.0405374       	0.213201	0.384899	1       	0.122502 
10 	400  	120      	145     	0.5     	0.784005	0.820629	0.0415243       	0.213201	0.386081	1       	0.124333 
11 	405  	116      	145     	0.5     	0.784697	0.820629	0.0413558       	0.213201	0.384347	1       	0.124354 
12 	406  	119      	145     	0.5     	0.784604	0.820629	0.0418476       	0.213201	0.385062	1       	0.125077 
13 	413  	120      	145     	0.5     	0.784597	0.820629	0.0422168       	0.213201	0.385302	1       	0.12552  
14 	393  	124      	145     	0.5     	0.784592	0.820629	0.0422502       	0.213201	0.38577 	1       	0.125827 
15 	396  	115      	145     	0.5     	0.78478 	0.820629	0.0422528       	0.213201	0.385402	1       	0.125762 
16 	404  	117      	145     	0.5     	0.784803	0.820629	0.0423148       	0.213201	0.385492	1       	0.125868 
17 	414  	122      	145     	0.5     	0.785086	0.820629	0.0421396       	0.213201	0.384748	1       	0.125628 
18 	409  	120      	145     	0.5     	0.785221	0.820629	0.0421003       	0.213201	0.384617	1       	0.125512 
19 	412  	125      	145     	0.5     	0.785241	0.820629	0.0421049       	0.213201	0.384592	1       	0.125531 
20 	411  	117      	145     	0.5     	0.785287	0.820629	0.0420631       	0.213201	0.384579	1       	0.125548 
21 	407  	119      	145     	0.5     	0.7853  	0.820629	0.0420678       	0.213201	0.384481	1       	0.12562  
22 	421  	119      	145     	0.5     	0.784958	0.820629	0.0426289       	0.213201	0.385292	1       	0.126389 
23 	400  	125      	145     	0.5     	0.78497 	0.820629	0.0426303       	0.213201	0.385292	1       	0.126389 
24 	403  	118      	145     	0.5     	0.785019	0.820629	0.0426492       	0.213201	0.385142	1       	0.126496 
25 	396  	117      	145     	0.5     	0.784704	0.820629	0.0432627       	0.213201	0.385849	1       	0.127303 
26 	400  	121      	145     	0.5     	0.78445 	0.820629	0.043889        	0.213201	0.385975	1       	0.128261 
27 	400  	116      	145     	0.5     	0.784035	0.820629	0.0446225       	0.213201	0.386942	1       	0.129565 
28 	407  	117      	145     	0.5     	0.783796	0.820629	0.0450735       	0.213201	0.387356	1       	0.130255 
29 	408  	123      	145     	0.5     	0.783801	0.820629	0.0450751       	0.213201	0.387356	1       	0.130255 
30 	415  	120      	145     	0.5     	0.78381 	0.820629	0.0450772       	0.213201	0.387356	1       	0.130255 
31 	408  	114      	145     	0.5     	0.78381 	0.820629	0.0450772       	0.213201	0.387356	1       	0.130255 
32 	413  	120      	145     	0.5     	0.783813	0.820629	0.0450785       	0.213201	0.387356	1       	0.130255 
33 	399  	117      	145     	0.5     	0.783813	0.820629	0.0450785       	0.213201	0.387356	1       	0.130255 
34 	412  	123      	145     	0.5     	0.783834	0.820629	0.0450488       	0.213201	0.387356	1       	0.130255 
35 	404  	122      	145     	0.5     	0.783834	0.820629	0.0450488       	0.213201	0.387356	1       	0.130255 
36 	407  	118      	145     	0.5     	0.783834	0.820629	0.0450488       	0.213201	0.387356	1       	0.130255 
37 	406  	114      	145     	0.5     	0.783834	0.820629	0.0450488       	0.213201	0.387356	1       	0.130255 
38 	408  	115      	145     	0.5     	0.783834	0.820629	0.0450488       	0.213201	0.387356	1       	0.130255 
39 	394  	121      	145     	0.5     	0.783859	0.820629	0.0450386       	0.213201	0.387356	1       	0.130255 
40 	397  	122      	145     	0.5     	0.783859	0.820629	0.0450386       	0.213201	0.387356	1       	0.130255 
41 	412  	123      	145     	0.5     	0.783859	0.820629	0.0450386       	0.213201	0.387356	1       	0.130255 
42 	407  	113      	145     	0.5     	0.783673	0.820629	0.0451678       	0.213201	0.387908	1       	0.130474 
43 	400  	123      	145     	0.5     	0.783685	0.820629	0.0451487       	0.213201	0.387908	1       	0.130474 
44 	421  	122      	145     	0.5     	0.783685	0.820629	0.0451487       	0.213201	0.387908	1       	0.130474 
45 	421  	129      	145     	0.5     	0.783831	0.820629	0.0450337       	0.213201	0.387569	1       	0.130202 
46 	424  	122      	145     	0.5     	0.783772	0.820629	0.0450516       	0.213201	0.387753	1       	0.130295 
47 	398  	117      	145     	0.5     	0.783832	0.820629	0.0450337       	0.213201	0.387569	1       	0.130202 
48 	399  	123      	145     	0.5     	0.783685	0.820629	0.0451487       	0.213201	0.387908	1       	0.130474 
49 	410  	123      	145     	0.5     	0.783775	0.820629	0.0450499       	0.213201	0.387753	1       	0.130295 

CURRENT HALLS OF FAME

PARETO FRONT
Number of solutions = 11
(0.8206288029202836, 0.24253562503633297) 16 features: [0_age_at_initial_pathologic_diagnosis, 0_ajcc_pathologic_tumor_stage_Stage IV, 1_hsa.miR.1229.3p, 1_hsa.miR.124.3p, 1_hsa.miR.1291, 1_hsa.miR.18a.5p, 1_hsa.miR.194.3p, 1_hsa.miR.222.5p, 1_hsa.miR.24.1.5p, 1_hsa.miR.27b.3p, 1_hsa.miR.3614.5p, 1_hsa.miR.3922.3p, 1_hsa.miR.511.5p, 1_hsa.miR.590.3p, 1_hsa.miR.616.5p, 1_hsa.miR.671.3p]
(0.819429288705261, 0.31622776601683794) 9 features: [0_age_at_initial_pathologic_diagnosis, 0_ajcc_pathologic_tumor_stage_Stage IV, 1_hsa.miR.1229.3p, 1_hsa.miR.18a.5p, 1_hsa.miR.24.1.5p, 1_hsa.miR.27b.3p, 1_hsa.miR.511.5p, 1_hsa.miR.616.5p, 1_hsa.miR.671.3p]
(0.818994963586284, 0.3333333333333333) 8 features: [0_age_at_initial_pathologic_diagnosis, 0_ajcc_pathologic_tumor_stage_Stage IV, 1_hsa.miR.1229.3p, 1_hsa.miR.18a.5p, 1_hsa.miR.24.1.5p, 1_hsa.miR.3922.3p, 1_hsa.miR.511.5p, 1_hsa.miR.616.5p]
(0.8153286194026726, 0.3535533905932738) 7 features: [0_age_at_initial_pathologic_diagnosis, 0_ajcc_pathologic_tumor_stage_Stage IV, 1_hsa.miR.10b.3p, 1_hsa.miR.1229.3p, 1_hsa.miR.194.3p, 1_hsa.miR.296.5p, 1_hsa.miR.95.3p]
(0.8126733436838087, 0.3779644730092272) 6 features: [0_age_at_initial_pathologic_diagnosis, 0_ajcc_pathologic_tumor_stage_Stage IV, 1_hsa.miR.1229.3p, 1_hsa.miR.194.3p, 1_hsa.miR.296.5p, 1_hsa.miR.616.3p]
(0.8032211235474741, 0.408248290463863) 5 features: [0_age_at_initial_pathologic_diagnosis, 0_ajcc_pathologic_tumor_stage_Stage IV, 1_hsa.miR.18a.5p, 1_hsa.miR.194.3p, 1_hsa.miR.616.3p]
(0.7982138521220586, 0.4472135954999579) 4 features: [0_age_at_initial_pathologic_diagnosis, 0_ajcc_pathologic_tumor_stage_Stage IV, 1_hsa.miR.21.5p, 1_hsa.miR.3922.3p]
(0.7896064669611871, 0.5) [0_ajcc_pathologic_tumor_stage_Stage IV, 1_hsa.miR.21.5p, 1_hsa.miR.616.5p]
(0.7655372228702128, 0.5773502691896257) [0_ajcc_pathologic_tumor_stage_Stage IV, 1_hsa.miR.21.5p]
(0.6809820199927156, 0.7071067811865476) [1_hsa.miR.92b.3p]
(0.5, 1.0) []
Features in hall of fame by prevalence:
22 features: [0_ajcc_pathologic_tumor_stage_Stage IV, 0_age_at_initial_pathologic_diagnosis, 1_hsa.miR.1229.3p, 1_hsa.miR.18a.5p, 1_hsa.miR.194.3p, 1_hsa.miR.616.5p, 1_hsa.miR.21.5p, 1_hsa.miR.24.1.5p, 1_hsa.miR.3922.3p, 1_hsa.miR.511.5p, 1_hsa.miR.27b.3p, 1_hsa.miR.296.5p, 1_hsa.miR.616.3p, 1_hsa.miR.671.3p, 1_hsa.miR.10b.3p, 1_hsa.miR.124.3p, 1_hsa.miR.1291, 1_hsa.miR.222.5p, 1_hsa.miR.3614.5p, 1_hsa.miR.590.3p, 1_hsa.miR.92b.3p, 1_hsa.miR.95.3p]

LAST POPULATION
Number of solutions = 500
Features in hall of fame by prevalence:
111 features: [0_ajcc_pathologic_tumor_stage_Stage IV, 0_age_at_initial_pathologic_diagnosis, 1_hsa.miR.194.3p, 1_hsa.miR.1229.3p, 1_hsa.miR.616.5p, 1_hsa.miR.3922.3p, 1_hsa.miR.3614.5p, 1_hsa.miR.24.1.5p, 1_hsa.miR.18a.5p, 1_hsa.miR.34c.5p, 1_hsa.miR.511.5p, 1_hsa.miR.10a.5p, 1_hsa.miR.27b.3p, 1_hsa.miR.1291, 1_hsa.miR.590.3p, 1_hsa.miR.10b.3p, 1_hsa.miR.513c.3p, 1_hsa.miR.616.3p, 1_hsa.miR.222.5p, 1_hsa.miR.671.3p, 0_ajcc_pathologic_tumor_stage_Stage I, 1_hsa.miR.296.5p, 1_hsa.miR.95.3p, 1_hsa.miR.21.5p, 1_hsa.miR.126.5p, 1_hsa.miR.3678.5p, 1_hsa.miR.1269a, 1_hsa.miR.21.3p, 1_hsa.miR.9.5p, 1_hsa.miR.126.3p, 1_hsa.miR.223.3p, 1_hsa.miR.130b.3p, 1_hsa.miR.149.3p, 1_hsa.miR.34c.3p, 1_hsa.miR.99b.5p, 1_hsa.miR.138.5p, 1_hsa.miR.191.5p, 1_hsa.miR.335.5p, 1_hsa.miR.380.3p, 1_hsa.miR.539.3p, 1_hsa.miR.182.5p, 1_hsa.miR.5586.5p, 1_hsa.miR.124.3p, 1_hsa.miR.425.3p, 1_hsa.miR.7702, 1_hsa.miR.154.3p, 1_hsa.miR.92b.3p, 1_hsa.miR.96.5p, 1_hsa.miR.10b.5p, 1_hsa.miR.1307.3p, 1_hsa.miR.139.5p, 1_hsa.miR.517b.3p, 1_hsa.miR.18a.3p, 1_hsa.miR.204.5p, 1_hsa.miR.296.3p, 1_hsa.miR.335.3p, 1_hsa.miR.6503.5p, 1_hsa.miR.6892.5p, 1_hsa.miR.1228.3p, 1_hsa.miR.1293, 1_hsa.miR.130b.5p, 1_hsa.miR.146b.5p, 1_hsa.miR.19b.3p, 1_hsa.miR.20a.5p, 1_hsa.miR.222.3p, 1_hsa.miR.29a.5p, 1_hsa.miR.423.3p, 1_hsa.miR.487a.3p, 1_hsa.miR.502.3p, 1_hsa.miR.671.5p, 1_hsa.miR.766.3p, 1_hsa.miR.518c.3p, 1_hsa.let.7b.3p, 1_hsa.miR.139.3p, 1_hsa.miR.149.5p, 1_hsa.miR.155.5p, 1_hsa.miR.224.5p, 1_hsa.miR.22.5p, 1_hsa.miR.29b.3p, 1_hsa.miR.30e.3p, 1_hsa.miR.4326, 1_hsa.miR.548f.3p, 1_hsa.miR.550a.3p, 1_hsa.miR.6715b.3p, 1_hsa.miR.9.3p, 1_hsa.miR.517a.3p, 1_hsa.let.7b.5p, 1_hsa.miR.105.5p, 1_hsa.miR.1248, 1_hsa.miR.142.3p, 1_hsa.miR.142.5p, 1_hsa.miR.146a.3p, 1_hsa.miR.146b.3p, 1_hsa.miR.17.5p, 1_hsa.miR.221.3p, 1_hsa.miR.221.5p, 1_hsa.miR.30a.3p, 1_hsa.miR.30c.2.3p, 1_hsa.miR.331.5p, 1_hsa.miR.3615, 1_hsa.miR.3648, 1_hsa.miR.379.3p, 1_hsa.miR.381.3p, 1_hsa.miR.425.5p, 1_hsa.miR.4677.3p, 1_hsa.miR.484, 1_hsa.miR.576.5p, 1_hsa.miR.519a.5p, 1_hsa.miR.520a.3p, 1_hsa.miR.520c.3p, 1_hsa.miR.525.5p]

BEST SUMS WITH SIZE 50
Number of solutions = 50
Features in hall of fame by prevalence:
37 features: [0_ajcc_pathologic_tumor_stage_Stage IV, 0_age_at_initial_pathologic_diagnosis, 1_hsa.miR.130b.3p, 1_hsa.miR.139.3p, 1_hsa.miR.146b.5p, 1_hsa.miR.18a.5p, 1_hsa.miR.21.3p, 1_hsa.miR.21.5p, 1_hsa.miR.222.3p, 1_hsa.miR.296.5p, 1_hsa.miR.29a.5p, 1_hsa.miR.616.5p, 1_hsa.miR.92b.3p, 0_ajcc_pathologic_tumor_stage_Stage I, 1_hsa.miR.10b.3p, 1_hsa.miR.10b.5p, 1_hsa.miR.1228.3p, 1_hsa.miR.139.5p, 1_hsa.miR.149.5p, 1_hsa.miR.194.3p, 1_hsa.miR.204.5p, 1_hsa.miR.223.3p, 1_hsa.miR.22.5p, 1_hsa.miR.23b.3p, 1_hsa.miR.296.3p, 1_hsa.miR.29b.3p, 1_hsa.miR.335.3p, 1_hsa.miR.34c.3p, 1_hsa.miR.34c.5p, 1_hsa.miR.3922.3p, 1_hsa.miR.425.3p, 1_hsa.miR.4326, 1_hsa.miR.511.5p, 1_hsa.miR.5586.5p, 1_hsa.miR.671.5p, 1_hsa.miR.7702, 1_hsa.miR.96.5p]

BEST SUMS WITH SIZE 100
Number of solutions = 100
Features in hall of fame by prevalence:
40 features: [0_ajcc_pathologic_tumor_stage_Stage IV, 0_ajcc_pathologic_tumor_stage_Stage I, 1_hsa.miR.10b.3p, 1_hsa.miR.21.5p, 0_age_at_initial_pathologic_diagnosis, 1_hsa.miR.223.3p, 1_hsa.miR.296.5p, 1_hsa.miR.3922.3p, 1_hsa.miR.616.5p, 1_hsa.miR.10b.5p, 1_hsa.miR.130b.3p, 1_hsa.miR.18a.5p, 1_hsa.miR.194.3p, 1_hsa.miR.21.3p, 1_hsa.miR.222.3p, 1_hsa.miR.425.3p, 1_hsa.miR.671.5p, 1_hsa.miR.92b.3p, 1_hsa.miR.1228.3p, 1_hsa.miR.138.5p, 1_hsa.miR.139.3p, 1_hsa.miR.139.5p, 1_hsa.miR.146b.5p, 1_hsa.miR.149.5p, 1_hsa.miR.204.5p, 1_hsa.miR.22.5p, 1_hsa.miR.23b.3p, 1_hsa.miR.296.3p, 1_hsa.miR.29a.5p, 1_hsa.miR.29b.3p, 1_hsa.miR.335.3p, 1_hsa.miR.34c.3p, 1_hsa.miR.34c.5p, 1_hsa.miR.4326, 1_hsa.miR.511.5p, 1_hsa.miR.5586.5p, 1_hsa.miR.7702, 1_hsa.miR.96.5p, 1_hsa.miR.1229.3p, 1_hsa.miR.18a.3p]

STARTING CONCATENATED OPTIMIZATION
CONCATENATED
   	     	         	        	   survival SKSurv Cox model concordance index   	                 root leanness                  
   	     	         	        	-------------------------------------------------	------------------------------------------------
gen	evals	gen_feats	explored	min	avg     	max     	std                  	min     	avg     	max	std     
0  	0    	111      	111     	0.5	0.783775	0.820629	0.0450499            	0.213201	0.387753	1  	0.130295
1  	379  	172      	178     	0.5	0.782474	0.822811	0.050004             	0.218218	0.391719	1  	0.133432
2  	374  	178      	199     	0.5	0.783547	0.823239	0.0486994            	0.218218	0.392546	1  	0.133461
3  	391  	177      	200     	0.5	0.785392	0.823239	0.0480875            	0.218218	0.388378	1  	0.133504
4  	376  	173      	201     	0.5	0.786913	0.826239	0.0477518            	0.218218	0.384462	1  	0.133692
5  	394  	171      	201     	0.5	0.787569	0.826239	0.0480402            	0.218218	0.385625	1  	0.132876
6  	375  	170      	202     	0.5	0.787277	0.826239	0.048835             	0.218218	0.388498	1  	0.133297
7  	377  	170      	202     	0.5	0.788388	0.828892	0.0485634            	0.218218	0.386675	1  	0.132945
8  	374  	174      	202     	0.5	0.789168	0.831603	0.0486924            	0.218218	0.38455 	1  	0.133462
9  	374  	181      	202     	0.5	0.790347	0.831603	0.0482618            	0.218218	0.382212	1  	0.132772
10 	379  	176      	202     	0.5	0.790007	0.831603	0.0493443            	0.218218	0.384341	1  	0.133473
11 	379  	181      	202     	0.5	0.791148	0.831603	0.0485514            	0.218218	0.382513	1  	0.132578
12 	390  	181      	202     	0.5	0.792147	0.831603	0.0481672            	0.213201	0.379214	1  	0.133296
13 	370  	179      	202     	0.5	0.791915	0.831603	0.0489466            	0.213201	0.381719	1  	0.133372
14 	362  	175      	202     	0.5	0.792417	0.831603	0.0491653            	0.213201	0.380928	1  	0.133724
15 	379  	183      	202     	0.5	0.793442	0.831603	0.0485575            	0.213201	0.378137	1  	0.133234
16 	372  	175      	202     	0.5	0.793683	0.831857	0.0486754            	0.213201	0.378734	1  	0.132714
17 	368  	175      	202     	0.5	0.792928	0.831857	0.0497126            	0.213201	0.382278	1  	0.132823
18 	378  	180      	202     	0.5	0.793913	0.831857	0.04959              	0.213201	0.379714	1  	0.133327
19 	372  	175      	202     	0.5	0.794775	0.831857	0.0491618            	0.213201	0.377431	1  	0.133267
20 	376  	175      	202     	0.5	0.795778	0.831857	0.0486559            	0.213201	0.375189	1  	0.132479
21 	383  	183      	202     	0.5	0.79626 	0.831857	0.048877             	0.218218	0.374849	1  	0.132434
22 	379  	180      	202     	0.5	0.796644	0.841532	0.0489522            	0.218218	0.375237	1  	0.132215
23 	382  	175      	202     	0.5	0.797044	0.8434  	0.04918              	0.218218	0.375544	1  	0.132041
24 	387  	171      	202     	0.5	0.797356	0.8434  	0.0493366            	0.218218	0.375721	1  	0.131967
25 	378  	188      	202     	0.5	0.797693	0.8434  	0.0494709            	0.208514	0.375594	1  	0.132039
26 	369  	181      	202     	0.5	0.798046	0.8434  	0.0496112            	0.208514	0.374545	1  	0.132603
27 	374  	184      	202     	0.5	0.799101	0.8434  	0.0490288            	0.208514	0.371791	1  	0.132041
28 	380  	170      	202     	0.5	0.799529	0.8434  	0.0492401            	0.208514	0.370915	1  	0.132643
29 	382  	183      	202     	0.5	0.800778	0.8434  	0.0487433            	0.208514	0.367452	1  	0.132377
30 	378  	179      	202     	0.5	0.8011  	0.8434  	0.0488885            	0.208514	0.367007	1  	0.132789
31 	384  	178      	202     	0.5	0.802495	0.8434  	0.0484211            	0.208514	0.36276 	1  	0.132853
32 	373  	188      	202     	0.5	0.80323 	0.8434  	0.0485351            	0.208514	0.360208	1  	0.133489
33 	376  	185      	202     	0.5	0.803352	0.8434  	0.0488445            	0.208514	0.360806	1  	0.134023
34 	366  	175      	202     	0.5	0.80507 	0.8434  	0.0482074            	0.208514	0.354969	1  	0.133817
35 	374  	180      	202     	0.5	0.806014	0.844283	0.047798             	0.204124	0.352577	1  	0.133852
36 	371  	188      	202     	0.5	0.807259	0.845893	0.0471975            	0.204124	0.348546	1  	0.133477
37 	387  	174      	202     	0.5	0.808278	0.845893	0.0473395            	0.2     	0.344794	1  	0.134203
38 	388  	180      	202     	0.5	0.808942	0.845893	0.0467908            	0.196116	0.343439	1  	0.133642
39 	387  	175      	202     	0.5	0.809621	0.845893	0.0468267            	0.196116	0.340832	1  	0.134113
40 	376  	179      	202     	0.5	0.810524	0.852733	0.0462887            	0.19245 	0.338762	1  	0.133376
41 	376  	183      	202     	0.5	0.810739	0.852733	0.0463665            	0.19245 	0.338924	1  	0.13329 
42 	380  	190      	202     	0.5	0.812213	0.854731	0.045794             	0.19245 	0.333983	1  	0.133053
43 	393  	189      	202     	0.5	0.812452	0.854731	0.0459064            	0.19245 	0.333524	1  	0.133363
44 	371  	178      	202     	0.5	0.81262 	0.854731	0.0459925            	0.196116	0.333641	1  	0.133252
45 	373  	185      	202     	0.5	0.812889	0.854731	0.0461462            	0.196116	0.333704	1  	0.133231
46 	371  	187      	202     	0.5	0.813052	0.854731	0.0462364            	0.196116	0.334389	1  	0.132717
47 	384  	173      	202     	0.5	0.81341 	0.854731	0.0464069            	0.19245 	0.333513	1  	0.133378
48 	389  	184      	202     	0.5	0.81363 	0.854731	0.0465271            	0.19245 	0.333756	1  	0.133193
49 	392  	178      	202     	0.5	0.81392 	0.857612	0.0466988            	0.19245 	0.333792	1  	0.133215
50 	370  	182      	202     	0.5	0.814289	0.857612	0.0468406            	0.19245 	0.332764	1  	0.133454
51 	382  	175      	202     	0.5	0.81487 	0.857612	0.0468713            	0.19245 	0.331883	1  	0.133005
52 	350  	180      	202     	0.5	0.815623	0.857612	0.0462039            	0.19245 	0.330241	1  	0.131747
53 	367  	175      	202     	0.5	0.815818	0.857612	0.0463151            	0.19245 	0.33014 	1  	0.131826
54 	375  	176      	202     	0.5	0.816031	0.857612	0.0464179            	0.19245 	0.330219	1  	0.131756
55 	384  	179      	202     	0.5	0.816244	0.857612	0.0465264            	0.188982	0.329836	1  	0.132016
56 	383  	181      	202     	0.5	0.81644 	0.857612	0.0466367            	0.188982	0.329994	1  	0.131959
57 	398  	180      	202     	0.5	0.816611	0.857612	0.0467241            	0.188982	0.330204	1  	0.131794
58 	378  	176      	202     	0.5	0.816885	0.857612	0.0468481            	0.188982	0.329913	1  	0.131996
59 	399  	185      	202     	0.5	0.817163	0.857612	0.0470108            	0.188982	0.329748	1  	0.132147
60 	380  	182      	202     	0.5	0.81786 	0.857612	0.0471726            	0.188982	0.327599	1  	0.13261 
61 	369  	184      	202     	0.5	0.818049	0.857612	0.0471623            	0.19245 	0.327721	1  	0.132308
62 	372  	171      	202     	0.5	0.81792 	0.857612	0.0476336            	0.19245 	0.328545	1  	0.13277 
63 	392  	182      	202     	0.5	0.819385	0.857612	0.0467696            	0.185695	0.32481 	1  	0.131633
64 	402  	179      	202     	0.5	0.819598	0.857612	0.0468839            	0.185695	0.32493 	1  	0.13153 
65 	379  	176      	202     	0.5	0.819772	0.857612	0.0469644            	0.185695	0.324948	1  	0.131504
66 	361  	170      	202     	0.5	0.819995	0.865119	0.0470935            	0.185695	0.325174	1  	0.131323
67 	377  	183      	202     	0.5	0.820193	0.865119	0.0472135            	0.185695	0.325143	1  	0.131341
68 	382  	178      	202     	0.5	0.820361	0.870172	0.0473261            	0.185695	0.325455	1  	0.131103
69 	363  	173      	202     	0.5	0.819544	0.870172	0.0484392            	0.19245 	0.328532	1  	0.132619
70 	374  	186      	202     	0.5	0.820809	0.870172	0.0475896            	0.19245 	0.325391	1  	0.131184
71 	386  	179      	202     	0.5	0.821005	0.870172	0.0476911            	0.19245 	0.325578	1  	0.131022
72 	380  	179      	202     	0.5	0.820079	0.870172	0.0487519            	0.19245 	0.328845	1  	0.132376
73 	380  	182      	202     	0.5	0.821316	0.870172	0.047855             	0.19245 	0.325675	1  	0.13094 
74 	386  	173      	202     	0.5	0.821577	0.870172	0.0479841            	0.19245 	0.325366	1  	0.131101
75 	384  	182      	202     	0.5	0.821742	0.870172	0.0480795            	0.19245 	0.325395	1  	0.131087
76 	381  	178      	202     	0.5	0.821937	0.870172	0.0481228            	0.196116	0.325468	1  	0.131012
77 	386  	185      	202     	0.5	0.82215 	0.870172	0.048221             	0.196116	0.325187	1  	0.131211
78 	381  	181      	202     	0.5	0.822366	0.870172	0.0483493            	0.19245 	0.325061	1  	0.131268
79 	372  	182      	202     	0.5	0.822438	0.870172	0.0483771            	0.19245 	0.325429	1  	0.131089
80 	381  	179      	202     	0.5	0.822694	0.870172	0.0485227            	0.19245 	0.325301	1  	0.131215
81 	381  	182      	202     	0.5	0.822964	0.870172	0.0486778            	0.19245 	0.324952	1  	0.131432
82 	392  	180      	202     	0.5	0.823137	0.870172	0.0487673            	0.19245 	0.324691	1  	0.131537
83 	378  	178      	202     	0.5	0.823321	0.870172	0.0488715            	0.19245 	0.324868	1  	0.131498
84 	367  	176      	202     	0.5	0.823508	0.870172	0.0489843            	0.19245 	0.324779	1  	0.131547
85 	381  	178      	202     	0.5	0.823529	0.870172	0.0490044            	0.19245 	0.325188	1  	0.131297
86 	390  	187      	202     	0.5	0.823757	0.870172	0.0491428            	0.19245 	0.324944	1  	0.131485
87 	401  	174      	202     	0.5	0.823996	0.870172	0.0492535            	0.19245 	0.324537	1  	0.131723
88 	378  	176      	202     	0.5	0.824424	0.870172	0.0493622            	0.19245 	0.323564	1  	0.131822
89 	385  	185      	202     	0.5	0.825581	0.870172	0.0485859            	0.188982	0.320602	1  	0.130391
90 	387  	174      	202     	0.5	0.824646	0.870172	0.0497217            	0.188982	0.323509	1  	0.132106
91 	361  	171      	202     	0.5	0.825916	0.870172	0.0487965            	0.188982	0.320316	1  	0.130637
92 	361  	175      	202     	0.5	0.826192	0.870172	0.0489309            	0.185695	0.31991 	1  	0.130922
93 	396  	177      	202     	0.5	0.82655 	0.870172	0.0490683            	0.185695	0.319052	1  	0.131239
94 	388  	178      	202     	0.5	0.827917	0.870312	0.0483738            	0.185695	0.315527	1  	0.130033
95 	369  	171      	202     	0.5	0.827863	0.870312	0.048641             	0.185695	0.316169	1  	0.130376
96 	383  	180      	202     	0.5	0.827267	0.872145	0.0497164            	0.185695	0.317838	1  	0.131671
97 	370  	182      	202     	0.5	0.828056	0.872145	0.048749             	0.185695	0.316113	1  	0.130343
98 	390  	176      	202     	0.5	0.827162	0.872145	0.04966              	0.185695	0.318849	1  	0.131488
99 	377  	172      	202     	0.5	0.827567	0.872145	0.0497378            	0.185695	0.317844	1  	0.131719
Optimization on fold finished in 00-06:19:53

FEATURE SETS SELECTED

PARETO FRONT
Number of solutions = 22
Features in hall of fame by prevalence:
41 features: [0_ajcc_pathologic_tumor_stage_Stage IV, 0_age_at_initial_pathologic_diagnosis, 1_hsa.miR.1229.3p, 1_hsa.miR.194.3p, 1_hsa.miR.21.5p, 1_hsa.miR.511.5p, 1_hsa.miR.616.5p, 1_hsa.miR.10a.5p, 1_hsa.miR.671.3p, 1_hsa.miR.99b.5p, 1_hsa.miR.129.5p, 1_hsa.miR.142.3p, 1_hsa.miR.18a.3p, 1_hsa.miR.222.5p, 1_hsa.miR.3922.3p, 1_hsa.miR.877.5p, 1_hsa.miR.204.5p, 1_hsa.miR.616.3p, 1_hsa.miR.513c.3p, 1_hsa.miR.296.5p, 1_hsa.let.7i.5p, 1_hsa.miR.146a.3p, 1_hsa.miR.149.3p, 1_hsa.miR.215.5p, 1_hsa.miR.550a.3p, 1_hsa.miR.1291, 1_hsa.miR.138.5p, 1_hsa.miR.154.3p, 1_hsa.miR.155.5p, 1_hsa.miR.18a.5p, 1_hsa.miR.301b, 1_hsa.miR.380.3p, 1_hsa.miR.183.5p, 1_hsa.miR.19a.3p, 1_hsa.miR.335.5p, 1_hsa.miR.423.3p, 1_hsa.miR.485.3p, 1_hsa.miR.590.5p, 1_hsa.miR.92b.3p, 1_hsa.miR.518c.3p, 1_hsa.miR.520a.3p]

LAST POPULATION
Number of solutions = 500
Features in hall of fame by prevalence:
133 features: [0_ajcc_pathologic_tumor_stage_Stage IV, 0_age_at_initial_pathologic_diagnosis, 1_hsa.miR.1229.3p, 1_hsa.miR.616.5p, 1_hsa.miR.194.3p, 1_hsa.miR.511.5p, 1_hsa.miR.671.3p, 1_hsa.miR.10a.5p, 1_hsa.miR.21.5p, 1_hsa.miR.18a.3p, 1_hsa.miR.222.5p, 1_hsa.miR.129.5p, 1_hsa.miR.513c.3p, 1_hsa.miR.877.5p, 1_hsa.miR.99b.5p, 1_hsa.miR.3922.3p, 1_hsa.miR.142.3p, 1_hsa.miR.215.5p, 1_hsa.let.7i.5p, 1_hsa.miR.301b, 1_hsa.miR.149.3p, 1_hsa.miR.1291, 1_hsa.miR.550a.3p, 1_hsa.miR.146a.3p, 1_hsa.miR.296.5p, 1_hsa.miR.154.3p, 1_hsa.miR.155.5p, 1_hsa.miR.18a.5p, 1_hsa.miR.616.3p, 1_hsa.miR.590.5p, 1_hsa.miR.204.5p, 1_hsa.miR.3678.5p, 1_hsa.miR.380.3p, 1_hsa.miR.335.5p, 1_hsa.miR.24.1.5p, 1_hsa.miR.197.3p, 1_hsa.miR.423.3p, 1_hsa.miR.6718.5p, 1_hsa.miR.183.5p, 1_hsa.miR.139.3p, 1_hsa.miR.191.5p, 1_hsa.miR.101.3p, 1_hsa.miR.138.5p, 1_hsa.miR.10b.3p, 1_hsa.miR.425.3p, 1_hsa.miR.4677.3p, 1_hsa.miR.1269a, 1_hsa.miR.130b.3p, 1_hsa.miR.96.5p, 1_hsa.miR.190a.5p, 1_hsa.miR.21.3p, 1_hsa.miR.518c.3p, 1_hsa.miR.519a.5p, 1_hsa.miR.135b.5p, 1_hsa.miR.15b.3p, 1_hsa.miR.20b.5p, 1_hsa.miR.221.5p, 1_hsa.miR.27b.5p, 1_hsa.miR.34c.5p, 1_hsa.miR.541.5p, 1_hsa.miR.92b.3p, 1_hsa.miR.103a.2.5p, 1_hsa.miR.106a.5p, 1_hsa.miR.29a.3p, 1_hsa.miR.30e.3p, 1_hsa.miR.340.3p, 1_hsa.miR.342.5p, 1_hsa.miR.3651, 1_hsa.miR.485.3p, 1_hsa.miR.487a.3p, 1_hsa.miR.671.5p, 1_hsa.miR.7702, 1_hsa.miR.525.5p, 1_hsa.miR.125a.5p, 1_hsa.miR.1293, 1_hsa.miR.155.3p, 1_hsa.miR.181a.2.3p, 1_hsa.miR.20a.5p, 1_hsa.miR.221.3p, 1_hsa.miR.31.3p, 1_hsa.miR.3615, 1_hsa.miR.4326, 1_hsa.miR.502.3p, 1_hsa.miR.590.3p, 1_hsa.miR.6715b.3p, 1_hsa.miR.7.5p, 1_hsa.miR.95.3p, 1_hsa.miR.517b.3p, 1_hsa.miR.124.3p, 1_hsa.miR.130b.5p, 1_hsa.miR.137, 1_hsa.miR.139.5p, 1_hsa.miR.142.5p, 1_hsa.miR.146b.5p, 1_hsa.miR.153.3p, 1_hsa.miR.192.5p, 1_hsa.miR.193b.3p, 1_hsa.miR.199b.5p, 1_hsa.miR.19a.3p, 1_hsa.miR.202.5p, 1_hsa.miR.204.3p, 1_hsa.miR.222.3p, 1_hsa.miR.223.3p, 1_hsa.miR.296.3p, 1_hsa.miR.30c.2.3p, 1_hsa.miR.335.3p, 1_hsa.miR.548d.3p, 1_hsa.miR.576.5p, 1_hsa.miR.676.3p, 1_hsa.miR.7704, 0_ajcc_pathologic_tumor_stage_Stage I, 1_hsa.let.7b.3p, 1_hsa.let.7b.5p, 1_hsa.miR.10b.5p, 1_hsa.miR.1228.3p, 1_hsa.miR.143.3p, 1_hsa.miR.182.5p, 1_hsa.miR.22.5p, 1_hsa.miR.29a.5p, 1_hsa.miR.30a.3p, 1_hsa.miR.31.5p, 1_hsa.miR.34c.3p, 1_hsa.miR.376b.3p, 1_hsa.miR.376c.3p, 1_hsa.miR.379.3p, 1_hsa.miR.425.5p, 1_hsa.miR.5586.5p, 1_hsa.miR.627.5p, 1_hsa.miR.942.5p, 1_hsa.miR.516a.5p, 1_hsa.miR.517a.3p, 1_hsa.miR.519a.3p, 1_hsa.miR.520a.3p]

BEST SUMS WITH SIZE 50
Number of solutions = 50
Features in hall of fame by prevalence:
39 features: [0_ajcc_pathologic_tumor_stage_Stage IV, 0_age_at_initial_pathologic_diagnosis, 1_hsa.miR.130b.3p, 1_hsa.miR.139.3p, 1_hsa.miR.146b.5p, 1_hsa.miR.18a.5p, 1_hsa.miR.21.3p, 1_hsa.miR.21.5p, 1_hsa.miR.296.5p, 1_hsa.miR.29a.5p, 1_hsa.miR.92b.3p, 0_ajcc_pathologic_tumor_stage_Stage I, 1_hsa.miR.101.3p, 1_hsa.miR.10b.3p, 1_hsa.miR.10b.5p, 1_hsa.miR.1228.3p, 1_hsa.miR.139.5p, 1_hsa.miR.149.5p, 1_hsa.miR.194.3p, 1_hsa.miR.222.3p, 1_hsa.miR.223.3p, 1_hsa.miR.22.5p, 1_hsa.miR.296.3p, 1_hsa.miR.29b.3p, 1_hsa.miR.335.3p, 1_hsa.miR.34c.3p, 1_hsa.miR.34c.5p, 1_hsa.miR.365a.3p, 1_hsa.miR.3922.3p, 1_hsa.miR.425.3p, 1_hsa.miR.425.5p, 1_hsa.miR.4326, 1_hsa.miR.511.5p, 1_hsa.miR.5586.5p, 1_hsa.miR.616.5p, 1_hsa.miR.671.5p, 1_hsa.miR.7702, 1_hsa.miR.9.5p, 1_hsa.miR.96.5p]

BEST SUMS WITH SIZE 100
Number of solutions = 100
Features in hall of fame by prevalence:
77 features: [0_ajcc_pathologic_tumor_stage_Stage IV, 0_age_at_initial_pathologic_diagnosis, 1_hsa.miR.10b.3p, 1_hsa.miR.1228.3p, 1_hsa.miR.130b.3p, 1_hsa.miR.139.3p, 1_hsa.miR.146b.5p, 1_hsa.miR.149.5p, 1_hsa.miR.18a.5p, 1_hsa.miR.194.3p, 1_hsa.miR.21.3p, 1_hsa.miR.21.5p, 1_hsa.miR.222.3p, 1_hsa.miR.223.3p, 1_hsa.miR.296.5p, 1_hsa.miR.29a.5p, 1_hsa.miR.335.3p, 1_hsa.miR.34c.5p, 1_hsa.miR.425.3p, 1_hsa.miR.590.3p, 1_hsa.miR.616.5p, 1_hsa.miR.671.5p, 1_hsa.miR.92b.3p, 0_ajcc_pathologic_tumor_stage_Stage I, 1_hsa.miR.101.3p, 1_hsa.miR.101.5p, 1_hsa.miR.10a.5p, 1_hsa.miR.10b.5p, 1_hsa.miR.1269a, 1_hsa.miR.1307.3p, 1_hsa.miR.130b.5p, 1_hsa.miR.135b.5p, 1_hsa.miR.138.5p, 1_hsa.miR.139.5p, 1_hsa.miR.142.5p, 1_hsa.miR.146b.3p, 1_hsa.miR.151b, 1_hsa.miR.15b.3p, 1_hsa.miR.17.5p, 1_hsa.miR.181a.2.3p, 1_hsa.miR.183.5p, 1_hsa.miR.18a.3p, 1_hsa.miR.191.5p, 1_hsa.miR.193b.3p, 1_hsa.miR.194.5p, 1_hsa.miR.19a.3p, 1_hsa.miR.204.5p, 1_hsa.miR.20a.5p, 1_hsa.miR.221.3p, 1_hsa.miR.22.5p, 1_hsa.miR.23b.3p, 1_hsa.miR.24.1.5p, 1_hsa.miR.27b.5p, 1_hsa.miR.296.3p, 1_hsa.miR.29b.3p, 1_hsa.miR.30e.3p, 1_hsa.miR.331.5p, 1_hsa.miR.335.5p, 1_hsa.miR.34c.3p, 1_hsa.miR.3614.5p, 1_hsa.miR.3651, 1_hsa.miR.365a.3p, 1_hsa.miR.3922.3p, 1_hsa.miR.425.5p, 1_hsa.miR.4326, 1_hsa.miR.4677.3p, 1_hsa.miR.484, 1_hsa.miR.511.5p, 1_hsa.miR.550a.5p, 1_hsa.miR.5586.5p, 1_hsa.miR.576.5p, 1_hsa.miR.616.3p, 1_hsa.miR.625.3p, 1_hsa.miR.6718.5p, 1_hsa.miR.7702, 1_hsa.miR.9.5p, 1_hsa.miR.96.5p]
