
OPTIMIZING ON FOLD NUMBER 1
Number of workers = 80

COMPUTING LOCAL ACTIVE FEATURES
Computing active features for view clinic
Existing features: 7
Applying union strategy for feature selection using composite feature selector with
categorical: feature selector any na and anova
survival: feature selector Cox

Computing active features for outcome survival
Features selected for this outcome: 2
Features active in total: 2
Computing active features for view log_mirna
Existing features: 739
Applying union strategy for feature selection using composite feature selector with
categorical: feature selector any na and anova
survival: feature selector Cox

Computing active features for outcome survival
Features selected for this outcome: 179
Features active in total: 179
Computing feature importance
Running optimizer

STARTING 2-STEPS GENETIC ALGORITHM

CREATING INNER FOLDS

ASSIGNING STRATA FOR MULTI-OUTCOME DATA SARC_MV
Assigning strata for outcome named survival of type survival
Counts:
censored 0: 24
censored 1: 75
deceased 0: 28
deceased 1: 28

STARTING SWEEP NUMBER 1
folds_creator_seed = 4107908117

ASSIGNING STRATA FOR MULTI-OUTCOME DATA SARC_MV
Assigning strata for outcome named survival of type survival
Counts:
censored 0: 24
censored 1: 75
deceased 0: 28
deceased 1: 28
ga_runner_seed = 3091794638
VIEW: CLINIC
   	     	         	        	   survival SKSurv Cox model concordance index   	             root leanness              
   	     	         	        	-------------------------------------------------	----------------------------------------
gen	evals	gen_feats	explored	min	avg     	max     	std                  	min    	avg     	max	std     
0  	500  	2        	2       	0.5	0.571769	0.638057	0.0555857            	0.57735	0.759377	1  	0.174201
1  	278  	2        	2       	0.5	0.572703	0.638057	0.0489488            	0.57735	0.747891	1  	0.154895
2  	305  	2        	2       	0.5	0.572703	0.638057	0.0489488            	0.57735	0.747891	1  	0.154895
3  	314  	2        	2       	0.5	0.572703	0.638057	0.0489488            	0.57735	0.747891	1  	0.154895
4  	314  	2        	2       	0.5	0.572703	0.638057	0.0489488            	0.57735	0.747891	1  	0.154895
5  	304  	2        	2       	0.5	0.572703	0.638057	0.0489488            	0.57735	0.747891	1  	0.154895
6  	326  	2        	2       	0.5	0.572703	0.638057	0.0489488            	0.57735	0.747891	1  	0.154895
7  	308  	2        	2       	0.5	0.572703	0.638057	0.0489488            	0.57735	0.747891	1  	0.154895
8  	311  	2        	2       	0.5	0.572703	0.638057	0.0489488            	0.57735	0.747891	1  	0.154895
9  	321  	2        	2       	0.5	0.572703	0.638057	0.0489488            	0.57735	0.747891	1  	0.154895
10 	319  	2        	2       	0.5	0.572703	0.638057	0.0489488            	0.57735	0.747891	1  	0.154895
11 	310  	2        	2       	0.5	0.572703	0.638057	0.0489488            	0.57735	0.747891	1  	0.154895
12 	309  	2        	2       	0.5	0.572703	0.638057	0.0489488            	0.57735	0.747891	1  	0.154895
13 	304  	2        	2       	0.5	0.572703	0.638057	0.0489488            	0.57735	0.747891	1  	0.154895
14 	300  	2        	2       	0.5	0.572703	0.638057	0.0489488            	0.57735	0.747891	1  	0.154895
15 	323  	2        	2       	0.5	0.572703	0.638057	0.0489488            	0.57735	0.747891	1  	0.154895
16 	336  	2        	2       	0.5	0.572703	0.638057	0.0489488            	0.57735	0.747891	1  	0.154895
17 	298  	2        	2       	0.5	0.572703	0.638057	0.0489488            	0.57735	0.747891	1  	0.154895
18 	301  	2        	2       	0.5	0.572703	0.638057	0.0489488            	0.57735	0.747891	1  	0.154895
19 	305  	2        	2       	0.5	0.572703	0.638057	0.0489488            	0.57735	0.747891	1  	0.154895
20 	312  	2        	2       	0.5	0.572703	0.638057	0.0489488            	0.57735	0.747891	1  	0.154895
21 	292  	2        	2       	0.5	0.572703	0.638057	0.0489488            	0.57735	0.747891	1  	0.154895
22 	297  	2        	2       	0.5	0.572703	0.638057	0.0489488            	0.57735	0.747891	1  	0.154895
23 	321  	2        	2       	0.5	0.572703	0.638057	0.0489488            	0.57735	0.747891	1  	0.154895
24 	314  	2        	2       	0.5	0.572703	0.638057	0.0489488            	0.57735	0.747891	1  	0.154895
25 	318  	2        	2       	0.5	0.572703	0.638057	0.0489488            	0.57735	0.747891	1  	0.154895
26 	319  	2        	2       	0.5	0.572703	0.638057	0.0489488            	0.57735	0.747891	1  	0.154895
27 	325  	2        	2       	0.5	0.572703	0.638057	0.0489488            	0.57735	0.747891	1  	0.154895
28 	312  	2        	2       	0.5	0.572703	0.638057	0.0489488            	0.57735	0.747891	1  	0.154895
29 	304  	2        	2       	0.5	0.572703	0.638057	0.0489488            	0.57735	0.747891	1  	0.154895
30 	309  	2        	2       	0.5	0.572703	0.638057	0.0489488            	0.57735	0.747891	1  	0.154895
31 	311  	2        	2       	0.5	0.572703	0.638057	0.0489488            	0.57735	0.747891	1  	0.154895
32 	297  	2        	2       	0.5	0.572703	0.638057	0.0489488            	0.57735	0.747891	1  	0.154895
33 	301  	2        	2       	0.5	0.572703	0.638057	0.0489488            	0.57735	0.747891	1  	0.154895
34 	299  	2        	2       	0.5	0.572703	0.638057	0.0489488            	0.57735	0.747891	1  	0.154895
35 	320  	2        	2       	0.5	0.572703	0.638057	0.0489488            	0.57735	0.747891	1  	0.154895
36 	277  	2        	2       	0.5	0.572703	0.638057	0.0489488            	0.57735	0.747891	1  	0.154895
37 	293  	2        	2       	0.5	0.572703	0.638057	0.0489488            	0.57735	0.747891	1  	0.154895
38 	306  	2        	2       	0.5	0.572703	0.638057	0.0489488            	0.57735	0.747891	1  	0.154895
39 	304  	2        	2       	0.5	0.572703	0.638057	0.0489488            	0.57735	0.747891	1  	0.154895
40 	296  	2        	2       	0.5	0.572703	0.638057	0.0489488            	0.57735	0.747891	1  	0.154895
41 	323  	2        	2       	0.5	0.572703	0.638057	0.0489488            	0.57735	0.747891	1  	0.154895
42 	332  	2        	2       	0.5	0.572703	0.638057	0.0489488            	0.57735	0.747891	1  	0.154895
43 	304  	2        	2       	0.5	0.572703	0.638057	0.0489488            	0.57735	0.747891	1  	0.154895
44 	310  	2        	2       	0.5	0.572703	0.638057	0.0489488            	0.57735	0.747891	1  	0.154895
45 	299  	2        	2       	0.5	0.572703	0.638057	0.0489488            	0.57735	0.747891	1  	0.154895
46 	280  	2        	2       	0.5	0.572703	0.638057	0.0489488            	0.57735	0.747891	1  	0.154895
47 	312  	2        	2       	0.5	0.572703	0.638057	0.0489488            	0.57735	0.747891	1  	0.154895
48 	318  	2        	2       	0.5	0.572703	0.638057	0.0489488            	0.57735	0.747891	1  	0.154895
49 	318  	2        	2       	0.5	0.572703	0.638057	0.0489488            	0.57735	0.747891	1  	0.154895
50 	301  	2        	2       	0.5	0.572703	0.638057	0.0489488            	0.57735	0.747891	1  	0.154895
51 	309  	2        	2       	0.5	0.572703	0.638057	0.0489488            	0.57735	0.747891	1  	0.154895
52 	310  	2        	2       	0.5	0.572703	0.638057	0.0489488            	0.57735	0.747891	1  	0.154895
53 	315  	2        	2       	0.5	0.572703	0.638057	0.0489488            	0.57735	0.747891	1  	0.154895
54 	316  	2        	2       	0.5	0.572703	0.638057	0.0489488            	0.57735	0.747891	1  	0.154895
55 	292  	2        	2       	0.5	0.572703	0.638057	0.0489488            	0.57735	0.747891	1  	0.154895
56 	325  	2        	2       	0.5	0.572703	0.638057	0.0489488            	0.57735	0.747891	1  	0.154895
57 	318  	2        	2       	0.5	0.572703	0.638057	0.0489488            	0.57735	0.747891	1  	0.154895
58 	323  	2        	2       	0.5	0.572703	0.638057	0.0489488            	0.57735	0.747891	1  	0.154895
59 	310  	2        	2       	0.5	0.572703	0.638057	0.0489488            	0.57735	0.747891	1  	0.154895
60 	321  	2        	2       	0.5	0.572703	0.638057	0.0489488            	0.57735	0.747891	1  	0.154895
61 	308  	2        	2       	0.5	0.572703	0.638057	0.0489488            	0.57735	0.747891	1  	0.154895
62 	300  	2        	2       	0.5	0.572703	0.638057	0.0489488            	0.57735	0.747891	1  	0.154895
63 	329  	2        	2       	0.5	0.572703	0.638057	0.0489488            	0.57735	0.747891	1  	0.154895
64 	300  	2        	2       	0.5	0.572703	0.638057	0.0489488            	0.57735	0.747891	1  	0.154895
65 	322  	2        	2       	0.5	0.572703	0.638057	0.0489488            	0.57735	0.747891	1  	0.154895
66 	316  	2        	2       	0.5	0.572703	0.638057	0.0489488            	0.57735	0.747891	1  	0.154895
67 	301  	2        	2       	0.5	0.572703	0.638057	0.0489488            	0.57735	0.747891	1  	0.154895
68 	310  	2        	2       	0.5	0.572703	0.638057	0.0489488            	0.57735	0.747891	1  	0.154895
69 	327  	2        	2       	0.5	0.572703	0.638057	0.0489488            	0.57735	0.747891	1  	0.154895
70 	307  	2        	2       	0.5	0.572703	0.638057	0.0489488            	0.57735	0.747891	1  	0.154895
71 	314  	2        	2       	0.5	0.572703	0.638057	0.0489488            	0.57735	0.747891	1  	0.154895
72 	319  	2        	2       	0.5	0.572703	0.638057	0.0489488            	0.57735	0.747891	1  	0.154895
73 	322  	2        	2       	0.5	0.572703	0.638057	0.0489488            	0.57735	0.747891	1  	0.154895
74 	286  	2        	2       	0.5	0.572703	0.638057	0.0489488            	0.57735	0.747891	1  	0.154895
75 	322  	2        	2       	0.5	0.572703	0.638057	0.0489488            	0.57735	0.747891	1  	0.154895
76 	304  	2        	2       	0.5	0.572703	0.638057	0.0489488            	0.57735	0.747891	1  	0.154895
77 	296  	2        	2       	0.5	0.572703	0.638057	0.0489488            	0.57735	0.747891	1  	0.154895
78 	315  	2        	2       	0.5	0.572703	0.638057	0.0489488            	0.57735	0.747891	1  	0.154895
79 	311  	2        	2       	0.5	0.572703	0.638057	0.0489488            	0.57735	0.747891	1  	0.154895
80 	310  	2        	2       	0.5	0.572703	0.638057	0.0489488            	0.57735	0.747891	1  	0.154895
81 	300  	2        	2       	0.5	0.572703	0.638057	0.0489488            	0.57735	0.747891	1  	0.154895
82 	325  	2        	2       	0.5	0.572703	0.638057	0.0489488            	0.57735	0.747891	1  	0.154895
83 	313  	2        	2       	0.5	0.572703	0.638057	0.0489488            	0.57735	0.747891	1  	0.154895
84 	322  	2        	2       	0.5	0.572703	0.638057	0.0489488            	0.57735	0.747891	1  	0.154895
85 	315  	2        	2       	0.5	0.572703	0.638057	0.0489488            	0.57735	0.747891	1  	0.154895
86 	311  	2        	2       	0.5	0.572703	0.638057	0.0489488            	0.57735	0.747891	1  	0.154895
87 	331  	2        	2       	0.5	0.572703	0.638057	0.0489488            	0.57735	0.747891	1  	0.154895
88 	301  	2        	2       	0.5	0.572703	0.638057	0.0489488            	0.57735	0.747891	1  	0.154895
89 	297  	2        	2       	0.5	0.572703	0.638057	0.0489488            	0.57735	0.747891	1  	0.154895
90 	311  	2        	2       	0.5	0.572703	0.638057	0.0489488            	0.57735	0.747891	1  	0.154895
91 	308  	2        	2       	0.5	0.572703	0.638057	0.0489488            	0.57735	0.747891	1  	0.154895
92 	312  	2        	2       	0.5	0.572703	0.638057	0.0489488            	0.57735	0.747891	1  	0.154895
93 	308  	2        	2       	0.5	0.572703	0.638057	0.0489488            	0.57735	0.747891	1  	0.154895
94 	302  	2        	2       	0.5	0.572703	0.638057	0.0489488            	0.57735	0.747891	1  	0.154895
95 	311  	2        	2       	0.5	0.572703	0.638057	0.0489488            	0.57735	0.747891	1  	0.154895
96 	308  	2        	2       	0.5	0.572703	0.638057	0.0489488            	0.57735	0.747891	1  	0.154895
97 	290  	2        	2       	0.5	0.572703	0.638057	0.0489488            	0.57735	0.747891	1  	0.154895
98 	300  	2        	2       	0.5	0.572703	0.638057	0.0489488            	0.57735	0.747891	1  	0.154895
99 	319  	2        	2       	0.5	0.572703	0.638057	0.0489488            	0.57735	0.747891	1  	0.154895
100	299  	2        	2       	0.5	0.572703	0.638057	0.0489488            	0.57735	0.747891	1  	0.154895
101	329  	2        	2       	0.5	0.572703	0.638057	0.0489488            	0.57735	0.747891	1  	0.154895
102	319  	2        	2       	0.5	0.572703	0.638057	0.0489488            	0.57735	0.747891	1  	0.154895
103	325  	2        	2       	0.5	0.572703	0.638057	0.0489488            	0.57735	0.747891	1  	0.154895
104	314  	2        	2       	0.5	0.572703	0.638057	0.0489488            	0.57735	0.747891	1  	0.154895
105	309  	2        	2       	0.5	0.572703	0.638057	0.0489488            	0.57735	0.747891	1  	0.154895
106	295  	2        	2       	0.5	0.572703	0.638057	0.0489488            	0.57735	0.747891	1  	0.154895
107	318  	2        	2       	0.5	0.572703	0.638057	0.0489488            	0.57735	0.747891	1  	0.154895
108	315  	2        	2       	0.5	0.572703	0.638057	0.0489488            	0.57735	0.747891	1  	0.154895
109	302  	2        	2       	0.5	0.572703	0.638057	0.0489488            	0.57735	0.747891	1  	0.154895
110	293  	2        	2       	0.5	0.572703	0.638057	0.0489488            	0.57735	0.747891	1  	0.154895
111	321  	2        	2       	0.5	0.572703	0.638057	0.0489488            	0.57735	0.747891	1  	0.154895
112	322  	2        	2       	0.5	0.572703	0.638057	0.0489488            	0.57735	0.747891	1  	0.154895
113	310  	2        	2       	0.5	0.572703	0.638057	0.0489488            	0.57735	0.747891	1  	0.154895
114	308  	2        	2       	0.5	0.572703	0.638057	0.0489488            	0.57735	0.747891	1  	0.154895
115	313  	2        	2       	0.5	0.572703	0.638057	0.0489488            	0.57735	0.747891	1  	0.154895
116	326  	2        	2       	0.5	0.572703	0.638057	0.0489488            	0.57735	0.747891	1  	0.154895
117	304  	2        	2       	0.5	0.572703	0.638057	0.0489488            	0.57735	0.747891	1  	0.154895
118	311  	2        	2       	0.5	0.572703	0.638057	0.0489488            	0.57735	0.747891	1  	0.154895
119	311  	2        	2       	0.5	0.572703	0.638057	0.0489488            	0.57735	0.747891	1  	0.154895
120	312  	2        	2       	0.5	0.572703	0.638057	0.0489488            	0.57735	0.747891	1  	0.154895
121	319  	2        	2       	0.5	0.572703	0.638057	0.0489488            	0.57735	0.747891	1  	0.154895
122	304  	2        	2       	0.5	0.572703	0.638057	0.0489488            	0.57735	0.747891	1  	0.154895
123	307  	2        	2       	0.5	0.572703	0.638057	0.0489488            	0.57735	0.747891	1  	0.154895
124	293  	2        	2       	0.5	0.572703	0.638057	0.0489488            	0.57735	0.747891	1  	0.154895
125	325  	2        	2       	0.5	0.572703	0.638057	0.0489488            	0.57735	0.747891	1  	0.154895
126	301  	2        	2       	0.5	0.572703	0.638057	0.0489488            	0.57735	0.747891	1  	0.154895
127	295  	2        	2       	0.5	0.572703	0.638057	0.0489488            	0.57735	0.747891	1  	0.154895
128	309  	2        	2       	0.5	0.572703	0.638057	0.0489488            	0.57735	0.747891	1  	0.154895
129	313  	2        	2       	0.5	0.572703	0.638057	0.0489488            	0.57735	0.747891	1  	0.154895
130	302  	2        	2       	0.5	0.572703	0.638057	0.0489488            	0.57735	0.747891	1  	0.154895
131	288  	2        	2       	0.5	0.572703	0.638057	0.0489488            	0.57735	0.747891	1  	0.154895
132	308  	2        	2       	0.5	0.572703	0.638057	0.0489488            	0.57735	0.747891	1  	0.154895
133	318  	2        	2       	0.5	0.572703	0.638057	0.0489488            	0.57735	0.747891	1  	0.154895
134	314  	2        	2       	0.5	0.572703	0.638057	0.0489488            	0.57735	0.747891	1  	0.154895
135	314  	2        	2       	0.5	0.572703	0.638057	0.0489488            	0.57735	0.747891	1  	0.154895
136	322  	2        	2       	0.5	0.572703	0.638057	0.0489488            	0.57735	0.747891	1  	0.154895
137	305  	2        	2       	0.5	0.572703	0.638057	0.0489488            	0.57735	0.747891	1  	0.154895
138	311  	2        	2       	0.5	0.572703	0.638057	0.0489488            	0.57735	0.747891	1  	0.154895
139	308  	2        	2       	0.5	0.572703	0.638057	0.0489488            	0.57735	0.747891	1  	0.154895
140	316  	2        	2       	0.5	0.572703	0.638057	0.0489488            	0.57735	0.747891	1  	0.154895
141	290  	2        	2       	0.5	0.572703	0.638057	0.0489488            	0.57735	0.747891	1  	0.154895
142	316  	2        	2       	0.5	0.572703	0.638057	0.0489488            	0.57735	0.747891	1  	0.154895
143	303  	2        	2       	0.5	0.572703	0.638057	0.0489488            	0.57735	0.747891	1  	0.154895
144	294  	2        	2       	0.5	0.572703	0.638057	0.0489488            	0.57735	0.747891	1  	0.154895
145	308  	2        	2       	0.5	0.572703	0.638057	0.0489488            	0.57735	0.747891	1  	0.154895
146	308  	2        	2       	0.5	0.572703	0.638057	0.0489488            	0.57735	0.747891	1  	0.154895
147	312  	2        	2       	0.5	0.572703	0.638057	0.0489488            	0.57735	0.747891	1  	0.154895
148	320  	2        	2       	0.5	0.572703	0.638057	0.0489488            	0.57735	0.747891	1  	0.154895
149	296  	2        	2       	0.5	0.572703	0.638057	0.0489488            	0.57735	0.747891	1  	0.154895

ASSIGNING STRATA FOR MULTI-OUTCOME DATA SARC_MV
Assigning strata for outcome named survival of type survival
Counts:
censored 0: 24
censored 1: 75
deceased 0: 28
deceased 1: 28
VIEW: LOG_MIRNA
   	     	         	        	       survival SKSurv Cox model concordance index       	                 root leanness                  
   	     	         	        	---------------------------------------------------------	------------------------------------------------
gen	evals	gen_feats	explored	min     	avg     	max     	std             	min     	avg     	max	std     
0  	500  	54       	54      	0.39011 	0.57851 	0.758598	0.0654125       	0.140028	0.253746	1  	0.146642
1  	371  	154      	154     	0.426732	0.621226	0.758598	0.0437991       	0.144338	0.285779	1  	0.131742
2  	383  	170      	176     	0.5     	0.643762	0.758598	0.0376498       	0.149071	0.305049	1  	0.139931
3  	379  	169      	179     	0.5     	0.656453	0.758598	0.0365455       	0.154303	0.309895	1  	0.148447
4  	380  	168      	179     	0.5     	0.665541	0.758598	0.0364673       	0.154303	0.313888	1  	0.149709
5  	374  	172      	179     	0.5     	0.674456	0.758598	0.0340191       	0.154303	0.310711	1  	0.146428
6  	375  	175      	179     	0.5     	0.681111	0.776827	0.0341552       	0.158114	0.314034	1  	0.148136
7  	382  	170      	179     	0.5     	0.687088	0.776827	0.0328609       	0.158114	0.314807	1  	0.146076
8  	377  	169      	179     	0.5     	0.691734	0.776827	0.0332606       	0.158114	0.316571	1  	0.146087
9  	381  	165      	179     	0.5     	0.69659 	0.776827	0.0319907       	0.164399	0.314387	1  	0.142757
10 	390  	171      	179     	0.5     	0.699281	0.788   	0.0323765       	0.164399	0.318125	1  	0.141708
11 	379  	171      	179     	0.5     	0.703474	0.788   	0.032716        	0.164399	0.318358	1  	0.143218
12 	363  	171      	179     	0.5     	0.706263	0.788   	0.0332174       	0.164399	0.321371	1  	0.142822
13 	378  	174      	179     	0.5     	0.709308	0.788   	0.0330035       	0.164399	0.323329	1  	0.142223
14 	385  	168      	179     	0.5     	0.711892	0.788639	0.0339535       	0.164399	0.323701	1  	0.142116
15 	363  	177      	179     	0.5     	0.716022	0.788639	0.0340412       	0.164399	0.318855	1  	0.141369
16 	378  	170      	179     	0.5     	0.717864	0.788639	0.0345683       	0.164399	0.32208 	1  	0.139747
17 	378  	176      	179     	0.5     	0.71979 	0.788639	0.0347949       	0.164399	0.324051	1  	0.138493
18 	373  	174      	179     	0.5     	0.721075	0.793265	0.0361458       	0.164399	0.328703	1  	0.139595
19 	380  	173      	179     	0.5     	0.723284	0.793265	0.0368336       	0.164399	0.329685	1  	0.138978
20 	366  	169      	179     	0.5     	0.725395	0.793265	0.0372827       	0.164399	0.329752	1  	0.138794
21 	388  	172      	179     	0.5     	0.727059	0.801439	0.0379991       	0.164399	0.331899	1  	0.137847
22 	384  	171      	179     	0.5     	0.728961	0.801439	0.038236        	0.164399	0.333378	1  	0.137387
23 	370  	173      	179     	0.5     	0.731465	0.801439	0.0391257       	0.166667	0.332474	1  	0.137307
24 	379  	170      	179     	0.5     	0.732409	0.801439	0.0393077       	0.176777	0.334389	1  	0.136875
25 	369  	166      	179     	0.5     	0.735561	0.8044  	0.038969        	0.176777	0.330005	1  	0.136396
26 	383  	169      	179     	0.5     	0.737786	0.8044  	0.0393915       	0.174078	0.328165	1  	0.136632
27 	388  	175      	179     	0.5     	0.740051	0.8044  	0.0388876       	0.174078	0.325926	1  	0.135242
28 	383  	167      	179     	0.5     	0.742422	0.8044  	0.0394          	0.174078	0.324446	1  	0.136015
29 	371  	168      	179     	0.5     	0.743981	0.8044  	0.0396486       	0.174078	0.324204	1  	0.136173
30 	377  	169      	179     	0.5     	0.745484	0.8044  	0.0400076       	0.176777	0.324496	1  	0.135913
31 	380  	168      	179     	0.5     	0.748107	0.816734	0.0405245       	0.174078	0.321036	1  	0.136689
32 	389  	166      	179     	0.5     	0.750036	0.816734	0.0404569       	0.174078	0.318935	1  	0.135382
33 	378  	170      	179     	0.5     	0.750971	0.816734	0.0408093       	0.174078	0.319344	1  	0.135222
34 	379  	171      	179     	0.5     	0.750971	0.816734	0.0417253       	0.176777	0.321976	1  	0.135272
35 	385  	174      	179     	0.5     	0.752007	0.816734	0.0408885       	0.176777	0.321778	1  	0.133712
36 	384  	170      	179     	0.5     	0.752885	0.816734	0.0413218       	0.176777	0.322223	1  	0.133693
37 	384  	173      	179     	0.5     	0.752607	0.816734	0.0426587       	0.176777	0.325729	1  	0.135374
38 	377  	173      	179     	0.5     	0.753752	0.816734	0.0428306       	0.176777	0.325476	1  	0.135431
39 	394  	171      	179     	0.5     	0.75606 	0.816734	0.0424841       	0.176777	0.321538	1  	0.134199
40 	368  	171      	179     	0.5     	0.756989	0.816734	0.0428318       	0.176777	0.321134	1  	0.134454
41 	397  	172      	179     	0.5     	0.75684 	0.816734	0.044016        	0.179605	0.324286	1  	0.135363
42 	380  	177      	179     	0.5     	0.759322	0.817342	0.0438358       	0.179605	0.319802	1  	0.13461 
43 	364  	166      	179     	0.5     	0.761245	0.817342	0.0435752       	0.179605	0.316503	1  	0.133305
44 	371  	171      	179     	0.5     	0.762258	0.817342	0.0440326       	0.179605	0.315848	1  	0.133451
45 	388  	165      	179     	0.5     	0.762985	0.817342	0.0444171       	0.179605	0.315992	1  	0.133477
46 	384  	168      	179     	0.5     	0.763443	0.817498	0.0446242       	0.179605	0.317166	1  	0.132843
47 	393  	171      	179     	0.5     	0.764524	0.823083	0.0450778       	0.179605	0.317148	1  	0.132926
48 	387  	169      	179     	0.5     	0.765501	0.823083	0.0452876       	0.179605	0.316149	1  	0.132808
49 	368  	169      	179     	0.5     	0.766277	0.823083	0.0454275       	0.179605	0.31577 	1  	0.132494
50 	373  	166      	179     	0.5     	0.768094	0.823083	0.0455471       	0.179605	0.313492	1  	0.13205 
51 	369  	166      	179     	0.5     	0.768795	0.823998	0.0458256       	0.179605	0.313761	1  	0.131848
52 	385  	170      	179     	0.5     	0.769802	0.830371	0.046145        	0.179605	0.312842	1  	0.131552
53 	370  	166      	179     	0.5     	0.768991	0.830371	0.0472392       	0.179605	0.316837	1  	0.132817
54 	389  	171      	179     	0.5     	0.76893 	0.830371	0.0471447       	0.182574	0.31851 	1  	0.131863
55 	403  	174      	179     	0.5     	0.770728	0.834177	0.0475464       	0.182574	0.315961	1  	0.132078
56 	376  	171      	179     	0.5     	0.770052	0.834177	0.0477568       	0.182574	0.319385	1  	0.131277
57 	372  	166      	179     	0.5     	0.769122	0.834177	0.048749        	0.182574	0.32287 	1  	0.132507
58 	364  	171      	179     	0.5     	0.769583	0.836359	0.0490195       	0.182574	0.323566	1  	0.132271
59 	371  	169      	179     	0.5     	0.770169	0.836359	0.0493096       	0.182574	0.323632	1  	0.132388
60 	383  	164      	179     	0.5     	0.770918	0.836359	0.0494545       	0.182574	0.322717	1  	0.132416
61 	386  	166      	179     	0.5     	0.77147 	0.836359	0.049887        	0.182574	0.322859	1  	0.132752
62 	368  	169      	179     	0.5     	0.771269	0.836359	0.0498023       	0.182574	0.323931	1  	0.132006
63 	374  	170      	179     	0.5     	0.772313	0.836359	0.0501793       	0.182574	0.322821	1  	0.132333
64 	357  	161      	179     	0.5     	0.77321 	0.836359	0.0498886       	0.182574	0.321397	1  	0.131099
65 	395  	169      	179     	0.5     	0.773241	0.836359	0.050741        	0.182574	0.322448	1  	0.132592
66 	389  	165      	179     	0.5     	0.773426	0.836359	0.0509164       	0.182574	0.322846	1  	0.132394
67 	375  	167      	179     	0.5     	0.773138	0.836359	0.0509613       	0.182574	0.324283	1  	0.131906
68 	390  	164      	179     	0.5     	0.773109	0.836359	0.0509405       	0.182574	0.325152	1  	0.131342
69 	380  	170      	179     	0.5     	0.77398 	0.836359	0.051377        	0.182574	0.324341	1  	0.131752
70 	369  	165      	179     	0.5     	0.774996	0.836359	0.051684        	0.182574	0.322929	1  	0.131972
71 	360  	160      	179     	0.5     	0.774764	0.836717	0.0518771       	0.182574	0.324296	1  	0.131734
72 	378  	163      	179     	0.5     	0.775179	0.836717	0.0521188       	0.182574	0.324277	1  	0.131774
73 	389  	167      	179     	0.5     	0.776469	0.836717	0.0522348       	0.182574	0.322246	1  	0.131647
74 	367  	164      	179     	0.5     	0.775611	0.836717	0.052354        	0.182574	0.324638	1  	0.131521
75 	381  	167      	179     	0.5     	0.77558 	0.837114	0.0524223       	0.182574	0.325511	1  	0.131059
76 	397  	169      	179     	0.5     	0.77618 	0.837137	0.0526798       	0.182574	0.325046	1  	0.131298
77 	386  	169      	179     	0.5     	0.776292	0.837137	0.0528259       	0.196116	0.325673	1  	0.130906
78 	365  	172      	179     	0.5     	0.776643	0.837137	0.0530222       	0.196116	0.325583	1  	0.130974
79 	404  	164      	179     	0.5     	0.776934	0.839588	0.0532418       	0.196116	0.325749	1  	0.130869
80 	377  	167      	179     	0.5     	0.777406	0.840058	0.0534932       	0.19245 	0.325723	1  	0.130891
81 	378  	160      	179     	0.5     	0.778129	0.840134	0.0537832       	0.19245 	0.325023	1  	0.131083
82 	386  	167      	179     	0.5     	0.779526	0.840134	0.0536774       	0.19245 	0.322994	1  	0.130567
83 	383  	161      	179     	0.5     	0.778925	0.840134	0.0541624       	0.19245 	0.325033	1  	0.13122 
84 	376  	162      	179     	0.5     	0.779662	0.841654	0.0543131       	0.19245 	0.324262	1  	0.131237
85 	382  	167      	179     	0.5     	0.779544	0.847621	0.0543967       	0.19245 	0.325114	1  	0.13107 
86 	372  	164      	179     	0.5     	0.779877	0.847621	0.0546322       	0.19245 	0.325003	1  	0.131149
87 	376  	169      	179     	0.5     	0.779645	0.847621	0.0546099       	0.19245 	0.326052	1  	0.130669
88 	376  	152      	179     	0.5     	0.779682	0.847621	0.054983        	0.19245 	0.326708	1  	0.131117
89 	383  	162      	179     	0.5     	0.780238	0.847621	0.0549977       	0.19245 	0.326042	1  	0.130682
90 	383  	163      	179     	0.5     	0.780403	0.847621	0.0551056       	0.19245 	0.326041	1  	0.130683
91 	392  	166      	179     	0.5     	0.781019	0.847621	0.055265        	0.19245 	0.3255  	1  	0.130846
92 	376  	161      	179     	0.5     	0.781315	0.847621	0.0554495       	0.19245 	0.325311	1  	0.130983
93 	370  	156      	179     	0.5     	0.781206	0.847621	0.0554271       	0.19245 	0.325991	1  	0.130729
94 	385  	171      	179     	0.5     	0.78146 	0.847621	0.0556088       	0.19245 	0.32595 	1  	0.130751
95 	381  	166      	179     	0.5     	0.781627	0.847621	0.055642        	0.19245 	0.325989	1  	0.13073 
96 	370  	163      	179     	0.5     	0.781747	0.847621	0.0556542       	0.19245 	0.326098	1  	0.130643
97 	365  	161      	179     	0.5     	0.782022	0.847621	0.0558095       	0.188982	0.32595 	1  	0.13076 
98 	358  	161      	179     	0.5     	0.782094	0.847621	0.0558229       	0.188982	0.326046	1  	0.130696
99 	387  	169      	179     	0.5     	0.782314	0.847621	0.055941        	0.188982	0.326049	1  	0.130695
100	395  	168      	179     	0.5     	0.782424	0.847621	0.0560087       	0.188982	0.32607 	1  	0.130677
101	394  	164      	179     	0.5     	0.782613	0.847621	0.056082        	0.188982	0.326012	1  	0.130732
102	382  	153      	179     	0.5     	0.782779	0.847621	0.0561991       	0.188982	0.325934	1  	0.130793
103	392  	158      	179     	0.5     	0.783177	0.849195	0.05648         	0.188982	0.325578	1  	0.131043
104	363  	152      	179     	0.5     	0.783147	0.849195	0.0564812       	0.188982	0.325903	1  	0.130829
105	381  	158      	179     	0.5     	0.783427	0.849195	0.0567082       	0.185695	0.325549	1  	0.131112
106	374  	154      	179     	0.5     	0.783587	0.849195	0.0567943       	0.185695	0.325424	1  	0.131199
107	385  	162      	179     	0.5     	0.7841  	0.849195	0.0569872       	0.185695	0.324771	1  	0.131466
108	375  	163      	179     	0.5     	0.783764	0.850565	0.0569272       	0.185695	0.325573	1  	0.131044
109	372  	158      	179     	0.5     	0.784584	0.850565	0.0569984       	0.185695	0.324256	1  	0.131183
110	385  	164      	179     	0.5     	0.785148	0.850565	0.0573297       	0.185695	0.323621	1  	0.131796
111	376  	165      	179     	0.5     	0.785217	0.850565	0.0573365       	0.185695	0.323651	1  	0.131652
112	377  	166      	179     	0.5     	0.786012	0.850817	0.0569892       	0.185695	0.322133	1  	0.130651
113	391  	166      	179     	0.5     	0.78646 	0.850817	0.0571039       	0.182574	0.321371	1  	0.130779
114	383  	169      	179     	0.5     	0.787064	0.850817	0.0569859       	0.182574	0.320245	1  	0.130663
115	386  	165      	179     	0.5     	0.786165	0.850817	0.0577632       	0.182574	0.322599	1  	0.132214
116	381  	158      	179     	0.5     	0.785482	0.850817	0.0577069       	0.182574	0.324055	1  	0.131881
117	382  	160      	179     	0.5     	0.786411	0.850817	0.0576002       	0.182574	0.322376	1  	0.131703
118	391  	163      	179     	0.5     	0.786394	0.850817	0.0575922       	0.182574	0.322552	1  	0.131803
119	378  	162      	179     	0.5     	0.785836	0.850817	0.0577275       	0.182574	0.323872	1  	0.131923
120	384  	166      	179     	0.5     	0.786698	0.850817	0.0573927       	0.182574	0.322209	1  	0.131041
121	368  	163      	179     	0.5     	0.787161	0.850817	0.0575558       	0.182574	0.321706	1  	0.131338
122	377  	164      	179     	0.5     	0.787711	0.852288	0.0574174       	0.182574	0.32071 	1  	0.130904
123	369  	160      	179     	0.5     	0.787776	0.852288	0.057565        	0.182574	0.32082 	1  	0.131169
124	370  	166      	179     	0.5     	0.786686	0.852288	0.0581509       	0.185695	0.323439	1  	0.132165
125	381  	162      	179     	0.5     	0.787402	0.852288	0.058047        	0.185695	0.322061	1  	0.131881
126	386  	173      	179     	0.5     	0.788416	0.852288	0.0575581       	0.185695	0.320068	1  	0.130747
127	387  	167      	179     	0.5     	0.788511	0.852288	0.0576164       	0.185695	0.319923	1  	0.130875
128	367  	158      	179     	0.5     	0.788564	0.852288	0.0576296       	0.185695	0.319934	1  	0.130867
129	375  	165      	179     	0.5     	0.788611	0.852288	0.0576601       	0.185695	0.319922	1  	0.130875
130	379  	154      	179     	0.5     	0.788665	0.852288	0.0576865       	0.185695	0.319904	1  	0.130891
131	387  	161      	179     	0.5     	0.788734	0.852288	0.0577058       	0.185695	0.319999	1  	0.130808
132	368  	162      	179     	0.5     	0.789231	0.852288	0.0576895       	0.182574	0.319002	1  	0.130841
133	386  	165      	179     	0.5     	0.789179	0.852288	0.0578184       	0.182574	0.31935 	1  	0.131023
134	355  	159      	179     	0.5     	0.789591	0.856901	0.0578173       	0.182574	0.31861 	1  	0.130852
135	369  	164      	179     	0.5     	0.789758	0.856901	0.0580061       	0.182574	0.318421	1  	0.131162
136	386  	164      	179     	0.5     	0.790793	0.856901	0.0575384       	0.182574	0.316466	1  	0.130049
137	361  	166      	179     	0.5     	0.790851	0.856901	0.0575522       	0.185695	0.316427	1  	0.129859
138	380  	166      	179     	0.5     	0.791352	0.856901	0.0576094       	0.185695	0.315656	1  	0.12996 
139	371  	163      	179     	0.5     	0.791916	0.856901	0.0576979       	0.185695	0.314761	1  	0.130145
140	373  	156      	179     	0.5     	0.791935	0.856901	0.0577284       	0.185695	0.314769	1  	0.130159
141	390  	161      	179     	0.5     	0.792076	0.856901	0.057773        	0.182574	0.31464 	1  	0.130255
142	379  	162      	179     	0.5     	0.791997	0.856901	0.0577313       	0.182574	0.314935	1  	0.130093
143	390  	162      	179     	0.5     	0.792204	0.856901	0.0578711       	0.182574	0.314582	1  	0.13035 
144	368  	158      	179     	0.5     	0.792608	0.856901	0.0579941       	0.182574	0.313843	1  	0.130666
145	359  	170      	179     	0.5     	0.793232	0.856901	0.0579285       	0.182574	0.31271 	1  	0.130453
146	375  	163      	179     	0.5     	0.793662	0.856901	0.0582096       	0.182574	0.312223	1  	0.13098 
147	390  	164      	179     	0.5     	0.792911	0.856901	0.058248        	0.182574	0.313752	1  	0.130887
148	375  	168      	179     	0.5     	0.793387	0.856901	0.0582651       	0.182574	0.313055	1  	0.130944
149	346  	162      	179     	0.5     	0.792734	0.856901	0.0581699       	0.182574	0.31448 	1  	0.13062 

STARTING MASTER RUNNER CONCATENATED MASTER

CONCATENATED MASTER WITH SYMMETRIC FLIP
MASTER
   	     	         	        	       survival SKSurv Cox model concordance index       	                     root leanness                      
   	     	         	        	---------------------------------------------------------	--------------------------------------------------------
gen	evals	gen_feats	explored	min     	avg     	max     	std             	min     	avg     	max     	std     
0  	500  	126      	126     	0.520342	0.688891	0.808877	0.0393909       	0.179605	0.295075	0.707107	0.107505
1  	393  	164      	166     	0.487468	0.701122	0.808877	0.0394672       	0.179605	0.341774	1       	0.115852
2  	370  	168      	178     	0.5     	0.711083	0.808877	0.0370595       	0.176777	0.37819 	1       	0.120696
3  	388  	168      	180     	0.5     	0.714665	0.808877	0.0396073       	0.176777	0.394834	1       	0.125146
4  	357  	171      	181     	0.5     	0.718674	0.808877	0.0412851       	0.179605	0.397903	1       	0.12896 
5  	375  	170      	181     	0.493502	0.718745	0.815236	0.0478003       	0.179605	0.406182	1       	0.136039
6  	382  	172      	181     	0.5     	0.721452	0.815236	0.0492997       	0.179605	0.405241	1       	0.139557
7  	365  	173      	181     	0.5     	0.723928	0.815389	0.0482912       	0.179605	0.403858	1       	0.141275
8  	394  	174      	181     	0.5     	0.727879	0.815389	0.0467014       	0.176777	0.396565	1       	0.142186
9  	377  	173      	181     	0.5     	0.731842	0.815389	0.0448915       	0.176777	0.386706	1       	0.143113
10 	390  	177      	181     	0.5     	0.735799	0.816878	0.0442342       	0.176777	0.377242	1       	0.145014
11 	386  	176      	181     	0.5     	0.740049	0.816878	0.0438041       	0.176777	0.365742	1       	0.148459
12 	399  	170      	181     	0.5     	0.744833	0.818781	0.0422424       	0.176777	0.350643	1       	0.14845 
13 	380  	174      	181     	0.5     	0.747483	0.818781	0.0423103       	0.176777	0.344128	1       	0.148726
14 	378  	173      	181     	0.5     	0.749684	0.821665	0.0425665       	0.176777	0.341019	1       	0.147581
15 	386  	173      	181     	0.5     	0.75142 	0.821665	0.0425849       	0.176777	0.339303	1       	0.146164
16 	372  	174      	181     	0.5     	0.752693	0.821665	0.0428988       	0.176777	0.339012	1       	0.145604
17 	371  	174      	181     	0.5     	0.755089	0.825598	0.0431025       	0.174078	0.334202	1       	0.145382
18 	390  	168      	181     	0.5     	0.757462	0.825598	0.043423        	0.174078	0.330425	1       	0.145192
19 	378  	171      	181     	0.5     	0.758044	0.825598	0.0447983       	0.174078	0.331671	1       	0.14754 
20 	366  	169      	181     	0.5     	0.75995 	0.825598	0.0442391       	0.171499	0.327488	1       	0.146167
21 	370  	173      	181     	0.5     	0.760658	0.825598	0.0443394       	0.171499	0.327289	1       	0.145702
22 	377  	175      	181     	0.5     	0.760881	0.825598	0.0446155       	0.171499	0.328138	1       	0.145557
23 	363  	171      	181     	0.5     	0.76276 	0.825598	0.0443479       	0.171499	0.324079	1       	0.144575
24 	370  	176      	181     	0.5     	0.764538	0.825598	0.0440233       	0.171499	0.321303	1       	0.142613
25 	356  	170      	181     	0.5     	0.765084	0.825598	0.0442992       	0.174078	0.321857	1       	0.142179
26 	385  	177      	181     	0.5     	0.765574	0.825598	0.0444938       	0.174078	0.322832	1       	0.141595
27 	371  	170      	181     	0.5     	0.766609	0.826037	0.0449371       	0.174078	0.322245	1       	0.141626
28 	369  	169      	181     	0.5     	0.767757	0.828647	0.0450316       	0.174078	0.320517	1       	0.14092 
29 	365  	167      	181     	0.5     	0.768817	0.828647	0.0449054       	0.174078	0.31889 	1       	0.140241
30 	369  	170      	181     	0.5     	0.768812	0.828647	0.0453228       	0.174078	0.320664	1       	0.140295
31 	364  	171      	181     	0.5     	0.769361	0.828647	0.0464953       	0.174078	0.321513	1       	0.141714
32 	378  	173      	181     	0.5     	0.769385	0.828647	0.0461982       	0.174078	0.322519	1       	0.141003
33 	390  	176      	181     	0.5     	0.770918	0.828647	0.0457668       	0.176777	0.320059	1       	0.139412
34 	368  	168      	181     	0.5     	0.771197	0.837358	0.0459062       	0.176777	0.320457	1       	0.139053
35 	377  	170      	181     	0.5     	0.771883	0.837358	0.046184        	0.176777	0.320141	1       	0.139169
36 	378  	175      	181     	0.5     	0.773341	0.837358	0.046294        	0.176777	0.317519	1       	0.13895 
37 	377  	169      	181     	0.5     	0.774084	0.837358	0.04586         	0.182574	0.316649	1       	0.137469
38 	392  	173      	181     	0.5     	0.774718	0.837358	0.0462434       	0.179605	0.317031	1       	0.137482
39 	391  	167      	181     	0.5     	0.77502 	0.837358	0.0462976       	0.179605	0.317158	1       	0.137155
40 	401  	164      	181     	0.5     	0.775512	0.837358	0.0465631       	0.179605	0.317444	1       	0.136988
41 	370  	167      	181     	0.5     	0.774998	0.837358	0.0478106       	0.179605	0.320185	1       	0.138663
42 	389  	171      	181     	0.5     	0.776313	0.837358	0.0479075       	0.176777	0.318216	1       	0.13902 
43 	365  	171      	181     	0.5     	0.77728 	0.837358	0.0473001       	0.176777	0.316414	1       	0.137491
44 	370  	168      	181     	0.5     	0.777362	0.837358	0.0478379       	0.179605	0.317998	1       	0.138099
45 	380  	174      	181     	0.5     	0.778229	0.837358	0.0476436       	0.179605	0.316773	1       	0.137268
46 	388  	172      	181     	0.5     	0.778584	0.837358	0.0477148       	0.179605	0.317216	1       	0.136968
47 	371  	166      	181     	0.5     	0.779118	0.837358	0.0479085       	0.179605	0.317208	1       	0.136983
48 	388  	172      	181     	0.5     	0.778857	0.837358	0.0488716       	0.179605	0.318708	1       	0.138237
49 	345  	169      	181     	0.5     	0.779461	0.837358	0.0481013       	0.179605	0.31833 	1       	0.136675
50 	391  	172      	181     	0.5     	0.780248	0.837358	0.0483179       	0.179605	0.317821	1       	0.13675 
51 	388  	171      	181     	0.5     	0.77954 	0.837358	0.0496986       	0.179605	0.321028	1       	0.138499
52 	380  	167      	181     	0.5     	0.781318	0.837358	0.0487619       	0.176777	0.317499	1       	0.136996
53 	388  	172      	181     	0.5     	0.781423	0.837358	0.0487767       	0.176777	0.317604	1       	0.136899
54 	394  	169      	181     	0.5     	0.781934	0.837358	0.0488803       	0.176777	0.317251	1       	0.136912
55 	357  	167      	181     	0.5     	0.783037	0.838214	0.0491828       	0.176777	0.315726	1       	0.137042
56 	384  	172      	181     	0.5     	0.784471	0.838214	0.0487706       	0.176777	0.312786	1       	0.13596 
57 	374  	165      	181     	0.5     	0.784721	0.838214	0.0489004       	0.179605	0.313215	1       	0.135714
58 	364  	171      	181     	0.5     	0.785057	0.839618	0.0490817       	0.179605	0.313202	1       	0.135685
59 	377  	164      	181     	0.5     	0.785132	0.839618	0.0490626       	0.179605	0.313638	1       	0.135411
60 	407  	171      	181     	0.5     	0.78578 	0.843327	0.049412        	0.179605	0.313411	1       	0.135621
61 	377  	168      	181     	0.5     	0.785814	0.843327	0.0493704       	0.179605	0.313939	1       	0.135271
62 	371  	164      	181     	0.5     	0.786394	0.843327	0.0492731       	0.179605	0.312991	1       	0.134784
63 	375  	173      	181     	0.5     	0.786272	0.843327	0.0495348       	0.179605	0.314315	1       	0.135001
64 	367  	170      	181     	0.5     	0.786828	0.843327	0.0497921       	0.179605	0.313741	1       	0.135385
65 	371  	175      	181     	0.5     	0.787255	0.843327	0.0499329       	0.179605	0.313502	1       	0.13538 
66 	386  	165      	181     	0.5     	0.787385	0.843327	0.049949        	0.179605	0.313697	1       	0.135123
67 	374  	165      	181     	0.5     	0.787424	0.843327	0.0498973       	0.179605	0.314177	1       	0.13468 
68 	386  	168      	181     	0.5     	0.787754	0.843327	0.050155        	0.179605	0.313869	1       	0.135054
69 	373  	166      	181     	0.5     	0.788705	0.843327	0.049901        	0.179605	0.311838	1       	0.134442
70 	388  	170      	181     	0.5     	0.789535	0.843327	0.0494299       	0.179605	0.310128	1       	0.133436
71 	371  	163      	181     	0.5     	0.789765	0.843327	0.049514        	0.179605	0.309952	1       	0.133523
72 	385  	167      	181     	0.5     	0.789828	0.843327	0.0495331       	0.179605	0.310207	1       	0.133379
73 	384  	172      	181     	0.5     	0.791518	0.843327	0.0486783       	0.179605	0.306153	1       	0.131589
74 	375  	172      	181     	0.5     	0.79144 	0.843327	0.0486136       	0.179605	0.306883	1       	0.131111
75 	372  	166      	181     	0.5     	0.791725	0.843327	0.0487572       	0.179605	0.306781	1       	0.131204
76 	367  	169      	181     	0.5     	0.791824	0.843327	0.048777        	0.179605	0.306868	1       	0.131122
77 	364  	165      	181     	0.5     	0.792067	0.843327	0.048818        	0.179605	0.306558	1       	0.13127 
78 	387  	167      	181     	0.5     	0.792409	0.843327	0.0489062       	0.179605	0.306149	1       	0.131519
79 	385  	172      	181     	0.5     	0.792604	0.843327	0.0489898       	0.179605	0.306344	1       	0.131446
80 	367  	169      	181     	0.5     	0.792871	0.843327	0.0490321       	0.179605	0.30628 	1       	0.131472
81 	383  	172      	181     	0.5     	0.793162	0.843327	0.0491166       	0.179605	0.306218	1       	0.131553
82 	381  	167      	181     	0.5     	0.793179	0.843327	0.0491895       	0.179605	0.306602	1       	0.131538
83 	398  	172      	181     	0.5     	0.793564	0.846086	0.0493065       	0.179605	0.306014	1       	0.131699
84 	374  	164      	181     	0.5     	0.793561	0.846086	0.049265        	0.176777	0.306252	1       	0.131574
85 	374  	166      	181     	0.5     	0.793713	0.846086	0.0495166       	0.176777	0.306305	1       	0.131935
86 	377  	172      	181     	0.5     	0.79284 	0.846086	0.0506414       	0.176777	0.309014	1       	0.133718
87 	382  	171      	181     	0.5     	0.79302 	0.846086	0.0506888       	0.176777	0.309235	1       	0.133862
88 	386  	165      	181     	0.5     	0.792928	0.846086	0.0506594       	0.176777	0.309737	1       	0.133701
89 	365  	166      	181     	0.5     	0.793806	0.846086	0.0504653       	0.176777	0.307754	1       	0.133235
90 	405  	169      	181     	0.5     	0.794811	0.846086	0.0498429       	0.174078	0.30574 	1       	0.131922
91 	385  	174      	181     	0.5     	0.795002	0.846086	0.0498957       	0.174078	0.305536	1       	0.13205 
92 	381  	168      	181     	0.5     	0.794947	0.846086	0.0498393       	0.174078	0.305939	1       	0.131758
93 	376  	165      	181     	0.5     	0.795158	0.846086	0.0499558       	0.174078	0.305728	1       	0.131906
94 	392  	167      	181     	0.5     	0.79532 	0.846086	0.0500231       	0.174078	0.30571 	1       	0.131936
95 	393  	172      	181     	0.5     	0.79582 	0.85069 	0.0502589       	0.174078	0.304757	1       	0.132441
96 	374  	160      	181     	0.5     	0.796509	0.85069 	0.0502339       	0.174078	0.30364 	1       	0.13252 
97 	359  	159      	181     	0.5     	0.796584	0.85069 	0.0504142       	0.174078	0.303847	1       	0.132669
98 	377  	166      	181     	0.5     	0.796762	0.85069 	0.0504125       	0.174078	0.303674	1       	0.132567
99 	391  	164      	181     	0.5     	0.798204	0.85069 	0.049597        	0.174078	0.300352	1       	0.130843
100	365  	163      	181     	0.5     	0.798176	0.85069 	0.0495876       	0.174078	0.300521	1       	0.130734
101	387  	170      	181     	0.5     	0.798392	0.85069 	0.0496719       	0.174078	0.300327	1       	0.13087 
102	370  	164      	181     	0.5     	0.798507	0.85069 	0.0497427       	0.174078	0.300152	1       	0.130986
103	379  	168      	181     	0.5     	0.798556	0.85069 	0.0497415       	0.174078	0.300368	1       	0.130819
104	378  	163      	181     	0.5     	0.798638	0.85069 	0.0498494       	0.171499	0.30049 	1       	0.130865
105	379  	169      	181     	0.5     	0.798881	0.85069 	0.0498907       	0.171499	0.300096	1       	0.130966
106	396  	170      	181     	0.5     	0.799088	0.85069 	0.0499865       	0.171499	0.299854	1       	0.131117
107	362  	171      	181     	0.5     	0.798746	0.85069 	0.050219        	0.171499	0.300896	1       	0.131419
108	370  	165      	181     	0.5     	0.799246	0.85069 	0.050078        	0.171499	0.299908	1       	0.131049
109	373  	172      	181     	0.5     	0.79931 	0.85069 	0.0500322       	0.171499	0.300192	1       	0.130878
110	375  	165      	181     	0.5     	0.799386	0.85069 	0.0500841       	0.171499	0.30032 	1       	0.130795
111	375  	169      	181     	0.5     	0.799607	0.85069 	0.0502107       	0.171499	0.300064	1       	0.130973
112	367  	169      	181     	0.5     	0.799821	0.85069 	0.0502912       	0.171499	0.299919	1       	0.131067
113	357  	169      	181     	0.5     	0.79994 	0.85069 	0.050346        	0.171499	0.299801	1       	0.13113 
114	371  	166      	181     	0.5     	0.799994	0.85069 	0.0503496       	0.171499	0.299856	1       	0.131078
115	364  	166      	181     	0.5     	0.800264	0.85069 	0.0504739       	0.171499	0.299498	1       	0.131321
116	371  	172      	181     	0.5     	0.800612	0.85069 	0.0505597       	0.171499	0.299094	1       	0.131438
117	384  	172      	181     	0.5     	0.800859	0.85069 	0.0506357       	0.171499	0.298825	1       	0.131599
118	372  	168      	181     	0.5     	0.800947	0.85069 	0.0507055       	0.171499	0.298935	1       	0.131539
119	366  	168      	181     	0.5     	0.800859	0.852174	0.0507563       	0.171499	0.299432	1       	0.13141 
120	368  	170      	181     	0.5     	0.800906	0.852174	0.0507658       	0.171499	0.299585	1       	0.131307
121	382  	170      	181     	0.5     	0.800915	0.852174	0.0507731       	0.171499	0.299865	1       	0.131189
122	372  	173      	181     	0.5     	0.801011	0.852174	0.0508163       	0.171499	0.299788	1       	0.13122 
123	373  	170      	181     	0.5     	0.801125	0.852174	0.0508789       	0.171499	0.299767	1       	0.13125 
124	362  	175      	181     	0.5     	0.80112 	0.852174	0.0508897       	0.171499	0.300208	1       	0.130936
125	367  	168      	181     	0.5     	0.800975	0.852174	0.0507918       	0.171499	0.300853	1       	0.13051 
126	374  	169      	181     	0.5     	0.800974	0.852174	0.0507892       	0.171499	0.301015	1       	0.130394
127	382  	171      	181     	0.5     	0.801026	0.852174	0.0507996       	0.171499	0.301132	1       	0.130302
128	385  	170      	181     	0.5     	0.801249	0.852174	0.0509301       	0.171499	0.300781	1       	0.130547
129	380  	171      	181     	0.5     	0.801307	0.852174	0.0509578       	0.171499	0.30091 	1       	0.130476
130	369  	174      	181     	0.5     	0.801444	0.852174	0.0510358       	0.171499	0.300773	1       	0.130596
131	365  	174      	181     	0.5     	0.801633	0.852174	0.0511399       	0.171499	0.300421	1       	0.130804
132	349  	171      	181     	0.5     	0.801719	0.852174	0.0511984       	0.171499	0.300519	1       	0.13083 
133	377  	166      	181     	0.5     	0.801816	0.852174	0.0512604       	0.171499	0.300447	1       	0.130884
134	368  	171      	181     	0.5     	0.801949	0.852174	0.0513438       	0.171499	0.300331	1       	0.13095 
135	381  	167      	181     	0.5     	0.802014	0.852174	0.0513466       	0.171499	0.300345	1       	0.130956
136	361  	173      	181     	0.5     	0.802256	0.852174	0.0513643       	0.171499	0.300031	1       	0.130949
137	368  	171      	181     	0.5     	0.80224 	0.852174	0.0513925       	0.171499	0.300258	1       	0.130865
138	384  	170      	181     	0.5     	0.802456	0.852174	0.0515085       	0.171499	0.299828	1       	0.131112
139	376  	170      	181     	0.5     	0.802877	0.852174	0.0515328       	0.171499	0.29902 	1       	0.131155
140	362  	168      	181     	0.5     	0.803118	0.852174	0.0510334       	0.171499	0.298474	1       	0.129971
141	399  	174      	181     	0.5     	0.802948	0.852174	0.0516749       	0.171499	0.299224	1       	0.13126 
142	387  	165      	181     	0.5     	0.803047	0.852174	0.0516753       	0.171499	0.299282	1       	0.131214
143	375  	172      	181     	0.5     	0.803015	0.852174	0.0517036       	0.171499	0.299504	1       	0.131228
144	378  	172      	181     	0.5     	0.803908	0.852174	0.0510985       	0.171499	0.297516	1       	0.129894
145	381  	172      	181     	0.5     	0.803136	0.853393	0.0518296       	0.171499	0.299564	1       	0.131093
146	371  	173      	181     	0.5     	0.803155	0.853393	0.0518729       	0.171499	0.299721	1       	0.131118
147	365  	169      	181     	0.5     	0.803241	0.853393	0.0519028       	0.171499	0.299646	1       	0.131154
148	376  	170      	181     	0.5     	0.803421	0.853393	0.0518611       	0.171499	0.299614	1       	0.131185
149	373  	165      	181     	0.5     	0.803467	0.853393	0.0518872       	0.171499	0.299841	1       	0.131096

CURRENT HALLS OF FAME

PARETO FRONT
Number of solutions = 25
Features in hall of fame by prevalence:
60 features: [1_hsa.miR.1468.5p, 1_hsa.miR.301a.3p, 1_hsa.miR.512.3p, 0_age_at_initial_pathologic_diagnosis, 1_hsa.miR.210.3p, 1_hsa.miR.454.3p, 1_hsa.miR.339.3p, 1_hsa.miR.592, 0_race_WHITE, 1_hsa.miR.6511b.3p, 1_hsa.miR.371a.5p, 1_hsa.miR.3677.3p, 1_hsa.miR.135b.3p, 1_hsa.miR.3648, 1_hsa.miR.374c.5p, 1_hsa.miR.4668.3p, 1_hsa.miR.505.3p, 1_hsa.miR.93.5p, 1_hsa.miR.372.5p, 1_hsa.miR.130b.5p, 1_hsa.miR.135a.5p, 1_hsa.miR.149.5p, 1_hsa.miR.150.5p, 1_hsa.miR.30d.3p, 1_hsa.miR.3607.5p, 1_hsa.miR.365a.3p, 1_hsa.miR.4661.5p, 1_hsa.miR.708.5p, 1_hsa.miR.515.3p, 1_hsa.let.7g.3p, 1_hsa.miR.1229.3p, 1_hsa.miR.345.5p, 1_hsa.miR.455.5p, 1_hsa.miR.18a.3p, 1_hsa.miR.20a.3p, 1_hsa.miR.4521, 1_hsa.miR.1269a, 1_hsa.miR.1306.3p, 1_hsa.miR.130a.3p, 1_hsa.miR.188.3p, 1_hsa.miR.3687, 1_hsa.miR.766.3p, 1_hsa.miR.92a.3p, 1_hsa.let.7e.3p, 1_hsa.miR.1197, 1_hsa.miR.1251.5p, 1_hsa.miR.1296.5p, 1_hsa.miR.155.3p, 1_hsa.miR.181b.3p, 1_hsa.miR.183.5p, 1_hsa.miR.193a.3p, 1_hsa.miR.19b.3p, 1_hsa.miR.26a.1.3p, 1_hsa.miR.30b.3p, 1_hsa.miR.340.3p, 1_hsa.miR.421, 1_hsa.miR.425.5p, 1_hsa.miR.514a.3p, 1_hsa.miR.744.5p, 1_hsa.miR.526b.3p]

LAST POPULATION
Number of solutions = 500
Features in hall of fame by prevalence:
143 features: [1_hsa.miR.1468.5p, 1_hsa.miR.301a.3p, 1_hsa.miR.512.3p, 0_age_at_initial_pathologic_diagnosis, 1_hsa.miR.210.3p, 0_race_WHITE, 1_hsa.miR.3677.3p, 1_hsa.miR.505.3p, 1_hsa.miR.4668.3p, 1_hsa.miR.454.3p, 1_hsa.miR.374c.5p, 1_hsa.miR.93.5p, 1_hsa.miR.339.3p, 1_hsa.miR.3607.5p, 1_hsa.miR.372.5p, 1_hsa.miR.135b.3p, 1_hsa.miR.708.5p, 1_hsa.miR.345.5p, 1_hsa.miR.592, 1_hsa.miR.135a.5p, 1_hsa.miR.30d.3p, 1_hsa.miR.150.5p, 1_hsa.miR.6511b.3p, 1_hsa.miR.4521, 1_hsa.miR.149.5p, 1_hsa.miR.1229.3p, 1_hsa.miR.18a.3p, 1_hsa.miR.455.5p, 1_hsa.miR.371a.5p, 1_hsa.miR.3648, 1_hsa.miR.130a.3p, 1_hsa.miR.130b.5p, 1_hsa.miR.92a.3p, 1_hsa.miR.421, 1_hsa.miR.4661.5p, 1_hsa.miR.1251.5p, 1_hsa.miR.515.3p, 1_hsa.miR.4449, 1_hsa.let.7g.3p, 1_hsa.miR.514a.3p, 1_hsa.miR.1296.5p, 1_hsa.miR.20a.3p, 1_hsa.miR.365a.3p, 1_hsa.miR.766.3p, 1_hsa.miR.3605.3p, 1_hsa.miR.183.5p, 1_hsa.miR.744.5p, 1_hsa.miR.3687, 1_hsa.miR.767.5p, 1_hsa.miR.340.3p, 1_hsa.miR.181b.3p, 1_hsa.miR.373.5p, 1_hsa.miR.188.3p, 1_hsa.miR.371a.3p, 1_hsa.miR.130b.3p, 1_hsa.miR.193a.3p, 1_hsa.miR.3615, 1_hsa.miR.1306.5p, 1_hsa.miR.19b.3p, 1_hsa.miR.3200.3p, 1_hsa.miR.940, 1_hsa.miR.518a.3p, 1_hsa.miR.520e, 1_hsa.miR.125a.3p, 1_hsa.miR.191.5p, 1_hsa.miR.3074.5p, 1_hsa.miR.423.3p, 1_hsa.miR.520c.3p, 1_hsa.miR.1226.3p, 1_hsa.miR.1269a, 1_hsa.miR.3065.5p, 1_hsa.miR.30b.3p, 1_hsa.miR.3922.3p, 1_hsa.miR.425.5p, 1_hsa.miR.4326, 1_hsa.miR.767.3p, 1_hsa.miR.7706, 1_hsa.miR.183.3p, 1_hsa.miR.20a.5p, 1_hsa.miR.210.5p, 1_hsa.miR.32.3p, 1_hsa.miR.33a.5p, 1_hsa.miR.484, 1_hsa.miR.1306.3p, 1_hsa.miR.181a.3p, 1_hsa.miR.4662a.5p, 1_hsa.miR.526b.3p, 1_hsa.miR.124.3p, 1_hsa.miR.26a.1.3p, 1_hsa.miR.29c.3p, 1_hsa.miR.365b.3p, 1_hsa.miR.4787.3p, 1_hsa.miR.548v, 1_hsa.miR.551a, 1_hsa.miR.760, 1_hsa.miR.887.3p, 1_hsa.miR.498, 1_hsa.let.7e.3p, 1_hsa.miR.1197, 1_hsa.miR.15b.3p, 1_hsa.miR.3170, 1_hsa.miR.501.3p, 1_hsa.miR.503.3p, 1_hsa.miR.652.5p, 1_hsa.miR.92a.1.5p, 1_hsa.miR.99b.3p, 1_hsa.miR.103a.2.5p, 1_hsa.miR.1271.5p, 1_hsa.miR.1277.3p, 1_hsa.miR.1343.3p, 1_hsa.miR.138.5p, 1_hsa.miR.17.5p, 1_hsa.miR.19a.3p, 1_hsa.miR.93.3p, 1_hsa.miR.105.5p, 1_hsa.miR.135b.5p, 1_hsa.miR.146b.5p, 1_hsa.miR.17.3p, 1_hsa.miR.196b.3p, 1_hsa.miR.301b, 1_hsa.miR.324.5p, 1_hsa.miR.551b.3p, 1_hsa.miR.589.3p, 1_hsa.miR.590.5p, 1_hsa.miR.519c.3p, 1_hsa.miR.125b.1.3p, 1_hsa.miR.1307.3p, 1_hsa.miR.138.1.3p, 1_hsa.miR.146b.3p, 1_hsa.miR.151a.5p, 1_hsa.miR.155.3p, 1_hsa.miR.181c.3p, 1_hsa.miR.186.5p, 1_hsa.miR.301a.5p, 1_hsa.miR.30c.1.3p, 1_hsa.miR.361.5p, 1_hsa.miR.3681.5p, 1_hsa.miR.455.3p, 1_hsa.miR.548f.3p, 1_hsa.miR.668.3p, 1_hsa.miR.744.3p, 1_hsa.miR.518f.3p, 1_hsa.miR.527]

BEST SUMS WITH SIZE 50
Number of solutions = 50
Features in hall of fame by prevalence:
49 features: [1_hsa.miR.103a.2.5p, 1_hsa.miR.1226.3p, 1_hsa.miR.1301.3p, 1_hsa.miR.1306.3p, 1_hsa.miR.1306.5p, 1_hsa.miR.1307.3p, 1_hsa.miR.1468.5p, 1_hsa.miR.148b.5p, 1_hsa.miR.151a.5p, 1_hsa.miR.15b.3p, 1_hsa.miR.16.2.3p, 1_hsa.miR.17.3p, 1_hsa.miR.17.5p, 1_hsa.miR.181b.3p, 1_hsa.miR.18a.3p, 1_hsa.miR.18a.5p, 1_hsa.miR.193a.3p, 1_hsa.miR.197.3p, 1_hsa.miR.19a.3p, 1_hsa.miR.19b.3p, 1_hsa.miR.20a.3p, 1_hsa.miR.20a.5p, 1_hsa.miR.210.3p, 1_hsa.miR.29c.3p, 1_hsa.miR.301a.3p, 1_hsa.miR.301a.5p, 1_hsa.miR.301b, 1_hsa.miR.3170, 1_hsa.miR.3200.3p, 1_hsa.miR.324.3p, 1_hsa.miR.324.5p, 1_hsa.miR.33a.5p, 1_hsa.miR.3605.3p, 1_hsa.miR.3648, 1_hsa.miR.3677.3p, 1_hsa.miR.3687, 1_hsa.miR.421, 1_hsa.miR.4326, 1_hsa.miR.455.3p, 1_hsa.miR.455.5p, 1_hsa.miR.505.3p, 1_hsa.miR.589.3p, 1_hsa.miR.592, 1_hsa.miR.744.3p, 1_hsa.miR.760, 1_hsa.miR.7706, 1_hsa.miR.887.3p, 1_hsa.miR.92a.3p, 1_hsa.miR.940]

BEST SUMS WITH SIZE 100
Number of solutions = 100
Features in hall of fame by prevalence:
97 features: [0_race_WHITE, 1_hsa.miR.20a.3p, 1_hsa.miR.3170, 0_age_at_initial_pathologic_diagnosis, 1_hsa.let.7a.2.3p, 1_hsa.let.7a.3p, 1_hsa.let.7g.3p, 1_hsa.let.7g.5p, 1_hsa.miR.103a.2.5p, 1_hsa.miR.105.5p, 1_hsa.miR.106b.5p, 1_hsa.miR.1226.3p, 1_hsa.miR.125b.1.3p, 1_hsa.miR.1269a, 1_hsa.miR.1271.5p, 1_hsa.miR.1277.3p, 1_hsa.miR.1296.5p, 1_hsa.miR.1301.3p, 1_hsa.miR.1306.3p, 1_hsa.miR.1306.5p, 1_hsa.miR.1307.3p, 1_hsa.miR.130b.5p, 1_hsa.miR.1343.3p, 1_hsa.miR.135a.3p, 1_hsa.miR.135a.5p, 1_hsa.miR.138.5p, 1_hsa.miR.1468.5p, 1_hsa.miR.146b.3p, 1_hsa.miR.146b.5p, 1_hsa.miR.148b.5p, 1_hsa.miR.150.5p, 1_hsa.miR.151a.5p, 1_hsa.miR.155.3p, 1_hsa.miR.15b.3p, 1_hsa.miR.16.2.3p, 1_hsa.miR.17.3p, 1_hsa.miR.17.5p, 1_hsa.miR.181a.3p, 1_hsa.miR.181b.3p, 1_hsa.miR.18a.3p, 1_hsa.miR.18a.5p, 1_hsa.miR.193a.3p, 1_hsa.miR.197.3p, 1_hsa.miR.19a.3p, 1_hsa.miR.19b.3p, 1_hsa.miR.20a.5p, 1_hsa.miR.210.3p, 1_hsa.miR.219a.1.3p, 1_hsa.miR.29c.3p, 1_hsa.miR.301a.3p, 1_hsa.miR.301a.5p, 1_hsa.miR.301b, 1_hsa.miR.3074.5p, 1_hsa.miR.3187.3p, 1_hsa.miR.3200.3p, 1_hsa.miR.32.3p, 1_hsa.miR.324.3p, 1_hsa.miR.324.5p, 1_hsa.miR.33a.5p, 1_hsa.miR.340.3p, 1_hsa.miR.3605.3p, 1_hsa.miR.3615, 1_hsa.miR.361.5p, 1_hsa.miR.3648, 1_hsa.miR.3677.3p, 1_hsa.miR.3687, 1_hsa.miR.421, 1_hsa.miR.423.3p, 1_hsa.miR.4326, 1_hsa.miR.4521, 1_hsa.miR.454.3p, 1_hsa.miR.455.3p, 1_hsa.miR.455.5p, 1_hsa.miR.484, 1_hsa.miR.503.3p, 1_hsa.miR.505.3p, 1_hsa.miR.514a.3p, 1_hsa.miR.551a, 1_hsa.miR.551b.3p, 1_hsa.miR.589.3p, 1_hsa.miR.590.5p, 1_hsa.miR.592, 1_hsa.miR.708.3p, 1_hsa.miR.744.3p, 1_hsa.miR.760, 1_hsa.miR.767.3p, 1_hsa.miR.767.5p, 1_hsa.miR.7706, 1_hsa.miR.877.5p, 1_hsa.miR.885.5p, 1_hsa.miR.887.3p, 1_hsa.miR.92a.3p, 1_hsa.miR.93.3p, 1_hsa.miR.93.5p, 1_hsa.miR.940, 1_hsa.miR.99b.3p, 1_hsa.miR.512.3p]
Optimization on fold finished in 00-00:38:24

FEATURE SETS SELECTED

PARETO FRONT
Number of solutions = 25
Features in hall of fame by prevalence:
60 features: [1_hsa.miR.1468.5p, 1_hsa.miR.301a.3p, 1_hsa.miR.512.3p, 0_age_at_initial_pathologic_diagnosis, 1_hsa.miR.210.3p, 1_hsa.miR.454.3p, 1_hsa.miR.339.3p, 1_hsa.miR.592, 0_race_WHITE, 1_hsa.miR.6511b.3p, 1_hsa.miR.371a.5p, 1_hsa.miR.3677.3p, 1_hsa.miR.135b.3p, 1_hsa.miR.3648, 1_hsa.miR.374c.5p, 1_hsa.miR.4668.3p, 1_hsa.miR.505.3p, 1_hsa.miR.93.5p, 1_hsa.miR.372.5p, 1_hsa.miR.130b.5p, 1_hsa.miR.135a.5p, 1_hsa.miR.149.5p, 1_hsa.miR.150.5p, 1_hsa.miR.30d.3p, 1_hsa.miR.3607.5p, 1_hsa.miR.365a.3p, 1_hsa.miR.4661.5p, 1_hsa.miR.708.5p, 1_hsa.miR.515.3p, 1_hsa.let.7g.3p, 1_hsa.miR.1229.3p, 1_hsa.miR.345.5p, 1_hsa.miR.455.5p, 1_hsa.miR.18a.3p, 1_hsa.miR.20a.3p, 1_hsa.miR.4521, 1_hsa.miR.1269a, 1_hsa.miR.1306.3p, 1_hsa.miR.130a.3p, 1_hsa.miR.188.3p, 1_hsa.miR.3687, 1_hsa.miR.766.3p, 1_hsa.miR.92a.3p, 1_hsa.let.7e.3p, 1_hsa.miR.1197, 1_hsa.miR.1251.5p, 1_hsa.miR.1296.5p, 1_hsa.miR.155.3p, 1_hsa.miR.181b.3p, 1_hsa.miR.183.5p, 1_hsa.miR.193a.3p, 1_hsa.miR.19b.3p, 1_hsa.miR.26a.1.3p, 1_hsa.miR.30b.3p, 1_hsa.miR.340.3p, 1_hsa.miR.421, 1_hsa.miR.425.5p, 1_hsa.miR.514a.3p, 1_hsa.miR.744.5p, 1_hsa.miR.526b.3p]

LAST POPULATION
Number of solutions = 500
Features in hall of fame by prevalence:
143 features: [1_hsa.miR.1468.5p, 1_hsa.miR.301a.3p, 1_hsa.miR.512.3p, 0_age_at_initial_pathologic_diagnosis, 1_hsa.miR.210.3p, 0_race_WHITE, 1_hsa.miR.3677.3p, 1_hsa.miR.505.3p, 1_hsa.miR.4668.3p, 1_hsa.miR.454.3p, 1_hsa.miR.374c.5p, 1_hsa.miR.93.5p, 1_hsa.miR.339.3p, 1_hsa.miR.3607.5p, 1_hsa.miR.372.5p, 1_hsa.miR.135b.3p, 1_hsa.miR.708.5p, 1_hsa.miR.345.5p, 1_hsa.miR.592, 1_hsa.miR.135a.5p, 1_hsa.miR.30d.3p, 1_hsa.miR.150.5p, 1_hsa.miR.6511b.3p, 1_hsa.miR.4521, 1_hsa.miR.149.5p, 1_hsa.miR.1229.3p, 1_hsa.miR.18a.3p, 1_hsa.miR.455.5p, 1_hsa.miR.371a.5p, 1_hsa.miR.3648, 1_hsa.miR.130a.3p, 1_hsa.miR.130b.5p, 1_hsa.miR.92a.3p, 1_hsa.miR.421, 1_hsa.miR.4661.5p, 1_hsa.miR.1251.5p, 1_hsa.miR.515.3p, 1_hsa.miR.4449, 1_hsa.let.7g.3p, 1_hsa.miR.514a.3p, 1_hsa.miR.1296.5p, 1_hsa.miR.20a.3p, 1_hsa.miR.365a.3p, 1_hsa.miR.766.3p, 1_hsa.miR.3605.3p, 1_hsa.miR.183.5p, 1_hsa.miR.744.5p, 1_hsa.miR.3687, 1_hsa.miR.767.5p, 1_hsa.miR.340.3p, 1_hsa.miR.181b.3p, 1_hsa.miR.373.5p, 1_hsa.miR.188.3p, 1_hsa.miR.371a.3p, 1_hsa.miR.130b.3p, 1_hsa.miR.193a.3p, 1_hsa.miR.3615, 1_hsa.miR.1306.5p, 1_hsa.miR.19b.3p, 1_hsa.miR.3200.3p, 1_hsa.miR.940, 1_hsa.miR.518a.3p, 1_hsa.miR.520e, 1_hsa.miR.125a.3p, 1_hsa.miR.191.5p, 1_hsa.miR.3074.5p, 1_hsa.miR.423.3p, 1_hsa.miR.520c.3p, 1_hsa.miR.1226.3p, 1_hsa.miR.1269a, 1_hsa.miR.3065.5p, 1_hsa.miR.30b.3p, 1_hsa.miR.3922.3p, 1_hsa.miR.425.5p, 1_hsa.miR.4326, 1_hsa.miR.767.3p, 1_hsa.miR.7706, 1_hsa.miR.183.3p, 1_hsa.miR.20a.5p, 1_hsa.miR.210.5p, 1_hsa.miR.32.3p, 1_hsa.miR.33a.5p, 1_hsa.miR.484, 1_hsa.miR.1306.3p, 1_hsa.miR.181a.3p, 1_hsa.miR.4662a.5p, 1_hsa.miR.526b.3p, 1_hsa.miR.124.3p, 1_hsa.miR.26a.1.3p, 1_hsa.miR.29c.3p, 1_hsa.miR.365b.3p, 1_hsa.miR.4787.3p, 1_hsa.miR.548v, 1_hsa.miR.551a, 1_hsa.miR.760, 1_hsa.miR.887.3p, 1_hsa.miR.498, 1_hsa.let.7e.3p, 1_hsa.miR.1197, 1_hsa.miR.15b.3p, 1_hsa.miR.3170, 1_hsa.miR.501.3p, 1_hsa.miR.503.3p, 1_hsa.miR.652.5p, 1_hsa.miR.92a.1.5p, 1_hsa.miR.99b.3p, 1_hsa.miR.103a.2.5p, 1_hsa.miR.1271.5p, 1_hsa.miR.1277.3p, 1_hsa.miR.1343.3p, 1_hsa.miR.138.5p, 1_hsa.miR.17.5p, 1_hsa.miR.19a.3p, 1_hsa.miR.93.3p, 1_hsa.miR.105.5p, 1_hsa.miR.135b.5p, 1_hsa.miR.146b.5p, 1_hsa.miR.17.3p, 1_hsa.miR.196b.3p, 1_hsa.miR.301b, 1_hsa.miR.324.5p, 1_hsa.miR.551b.3p, 1_hsa.miR.589.3p, 1_hsa.miR.590.5p, 1_hsa.miR.519c.3p, 1_hsa.miR.125b.1.3p, 1_hsa.miR.1307.3p, 1_hsa.miR.138.1.3p, 1_hsa.miR.146b.3p, 1_hsa.miR.151a.5p, 1_hsa.miR.155.3p, 1_hsa.miR.181c.3p, 1_hsa.miR.186.5p, 1_hsa.miR.301a.5p, 1_hsa.miR.30c.1.3p, 1_hsa.miR.361.5p, 1_hsa.miR.3681.5p, 1_hsa.miR.455.3p, 1_hsa.miR.548f.3p, 1_hsa.miR.668.3p, 1_hsa.miR.744.3p, 1_hsa.miR.518f.3p, 1_hsa.miR.527]

BEST SUMS WITH SIZE 50
Number of solutions = 50
Features in hall of fame by prevalence:
49 features: [1_hsa.miR.103a.2.5p, 1_hsa.miR.1226.3p, 1_hsa.miR.1301.3p, 1_hsa.miR.1306.3p, 1_hsa.miR.1306.5p, 1_hsa.miR.1307.3p, 1_hsa.miR.1468.5p, 1_hsa.miR.148b.5p, 1_hsa.miR.151a.5p, 1_hsa.miR.15b.3p, 1_hsa.miR.16.2.3p, 1_hsa.miR.17.3p, 1_hsa.miR.17.5p, 1_hsa.miR.181b.3p, 1_hsa.miR.18a.3p, 1_hsa.miR.18a.5p, 1_hsa.miR.193a.3p, 1_hsa.miR.197.3p, 1_hsa.miR.19a.3p, 1_hsa.miR.19b.3p, 1_hsa.miR.20a.3p, 1_hsa.miR.20a.5p, 1_hsa.miR.210.3p, 1_hsa.miR.29c.3p, 1_hsa.miR.301a.3p, 1_hsa.miR.301a.5p, 1_hsa.miR.301b, 1_hsa.miR.3170, 1_hsa.miR.3200.3p, 1_hsa.miR.324.3p, 1_hsa.miR.324.5p, 1_hsa.miR.33a.5p, 1_hsa.miR.3605.3p, 1_hsa.miR.3648, 1_hsa.miR.3677.3p, 1_hsa.miR.3687, 1_hsa.miR.421, 1_hsa.miR.4326, 1_hsa.miR.455.3p, 1_hsa.miR.455.5p, 1_hsa.miR.505.3p, 1_hsa.miR.589.3p, 1_hsa.miR.592, 1_hsa.miR.744.3p, 1_hsa.miR.760, 1_hsa.miR.7706, 1_hsa.miR.887.3p, 1_hsa.miR.92a.3p, 1_hsa.miR.940]

BEST SUMS WITH SIZE 100
Number of solutions = 100
Features in hall of fame by prevalence:
97 features: [0_race_WHITE, 1_hsa.miR.20a.3p, 1_hsa.miR.3170, 0_age_at_initial_pathologic_diagnosis, 1_hsa.let.7a.2.3p, 1_hsa.let.7a.3p, 1_hsa.let.7g.3p, 1_hsa.let.7g.5p, 1_hsa.miR.103a.2.5p, 1_hsa.miR.105.5p, 1_hsa.miR.106b.5p, 1_hsa.miR.1226.3p, 1_hsa.miR.125b.1.3p, 1_hsa.miR.1269a, 1_hsa.miR.1271.5p, 1_hsa.miR.1277.3p, 1_hsa.miR.1296.5p, 1_hsa.miR.1301.3p, 1_hsa.miR.1306.3p, 1_hsa.miR.1306.5p, 1_hsa.miR.1307.3p, 1_hsa.miR.130b.5p, 1_hsa.miR.1343.3p, 1_hsa.miR.135a.3p, 1_hsa.miR.135a.5p, 1_hsa.miR.138.5p, 1_hsa.miR.1468.5p, 1_hsa.miR.146b.3p, 1_hsa.miR.146b.5p, 1_hsa.miR.148b.5p, 1_hsa.miR.150.5p, 1_hsa.miR.151a.5p, 1_hsa.miR.155.3p, 1_hsa.miR.15b.3p, 1_hsa.miR.16.2.3p, 1_hsa.miR.17.3p, 1_hsa.miR.17.5p, 1_hsa.miR.181a.3p, 1_hsa.miR.181b.3p, 1_hsa.miR.18a.3p, 1_hsa.miR.18a.5p, 1_hsa.miR.193a.3p, 1_hsa.miR.197.3p, 1_hsa.miR.19a.3p, 1_hsa.miR.19b.3p, 1_hsa.miR.20a.5p, 1_hsa.miR.210.3p, 1_hsa.miR.219a.1.3p, 1_hsa.miR.29c.3p, 1_hsa.miR.301a.3p, 1_hsa.miR.301a.5p, 1_hsa.miR.301b, 1_hsa.miR.3074.5p, 1_hsa.miR.3187.3p, 1_hsa.miR.3200.3p, 1_hsa.miR.32.3p, 1_hsa.miR.324.3p, 1_hsa.miR.324.5p, 1_hsa.miR.33a.5p, 1_hsa.miR.340.3p, 1_hsa.miR.3605.3p, 1_hsa.miR.3615, 1_hsa.miR.361.5p, 1_hsa.miR.3648, 1_hsa.miR.3677.3p, 1_hsa.miR.3687, 1_hsa.miR.421, 1_hsa.miR.423.3p, 1_hsa.miR.4326, 1_hsa.miR.4521, 1_hsa.miR.454.3p, 1_hsa.miR.455.3p, 1_hsa.miR.455.5p, 1_hsa.miR.484, 1_hsa.miR.503.3p, 1_hsa.miR.505.3p, 1_hsa.miR.514a.3p, 1_hsa.miR.551a, 1_hsa.miR.551b.3p, 1_hsa.miR.589.3p, 1_hsa.miR.590.5p, 1_hsa.miR.592, 1_hsa.miR.708.3p, 1_hsa.miR.744.3p, 1_hsa.miR.760, 1_hsa.miR.767.3p, 1_hsa.miR.767.5p, 1_hsa.miR.7706, 1_hsa.miR.877.5p, 1_hsa.miR.885.5p, 1_hsa.miR.887.3p, 1_hsa.miR.92a.3p, 1_hsa.miR.93.3p, 1_hsa.miR.93.5p, 1_hsa.miR.940, 1_hsa.miR.99b.3p, 1_hsa.miR.512.3p]
