
OPTIMIZING ON FOLD NUMBER 0
Number of workers = 80

COMPUTING LOCAL ACTIVE FEATURES
Computing active features for view clinic
Existing features: 7
Applying union strategy for feature selection using composite feature selector with
categorical: feature selector any na and anova
survival: feature selector Cox

Computing active features for outcome survival
Features selected for this outcome: 2
Features active in total: 2
Computing active features for view log_mirna
Existing features: 739
Applying union strategy for feature selection using composite feature selector with
categorical: feature selector any na and anova
survival: feature selector Cox

Computing active features for outcome survival
Features selected for this outcome: 245
Features active in total: 245
Computing feature importance
Running optimizer

STARTING 2-STEPS GENETIC ALGORITHM

CREATING INNER FOLDS

ASSIGNING STRATA FOR MULTI-OUTCOME DATA SARC_MV
Assigning strata for outcome named survival of type survival
Counts:
censored 0: 24
censored 1: 75
deceased 0: 28
deceased 1: 28

STARTING SWEEP NUMBER 1
folds_creator_seed = 4107908117

ASSIGNING STRATA FOR MULTI-OUTCOME DATA SARC_MV
Assigning strata for outcome named survival of type survival
Counts:
censored 0: 24
censored 1: 75
deceased 0: 28
deceased 1: 28
ga_runner_seed = 3091794638
VIEW: CLINIC
   	     	         	        	   survival SKSurv Cox model concordance index   	             root leanness              
   	     	         	        	-------------------------------------------------	----------------------------------------
gen	evals	gen_feats	explored	min	avg     	max     	std                  	min    	avg     	max	std     
0  	500  	2        	2       	0.5	0.571717	0.629873	0.0555805            	0.57735	0.762825	1  	0.175398
1  	297  	2        	2       	0.5	0.573891	0.629873	0.0501424            	0.57735	0.747891	1  	0.154895
2  	314  	2        	2       	0.5	0.573891	0.629873	0.0501424            	0.57735	0.747891	1  	0.154895
3  	299  	2        	2       	0.5	0.573891	0.629873	0.0501424            	0.57735	0.747891	1  	0.154895
4  	329  	2        	2       	0.5	0.573891	0.629873	0.0501424            	0.57735	0.747891	1  	0.154895
5  	311  	2        	2       	0.5	0.573891	0.629873	0.0501424            	0.57735	0.747891	1  	0.154895
6  	318  	2        	2       	0.5	0.573891	0.629873	0.0501424            	0.57735	0.747891	1  	0.154895
7  	308  	2        	2       	0.5	0.573891	0.629873	0.0501424            	0.57735	0.747891	1  	0.154895
8  	318  	2        	2       	0.5	0.573891	0.629873	0.0501424            	0.57735	0.747891	1  	0.154895
9  	305  	2        	2       	0.5	0.573891	0.629873	0.0501424            	0.57735	0.747891	1  	0.154895
10 	316  	2        	2       	0.5	0.573891	0.629873	0.0501424            	0.57735	0.747891	1  	0.154895
11 	311  	2        	2       	0.5	0.573891	0.629873	0.0501424            	0.57735	0.747891	1  	0.154895
12 	295  	2        	2       	0.5	0.573891	0.629873	0.0501424            	0.57735	0.747891	1  	0.154895
13 	309  	2        	2       	0.5	0.573891	0.629873	0.0501424            	0.57735	0.747891	1  	0.154895
14 	314  	2        	2       	0.5	0.573891	0.629873	0.0501424            	0.57735	0.747891	1  	0.154895
15 	312  	2        	2       	0.5	0.573891	0.629873	0.0501424            	0.57735	0.747891	1  	0.154895
16 	313  	2        	2       	0.5	0.573891	0.629873	0.0501424            	0.57735	0.747891	1  	0.154895
17 	303  	2        	2       	0.5	0.573891	0.629873	0.0501424            	0.57735	0.747891	1  	0.154895
18 	313  	2        	2       	0.5	0.573891	0.629873	0.0501424            	0.57735	0.747891	1  	0.154895
19 	320  	2        	2       	0.5	0.573891	0.629873	0.0501424            	0.57735	0.747891	1  	0.154895
20 	313  	2        	2       	0.5	0.573891	0.629873	0.0501424            	0.57735	0.747891	1  	0.154895
21 	293  	2        	2       	0.5	0.573891	0.629873	0.0501424            	0.57735	0.747891	1  	0.154895
22 	292  	2        	2       	0.5	0.573891	0.629873	0.0501424            	0.57735	0.747891	1  	0.154895
23 	320  	2        	2       	0.5	0.573891	0.629873	0.0501424            	0.57735	0.747891	1  	0.154895
24 	317  	2        	2       	0.5	0.573891	0.629873	0.0501424            	0.57735	0.747891	1  	0.154895
25 	315  	2        	2       	0.5	0.573891	0.629873	0.0501424            	0.57735	0.747891	1  	0.154895
26 	302  	2        	2       	0.5	0.573891	0.629873	0.0501424            	0.57735	0.747891	1  	0.154895
27 	319  	2        	2       	0.5	0.573891	0.629873	0.0501424            	0.57735	0.747891	1  	0.154895
28 	303  	2        	2       	0.5	0.573891	0.629873	0.0501424            	0.57735	0.747891	1  	0.154895
29 	309  	2        	2       	0.5	0.573891	0.629873	0.0501424            	0.57735	0.747891	1  	0.154895
30 	311  	2        	2       	0.5	0.573891	0.629873	0.0501424            	0.57735	0.747891	1  	0.154895
31 	309  	2        	2       	0.5	0.573891	0.629873	0.0501424            	0.57735	0.747891	1  	0.154895
32 	300  	2        	2       	0.5	0.573891	0.629873	0.0501424            	0.57735	0.747891	1  	0.154895
33 	307  	2        	2       	0.5	0.573891	0.629873	0.0501424            	0.57735	0.747891	1  	0.154895
34 	305  	2        	2       	0.5	0.573891	0.629873	0.0501424            	0.57735	0.747891	1  	0.154895
35 	308  	2        	2       	0.5	0.573891	0.629873	0.0501424            	0.57735	0.747891	1  	0.154895
36 	334  	2        	2       	0.5	0.573891	0.629873	0.0501424            	0.57735	0.747891	1  	0.154895
37 	295  	2        	2       	0.5	0.573891	0.629873	0.0501424            	0.57735	0.747891	1  	0.154895
38 	320  	2        	2       	0.5	0.573891	0.629873	0.0501424            	0.57735	0.747891	1  	0.154895
39 	303  	2        	2       	0.5	0.573891	0.629873	0.0501424            	0.57735	0.747891	1  	0.154895
40 	292  	2        	2       	0.5	0.573891	0.629873	0.0501424            	0.57735	0.747891	1  	0.154895
41 	304  	2        	2       	0.5	0.573891	0.629873	0.0501424            	0.57735	0.747891	1  	0.154895
42 	327  	2        	2       	0.5	0.573891	0.629873	0.0501424            	0.57735	0.747891	1  	0.154895
43 	330  	2        	2       	0.5	0.573891	0.629873	0.0501424            	0.57735	0.747891	1  	0.154895
44 	310  	2        	2       	0.5	0.573891	0.629873	0.0501424            	0.57735	0.747891	1  	0.154895
45 	290  	2        	2       	0.5	0.573891	0.629873	0.0501424            	0.57735	0.747891	1  	0.154895
46 	316  	2        	2       	0.5	0.573891	0.629873	0.0501424            	0.57735	0.747891	1  	0.154895
47 	300  	2        	2       	0.5	0.573891	0.629873	0.0501424            	0.57735	0.747891	1  	0.154895
48 	310  	2        	2       	0.5	0.573891	0.629873	0.0501424            	0.57735	0.747891	1  	0.154895
49 	308  	2        	2       	0.5	0.573891	0.629873	0.0501424            	0.57735	0.747891	1  	0.154895
50 	302  	2        	2       	0.5	0.573891	0.629873	0.0501424            	0.57735	0.747891	1  	0.154895
51 	297  	2        	2       	0.5	0.573891	0.629873	0.0501424            	0.57735	0.747891	1  	0.154895
52 	309  	2        	2       	0.5	0.573891	0.629873	0.0501424            	0.57735	0.747891	1  	0.154895
53 	304  	2        	2       	0.5	0.573891	0.629873	0.0501424            	0.57735	0.747891	1  	0.154895
54 	320  	2        	2       	0.5	0.573891	0.629873	0.0501424            	0.57735	0.747891	1  	0.154895
55 	293  	2        	2       	0.5	0.573891	0.629873	0.0501424            	0.57735	0.747891	1  	0.154895
56 	308  	2        	2       	0.5	0.573891	0.629873	0.0501424            	0.57735	0.747891	1  	0.154895
57 	317  	2        	2       	0.5	0.573891	0.629873	0.0501424            	0.57735	0.747891	1  	0.154895
58 	315  	2        	2       	0.5	0.573891	0.629873	0.0501424            	0.57735	0.747891	1  	0.154895
59 	308  	2        	2       	0.5	0.573891	0.629873	0.0501424            	0.57735	0.747891	1  	0.154895
60 	299  	2        	2       	0.5	0.573891	0.629873	0.0501424            	0.57735	0.747891	1  	0.154895
61 	311  	2        	2       	0.5	0.573891	0.629873	0.0501424            	0.57735	0.747891	1  	0.154895
62 	307  	2        	2       	0.5	0.573891	0.629873	0.0501424            	0.57735	0.747891	1  	0.154895
63 	303  	2        	2       	0.5	0.573891	0.629873	0.0501424            	0.57735	0.747891	1  	0.154895
64 	311  	2        	2       	0.5	0.573891	0.629873	0.0501424            	0.57735	0.747891	1  	0.154895
65 	316  	2        	2       	0.5	0.573891	0.629873	0.0501424            	0.57735	0.747891	1  	0.154895
66 	309  	2        	2       	0.5	0.573891	0.629873	0.0501424            	0.57735	0.747891	1  	0.154895
67 	302  	2        	2       	0.5	0.573891	0.629873	0.0501424            	0.57735	0.747891	1  	0.154895
68 	298  	2        	2       	0.5	0.573891	0.629873	0.0501424            	0.57735	0.747891	1  	0.154895
69 	330  	2        	2       	0.5	0.573891	0.629873	0.0501424            	0.57735	0.747891	1  	0.154895
70 	299  	2        	2       	0.5	0.573891	0.629873	0.0501424            	0.57735	0.747891	1  	0.154895
71 	311  	2        	2       	0.5	0.573891	0.629873	0.0501424            	0.57735	0.747891	1  	0.154895
72 	292  	2        	2       	0.5	0.573891	0.629873	0.0501424            	0.57735	0.747891	1  	0.154895
73 	324  	2        	2       	0.5	0.573891	0.629873	0.0501424            	0.57735	0.747891	1  	0.154895
74 	303  	2        	2       	0.5	0.573891	0.629873	0.0501424            	0.57735	0.747891	1  	0.154895
75 	313  	2        	2       	0.5	0.573891	0.629873	0.0501424            	0.57735	0.747891	1  	0.154895
76 	320  	2        	2       	0.5	0.573891	0.629873	0.0501424            	0.57735	0.747891	1  	0.154895
77 	302  	2        	2       	0.5	0.573891	0.629873	0.0501424            	0.57735	0.747891	1  	0.154895
78 	298  	2        	2       	0.5	0.573891	0.629873	0.0501424            	0.57735	0.747891	1  	0.154895
79 	300  	2        	2       	0.5	0.573891	0.629873	0.0501424            	0.57735	0.747891	1  	0.154895
80 	313  	2        	2       	0.5	0.573891	0.629873	0.0501424            	0.57735	0.747891	1  	0.154895
81 	295  	2        	2       	0.5	0.573891	0.629873	0.0501424            	0.57735	0.747891	1  	0.154895
82 	319  	2        	2       	0.5	0.573891	0.629873	0.0501424            	0.57735	0.747891	1  	0.154895
83 	299  	2        	2       	0.5	0.573891	0.629873	0.0501424            	0.57735	0.747891	1  	0.154895
84 	306  	2        	2       	0.5	0.573891	0.629873	0.0501424            	0.57735	0.747891	1  	0.154895
85 	313  	2        	2       	0.5	0.573891	0.629873	0.0501424            	0.57735	0.747891	1  	0.154895
86 	315  	2        	2       	0.5	0.573891	0.629873	0.0501424            	0.57735	0.747891	1  	0.154895
87 	308  	2        	2       	0.5	0.573891	0.629873	0.0501424            	0.57735	0.747891	1  	0.154895
88 	318  	2        	2       	0.5	0.573891	0.629873	0.0501424            	0.57735	0.747891	1  	0.154895
89 	309  	2        	2       	0.5	0.573891	0.629873	0.0501424            	0.57735	0.747891	1  	0.154895
90 	292  	2        	2       	0.5	0.573891	0.629873	0.0501424            	0.57735	0.747891	1  	0.154895
91 	317  	2        	2       	0.5	0.573891	0.629873	0.0501424            	0.57735	0.747891	1  	0.154895
92 	314  	2        	2       	0.5	0.573891	0.629873	0.0501424            	0.57735	0.747891	1  	0.154895
93 	292  	2        	2       	0.5	0.573891	0.629873	0.0501424            	0.57735	0.747891	1  	0.154895
94 	296  	2        	2       	0.5	0.573891	0.629873	0.0501424            	0.57735	0.747891	1  	0.154895
95 	315  	2        	2       	0.5	0.573891	0.629873	0.0501424            	0.57735	0.747891	1  	0.154895
96 	303  	2        	2       	0.5	0.573891	0.629873	0.0501424            	0.57735	0.747891	1  	0.154895
97 	283  	2        	2       	0.5	0.573891	0.629873	0.0501424            	0.57735	0.747891	1  	0.154895
98 	289  	2        	2       	0.5	0.573891	0.629873	0.0501424            	0.57735	0.747891	1  	0.154895
99 	317  	2        	2       	0.5	0.573891	0.629873	0.0501424            	0.57735	0.747891	1  	0.154895
100	308  	2        	2       	0.5	0.573891	0.629873	0.0501424            	0.57735	0.747891	1  	0.154895
101	319  	2        	2       	0.5	0.573891	0.629873	0.0501424            	0.57735	0.747891	1  	0.154895
102	302  	2        	2       	0.5	0.573891	0.629873	0.0501424            	0.57735	0.747891	1  	0.154895
103	316  	2        	2       	0.5	0.573891	0.629873	0.0501424            	0.57735	0.747891	1  	0.154895
104	322  	2        	2       	0.5	0.573891	0.629873	0.0501424            	0.57735	0.747891	1  	0.154895
105	297  	2        	2       	0.5	0.573891	0.629873	0.0501424            	0.57735	0.747891	1  	0.154895
106	318  	2        	2       	0.5	0.573891	0.629873	0.0501424            	0.57735	0.747891	1  	0.154895
107	331  	2        	2       	0.5	0.573891	0.629873	0.0501424            	0.57735	0.747891	1  	0.154895
108	303  	2        	2       	0.5	0.573891	0.629873	0.0501424            	0.57735	0.747891	1  	0.154895
109	298  	2        	2       	0.5	0.573891	0.629873	0.0501424            	0.57735	0.747891	1  	0.154895
110	299  	2        	2       	0.5	0.573891	0.629873	0.0501424            	0.57735	0.747891	1  	0.154895
111	323  	2        	2       	0.5	0.573891	0.629873	0.0501424            	0.57735	0.747891	1  	0.154895
112	312  	2        	2       	0.5	0.573891	0.629873	0.0501424            	0.57735	0.747891	1  	0.154895
113	304  	2        	2       	0.5	0.573891	0.629873	0.0501424            	0.57735	0.747891	1  	0.154895
114	324  	2        	2       	0.5	0.573891	0.629873	0.0501424            	0.57735	0.747891	1  	0.154895
115	299  	2        	2       	0.5	0.573891	0.629873	0.0501424            	0.57735	0.747891	1  	0.154895
116	306  	2        	2       	0.5	0.573891	0.629873	0.0501424            	0.57735	0.747891	1  	0.154895
117	305  	2        	2       	0.5	0.573891	0.629873	0.0501424            	0.57735	0.747891	1  	0.154895
118	307  	2        	2       	0.5	0.573891	0.629873	0.0501424            	0.57735	0.747891	1  	0.154895
119	303  	2        	2       	0.5	0.573891	0.629873	0.0501424            	0.57735	0.747891	1  	0.154895
120	320  	2        	2       	0.5	0.573891	0.629873	0.0501424            	0.57735	0.747891	1  	0.154895
121	313  	2        	2       	0.5	0.573891	0.629873	0.0501424            	0.57735	0.747891	1  	0.154895
122	311  	2        	2       	0.5	0.573891	0.629873	0.0501424            	0.57735	0.747891	1  	0.154895
123	305  	2        	2       	0.5	0.573891	0.629873	0.0501424            	0.57735	0.747891	1  	0.154895
124	309  	2        	2       	0.5	0.573891	0.629873	0.0501424            	0.57735	0.747891	1  	0.154895
125	316  	2        	2       	0.5	0.573891	0.629873	0.0501424            	0.57735	0.747891	1  	0.154895
126	319  	2        	2       	0.5	0.573891	0.629873	0.0501424            	0.57735	0.747891	1  	0.154895
127	317  	2        	2       	0.5	0.573891	0.629873	0.0501424            	0.57735	0.747891	1  	0.154895
128	304  	2        	2       	0.5	0.573891	0.629873	0.0501424            	0.57735	0.747891	1  	0.154895
129	310  	2        	2       	0.5	0.573891	0.629873	0.0501424            	0.57735	0.747891	1  	0.154895
130	297  	2        	2       	0.5	0.573891	0.629873	0.0501424            	0.57735	0.747891	1  	0.154895
131	282  	2        	2       	0.5	0.573891	0.629873	0.0501424            	0.57735	0.747891	1  	0.154895
132	309  	2        	2       	0.5	0.573891	0.629873	0.0501424            	0.57735	0.747891	1  	0.154895
133	319  	2        	2       	0.5	0.573891	0.629873	0.0501424            	0.57735	0.747891	1  	0.154895
134	300  	2        	2       	0.5	0.573891	0.629873	0.0501424            	0.57735	0.747891	1  	0.154895
135	302  	2        	2       	0.5	0.573891	0.629873	0.0501424            	0.57735	0.747891	1  	0.154895
136	324  	2        	2       	0.5	0.573891	0.629873	0.0501424            	0.57735	0.747891	1  	0.154895
137	317  	2        	2       	0.5	0.573891	0.629873	0.0501424            	0.57735	0.747891	1  	0.154895
138	297  	2        	2       	0.5	0.573891	0.629873	0.0501424            	0.57735	0.747891	1  	0.154895
139	305  	2        	2       	0.5	0.573891	0.629873	0.0501424            	0.57735	0.747891	1  	0.154895
140	327  	2        	2       	0.5	0.573891	0.629873	0.0501424            	0.57735	0.747891	1  	0.154895
141	295  	2        	2       	0.5	0.573891	0.629873	0.0501424            	0.57735	0.747891	1  	0.154895
142	313  	2        	2       	0.5	0.573891	0.629873	0.0501424            	0.57735	0.747891	1  	0.154895
143	309  	2        	2       	0.5	0.573891	0.629873	0.0501424            	0.57735	0.747891	1  	0.154895
144	302  	2        	2       	0.5	0.573891	0.629873	0.0501424            	0.57735	0.747891	1  	0.154895
145	317  	2        	2       	0.5	0.573891	0.629873	0.0501424            	0.57735	0.747891	1  	0.154895
146	316  	2        	2       	0.5	0.573891	0.629873	0.0501424            	0.57735	0.747891	1  	0.154895
147	308  	2        	2       	0.5	0.573891	0.629873	0.0501424            	0.57735	0.747891	1  	0.154895
148	314  	2        	2       	0.5	0.573891	0.629873	0.0501424            	0.57735	0.747891	1  	0.154895
149	309  	2        	2       	0.5	0.573891	0.629873	0.0501424            	0.57735	0.747891	1  	0.154895

ASSIGNING STRATA FOR MULTI-OUTCOME DATA SARC_MV
Assigning strata for outcome named survival of type survival
Counts:
censored 0: 24
censored 1: 75
deceased 0: 28
deceased 1: 28
VIEW: LOG_MIRNA
   	     	         	        	       survival SKSurv Cox model concordance index       	                  root leanness                  
   	     	         	        	---------------------------------------------------------	-------------------------------------------------
gen	evals	gen_feats	explored	min     	avg     	max     	std             	min     	avg     	max	std      
0  	500  	1        	1       	0.5     	0.694003	0.697157	0.0247383       	0.707107	0.711793	1  	0.0367508
1  	350  	156      	156     	0.385962	0.614688	0.717809	0.0888199       	0.447214	0.757712	1  	0.171772 
2  	333  	189      	218     	0.385962	0.631369	0.718265	0.0622649       	0.408248	0.621207	1  	0.101661 
3  	381  	217      	236     	0.385962	0.642919	0.719057	0.0512864       	0.377964	0.58559 	1  	0.0913073
4  	373  	220      	242     	0.5     	0.65881 	0.720918	0.044914        	0.377964	0.576546	1  	0.0999281
5  	374  	213      	243     	0.5     	0.667833	0.727654	0.0425756       	0.377964	0.569748	1  	0.101332 
6  	389  	226      	245     	0.5     	0.674164	0.727654	0.0401777       	0.353553	0.559736	1  	0.103741 
7  	374  	216      	245     	0.5     	0.678086	0.727654	0.0395005       	0.353553	0.554981	1  	0.105464 
8  	375  	212      	245     	0.5     	0.682252	0.737056	0.0381771       	0.333333	0.546908	1  	0.108264 
9  	391  	219      	245     	0.5     	0.685573	0.737056	0.0373099       	0.333333	0.539187	1  	0.109547 
10 	390  	217      	245     	0.5     	0.688176	0.737056	0.0373118       	0.333333	0.536467	1  	0.110129 
11 	353  	214      	245     	0.5     	0.690651	0.737056	0.0374323       	0.316228	0.53145 	1  	0.112106 
12 	377  	204      	245     	0.5     	0.692359	0.742537	0.0379701       	0.316228	0.529357	1  	0.113083 
13 	371  	211      	245     	0.5     	0.694975	0.742537	0.037492        	0.316228	0.523745	1  	0.114049 
14 	379  	219      	245     	0.5     	0.697021	0.742537	0.0376331       	0.301511	0.520018	1  	0.115752 
15 	382  	208      	245     	0.5     	0.699198	0.745209	0.0376825       	0.316228	0.515749	1  	0.116877 
16 	378  	209      	245     	0.5     	0.701449	0.745209	0.0376973       	0.288675	0.511319	1  	0.117837 
17 	361  	203      	245     	0.5     	0.703338	0.745209	0.0375621       	0.288675	0.506246	1  	0.119125 
18 	384  	197      	245     	0.5     	0.705361	0.745494	0.0374662       	0.288675	0.501361	1  	0.120733 
19 	378  	207      	245     	0.5     	0.707662	0.752239	0.0373351       	0.288675	0.49544 	1  	0.121934 
20 	370  	204      	245     	0.5     	0.710417	0.758854	0.0367338       	0.267261	0.487473	1  	0.122888 
21 	374  	213      	245     	0.5     	0.713236	0.763821	0.0364802       	0.267261	0.479574	1  	0.124527 
22 	388  	212      	245     	0.5     	0.716806	0.763821	0.0352098       	0.258199	0.466196	1  	0.126061 
23 	386  	211      	245     	0.5     	0.720177	0.772228	0.0347036       	0.242536	0.457885	1  	0.125387 
24 	382  	207      	245     	0.5     	0.722123	0.772228	0.0351736       	0.258199	0.454545	1  	0.126896 
25 	386  	216      	245     	0.5     	0.724622	0.772228	0.0354606       	0.258199	0.448575	1  	0.128216 
26 	390  	212      	245     	0.5     	0.727436	0.7784  	0.0353348       	0.258199	0.441446	1  	0.128857 
27 	389  	218      	245     	0.5     	0.730401	0.7784  	0.0347247       	0.25    	0.432832	1  	0.128786 
28 	387  	210      	245     	0.5     	0.733268	0.7784  	0.0344636       	0.25    	0.426064	1  	0.128403 
29 	384  	215      	245     	0.5     	0.734292	0.783432	0.035531        	0.267261	0.428277	1  	0.128476 
30 	378  	208      	245     	0.5     	0.736287	0.783432	0.0357967       	0.25    	0.426129	1  	0.128312 
31 	381  	213      	245     	0.5     	0.737691	0.783432	0.0364131       	0.25    	0.425291	1  	0.128942 
32 	360  	205      	245     	0.5     	0.739208	0.783432	0.0365083       	0.25    	0.421718	1  	0.129032 
33 	374  	201      	245     	0.5     	0.740479	0.783432	0.0366258       	0.25    	0.419952	1  	0.129062 
34 	383  	205      	245     	0.5     	0.742504	0.792831	0.036396        	0.242536	0.414329	1  	0.129379 
35 	382  	206      	245     	0.5     	0.743417	0.792831	0.0368645       	0.235702	0.413519	1  	0.129991 
36 	368  	205      	245     	0.5     	0.745922	0.792831	0.0365973       	0.235702	0.405476	1  	0.130854 
37 	384  	209      	245     	0.5     	0.747428	0.793884	0.0367923       	0.223607	0.40282 	1  	0.131432 
38 	381  	208      	245     	0.5     	0.748327	0.793884	0.0371802       	0.218218	0.403492	1  	0.131192 
39 	372  	213      	245     	0.5     	0.750151	0.793884	0.0373395       	0.218218	0.400088	1  	0.13094  
40 	385  	206      	245     	0.5     	0.750818	0.793884	0.0378486       	0.218218	0.400799	1  	0.130858 
41 	373  	209      	245     	0.5     	0.752323	0.794033	0.037916        	0.218218	0.397607	1  	0.131117 
42 	376  	205      	245     	0.5     	0.754434	0.796594	0.0374903       	0.218218	0.391196	1  	0.131217 
43 	388  	212      	245     	0.5     	0.754739	0.796594	0.0383995       	0.223607	0.393993	1  	0.131467 
44 	389  	205      	245     	0.5     	0.755529	0.796594	0.0387812       	0.223607	0.394049	1  	0.131445 
45 	374  	203      	245     	0.5     	0.757193	0.797077	0.0388692       	0.223607	0.390577	1  	0.131501 
46 	372  	200      	245     	0.5     	0.758335	0.797077	0.0386517       	0.223607	0.387831	1  	0.131027 
47 	389  	203      	245     	0.5     	0.759101	0.801394	0.0390807       	0.208514	0.38764 	1  	0.131202 
48 	384  	206      	245     	0.5     	0.758741	0.811062	0.0399929       	0.208514	0.392259	1  	0.131249 
49 	394  	211      	245     	0.5     	0.759972	0.811062	0.0403548       	0.208514	0.390227	1  	0.131599 
50 	376  	201      	245     	0.5     	0.761304	0.811062	0.0402197       	0.208514	0.386803	1  	0.131575 
51 	378  	204      	245     	0.5     	0.761114	0.811062	0.0410061       	0.208514	0.389247	1  	0.132324 
52 	383  	193      	245     	0.5     	0.761498	0.811062	0.0412193       	0.208514	0.390571	1  	0.131465 
53 	391  	212      	245     	0.5     	0.76188 	0.811062	0.041389        	0.208514	0.39041 	1  	0.131619 
54 	376  	192      	245     	0.5     	0.762611	0.811062	0.0417001       	0.208514	0.389793	1  	0.131888 
55 	355  	205      	245     	0.5     	0.763825	0.811062	0.0414294       	0.208514	0.386279	1  	0.131926 
56 	363  	204      	245     	0.5     	0.765136	0.811062	0.0412781       	0.208514	0.383171	1  	0.131647 
57 	384  	203      	245     	0.5     	0.766041	0.811062	0.0412072       	0.208514	0.381767	1  	0.131341 
58 	373  	208      	245     	0.5     	0.766184	0.811062	0.0419608       	0.208514	0.381717	1  	0.132653 
59 	375  	193      	245     	0.5     	0.767254	0.823833	0.0416527       	0.208514	0.379206	1  	0.132261 
60 	380  	207      	245     	0.5     	0.768576	0.823833	0.0414757       	0.208514	0.375874	1  	0.13185  
61 	367  	207      	245     	0.5     	0.769829	0.823833	0.0414208       	0.208514	0.373301	1  	0.131571 
62 	361  	190      	245     	0.5     	0.770086	0.823833	0.0419808       	0.208514	0.37349 	1  	0.132073 
63 	381  	207      	245     	0.5     	0.770793	0.823833	0.0417276       	0.208514	0.372352	1  	0.131498 
64 	361  	207      	245     	0.5     	0.772015	0.823833	0.0414337       	0.208514	0.368984	1  	0.13101  
65 	378  	197      	245     	0.5     	0.772347	0.823833	0.0416277       	0.213201	0.369017	1  	0.130948 
66 	379  	197      	245     	0.5     	0.772685	0.823833	0.0418129       	0.218218	0.36915 	1  	0.130835 
67 	374  	205      	245     	0.5     	0.772615	0.823833	0.0424537       	0.218218	0.370088	1  	0.131569 
68 	391  	202      	245     	0.5     	0.773303	0.827307	0.0423144       	0.218218	0.369201	1  	0.131048 
69 	377  	211      	245     	0.5     	0.774089	0.827307	0.0425079       	0.218218	0.367118	1  	0.131616 
70 	393  	198      	245     	0.5     	0.775126	0.827307	0.0422308       	0.218218	0.364682	1  	0.131113 
71 	353  	201      	245     	0.5     	0.775444	0.827307	0.0424197       	0.218218	0.364509	1  	0.131179 
72 	384  	207      	245     	0.5     	0.775736	0.827307	0.0426068       	0.204124	0.364328	1  	0.131346 
73 	384  	197      	245     	0.5     	0.776113	0.827307	0.042839        	0.204124	0.364191	1  	0.131466 
74 	388  	207      	245     	0.5     	0.777272	0.827307	0.0426075       	0.204124	0.36155 	1  	0.130918 
75 	372  	206      	245     	0.5     	0.776898	0.827307	0.0433633       	0.204124	0.363233	1  	0.132037 
76 	374  	198      	245     	0.5     	0.777221	0.827307	0.0435819       	0.218218	0.363436	1  	0.131858 
77 	363  	198      	245     	0.5     	0.77847 	0.827307	0.0431795       	0.218218	0.360438	1  	0.131061 
78 	397  	206      	245     	0.5     	0.77902 	0.83141 	0.0435537       	0.218218	0.360168	1  	0.13125  
79 	367  	203      	245     	0.5     	0.779494	0.83141 	0.0438495       	0.213201	0.359653	1  	0.131613 
80 	391  	202      	245     	0.5     	0.779838	0.83141 	0.0440961       	0.213201	0.359578	1  	0.131763 
81 	381  	196      	245     	0.5     	0.780404	0.83141 	0.0444457       	0.213201	0.359034	1  	0.132161 
82 	383  	198      	245     	0.5     	0.781837	0.834436	0.0441656       	0.218218	0.355991	1  	0.131167 
83 	377  	210      	245     	0.5     	0.782344	0.834436	0.0444952       	0.208514	0.355649	1  	0.131401 
84 	386  	199      	245     	0.5     	0.783262	0.834436	0.0448291       	0.208514	0.353658	1  	0.13197  
85 	373  	195      	245     	0.5     	0.784078	0.834436	0.0445717       	0.208514	0.352056	1  	0.131409 
86 	377  	205      	245     	0.5     	0.784736	0.836374	0.0448009       	0.208514	0.351329	1  	0.131167 
87 	394  	197      	245     	0.5     	0.784423	0.844379	0.0451531       	0.208514	0.353438	1  	0.130981 
88 	360  	191      	245     	0.5     	0.785324	0.844379	0.0452528       	0.204124	0.351384	1  	0.131135 
89 	367  	192      	245     	0.5     	0.78437 	0.844379	0.0460111       	0.204124	0.354837	1  	0.131798 
90 	366  	189      	245     	0.5     	0.784564	0.844379	0.0461262       	0.204124	0.355082	1  	0.131833 
91 	386  	204      	245     	0.5     	0.784603	0.844379	0.0461253       	0.204124	0.355625	1  	0.131409 
92 	364  	189      	245     	0.5     	0.785275	0.845011	0.0465641       	0.204124	0.354734	1  	0.131981 
93 	407  	205      	245     	0.5     	0.786685	0.845011	0.0461375       	0.196116	0.351234	1  	0.131297 
94 	381  	195      	245     	0.5     	0.787587	0.845011	0.0465532       	0.196116	0.349319	1  	0.132209 
95 	377  	203      	245     	0.5     	0.789015	0.845011	0.0462192       	0.196116	0.345955	1  	0.131525 
96 	376  	207      	245     	0.5     	0.789335	0.845011	0.0464675       	0.19245 	0.345393	1  	0.13202  
97 	357  	196      	245     	0.5     	0.790232	0.845011	0.046685        	0.19245 	0.343315	1  	0.132541 
98 	392  	206      	245     	0.5     	0.791288	0.856367	0.0463956       	0.188982	0.340766	1  	0.131947 
99 	379  	206      	245     	0.5     	0.791772	0.856367	0.0464647       	0.188982	0.339858	1  	0.131801 
100	384  	207      	245     	0.5     	0.793264	0.856367	0.0462416       	0.188982	0.336347	1  	0.131388 
101	376  	207      	245     	0.5     	0.794028	0.856367	0.0464725       	0.188982	0.334394	1  	0.131984 
102	396  	209      	245     	0.5     	0.795645	0.856367	0.0462978       	0.188982	0.330534	1  	0.131744 
103	373  	199      	245     	0.5     	0.796104	0.856367	0.0466002       	0.188982	0.33001 	1  	0.132095 
104	372  	197      	245     	0.5     	0.796235	0.856367	0.0467044       	0.188982	0.330273	1  	0.131944 
105	397  	205      	245     	0.5     	0.79764 	0.856367	0.0469314       	0.185695	0.326709	1  	0.132448 
106	366  	202      	245     	0.5     	0.798509	0.856367	0.0466048       	0.185695	0.325299	1  	0.131367 
107	378  	205      	245     	0.5     	0.798884	0.856367	0.0468434       	0.185695	0.324782	1  	0.131679 
108	380  	197      	245     	0.5     	0.799359	0.856769	0.0470719       	0.185695	0.324001	1  	0.131998 
109	388  	195      	245     	0.5     	0.799367	0.857516	0.0472263       	0.182574	0.325171	1  	0.13143  
110	395  	206      	245     	0.5     	0.799672	0.857516	0.0474071       	0.182574	0.325001	1  	0.131483 
111	399  	201      	245     	0.5     	0.799856	0.857516	0.0475139       	0.182574	0.325221	1  	0.131329 
112	384  	190      	245     	0.5     	0.800503	0.857516	0.0477108       	0.185695	0.323878	1  	0.131781 
113	394  	203      	245     	0.5     	0.801045	0.857516	0.0478477       	0.185695	0.322861	1  	0.131867 
114	376  	200      	245     	0.5     	0.80082 	0.857516	0.0480517       	0.185695	0.324207	1  	0.131797 
115	390  	209      	245     	0.5     	0.801108	0.857516	0.0481534       	0.185695	0.324042	1  	0.131695 
116	379  	194      	245     	0.5     	0.801007	0.860297	0.048267        	0.185695	0.324878	1  	0.131596 
117	364  	193      	245     	0.5     	0.801543	0.860297	0.0484083       	0.185695	0.323961	1  	0.13176  
118	373  	198      	245     	0.5     	0.802683	0.860297	0.0478872       	0.185695	0.321423	1  	0.130411 
119	394  	214      	245     	0.5     	0.803092	0.860297	0.0479392       	0.185695	0.320674	1  	0.130324 
120	370  	201      	245     	0.5     	0.802618	0.860297	0.0480688       	0.185695	0.322447	1  	0.130098 
121	384  	196      	245     	0.5     	0.802553	0.861272	0.0487851       	0.188982	0.323157	1  	0.130974 
122	376  	204      	245     	0.5     	0.802236	0.861272	0.0490086       	0.188982	0.324427	1  	0.131412 
123	375  	201      	245     	0.5     	0.803236	0.861272	0.0490373       	0.188982	0.322277	1  	0.131148 
124	368  	204      	245     	0.5     	0.80408 	0.861272	0.0486923       	0.188982	0.320846	1  	0.130259 
125	390  	210      	245     	0.5     	0.803142	0.861272	0.0498414       	0.188982	0.323682	1  	0.131695 
126	382  	207      	245     	0.5     	0.803294	0.861272	0.0498162       	0.188982	0.324047	1  	0.131592 
127	399  	197      	245     	0.5     	0.804084	0.861272	0.04982         	0.188982	0.322497	1  	0.131392 
128	410  	204      	245     	0.5     	0.805015	0.861272	0.0493276       	0.188982	0.320575	1  	0.130343 
129	378  	195      	245     	0.5     	0.805139	0.861272	0.0494142       	0.188982	0.320626	1  	0.130298 
130	378  	202      	245     	0.5     	0.804891	0.861272	0.0501567       	0.188982	0.321636	1  	0.131325 
131	378  	218      	245     	0.5     	0.805521	0.86221 	0.0497192       	0.188982	0.320676	1  	0.130258 
132	383  	206      	245     	0.5     	0.805681	0.870253	0.0498428       	0.188982	0.320652	1  	0.13028  
133	386  	205      	245     	0.5     	0.805815	0.870253	0.0499365       	0.188982	0.320597	1  	0.130321 
134	392  	203      	245     	0.5     	0.80599 	0.870253	0.0500732       	0.19245 	0.320566	1  	0.130341 
135	377  	203      	245     	0.5     	0.806364	0.870253	0.0502481       	0.19245 	0.320098	1  	0.130526 
136	390  	206      	245     	0.5     	0.806343	0.870253	0.0503192       	0.19245 	0.320452	1  	0.130442 
137	383  	194      	245     	0.5     	0.80662 	0.870253	0.0503398       	0.19245 	0.319939	1  	0.130429 
138	394  	208      	245     	0.5     	0.806816	0.870253	0.0505449       	0.19245 	0.319743	1  	0.130776 
139	370  	195      	245     	0.5     	0.806628	0.870253	0.0505159       	0.188982	0.320356	1  	0.130506 
140	359  	192      	245     	0.5     	0.806851	0.870253	0.0506559       	0.188982	0.320099	1  	0.130696 
141	384  	207      	245     	0.5     	0.806926	0.870253	0.050707        	0.188982	0.320119	1  	0.130667 
142	393  	203      	245     	0.5     	0.807155	0.870253	0.0508259       	0.188982	0.31997 	1  	0.130714 
143	372  	198      	245     	0.5     	0.807146	0.870253	0.0508167       	0.188982	0.320222	1  	0.130515 
144	378  	196      	245     	0.5     	0.807213	0.870253	0.0509037       	0.188982	0.320377	1  	0.130499 
145	384  	202      	245     	0.5     	0.807248	0.870253	0.050916        	0.188982	0.320537	1  	0.130373 
146	399  	204      	245     	0.5     	0.807363	0.870253	0.0509884       	0.188982	0.32046 	1  	0.13043  
147	384  	208      	245     	0.5     	0.807431	0.870253	0.0510442       	0.188982	0.320413	1  	0.13048  
148	380  	200      	245     	0.5     	0.807467	0.870253	0.0510575       	0.188982	0.320504	1  	0.130368 
149	383  	200      	245     	0.5     	0.807541	0.870253	0.0511026       	0.188982	0.320496	1  	0.130376 

STARTING MASTER RUNNER CONCATENATED MASTER

CONCATENATED MASTER WITH SYMMETRIC FLIP
MASTER
   	     	         	        	       survival SKSurv Cox model concordance index       	                     root leanness                      
   	     	         	        	---------------------------------------------------------	--------------------------------------------------------
gen	evals	gen_feats	explored	min     	avg     	max     	std             	min     	avg     	max     	std     
0  	500  	140      	140     	0.608573	0.782119	0.856245	0.042716        	0.182574	0.301216	0.707107	0.108827
1  	380  	201      	207     	0.5     	0.782652	0.856245	0.0464326       	0.188982	0.328779	1       	0.116699
2  	380  	210      	235     	0.5     	0.784781	0.856245	0.0494539       	0.185695	0.333113	1       	0.12297 
3  	376  	208      	243     	0.5     	0.787222	0.856245	0.0502931       	0.185695	0.332758	1       	0.126315
4  	374  	210      	245     	0.5     	0.787869	0.856245	0.0524756       	0.185695	0.336432	1       	0.130392
5  	382  	216      	247     	0.5     	0.788959	0.856245	0.0539773       	0.185695	0.33755 	1       	0.133511
6  	378  	213      	247     	0.5     	0.790359	0.856245	0.0545168       	0.185695	0.337666	1       	0.135778
7  	370  	198      	247     	0.5     	0.793811	0.856245	0.0525652       	0.185695	0.333932	1       	0.135443
8  	396  	219      	247     	0.5     	0.794624	0.856245	0.0526596       	0.185695	0.335274	1       	0.135098
9  	384  	213      	247     	0.5     	0.79703 	0.856245	0.0507294       	0.185695	0.333273	1       	0.133515
10 	363  	194      	247     	0.5     	0.798086	0.856245	0.0504564       	0.185695	0.333821	1       	0.133428
11 	380  	207      	247     	0.5     	0.799808	0.857133	0.0508699       	0.185695	0.331834	1       	0.134287
12 	383  	204      	247     	0.5     	0.801902	0.857133	0.0500755       	0.185695	0.328694	1       	0.133127
13 	384  	210      	247     	0.5     	0.801466	0.857133	0.0509128       	0.185695	0.331617	1       	0.134563
14 	376  	202      	247     	0.5     	0.803174	0.857133	0.0499897       	0.185695	0.329024	1       	0.132961
15 	387  	206      	247     	0.5     	0.803977	0.857133	0.0498842       	0.185695	0.328717	1       	0.133151
16 	390  	204      	247     	0.5     	0.805382	0.866566	0.0502429       	0.185695	0.326704	1       	0.134095
17 	376  	208      	247     	0.5     	0.805832	0.866566	0.0502159       	0.185695	0.326869	1       	0.133653
18 	369  	203      	247     	0.5     	0.807416	0.866566	0.0495518       	0.185695	0.324094	1       	0.132429
19 	367  	203      	247     	0.5     	0.807939	0.866566	0.0496099       	0.185695	0.324092	1       	0.132362
20 	368  	199      	247     	0.5     	0.808328	0.866566	0.0497013       	0.185695	0.324015	1       	0.132414
21 	361  	202      	247     	0.5     	0.808786	0.866566	0.0498029       	0.185695	0.323981	1       	0.132476
22 	371  	214      	247     	0.5     	0.809237	0.866566	0.0498369       	0.185695	0.323935	1       	0.13248 
23 	368  	207      	247     	0.5     	0.80874 	0.866566	0.0509936       	0.185695	0.325895	1       	0.133439
24 	381  	208      	247     	0.5     	0.81003 	0.87126 	0.0499777       	0.185695	0.324437	1       	0.132075
25 	384  	210      	247     	0.5     	0.810537	0.87126 	0.0500854       	0.185695	0.324722	1       	0.131835
26 	374  	206      	247     	0.5     	0.809888	0.87126 	0.0510598       	0.185695	0.327448	1       	0.13347 
27 	381  	210      	247     	0.5     	0.810674	0.87126 	0.0505695       	0.185695	0.326668	1       	0.132427
28 	382  	205      	247     	0.5     	0.8102  	0.87126 	0.0512675       	0.185695	0.328624	1       	0.133189
29 	371  	210      	247     	0.5     	0.810852	0.87126 	0.051506        	0.185695	0.328124	1       	0.133255
30 	374  	206      	247     	0.5     	0.81087 	0.87126 	0.0514151       	0.185695	0.329512	1       	0.132579
31 	372  	214      	247     	0.5     	0.810158	0.87126 	0.0525357       	0.185695	0.332319	1       	0.133885
32 	379  	213      	247     	0.5     	0.810383	0.87126 	0.0524233       	0.188982	0.332598	1       	0.133231
33 	364  	209      	247     	0.5     	0.811979	0.87126 	0.0518969       	0.188982	0.329539	1       	0.132541
34 	380  	205      	247     	0.5     	0.811916	0.87126 	0.0527895       	0.188982	0.330429	1       	0.133597
35 	376  	191      	247     	0.5     	0.8111  	0.87126 	0.0530732       	0.188982	0.333909	1       	0.133307
36 	377  	216      	247     	0.5     	0.812336	0.87126 	0.0533902       	0.188982	0.331385	1       	0.133816
37 	374  	202      	247     	0.5     	0.811653	0.87126 	0.053359        	0.188982	0.334567	1       	0.132836
38 	372  	214      	247     	0.5     	0.812   	0.87126 	0.0534071       	0.188982	0.334826	1       	0.132617
39 	382  	207      	247     	0.5     	0.812447	0.87126 	0.0535871       	0.188982	0.334488	1       	0.132862
40 	377  	211      	247     	0.5     	0.812581	0.87126 	0.0536125       	0.19245 	0.33541 	1       	0.132114
41 	382  	209      	247     	0.5     	0.813271	0.87126 	0.0536767       	0.19245 	0.33448 	1       	0.132615
42 	360  	197      	247     	0.5     	0.814516	0.87126 	0.0531641       	0.19245 	0.332241	1       	0.131557
43 	375  	195      	247     	0.5     	0.815344	0.87126 	0.0532808       	0.19245 	0.33049 	1       	0.131674
44 	379  	208      	247     	0.5     	0.815621	0.87126 	0.0534211       	0.19245 	0.330797	1       	0.131395
45 	393  	208      	247     	0.5     	0.816023	0.87126 	0.0535462       	0.19245 	0.33081 	1       	0.131386
46 	381  	208      	247     	0.5     	0.816138	0.87126 	0.05375         	0.19245 	0.331401	1       	0.131481
47 	372  	200      	247     	0.5     	0.81463 	0.87126 	0.0545803       	0.19245 	0.335696	1       	0.131663
48 	371  	207      	247     	0.5     	0.814946	0.87126 	0.0547299       	0.19245 	0.335311	1       	0.131869
49 	378  	210      	247     	0.5     	0.814809	0.87126 	0.0546192       	0.19245 	0.33628 	1       	0.13128 
50 	386  	204      	247     	0.5     	0.814757	0.87126 	0.0545899       	0.196116	0.337117	1       	0.131023
51 	385  	202      	247     	0.5     	0.815321	0.87126 	0.054507        	0.196116	0.336533	1       	0.131045
52 	380  	202      	247     	0.5     	0.814529	0.87387 	0.0555648       	0.196116	0.338644	1       	0.132323
53 	373  	198      	247     	0.5     	0.814384	0.87387 	0.0555688       	0.196116	0.339467	1       	0.132239
54 	380  	201      	247     	0.5     	0.815154	0.87387 	0.0549651       	0.196116	0.338339	1       	0.131445
55 	355  	189      	247     	0.5     	0.816023	0.87387 	0.0547739       	0.196116	0.336567	1       	0.131068
56 	370  	198      	247     	0.5     	0.816227	0.87387 	0.0548548       	0.196116	0.336435	1       	0.131131
57 	371  	206      	247     	0.5     	0.816417	0.87387 	0.0549282       	0.196116	0.336431	1       	0.131125
58 	389  	201      	247     	0.5     	0.816618	0.880935	0.0550577       	0.196116	0.336184	1       	0.131334
59 	377  	205      	247     	0.5     	0.816849	0.880935	0.0551316       	0.196116	0.336151	1       	0.131324
60 	370  	203      	247     	0.5     	0.816982	0.880935	0.0552445       	0.196116	0.336391	1       	0.131174
61 	377  	201      	247     	0.5     	0.817177	0.880935	0.0553178       	0.196116	0.336356	1       	0.131209
62 	359  	202      	247     	0.5     	0.817369	0.881236	0.0554088       	0.196116	0.336348	1       	0.131217
63 	370  	202      	247     	0.5     	0.817594	0.881236	0.0555225       	0.196116	0.336044	1       	0.13142 
64 	392  	205      	247     	0.5     	0.818143	0.881236	0.0557339       	0.196116	0.335283	1       	0.131834
65 	385  	199      	247     	0.5     	0.818304	0.881236	0.0557839       	0.196116	0.335165	1       	0.131747
66 	399  	214      	247     	0.5     	0.820309	0.883727	0.0553717       	0.188982	0.331003	1       	0.131047
67 	386  	194      	247     	0.5     	0.820539	0.883727	0.0554481       	0.188982	0.330625	1       	0.131305
68 	363  	205      	247     	0.5     	0.820273	0.883727	0.0554755       	0.188982	0.331709	1       	0.131038
69 	383  	202      	247     	0.5     	0.820729	0.883727	0.0556226       	0.188982	0.330968	1       	0.131241
70 	380  	203      	247     	0.5     	0.821208	0.883727	0.05578         	0.188982	0.330227	1       	0.131584
71 	404  	198      	247     	0.5     	0.82179 	0.883727	0.0559809       	0.188982	0.329105	1       	0.132018
72 	378  	203      	247     	0.5     	0.822799	0.883727	0.0559171       	0.188982	0.327092	1       	0.131626
73 	380  	208      	247     	0.5     	0.823367	0.883727	0.0554137       	0.188982	0.326061	1       	0.13066 
74 	374  	197      	247     	0.5     	0.823497	0.883727	0.0555052       	0.196116	0.326155	1       	0.130573
75 	377  	194      	247     	0.5     	0.823604	0.883727	0.0555596       	0.196116	0.326075	1       	0.130646
76 	360  	194      	247     	0.5     	0.823708	0.883727	0.0555958       	0.196116	0.326028	1       	0.130687
77 	362  	200      	247     	0.5     	0.823859	0.883727	0.0557141       	0.19245 	0.325985	1       	0.130726
78 	363  	204      	247     	0.5     	0.824015	0.883727	0.0558083       	0.19245 	0.325878	1       	0.130778
79 	372  	198      	247     	0.5     	0.824221	0.883727	0.0559046       	0.19245 	0.325489	1       	0.131001
80 	392  	209      	247     	0.5     	0.824142	0.883727	0.0558737       	0.196116	0.325828	1       	0.130781
81 	368  	199      	247     	0.5     	0.824137	0.883727	0.055881        	0.196116	0.326064	1       	0.130659
82 	367  	200      	247     	0.5     	0.824262	0.883727	0.0559183       	0.19245 	0.326012	1       	0.130707
83 	374  	208      	247     	0.5     	0.824325	0.883727	0.0559451       	0.19245 	0.326065	1       	0.130659
84 	356  	200      	247     	0.5     	0.822568	0.883727	0.0568922       	0.19245 	0.330065	1       	0.131771
85 	369  	198      	247     	0.5     	0.822879	0.883727	0.0569045       	0.19245 	0.329607	1       	0.131821
86 	372  	205      	247     	0.5     	0.823195	0.883727	0.0570088       	0.19245 	0.329197	1       	0.131848
87 	386  	202      	247     	0.5     	0.823143	0.883727	0.0568466       	0.196116	0.329783	1       	0.131681
88 	377  	197      	247     	0.5     	0.823096	0.883727	0.0569135       	0.196116	0.330063	1       	0.131719
89 	385  	201      	247     	0.5     	0.823426	0.883727	0.0569027       	0.196116	0.329587	1       	0.131722
90 	372  	198      	247     	0.5     	0.823326	0.883727	0.0569304       	0.196116	0.329893	1       	0.131681
91 	371  	211      	247     	0.5     	0.823583	0.883727	0.0569645       	0.19245 	0.329513	1       	0.131814
92 	360  	192      	247     	0.5     	0.823419	0.883727	0.0568801       	0.19245 	0.330098	1       	0.131433
93 	385  	199      	247     	0.5     	0.823313	0.883727	0.056953        	0.19245 	0.330637	1       	0.13142 
94 	371  	202      	247     	0.5     	0.823683	0.883727	0.0570352       	0.19245 	0.33024 	1       	0.131559
95 	397  	200      	247     	0.5     	0.823919	0.883727	0.0568625       	0.19245 	0.329785	1       	0.131105
96 	388  	193      	247     	0.5     	0.824244	0.883727	0.0567426       	0.19245 	0.329244	1       	0.130676
97 	373  	197      	247     	0.5     	0.824215	0.883727	0.0572732       	0.19245 	0.329543	1       	0.131831
98 	375  	210      	247     	0.5     	0.824509	0.883727	0.05733         	0.19245 	0.329066	1       	0.131836
99 	375  	197      	247     	0.5     	0.825125	0.883727	0.0567888       	0.19245 	0.327946	1       	0.130753
100	370  	192      	247     	0.5     	0.824557	0.883727	0.0574684       	0.19245 	0.329309	1       	0.131705
101	385  	208      	247     	0.5     	0.825979	0.883727	0.05678         	0.19245 	0.326535	1       	0.130658
102	370  	201      	247     	0.5     	0.826319	0.884813	0.0568655       	0.19245 	0.326014	1       	0.130693
103	378  	207      	247     	0.5     	0.826403	0.884813	0.0569087       	0.19245 	0.325961	1       	0.130741
104	392  	208      	247     	0.5     	0.826475	0.884813	0.0569397       	0.19245 	0.326002	1       	0.130706
105	366  	201      	247     	0.5     	0.826541	0.884813	0.0569601       	0.19245 	0.325986	1       	0.130722
106	396  	208      	247     	0.5     	0.826671	0.888708	0.0570386       	0.19245 	0.325941	1       	0.130751
107	380  	197      	247     	0.5     	0.826789	0.888708	0.0571182       	0.19245 	0.325852	1       	0.130827
108	377  	190      	247     	0.5     	0.827025	0.888708	0.0572565       	0.19245 	0.325644	1       	0.131012
109	378  	199      	247     	0.5     	0.827217	0.888708	0.0573387       	0.19245 	0.325564	1       	0.131072
110	386  	200      	247     	0.5     	0.827579	0.888708	0.0572987       	0.19245 	0.325119	1       	0.130839
111	355  	203      	247     	0.5     	0.827745	0.888708	0.0574135       	0.19245 	0.325019	1       	0.130922
112	368  	208      	247     	0.5     	0.827579	0.888708	0.0575333       	0.19245 	0.325778	1       	0.130902
113	394  	206      	247     	0.5     	0.827686	0.888708	0.0575535       	0.19245 	0.325914	1       	0.130795
114	380  	201      	247     	0.5     	0.827807	0.888708	0.0575972       	0.19245 	0.32594 	1       	0.130771
115	377  	197      	247     	0.5     	0.827901	0.888708	0.0576632       	0.196116	0.325932	1       	0.130779
116	380  	199      	247     	0.5     	0.827968	0.888708	0.0576756       	0.196116	0.325998	1       	0.130727
117	380  	207      	247     	0.5     	0.828066	0.888708	0.0577153       	0.185695	0.325926	1       	0.1308  
118	367  	197      	247     	0.5     	0.828184	0.888708	0.0578013       	0.185695	0.325885	1       	0.130834
119	367  	194      	247     	0.5     	0.828278	0.888808	0.0578682       	0.185695	0.325903	1       	0.130818
120	382  	198      	247     	0.5     	0.828355	0.888808	0.0579121       	0.185695	0.325933	1       	0.130789
121	389  	210      	247     	0.5     	0.828475	0.889515	0.0579873       	0.185695	0.325847	1       	0.130862
122	380  	207      	247     	0.5     	0.82897 	0.889515	0.0580372       	0.185695	0.324798	1       	0.130985
123	381  	209      	247     	0.5     	0.828843	0.889515	0.0581851       	0.185695	0.325246	1       	0.131158
124	397  	209      	247     	0.5     	0.828929	0.889515	0.0581836       	0.185695	0.325373	1       	0.131077
125	378  	202      	247     	0.5     	0.828923	0.889515	0.0582456       	0.185695	0.325712	1       	0.130993
126	375  	199      	247     	0.5     	0.829268	0.889515	0.0583582       	0.185695	0.325191	1       	0.131019
127	358  	195      	247     	0.5     	0.829133	0.889515	0.0583808       	0.185695	0.325704	1       	0.131001
128	389  	204      	247     	0.5     	0.829032	0.889515	0.0584017       	0.185695	0.326023	1       	0.130933
129	376  	202      	247     	0.5     	0.829316	0.889515	0.058498        	0.185695	0.325712	1       	0.130993
130	378  	202      	247     	0.5     	0.829426	0.889515	0.0585224       	0.185695	0.325756	1       	0.130953
131	371  	203      	247     	0.5     	0.82948 	0.889515	0.0585648       	0.19245 	0.325807	1       	0.130902
132	395  	193      	247     	0.5     	0.829555	0.889515	0.0586064       	0.19245 	0.325797	1       	0.13091 
133	394  	204      	247     	0.5     	0.829637	0.889515	0.05864         	0.19245 	0.325817	1       	0.130893
134	388  	205      	247     	0.5     	0.829572	0.889515	0.0586223       	0.19245 	0.325993	1       	0.130801
135	381  	201      	247     	0.5     	0.829873	0.889515	0.058798        	0.19245 	0.32558 	1       	0.131092
136	381  	194      	247     	0.5     	0.830022	0.889515	0.0588304       	0.19245 	0.325593	1       	0.131077
137	361  	208      	247     	0.5     	0.830327	0.889515	0.0587752       	0.19245 	0.325001	1       	0.130956
138	374  	199      	247     	0.5     	0.830242	0.889515	0.0588806       	0.188982	0.325264	1       	0.131258
139	365  	211      	247     	0.5     	0.830763	0.889515	0.0590384       	0.188982	0.324357	1       	0.131521
140	377  	207      	247     	0.5     	0.831269	0.890505	0.0591526       	0.188982	0.323471	1       	0.13165 
141	386  	206      	247     	0.5     	0.831405	0.890505	0.059194        	0.188982	0.323089	1       	0.131532
142	375  	206      	247     	0.5     	0.8314  	0.890505	0.0587967       	0.188982	0.323366	1       	0.130786
143	386  	205      	247     	0.5     	0.831324	0.890505	0.0600047       	0.188982	0.32343 	1       	0.132034
144	376  	202      	247     	0.5     	0.831256	0.890505	0.0595745       	0.19245 	0.323867	1       	0.131657
145	376  	188      	247     	0.5     	0.831234	0.890505	0.0594903       	0.19245 	0.324061	1       	0.131508
146	376  	201      	247     	0.5     	0.830761	0.890505	0.0595461       	0.19245 	0.325225	1       	0.131345
147	366  	209      	247     	0.5     	0.830526	0.890505	0.0593479       	0.19245 	0.32606 	1       	0.130983
148	378  	208      	247     	0.5     	0.83061 	0.890505	0.0593206       	0.19245 	0.326092	1       	0.130952
149	372  	202      	247     	0.5     	0.830897	0.890505	0.0594058       	0.188982	0.325528	1       	0.131275

CURRENT HALLS OF FAME

PARETO FRONT
Number of solutions = 21
Features in hall of fame by prevalence:
41 features: [1_hsa.miR.301a.3p, 0_age_at_initial_pathologic_diagnosis, 1_hsa.miR.29c.3p, 1_hsa.miR.1307.3p, 1_hsa.miR.1468.5p, 1_hsa.miR.873.5p, 1_hsa.miR.3648, 1_hsa.miR.3677.3p, 1_hsa.miR.374a.5p, 1_hsa.miR.454.3p, 1_hsa.miR.4668.3p, 1_hsa.miR.1229.3p, 1_hsa.miR.323b.3p, 1_hsa.miR.508.3p, 1_hsa.miR.3605.3p, 0_race_WHITE, 1_hsa.miR.21.3p, 1_hsa.miR.301a.5p, 1_hsa.miR.30b.3p, 1_hsa.miR.3609, 1_hsa.miR.484, 1_hsa.miR.505.3p, 1_hsa.miR.7.1.3p, 1_hsa.let.7a.3p, 1_hsa.miR.32.5p, 1_hsa.miR.369.3p, 1_hsa.miR.541.3p, 1_hsa.miR.6510.3p, 1_hsa.let.7g.5p, 1_hsa.miR.126.3p, 1_hsa.miR.188.5p, 1_hsa.miR.20a.3p, 1_hsa.miR.24.2.5p, 1_hsa.miR.3127.5p, 1_hsa.miR.455.3p, 1_hsa.miR.4662a.5p, 1_hsa.miR.514a.3p, 1_hsa.miR.625.5p, 1_hsa.miR.6511b.3p, 1_hsa.miR.744.3p, 1_hsa.miR.7706]

LAST POPULATION
Number of solutions = 500
Features in hall of fame by prevalence:
143 features: [1_hsa.miR.301a.3p, 0_age_at_initial_pathologic_diagnosis, 1_hsa.miR.29c.3p, 1_hsa.miR.1307.3p, 1_hsa.miR.1468.5p, 1_hsa.miR.3648, 1_hsa.miR.873.5p, 1_hsa.miR.374a.5p, 1_hsa.miR.3677.3p, 1_hsa.miR.4668.3p, 1_hsa.miR.454.3p, 1_hsa.miR.3605.3p, 1_hsa.miR.1229.3p, 1_hsa.miR.323b.3p, 0_race_WHITE, 1_hsa.miR.505.3p, 1_hsa.miR.6510.3p, 1_hsa.miR.508.3p, 1_hsa.miR.301a.5p, 1_hsa.let.7a.3p, 1_hsa.miR.3609, 1_hsa.miR.4662a.5p, 1_hsa.miR.30b.3p, 1_hsa.miR.369.3p, 1_hsa.miR.32.5p, 1_hsa.miR.484, 1_hsa.miR.3170, 1_hsa.miR.7.1.3p, 1_hsa.let.7g.5p, 1_hsa.miR.21.3p, 1_hsa.miR.7706, 1_hsa.miR.20a.3p, 1_hsa.miR.26a.1.3p, 1_hsa.miR.616.5p, 1_hsa.miR.24.2.5p, 1_hsa.miR.3681.5p, 1_hsa.miR.455.3p, 1_hsa.miR.514a.3p, 1_hsa.miR.548v, 1_hsa.miR.126.3p, 1_hsa.miR.625.5p, 1_hsa.miR.6511b.3p, 1_hsa.miR.18a.3p, 1_hsa.miR.3065.5p, 1_hsa.miR.3074.5p, 1_hsa.miR.4449, 1_hsa.miR.190b, 1_hsa.miR.491.3p, 1_hsa.miR.493.3p, 1_hsa.miR.887.3p, 1_hsa.miR.33a.5p, 1_hsa.miR.374b.3p, 1_hsa.miR.541.3p, 1_hsa.miR.371a.3p, 1_hsa.miR.130b.3p, 1_hsa.miR.98.3p, 1_hsa.let.7c.3p, 1_hsa.let.7g.3p, 1_hsa.miR.105.3p, 1_hsa.miR.30d.3p, 1_hsa.miR.500b.5p, 1_hsa.miR.625.3p, 1_hsa.miR.3131, 1_hsa.miR.324.5p, 1_hsa.miR.340.3p, 1_hsa.miR.340.5p, 1_hsa.miR.6808.3p, 1_hsa.miR.744.3p, 1_hsa.miR.15b.3p, 1_hsa.miR.3127.5p, 1_hsa.miR.3154, 1_hsa.miR.32.3p, 1_hsa.miR.487a.3p, 1_hsa.miR.500a.5p, 1_hsa.miR.1251.3p, 1_hsa.miR.1250.5p, 1_hsa.miR.1262, 1_hsa.miR.1269a, 1_hsa.miR.3200.3p, 1_hsa.miR.335.3p, 1_hsa.miR.374b.5p, 1_hsa.miR.376a.3p, 1_hsa.miR.494.3p, 1_hsa.miR.502.3p, 1_hsa.miR.532.5p, 1_hsa.miR.1226.3p, 1_hsa.miR.128.3p, 1_hsa.miR.146b.3p, 1_hsa.miR.148b.5p, 1_hsa.miR.181c.3p, 1_hsa.miR.188.5p, 1_hsa.miR.196b.5p, 1_hsa.miR.28.5p, 1_hsa.miR.301b, 1_hsa.miR.3607.5p, 1_hsa.miR.370.3p, 1_hsa.miR.380.3p, 1_hsa.miR.433.5p, 1_hsa.miR.4677.3p, 1_hsa.miR.509.3p, 1_hsa.miR.671.5p, 1_hsa.miR.940, 1_hsa.miR.512.3p, 1_hsa.miR.106b.5p, 1_hsa.miR.1185.1.3p, 1_hsa.miR.1271.5p, 1_hsa.miR.1306.3p, 1_hsa.miR.130b.5p, 1_hsa.miR.135a.3p, 1_hsa.miR.136.5p, 1_hsa.miR.146b.5p, 1_hsa.miR.16.2.3p, 1_hsa.miR.16.5p, 1_hsa.miR.18a.5p, 1_hsa.miR.19b.3p, 1_hsa.miR.30c.5p, 1_hsa.miR.3187.3p, 1_hsa.miR.338.3p, 1_hsa.miR.339.3p, 1_hsa.miR.345.5p, 1_hsa.miR.3615, 1_hsa.miR.361.5p, 1_hsa.miR.362.3p, 1_hsa.miR.3687, 1_hsa.miR.374a.3p, 1_hsa.miR.3923, 1_hsa.miR.431.3p, 1_hsa.miR.452.3p, 1_hsa.miR.455.5p, 1_hsa.miR.500b.3p, 1_hsa.miR.501.3p, 1_hsa.miR.551b.3p, 1_hsa.miR.585.3p, 1_hsa.miR.590.3p, 1_hsa.miR.590.5p, 1_hsa.miR.652.3p, 1_hsa.miR.655.3p, 1_hsa.miR.766.3p, 1_hsa.miR.767.3p, 1_hsa.miR.889.3p, 1_hsa.miR.93.3p, 1_hsa.miR.99b.3p, 1_hsa.miR.520c.3p]

BEST SUMS WITH SIZE 50
Number of solutions = 50
Features in hall of fame by prevalence:
49 features: [1_hsa.miR.103a.2.5p, 1_hsa.miR.106b.3p, 1_hsa.miR.106b.5p, 1_hsa.miR.1226.3p, 1_hsa.miR.1306.3p, 1_hsa.miR.1306.5p, 1_hsa.miR.130b.3p, 1_hsa.miR.148b.5p, 1_hsa.miR.151a.5p, 1_hsa.miR.15b.3p, 1_hsa.miR.16.2.3p, 1_hsa.miR.17.5p, 1_hsa.miR.186.5p, 1_hsa.miR.197.3p, 1_hsa.miR.19a.3p, 1_hsa.miR.19b.3p, 1_hsa.miR.20a.3p, 1_hsa.miR.210.3p, 1_hsa.miR.301a.3p, 1_hsa.miR.301a.5p, 1_hsa.miR.301b, 1_hsa.miR.3074.5p, 1_hsa.miR.30b.3p, 1_hsa.miR.3170, 1_hsa.miR.320a, 1_hsa.miR.324.3p, 1_hsa.miR.324.5p, 1_hsa.miR.33a.5p, 1_hsa.miR.340.3p, 1_hsa.miR.3605.3p, 1_hsa.miR.361.3p, 1_hsa.miR.3648, 1_hsa.miR.3677.3p, 1_hsa.miR.3687, 1_hsa.miR.454.3p, 1_hsa.miR.455.3p, 1_hsa.miR.455.5p, 1_hsa.miR.4668.3p, 1_hsa.miR.484, 1_hsa.miR.509.3p, 1_hsa.miR.590.5p, 1_hsa.miR.629.5p, 1_hsa.miR.744.3p, 1_hsa.miR.7706, 1_hsa.miR.887.3p, 1_hsa.miR.92a.3p, 1_hsa.miR.93.3p, 1_hsa.miR.93.5p, 1_hsa.miR.940]

BEST SUMS WITH SIZE 100
Number of solutions = 100
Features in hall of fame by prevalence:
97 features: [0_age_at_initial_pathologic_diagnosis, 1_hsa.miR.301a.3p, 1_hsa.miR.887.3p, 1_hsa.let.7a.3p, 1_hsa.miR.103a.2.5p, 1_hsa.miR.106b.3p, 1_hsa.miR.106b.5p, 1_hsa.miR.1226.3p, 1_hsa.miR.1229.3p, 1_hsa.miR.1269a, 1_hsa.miR.1271.5p, 1_hsa.miR.1306.3p, 1_hsa.miR.1306.5p, 1_hsa.miR.1307.3p, 1_hsa.miR.130a.3p, 1_hsa.miR.130b.3p, 1_hsa.miR.130b.5p, 1_hsa.miR.1468.5p, 1_hsa.miR.148b.5p, 1_hsa.miR.151a.3p, 1_hsa.miR.151a.5p, 1_hsa.miR.15b.3p, 1_hsa.miR.16.2.3p, 1_hsa.miR.17.3p, 1_hsa.miR.17.5p, 1_hsa.miR.186.5p, 1_hsa.miR.18a.3p, 1_hsa.miR.196b.5p, 1_hsa.miR.197.3p, 1_hsa.miR.19a.3p, 1_hsa.miR.19b.3p, 1_hsa.miR.20a.3p, 1_hsa.miR.20a.5p, 1_hsa.miR.210.3p, 1_hsa.miR.25.3p, 1_hsa.miR.29c.3p, 1_hsa.miR.301a.5p, 1_hsa.miR.301b, 1_hsa.miR.3074.5p, 1_hsa.miR.30b.3p, 1_hsa.miR.30b.5p, 1_hsa.miR.30d.3p, 1_hsa.miR.30d.5p, 1_hsa.miR.30e.5p, 1_hsa.miR.3170, 1_hsa.miR.3187.3p, 1_hsa.miR.320a, 1_hsa.miR.324.3p, 1_hsa.miR.324.5p, 1_hsa.miR.339.3p, 1_hsa.miR.33a.3p, 1_hsa.miR.33a.5p, 1_hsa.miR.340.3p, 1_hsa.miR.342.3p, 1_hsa.miR.345.5p, 1_hsa.miR.3605.3p, 1_hsa.miR.361.3p, 1_hsa.miR.3615, 1_hsa.miR.361.5p, 1_hsa.miR.3648, 1_hsa.miR.3677.3p, 1_hsa.miR.3687, 1_hsa.miR.374a.3p, 1_hsa.miR.421, 1_hsa.miR.423.3p, 1_hsa.miR.424.3p, 1_hsa.miR.424.5p, 1_hsa.miR.4326, 1_hsa.miR.454.3p, 1_hsa.miR.455.3p, 1_hsa.miR.455.5p, 1_hsa.miR.4661.5p, 1_hsa.miR.4668.3p, 1_hsa.miR.4787.3p, 1_hsa.miR.484, 1_hsa.miR.500a.5p, 1_hsa.miR.503.3p, 1_hsa.miR.505.3p, 1_hsa.miR.508.3p, 1_hsa.miR.509.3p, 1_hsa.miR.514a.3p, 1_hsa.miR.551a, 1_hsa.miR.589.3p, 1_hsa.miR.590.5p, 1_hsa.miR.629.5p, 1_hsa.miR.652.3p, 1_hsa.miR.671.5p, 1_hsa.miR.6808.3p, 1_hsa.miR.744.3p, 1_hsa.miR.767.3p, 1_hsa.miR.767.5p, 1_hsa.miR.7706, 1_hsa.miR.92a.3p, 1_hsa.miR.93.3p, 1_hsa.miR.93.5p, 1_hsa.miR.937.3p, 1_hsa.miR.940]
Optimization on fold finished in 00-00:34:51

FEATURE SETS SELECTED

PARETO FRONT
Number of solutions = 21
Features in hall of fame by prevalence:
41 features: [1_hsa.miR.301a.3p, 0_age_at_initial_pathologic_diagnosis, 1_hsa.miR.29c.3p, 1_hsa.miR.1307.3p, 1_hsa.miR.1468.5p, 1_hsa.miR.873.5p, 1_hsa.miR.3648, 1_hsa.miR.3677.3p, 1_hsa.miR.374a.5p, 1_hsa.miR.454.3p, 1_hsa.miR.4668.3p, 1_hsa.miR.1229.3p, 1_hsa.miR.323b.3p, 1_hsa.miR.508.3p, 1_hsa.miR.3605.3p, 0_race_WHITE, 1_hsa.miR.21.3p, 1_hsa.miR.301a.5p, 1_hsa.miR.30b.3p, 1_hsa.miR.3609, 1_hsa.miR.484, 1_hsa.miR.505.3p, 1_hsa.miR.7.1.3p, 1_hsa.let.7a.3p, 1_hsa.miR.32.5p, 1_hsa.miR.369.3p, 1_hsa.miR.541.3p, 1_hsa.miR.6510.3p, 1_hsa.let.7g.5p, 1_hsa.miR.126.3p, 1_hsa.miR.188.5p, 1_hsa.miR.20a.3p, 1_hsa.miR.24.2.5p, 1_hsa.miR.3127.5p, 1_hsa.miR.455.3p, 1_hsa.miR.4662a.5p, 1_hsa.miR.514a.3p, 1_hsa.miR.625.5p, 1_hsa.miR.6511b.3p, 1_hsa.miR.744.3p, 1_hsa.miR.7706]

LAST POPULATION
Number of solutions = 500
Features in hall of fame by prevalence:
143 features: [1_hsa.miR.301a.3p, 0_age_at_initial_pathologic_diagnosis, 1_hsa.miR.29c.3p, 1_hsa.miR.1307.3p, 1_hsa.miR.1468.5p, 1_hsa.miR.3648, 1_hsa.miR.873.5p, 1_hsa.miR.374a.5p, 1_hsa.miR.3677.3p, 1_hsa.miR.4668.3p, 1_hsa.miR.454.3p, 1_hsa.miR.3605.3p, 1_hsa.miR.1229.3p, 1_hsa.miR.323b.3p, 0_race_WHITE, 1_hsa.miR.505.3p, 1_hsa.miR.6510.3p, 1_hsa.miR.508.3p, 1_hsa.miR.301a.5p, 1_hsa.let.7a.3p, 1_hsa.miR.3609, 1_hsa.miR.4662a.5p, 1_hsa.miR.30b.3p, 1_hsa.miR.369.3p, 1_hsa.miR.32.5p, 1_hsa.miR.484, 1_hsa.miR.3170, 1_hsa.miR.7.1.3p, 1_hsa.let.7g.5p, 1_hsa.miR.21.3p, 1_hsa.miR.7706, 1_hsa.miR.20a.3p, 1_hsa.miR.26a.1.3p, 1_hsa.miR.616.5p, 1_hsa.miR.24.2.5p, 1_hsa.miR.3681.5p, 1_hsa.miR.455.3p, 1_hsa.miR.514a.3p, 1_hsa.miR.548v, 1_hsa.miR.126.3p, 1_hsa.miR.625.5p, 1_hsa.miR.6511b.3p, 1_hsa.miR.18a.3p, 1_hsa.miR.3065.5p, 1_hsa.miR.3074.5p, 1_hsa.miR.4449, 1_hsa.miR.190b, 1_hsa.miR.491.3p, 1_hsa.miR.493.3p, 1_hsa.miR.887.3p, 1_hsa.miR.33a.5p, 1_hsa.miR.374b.3p, 1_hsa.miR.541.3p, 1_hsa.miR.371a.3p, 1_hsa.miR.130b.3p, 1_hsa.miR.98.3p, 1_hsa.let.7c.3p, 1_hsa.let.7g.3p, 1_hsa.miR.105.3p, 1_hsa.miR.30d.3p, 1_hsa.miR.500b.5p, 1_hsa.miR.625.3p, 1_hsa.miR.3131, 1_hsa.miR.324.5p, 1_hsa.miR.340.3p, 1_hsa.miR.340.5p, 1_hsa.miR.6808.3p, 1_hsa.miR.744.3p, 1_hsa.miR.15b.3p, 1_hsa.miR.3127.5p, 1_hsa.miR.3154, 1_hsa.miR.32.3p, 1_hsa.miR.487a.3p, 1_hsa.miR.500a.5p, 1_hsa.miR.1251.3p, 1_hsa.miR.1250.5p, 1_hsa.miR.1262, 1_hsa.miR.1269a, 1_hsa.miR.3200.3p, 1_hsa.miR.335.3p, 1_hsa.miR.374b.5p, 1_hsa.miR.376a.3p, 1_hsa.miR.494.3p, 1_hsa.miR.502.3p, 1_hsa.miR.532.5p, 1_hsa.miR.1226.3p, 1_hsa.miR.128.3p, 1_hsa.miR.146b.3p, 1_hsa.miR.148b.5p, 1_hsa.miR.181c.3p, 1_hsa.miR.188.5p, 1_hsa.miR.196b.5p, 1_hsa.miR.28.5p, 1_hsa.miR.301b, 1_hsa.miR.3607.5p, 1_hsa.miR.370.3p, 1_hsa.miR.380.3p, 1_hsa.miR.433.5p, 1_hsa.miR.4677.3p, 1_hsa.miR.509.3p, 1_hsa.miR.671.5p, 1_hsa.miR.940, 1_hsa.miR.512.3p, 1_hsa.miR.106b.5p, 1_hsa.miR.1185.1.3p, 1_hsa.miR.1271.5p, 1_hsa.miR.1306.3p, 1_hsa.miR.130b.5p, 1_hsa.miR.135a.3p, 1_hsa.miR.136.5p, 1_hsa.miR.146b.5p, 1_hsa.miR.16.2.3p, 1_hsa.miR.16.5p, 1_hsa.miR.18a.5p, 1_hsa.miR.19b.3p, 1_hsa.miR.30c.5p, 1_hsa.miR.3187.3p, 1_hsa.miR.338.3p, 1_hsa.miR.339.3p, 1_hsa.miR.345.5p, 1_hsa.miR.3615, 1_hsa.miR.361.5p, 1_hsa.miR.362.3p, 1_hsa.miR.3687, 1_hsa.miR.374a.3p, 1_hsa.miR.3923, 1_hsa.miR.431.3p, 1_hsa.miR.452.3p, 1_hsa.miR.455.5p, 1_hsa.miR.500b.3p, 1_hsa.miR.501.3p, 1_hsa.miR.551b.3p, 1_hsa.miR.585.3p, 1_hsa.miR.590.3p, 1_hsa.miR.590.5p, 1_hsa.miR.652.3p, 1_hsa.miR.655.3p, 1_hsa.miR.766.3p, 1_hsa.miR.767.3p, 1_hsa.miR.889.3p, 1_hsa.miR.93.3p, 1_hsa.miR.99b.3p, 1_hsa.miR.520c.3p]

BEST SUMS WITH SIZE 50
Number of solutions = 50
Features in hall of fame by prevalence:
49 features: [1_hsa.miR.103a.2.5p, 1_hsa.miR.106b.3p, 1_hsa.miR.106b.5p, 1_hsa.miR.1226.3p, 1_hsa.miR.1306.3p, 1_hsa.miR.1306.5p, 1_hsa.miR.130b.3p, 1_hsa.miR.148b.5p, 1_hsa.miR.151a.5p, 1_hsa.miR.15b.3p, 1_hsa.miR.16.2.3p, 1_hsa.miR.17.5p, 1_hsa.miR.186.5p, 1_hsa.miR.197.3p, 1_hsa.miR.19a.3p, 1_hsa.miR.19b.3p, 1_hsa.miR.20a.3p, 1_hsa.miR.210.3p, 1_hsa.miR.301a.3p, 1_hsa.miR.301a.5p, 1_hsa.miR.301b, 1_hsa.miR.3074.5p, 1_hsa.miR.30b.3p, 1_hsa.miR.3170, 1_hsa.miR.320a, 1_hsa.miR.324.3p, 1_hsa.miR.324.5p, 1_hsa.miR.33a.5p, 1_hsa.miR.340.3p, 1_hsa.miR.3605.3p, 1_hsa.miR.361.3p, 1_hsa.miR.3648, 1_hsa.miR.3677.3p, 1_hsa.miR.3687, 1_hsa.miR.454.3p, 1_hsa.miR.455.3p, 1_hsa.miR.455.5p, 1_hsa.miR.4668.3p, 1_hsa.miR.484, 1_hsa.miR.509.3p, 1_hsa.miR.590.5p, 1_hsa.miR.629.5p, 1_hsa.miR.744.3p, 1_hsa.miR.7706, 1_hsa.miR.887.3p, 1_hsa.miR.92a.3p, 1_hsa.miR.93.3p, 1_hsa.miR.93.5p, 1_hsa.miR.940]

BEST SUMS WITH SIZE 100
Number of solutions = 100
Features in hall of fame by prevalence:
97 features: [0_age_at_initial_pathologic_diagnosis, 1_hsa.miR.301a.3p, 1_hsa.miR.887.3p, 1_hsa.let.7a.3p, 1_hsa.miR.103a.2.5p, 1_hsa.miR.106b.3p, 1_hsa.miR.106b.5p, 1_hsa.miR.1226.3p, 1_hsa.miR.1229.3p, 1_hsa.miR.1269a, 1_hsa.miR.1271.5p, 1_hsa.miR.1306.3p, 1_hsa.miR.1306.5p, 1_hsa.miR.1307.3p, 1_hsa.miR.130a.3p, 1_hsa.miR.130b.3p, 1_hsa.miR.130b.5p, 1_hsa.miR.1468.5p, 1_hsa.miR.148b.5p, 1_hsa.miR.151a.3p, 1_hsa.miR.151a.5p, 1_hsa.miR.15b.3p, 1_hsa.miR.16.2.3p, 1_hsa.miR.17.3p, 1_hsa.miR.17.5p, 1_hsa.miR.186.5p, 1_hsa.miR.18a.3p, 1_hsa.miR.196b.5p, 1_hsa.miR.197.3p, 1_hsa.miR.19a.3p, 1_hsa.miR.19b.3p, 1_hsa.miR.20a.3p, 1_hsa.miR.20a.5p, 1_hsa.miR.210.3p, 1_hsa.miR.25.3p, 1_hsa.miR.29c.3p, 1_hsa.miR.301a.5p, 1_hsa.miR.301b, 1_hsa.miR.3074.5p, 1_hsa.miR.30b.3p, 1_hsa.miR.30b.5p, 1_hsa.miR.30d.3p, 1_hsa.miR.30d.5p, 1_hsa.miR.30e.5p, 1_hsa.miR.3170, 1_hsa.miR.3187.3p, 1_hsa.miR.320a, 1_hsa.miR.324.3p, 1_hsa.miR.324.5p, 1_hsa.miR.339.3p, 1_hsa.miR.33a.3p, 1_hsa.miR.33a.5p, 1_hsa.miR.340.3p, 1_hsa.miR.342.3p, 1_hsa.miR.345.5p, 1_hsa.miR.3605.3p, 1_hsa.miR.361.3p, 1_hsa.miR.3615, 1_hsa.miR.361.5p, 1_hsa.miR.3648, 1_hsa.miR.3677.3p, 1_hsa.miR.3687, 1_hsa.miR.374a.3p, 1_hsa.miR.421, 1_hsa.miR.423.3p, 1_hsa.miR.424.3p, 1_hsa.miR.424.5p, 1_hsa.miR.4326, 1_hsa.miR.454.3p, 1_hsa.miR.455.3p, 1_hsa.miR.455.5p, 1_hsa.miR.4661.5p, 1_hsa.miR.4668.3p, 1_hsa.miR.4787.3p, 1_hsa.miR.484, 1_hsa.miR.500a.5p, 1_hsa.miR.503.3p, 1_hsa.miR.505.3p, 1_hsa.miR.508.3p, 1_hsa.miR.509.3p, 1_hsa.miR.514a.3p, 1_hsa.miR.551a, 1_hsa.miR.589.3p, 1_hsa.miR.590.5p, 1_hsa.miR.629.5p, 1_hsa.miR.652.3p, 1_hsa.miR.671.5p, 1_hsa.miR.6808.3p, 1_hsa.miR.744.3p, 1_hsa.miR.767.3p, 1_hsa.miR.767.5p, 1_hsa.miR.7706, 1_hsa.miR.92a.3p, 1_hsa.miR.93.3p, 1_hsa.miR.93.5p, 1_hsa.miR.937.3p, 1_hsa.miR.940]
