inner_cv_NB_bal_acc,inner_cv_root_leanness,inner_cv_SKSurvCox_c-index,train_NB_bal_acc,train_root_leanness,train_SKSurvCox_c-index,test_NB_bal_acc,test_root_leanness,test_SKSurvCox_c-index
0.9239329961537732,0.1767766952966369,0.739856373285933,0.9483971102750084,0.1767766952966369,0.7622227102056855,0.8285485972752273,0.1767766952966369,0.6730385197879317
0.9239329961537732,0.17407765595569785,0.7475279674836938,0.9429850276541408,0.17407765595569785,0.7694388654960727,0.8313610972752273,0.17407765595569785,0.6897143023692631
0.9239329961537732,0.17149858514250885,0.7481999018331772,0.9284594816456796,0.17149858514250885,0.7821949744796671,0.8207267843613201,0.17149858514250885,0.6852231376911645
0.9239329961537732,0.16666666666666666,0.7550961149093708,0.9327775528195839,0.16666666666666666,0.7805598292163172,0.8251957991918285,0.16666666666666666,0.6486928304342718
0.9257755619955688,0.18257418583505536,0.66388888937829,0.930969284547429,0.18257418583505536,0.7470699267921123,0.8168984321963011,0.18257418583505536,0.6284039244876101
0.9257755619955688,0.1796053020267749,0.6675677152815735,0.9290448290777037,0.1796053020267749,0.7475600930620296,0.8271889223333607,0.1796053020267749,0.6273249242527877
0.9236942014837782,0.18257418583505536,0.7225503290666585,0.9379530111959105,0.18257418583505536,0.7606000701307504,0.8086193658842569,0.18257418583505536,0.7181435946680079
0.9238617490845215,0.20851441405707477,0.6646977858221814,0.9478273666402134,0.20851441405707477,0.7160102652166589,0.7912381376217527,0.20851441405707477,0.6003231315255309
0.9245989232178236,0.19245008972987526,0.6636253631825015,0.9264467209133678,0.19245008972987526,0.7348591610274375,0.812067989796794,0.19245008972987526,0.6250031505417559
0.9245989232178236,0.1889822365046136,0.6671653023357468,0.9407221025831309,0.1889822365046136,0.7408932076055633,0.8172520822810077,0.1889822365046136,0.636220673440499
0.9245989232178236,0.18569533817705186,0.6701167068430766,0.9278167952356028,0.18569533817705186,0.7429940676691515,0.8114139200293521,0.18569533817705186,0.6271977962338183
0.9266342338711444,0.1796053020267749,0.7263307408359061,0.927144473085109,0.1796053020267749,0.7763860219335298,0.8174037703562876,0.1796053020267749,0.6298659112400741
0.9230919925262463,0.21320071635561044,0.6548519910303868,0.9469689475146327,0.21320071635561044,0.7116930404797249,0.7947927942088658,0.21320071635561044,0.5950132117910397
0.924417351214695,0.19245008972987526,0.6685222589768235,0.9278167952356028,0.19245008972987526,0.7417013304692708,0.813980145194915,0.19245008972987526,0.627735620978289
0.9206325077904765,0.17407765595569785,0.7555647385722111,0.9329052133509053,0.17407765595569785,0.7803231358027043,0.8261675327735062,0.17407765595569785,0.6473109885009825
0.925871794747398,0.1796053020267749,0.7294826336003022,0.9416362120419026,0.1796053020267749,0.7847856205894339,0.8235909081874134,0.1796053020267749,0.629829662176438
0.9218199043094075,0.18569533817705186,0.7222314265280949,0.9167310621483282,0.18569533817705186,0.7544135865761838,0.8117477768554409,0.18569533817705186,0.712567750980139
0.9205097039196684,0.17407765595569785,0.7579835926834603,0.9326091396459312,0.17407765595569785,0.7832074892135588,0.8300779846924458,0.17407765595569785,0.6416102287340986
0.9205097039196684,0.16666666666666666,0.758537641339453,0.9327775528195839,0.16666666666666666,0.7893586161842621,0.823782270946621,0.16666666666666666,0.6566659026488285
0.9235780329905678,0.18257418583505536,0.725787654840584,0.9286693675297075,0.18257418583505536,0.7751381800248814,0.8368254398696241,0.18257418583505536,0.6423881209873709
0.9221136440965079,0.19611613513818404,0.65898857008841,0.9397607451657329,0.19611613513818404,0.730853519617835,0.825525807289275,0.19611613513818404,0.641449301451325
0.9240881676419501,0.1796053020267749,0.7368932521266628,0.9369229830163127,0.1796053020267749,0.7836896282004548,0.8320266081968376,0.1796053020267749,0.6233879286893854
0.9189342322501101,0.21320071635561044,0.6648294642356123,0.9416704686101777,0.21320071635561044,0.7114190765871197,0.7979749342396876,0.21320071635561044,0.6020897699699396
0.9192716291777188,0.21821789023599236,0.6644768681034431,0.9378498221602208,0.21821789023599236,0.7117361659965195,0.7944202776525744,0.21821789023599236,0.590460749417696
0.9193401194093918,0.2041241452319315,0.6633427820707406,0.944335897471182,0.2041241452319315,0.7283419864719101,0.7873615259664732,0.2041241452319315,0.587059052455585
0.9188891316042594,0.1796053020267749,0.7538869317776908,0.9319852443764673,0.1796053020267749,0.7739359721112182,0.8249897078562877,0.1796053020267749,0.6441894388650979
0.9192949990959333,0.17149858514250885,0.758773343031106,0.9327775528195839,0.17149858514250885,0.7806939103932685,0.8216150700251618,0.17149858514250885,0.645874557167444
0.9204662061197563,0.19611613513818404,0.6730100145351748,0.9340337385205677,0.19611613513818404,0.7309742006620064,0.8027968937076738,0.19611613513818404,0.6234201916458251
0.9182179691895943,0.17407765595569785,0.7594645455097936,0.9327775528195839,0.17407765595569785,0.7814864400277861,0.8277614409477172,0.17407765595569785,0.6530239751589417
0.9176449020108551,0.17149858514250885,0.7602828221555554,0.9326091396459312,0.17149858514250885,0.7813877897752974,0.8277614409477172,0.17149858514250885,0.6464653726270406
0.9204442915339843,0.19245008972987526,0.6689000089755095,0.9343144138624496,0.19245008972987526,0.7425737639716797,0.8271604823720565,0.19245008972987526,0.6250591862430488
0.9218938394474183,0.18257418583505536,0.73465033086955,0.9368357323534156,0.18257418583505536,0.7806871486084086,0.8196184330218506,0.18257418583505536,0.6181504652449867
0.9153628603099858,0.2,0.6976043773367333,0.9432550819795401,0.2,0.7461203487741576,0.8116436101887742,0.2,0.602028341730271
0.916270774656619,0.21320071635561044,0.6740084094865095,0.9404997737461293,0.21320071635561044,0.7084688955352137,0.7886446385492547,0.21320071635561044,0.6158918455603734
0.9189436991050643,0.18257418583505536,0.7557469943193249,0.9263827481148167,0.18257418583505536,0.7842907810552886,0.8174872182741236,0.18257418583505536,0.6535509380836222
0.9163185581296812,0.20851441405707477,0.6564725612785591,0.9478273666402134,0.20851441405707477,0.7131770399048283,0.7906352983018475,0.20851441405707477,0.6170169907694985
0.9186121227305426,0.18569533817705186,0.7472618212788663,0.9351468980009561,0.18569533817705186,0.7801020088783369,0.8185843291397971,0.18569533817705186,0.6259233746502268
0.9148529068020762,0.2773500981126146,0.6288185891607139,0.9219119028126175,0.2773500981126146,0.6734569482741881,0.8217520320956444,0.2773500981126146,0.6549678003500821
0.9155945720903106,0.1690308509457033,0.7567690633233052,0.9385331010162696,0.1690308509457033,0.780404838218345,0.8218362168627358,0.1690308509457033,0.6292451980222565
0.9138400788466953,0.30151134457776363,0.5701170797003386,0.9088969568110155,0.30151134457776363,0.6576055304384503,0.8111575777945271,0.30151134457776363,0.5938666252721115
0.9152039288065352,0.22941573387056177,0.682706218195611,0.9362601558070454,0.22941573387056177,0.7299824493781225,0.8387190026142551,0.22941573387056177,0.5983410076687542
0.9115869436962172,0.28867513459481287,0.6122863289847074,0.9128508840628947,0.28867513459481287,0.6333830260874267,0.8020559287169596,0.28867513459481287,0.6562167884388087
0.9131674802448205,0.1690308509457033,0.7588072105916766,0.9304257411344209,0.1690308509457033,0.779913985560652,0.8248442366918285,0.1690308509457033,0.6549754512972409
0.9146610814040075,0.1889822365046136,0.7224375983917732,0.9271055289866006,0.1889822365046136,0.7467873993066927,0.8058088239334177,0.1889822365046136,0.6668816034033841
0.9140793034688933,0.1690308509457033,0.7611149383589582,0.9201323958905877,0.1690308509457033,0.7864916563889869,0.8218362168627358,0.1690308509457033,0.6323907744836728
0.9148743038838703,0.1796053020267749,0.7506637659158973,0.9389087606106192,0.1796053020267749,0.7840606496559163,0.8260834611248159,0.1796053020267749,0.6414896922175077
0.9147422333921711,0.19611613513818404,0.7141779623990052,0.9284027325669711,0.19611613513818404,0.7471236100005069,0.8137729847577693,0.19611613513818404,0.643688316680164
0.91158584353084,0.25,0.6632128676533581,0.9215017525692974,0.25,0.6897530504430478,0.8094896260481979,0.25,0.6960644726456674
0.9108247056252323,0.31622776601683794,0.5455182835060695,0.9257029898066595,0.31622776601683794,0.6224950061514772,0.8239719531701905,0.31622776601683794,0.5872919490930806
0.9112710349775096,0.2581988897471611,0.6375363501070845,0.9263013940619788,0.2581988897471611,0.6786901680924633,0.8258581596928662,0.2581988897471611,0.6474410203634278
0.9142269981537928,0.20851441405707477,0.683294919431158,0.9298394666672769,0.20851441405707477,0.7283570406816796,0.8227152575019089,0.20851441405707477,0.6003371272319341
0.913678266629904,0.1767766952966369,0.764588687443819,0.9329052133509053,0.1767766952966369,0.7815225334504687,0.8277614409477172,0.1767766952966369,0.6584399178233208
0.9170945261815678,0.1889822365046136,0.7360942375395011,0.9259036010169367,0.1889822365046136,0.7771922394803632,0.8283851855578033,0.1889822365046136,0.6374917597744776
0.9139547532760128,0.2,0.7104684078614667,0.9284027325669711,0.2,0.7429821385904463,0.8024093483941329,0.2,0.6455431976988565
0.9139547532760128,0.19611613513818404,0.7195768834055264,0.9117377347426668,0.19611613513818404,0.7490445426045731,0.803481007054594,0.19611613513818404,0.6381968412208264
0.910192057673281,0.30151134457776363,0.6020488498493959,0.9236764240531888,0.30151134457776363,0.6491010636466767,0.7958531402252609,0.30151134457776363,0.6335166265868869
0.9107751539048655,0.28867513459481287,0.6477428397285587,0.9137772393280377,0.28867513459481287,0.6918428644705644,0.8170016753375182,0.28867513459481287,0.6484469500216602
0.9099899472273771,0.24253562503633297,0.6800459605804574,0.9263013940619788,0.24253562503633297,0.7092903019829896,0.8191952139138262,0.24253562503633297,0.6755353781111688
0.91236565298009,0.2041241452319315,0.6835289864802165,0.9358689601760208,0.2041241452319315,0.7467875629304038,0.8338650905398269,0.2041241452319315,0.6946619804548417
0.914533289352586,0.19245008972987526,0.7474822831843582,0.9275429277555353,0.19245008972987526,0.7778012051128516,0.822637518356905,0.19245008972987526,0.6398842541823508
0.911642702907977,0.1889822365046136,0.742694763959532,0.9345567072825417,0.1889822365046136,0.7618653933482665,0.8328724262864502,0.1889822365046136,0.6104395401137469
0.9135747271729225,0.2,0.7164419219011371,0.9137410540331384,0.2,0.7429550685137865,0.7987939105685345,0.2,0.6570900092300055
0.9101356560602505,0.30151134457776363,0.6544630877117025,0.9099918142189735,0.30151134457776363,0.6705059186557132,0.8177825249856668,0.30151134457776363,0.6514637399285608
0.9113092231636905,0.2581988897471611,0.7464761957355462,0.9204412217423045,0.2581988897471611,0.7618000038846697,0.771825394532819,0.2581988897471611,0.6357133165524177
0.9129595994086368,0.18569533817705186,0.766302070832922,0.9310952548883997,0.18569533817705186,0.7832863353442404,0.8394415095913157,0.18569533817705186,0.6274078689407708
0.9116577026174482,0.1889822365046136,0.7459846095025129,0.9340563110479737,0.1889822365046136,0.7860611984687327,0.8107786201102817,0.1889822365046136,0.6440179804200002
0.9106304047486719,0.21320071635561044,0.7362629686502499,0.9246369427317972,0.21320071635561044,0.7581843825598326,0.7879420935045681,0.21320071635561044,0.6641850084922304
0.9100287147902415,0.1889822365046136,0.742543943475689,0.9323092787631048,0.1889822365046136,0.7698579688991872,0.8027794015895439,0.1889822365046136,0.61462529587312
0.9075321910348951,0.3333333333333333,0.5449338462116411,0.925391589365365,0.3333333333333333,0.5916057932394453,0.798409958407079,0.3333333333333333,0.5949284322384941
0.9076097511353924,0.31622776601683794,0.5750495515819005,0.9265230533022436,0.31622776601683794,0.6591035687689285,0.8111575777945271,0.31622776601683794,0.5976046540335535
0.8999067059748371,0.28867513459481287,0.6631546457090782,0.90762534382876,0.28867513459481287,0.7015649326674813,0.790464874889004,0.28867513459481287,0.6486787888845064
0.9030646386576248,0.25,0.7396865476545458,0.9091056481230845,0.25,0.7588913110482621,0.8041121795388085,0.25,0.65514470649774
0.9065569555586689,0.31622776601683794,0.574718668913559,0.9189224218597754,0.31622776601683794,0.6630721740219817,0.7919344965048296,0.31622776601683794,0.6145708797496
0.9083546738247833,0.18257418583505536,0.7604278128913795,0.9137170276953279,0.18257418583505536,0.7898601787632189,0.7842829203030979,0.18257418583505536,0.635325555352562
0.9023495977856638,0.2672612419124244,0.7431247552899465,0.9190104018737868,0.2672612419124244,0.7587135439622459,0.771825394532819,0.2672612419124244,0.6400762510548279
0.9029606394437201,0.21821789023599236,0.7511033952219202,0.9307207634627102,0.21821789023599236,0.7666484920770134,0.8030218153169792,0.21821789023599236,0.628664100571772
0.9078222976535294,0.2672612419124244,0.7452175298939964,0.9204412217423045,0.2672612419124244,0.7603187395981248,0.771825394532819,0.2672612419124244,0.6307864464725398
0.906414830117024,0.3333333333333333,0.5443783208120297,0.9148112403075072,0.3333333333333333,0.5860306088883508,0.8111575777945271,0.3333333333333333,0.6119384302076315
0.8999207498861674,0.20851441405707477,0.7645061165771098,0.9142725231820499,0.20851441405707477,0.7818568408280218,0.8016018956772943,0.20851441405707477,0.634478428379758
0.901733086682671,0.28867513459481287,0.7059630332499,0.90312534672344,0.28867513459481287,0.7316267506985633,0.8021729301383128,0.28867513459481287,0.6341815791393178
0.9052854000113703,0.31622776601683794,0.6161018382629859,0.9153513868853751,0.31622776601683794,0.6537255789741027,0.8178505169441292,0.31622776601683794,0.6443324000534063
0.8988343184683749,0.3333333333333333,0.5527918276770704,0.9216159511169432,0.3333333333333333,0.624384951718174,0.8020559287169596,0.3333333333333333,0.5827865137188745
0.8993704764500272,0.30151134457776363,0.6507818527996507,0.9001903513083014,0.30151134457776363,0.6938470744071106,0.8129506976223633,0.30151134457776363,0.6465952569623709
0.8959753298490959,0.30151134457776363,0.6705501566403117,0.9074442930707435,0.30151134457776363,0.669720297462296,0.7813226742196343,0.30151134457776363,0.6480050753833471
0.8994491465490276,0.13608276348795434,0.7996068594597091,0.930385553778631,0.13608276348795434,0.8464270438249387,0.8174832282780522,0.13608276348795434,0.64052859509802
0.9004306811592272,0.30151134457776363,0.715039864566934,0.9082146223119201,0.30151134457776363,0.7324370999561945,0.7888590642441905,0.30151134457776363,0.6363031795946219
0.8975864940171872,0.21320071635561044,0.7732172102654761,0.9188016702439543,0.21320071635561044,0.7906772500178741,0.7839277287091001,0.21320071635561044,0.6368660360513683
0.8978449906338858,0.22941573387056177,0.7418187801062235,0.9065579167350152,0.22941573387056177,0.7582612583266863,0.7742534108288095,0.22941573387056177,0.6379947524537536
0.8978449906338857,0.22360679774997896,0.7493341522368782,0.910680257160547,0.22360679774997896,0.7617841332369758,0.7742534108288095,0.22360679774997896,0.6279027658227443
0.8968842552434976,0.21821789023599236,0.7695842073772192,0.9161969786517751,0.21821789023599236,0.7823245729878741,0.7970393956772943,0.21821789023599236,0.633679269815589
0.8985219429727085,0.3333333333333333,0.5757649887726931,0.8941013883241602,0.3333333333333333,0.6402048739507376,0.7674834326275013,0.3333333333333333,0.5719887268967356
0.8970390176173457,0.31622776601683794,0.7025899306041336,0.901006085510335,0.31622776601683794,0.7215774462960054,0.7904620620423557,0.31622776601683794,0.6564702020075992
0.8990209850144626,0.13245323570650439,0.7983794990180364,0.8907098743674378,0.13245323570650439,0.8325381518331907,0.8465356002250873,0.13245323570650439,0.62617580738269
0.8967723587185734,0.1386750490563073,0.7888948518977273,0.9334181299834253,0.1386750490563073,0.8362117341318748,0.8053317649978147,0.1386750490563073,0.6523113285550609
0.898516839410658,0.23570226039551584,0.7534228904998931,0.9312570412164967,0.23570226039551584,0.7720447473204686,0.7996640128727357,0.23570226039551584,0.604446532263552
0.8986994857631849,0.3333333333333333,0.6474153200690397,0.9032515451786397,0.3333333333333333,0.668225457707888,0.792707987687971,0.3333333333333333,0.6311302511370606
0.8988204784716746,0.31622776601683794,0.7358259269485744,0.9143250700163486,0.31622776601683794,0.7305840460772653,0.8005837348982231,0.31622776601683794,0.656078589573563
0.8982467573135882,0.3535533905932738,0.551332430345002,0.9075709283530483,0.3535533905932738,0.584162362994647,0.7983373628077793,0.3535533905932738,0.5988901474865246
0.8957110209689362,0.14002800840280097,0.7916917495400011,0.930385553778631,0.14002800840280097,0.8439521518627358,0.8044002149150331,0.14002800840280097,0.6470444990831378
0.8957110209689362,0.1386750490563073,0.8007210492679424,0.919942749243919,0.1386750490563073,0.8456993407300052,0.8465356002250873,0.1386750490563073,0.651668368207789
0.8957110209689362,0.13736056394868904,0.801590469566162,0.930385553778631,0.13736056394868904,0.8465833229905019,0.822295904539417,0.13736056394868904,0.6418926558087787
0.8957110209689362,0.13483997249264842,0.8015252055336266,0.9177070053381214,0.13483997249264842,0.8455906493799676,0.8203791761958881,0.13483997249264842,0.636824678027594
0.8963059971024783,0.22360679774997896,0.7618332793139979,0.9163653918254278,0.22360679774997896,0.7757778498035935,0.8136968776041892,0.22360679774997896,0.6456987999354986
0.8975604163972093,0.24253562503633297,0.750437572968428,0.9177673601724675,0.24253562503633297,0.7612764366164362,0.7864547830646823,0.24253562503633297,0.6003885202867302
0.8943668444717157,0.2773500981126146,0.7370670535776392,0.9059753553516592,0.2773500981126146,0.7523888006813627,0.8081177998699567,0.2773500981126146,0.6452491584500126
0.8949322681261163,0.2672612419124244,0.7455156853495118,0.9046035260289382,0.2672612419124244,0.7567991223167468,0.8081177998699567,0.2672612419124244,0.6328297421017953
0.8942959918809166,0.25,0.7483979063980776,0.9274259196563721,0.25,0.7605934272853341,0.776037351054558,0.25,0.6421621443929394
0.8951259105240764,0.16666666666666666,0.7838300484874234,0.9233773227048274,0.16666666666666666,0.8143971102627703,0.8287787756252658,0.16666666666666666,0.6345238787866064
0.8939963828495998,0.3333333333333333,0.7179501044701762,0.8961652507723065,0.3333333333333333,0.733830961916025,0.786709712171652,0.3333333333333333,0.6481794890497639
0.8942972259244694,0.13130643285972254,0.8047470070747131,0.9100091109232459,0.13130643285972254,0.834035182826712,0.8471374275555958,0.13130643285972254,0.630292298570791
0.8997046923178716,0.25,0.7427829348440373,0.9329857312409641,0.25,0.7545946672108313,0.7983142600523162,0.25,0.5897428016305202
0.8929644974721413,0.22360679774997896,0.7574809019179249,0.910680257160547,0.22360679774997896,0.7816902216655323,0.7975034108288095,0.22360679774997896,0.6318312843138
0.8916017168047145,0.25,0.7480051692325427,0.9096495317038392,0.25,0.7687838516642275,0.8108911444395895,0.25,0.6421405431126709
0.8933146897916029,0.2581988897471611,0.7453029502173353,0.9020100398342127,0.2581988897471611,0.7549049419062873,0.7898494777729229,0.2581988897471611,0.6511568784858066
0.8927386611353934,0.14744195615489714,0.7785701064573997,0.9188440500309186,0.14744195615489714,0.8200128768058412,0.8331596939294478,0.14744195615489714,0.6309651153363562
0.8930054673919917,0.15249857033260467,0.7847748115266501,0.9088023618308808,0.15249857033260467,0.8234645008198078,0.8144190721988334,0.15249857033260467,0.6483453768973513
0.8930054673919917,0.15075567228888181,0.7867388996506397,0.908569094822271,0.15075567228888181,0.8238642189174571,0.8337196921231651,0.15075567228888181,0.6391979404014717
0.8931047443480168,0.22360679774997896,0.7623589972001246,0.9245018701588916,0.22360679774997896,0.7735927291533446,0.816027602655518,0.22360679774997896,0.6200754864513673
0.8918675912054502,0.15249857033260467,0.7887195073333819,0.908569094822271,0.15249857033260467,0.8213082402411755,0.8337196921231651,0.15249857033260467,0.6361741310744164
0.8918675912054502,0.14744195615489714,0.7860095659555827,0.9078728931285339,0.14744195615489714,0.8261528680334851,0.8337196921231651,0.14744195615489714,0.6484483233223731
0.890748643115657,0.22941573387056177,0.7570281082190851,0.9001394957085721,0.22941573387056177,0.766950629972087,0.813514814177052,0.22941573387056177,0.6436283638809689
0.8907233850737812,0.14002800840280097,0.7940490753380807,0.9216390808374908,0.14002800840280097,0.8379019649086513,0.825290407331259,0.14002800840280097,0.6343912340512637
0.889291820432433,0.13245323570650439,0.8107844933632404,0.9124723976056931,0.13245323570650439,0.846609163926945,0.8461840377250873,0.13245323570650439,0.6366406999244655
0.8912399475567857,0.15075567228888181,0.7848381515284143,0.908569094822271,0.15075567228888181,0.8257630354755074,0.8321095446566628,0.15075567228888181,0.6448160276685756
0.8912399475567857,0.14744195615489714,0.7864969518386838,0.908569094822271,0.14744195615489714,0.8236506928488158,0.8337196921231651,0.14744195615489714,0.6329891566047099
0.8883953408848883,0.24253562503633297,0.7578476477694509,0.9096495317038392,0.24253562503633297,0.7688978043779182,0.8157964474698927,0.24253562503633297,0.6488599964367667
0.8895086433303627,0.28867513459481287,0.7185320554824505,0.9002712304787415,0.28867513459481287,0.7426835940823469,0.7880909428125542,0.28867513459481287,0.6909859253145397
0.8882367096590494,0.13483997249264842,0.805099629530709,0.9095022253455612,0.13483997249264842,0.8313431250358773,0.8465356002250873,0.13483997249264842,0.6407291089434543
0.8882367096590494,0.1336306209562122,0.8024437216454356,0.9141314513487777,0.1336306209562122,0.8295984256714916,0.8490442072166128,0.1336306209562122,0.6300468473383586
0.8928459741430926,0.3535533905932738,0.5879204079042244,0.904980998027376,0.3535533905932738,0.5947041413031249,0.8327431596193706,0.3535533905932738,0.6008064499231174
0.881943093582752,0.2773500981126146,0.7353242874214571,0.8942949084555406,0.2773500981126146,0.7556200737310821,0.776001425511177,0.2773500981126146,0.6401800297760365
0.8897817394082204,0.13245323570650439,0.8069152522584869,0.8959984692798652,0.13245323570650439,0.8335859323853434,0.8480908173861043,0.13245323570650439,0.6287597306882934
0.8890402979770954,0.31622776601683794,0.721228014853864,0.9031469481583608,0.31622776601683794,0.7460553023054903,0.7892665303534702,0.31622776601683794,0.6278913537330808
0.8879761589953,0.2672612419124244,0.7339055162022359,0.9023428077541723,0.2672612419124244,0.7568349560560379,0.8183349865294509,0.2672612419124244,0.6212314009776182
0.8885045789575043,0.30151134457776363,0.7247329560280814,0.9059770507122712,0.30151134457776363,0.7402700166837074,0.8015881766401911,0.30151134457776363,0.6559279194720117
0.8874603153873575,0.1386750490563073,0.8054258168428541,0.9183987525816157,0.1386750490563073,0.8342947345377927,0.8377287820432692,0.1386750490563073,0.6434774261735281
0.8866466882352195,0.1336306209562122,0.805626916686235,0.908916877913537,0.1336306209562122,0.8349193080563222,0.8465356002250873,0.1336306209562122,0.6380163827576786
0.8870166049439215,0.31622776601683794,0.728867338754083,0.9000182256038688,0.31622776601683794,0.7324772664865371,0.773995115099597,0.31622776601683794,0.6408033019417853
0.8858913167542942,0.22941573387056177,0.7585167858588905,0.910680257160547,0.22941573387056177,0.781348375710494,0.7998412109115909,0.22941573387056177,0.6315244735479716
0.8865706310735534,0.2672612419124244,0.7530668911022101,0.9039871824064392,0.2672612419124244,0.7549345952394527,0.7927485431751723,0.2672612419124244,0.6573860888635882
0.8914368845870858,0.3535533905932738,0.6185668723708406,0.8992027341249593,0.3535533905932738,0.6286973693550354,0.8269642312354653,0.3535533905932738,0.6164810531393111
0.8835307401307058,0.3535533905932738,0.6914662289561633,0.8958902491904359,0.3535533905932738,0.7101067530498636,0.7912626781552519,0.3535533905932738,0.6393233566008056
0.8832826146639327,0.2773500981126146,0.7365632554556877,0.8925288731607639,0.2773500981126146,0.7477377938280252,0.7924847899922275,0.2773500981126146,0.6434195495358271
0.8845676152410372,0.3333333333333333,0.7254268031120714,0.8939875582399941,0.3333333333333333,0.7358032112148669,0.7836921799772177,0.3333333333333333,0.6634630163800062
0.8816742613785452,0.1336306209562122,0.8017758174683214,0.908916877913537,0.1336306209562122,0.8344038159267462,0.8465356002250873,0.1336306209562122,0.637092749978802
0.8842876979280921,0.14907119849998599,0.7874883451685182,0.9006041346201433,0.14907119849998599,0.8260099321201243,0.8321095446566628,0.14907119849998599,0.6603622846028052
0.8851621079010096,0.3779644730092272,0.6122836245697441,0.9033170254231281,0.3779644730092272,0.6309876639537294,0.7778860283279332,0.3779644730092272,0.6839411921265467
0.8855215026545665,0.22941573387056177,0.7570694869514281,0.9075268539380723,0.22941573387056177,0.7813765435817133,0.8064845446566626,0.22941573387056177,0.6309026322638648
0.8802148618552238,0.25,0.7598686417859994,0.8991774166531593,0.25,0.7735933582823618,0.8174726867851854,0.25,0.6426178649771268
0.8818038871320134,0.28867513459481287,0.7468303541019977,0.8982259376497959,0.28867513459481287,0.7526733637152201,0.8015940321998318,0.28867513459481287,0.650905816930412
0.8821621570447593,0.14002800840280097,0.7956061152313078,0.9150409630612094,0.14002800840280097,0.8403443106201497,0.8334070340747525,0.14002800840280097,0.6348161307811359
0.8824268810234391,0.15617376188860607,0.7850549266161209,0.9165588146327401,0.15617376188860607,0.8248697989698879,0.8223077956046321,0.15617376188860607,0.6441198485913895
0.8809607070779274,0.13608276348795434,0.8022002137404096,0.9145483856071492,0.13608276348795434,0.8406890286419878,0.8484423798861043,0.13608276348795434,0.6484364136081037
0.879795420934359,0.15811388300841897,0.7846063666244459,0.9040503075189611,0.15811388300841897,0.8202997345074194,0.8423315012036687,0.15811388300841897,0.6357070865046123
0.8830448094383779,0.30151134457776363,0.7368546561324344,0.8980031351507255,0.30151134457776363,0.7436485402883019,0.7856387693111857,0.30151134457776363,0.6538659364694581
0.8812971463932638,0.22360679774997896,0.7675798020678868,0.8963388857325185,0.22360679774997896,0.7778592891982725,0.766077396522243,0.22360679774997896,0.6030475981065907
0.8834792537201386,0.13018891098082386,0.8179133673135478,0.9145194814969638,0.13018891098082386,0.8327441954731987,0.8480908173861043,0.13018891098082386,0.6353341108748176
0.8827666978596044,0.14002800840280097,0.7964724192713792,0.9041011027893062,0.14002800840280097,0.8343606436415448,0.8119535451427461,0.14002800840280097,0.6359673550342635
0.87975218488723,0.13736056394868904,0.8020725200762485,0.9145483856071492,0.13736056394868904,0.840741342194941,0.8493957697166128,0.13736056394868904,0.6482679064363648
0.8819774415495831,0.3333333333333333,0.7394609442265285,0.8986577185548664,0.3333333333333333,0.7528231557435165,0.7812785612966205,0.3333333333333333,0.648485270519156
0.879121794056098,0.1336306209562122,0.8040587996767979,0.9100091109232459,0.1336306209562122,0.8363077140331093,0.8461840377250873,0.1336306209562122,0.6301767304544742
0.8822124115603036,0.12803687993289598,0.8098798725968823,0.9095022253455612,0.12803687993289598,0.8375998496724146,0.8480908173861043,0.12803687993289598,0.6287109444923598
0.8852449301991369,0.1690308509457033,0.7892769572338537,0.911230558813744,0.1690308509457033,0.8021238857822655,0.8169003377447348,0.1690308509457033,0.6284761019314817
0.8797486785693721,0.24253562503633297,0.7655529313668051,0.886985284067029,0.24253562503633297,0.7805218440148938,0.8378640042962446,0.24253562503633297,0.6161042768715451
0.8804767508030357,0.2672612419124244,0.7404038024993422,0.9013296523496634,0.2672612419124244,0.7566323647566324,0.7954611531406421,0.2672612419124244,0.6559840028623589
0.8785017931599116,0.24253562503633297,0.7755442090792576,0.8912444610268145,0.24253562503633297,0.7667097193780191,0.8162673395896675,0.24253562503633297,0.6576574889233233
0.8787213768474643,0.13130643285972254,0.808878545556908,0.908916877913537,0.13130643285972254,0.8367739052406811,0.8461840377250873,0.13130643285972254,0.636392920285003
0.8750846700796792,0.1386750490563073,0.8039664315856485,0.9185795188006473,0.1386750490563073,0.8398468829312008,0.8461840377250873,0.1386750490563073,0.6533505032679011
0.8818106206923985,0.13483997249264842,0.8035505021624463,0.908916877913537,0.13483997249264842,0.834336196122238,0.8465356002250873,0.13483997249264842,0.6374443833726315
0.8810689443398662,0.15617376188860607,0.7967434384164866,0.8945256174208047,0.15617376188860607,0.8074129607975741,0.8441782534081569,0.15617376188860607,0.608371945156487
0.8791958735696914,0.408248290463863,0.564530118432975,0.9023460911777709,0.408248290463863,0.5989764637045598,0.7717041777746679,0.408248290463863,0.5230577014825297
0.8812900949934167,0.31622776601683794,0.7473044579175835,0.8956282492847283,0.31622776601683794,0.7576076995669472,0.7853876726180308,0.31622776601683794,0.6429696079240571
0.879352571858394,0.22941573387056177,0.7795641838337464,0.9076924380607089,0.22941573387056177,0.8021090271978197,0.8166950005914564,0.22941573387056177,0.6387502624275644
0.8759829061156493,0.2672612419124244,0.7728807857132612,0.8851052407865372,0.2672612419124244,0.769332288177997,0.7995358445659109,0.2672612419124244,0.6549865707367308
0.8744738729296658,0.2581988897471611,0.7731619349334443,0.8851052407865372,0.2581988897471611,0.7741727449125485,0.7880016687469582,0.2581988897471611,0.6559107809367325
0.879417730359163,0.21320071635561044,0.7729483416396336,0.9089487487837234,0.21320071635561044,0.7813212134646239,0.806452272947987,0.21320071635561044,0.6169779076192438
0.879332024820919,0.16012815380508713,0.7799776843443884,0.896162693172049,0.16012815380508713,0.8041851025601684,0.8398086583100763,0.16012815380508713,0.6516343296585585
0.8745054860423693,0.13483997249264842,0.808971833232502,0.8779332510982694,0.13483997249264842,0.8319171772683501,0.8490442072166128,0.13483997249264842,0.6187261084783854
0.879111210898898,0.2041241452319315,0.7694849052795664,0.9022437487620527,0.2041241452319315,0.7964139220985798,0.8347538702031823,0.2041241452319315,0.6253855327071104
0.8778426875598553,0.14907119849998599,0.7955153461009574,0.8745162782260791,0.14907119849998599,0.8257883922698506,0.8335162196575481,0.14907119849998599,0.623809033210651
0.8761678126739434,0.13245323570650439,0.8132884245277602,0.9014248683017416,0.13245323570650439,0.8352619952330933,0.8451730297205413,0.13245323570650439,0.6304652053434272
0.8755249315151415,0.14002800840280097,0.8028149323059931,0.8927999486903893,0.14002800840280097,0.8374843580961894,0.8465356002250873,0.14002800840280097,0.6497166088256883
0.8809935483407945,0.15811388300841897,0.7943844290526231,0.8982309078234519,0.15811388300841897,0.8107313929204215,0.8295741456186995,0.15811388300841897,0.6446426904216174
0.8789458724663035,0.21320071635561044,0.7812002249945018,0.9073574559238358,0.21320071635561044,0.7828878250295871,0.8206644248539847,0.21320071635561044,0.6333827957178969
0.8716286897971616,0.20851441405707477,0.779667959692032,0.8911391965803452,0.20851441405707477,0.7868408413677286,0.817988905121779,0.20851441405707477,0.6398354171570898
0.8795606223767378,0.1643989873053573,0.7900193040888327,0.8950025135313305,0.1643989873053573,0.8007075284655897,0.8296209258725429,0.1643989873053573,0.6563448068749735
0.8768936688301598,0.1543033499620919,0.7983821277479932,0.8876764287109442,0.1543033499620919,0.8083015246473746,0.8389383844904894,0.1543033499620919,0.6188160097891877
0.8784067787268418,0.1643989873053573,0.7906477443597055,0.8950025135313305,0.1643989873053573,0.8054637923123606,0.8232660300929011,0.1643989873053573,0.6424568339363673
0.8786262525913523,0.21320071635561044,0.7843125149398981,0.8935744322599679,0.21320071635561044,0.792113279829862,0.8444752932695331,0.21320071635561044,0.6327930567061987
0.8755339945014912,0.28867513459481287,0.7238739758993837,0.8979764786703072,0.28867513459481287,0.7433262118788356,0.7896258776979627,0.28867513459481287,0.6530326916625757
0.871489212750899,0.1414213562373095,0.8088430554920949,0.9184744981152515,0.1414213562373095,0.8346467521961822,0.8330153648678402,0.1414213562373095,0.6534720806650399
0.8714361032265775,0.14002800840280097,0.81441134511264,0.9208646527487747,0.14002800840280097,0.832392066214743,0.8394387520589071,0.14002800840280097,0.6715180152093796
0.8734695191888943,0.14433756729740643,0.8018362942771082,0.8823785198567454,0.14433756729740643,0.8246287636097818,0.855138521748894,0.14433756729740643,0.6552886870162101
0.8768653651875504,0.15617376188860607,0.7980812402015003,0.8937631701985055,0.15617376188860607,0.8108402125378572,0.8325379661252671,0.15617376188860607,0.6143315909527566
0.8734239115265894,0.3779644730092272,0.6509854210528643,0.8904512667232477,0.3779644730092272,0.6644829175922395,0.7967311636093672,0.3779644730092272,0.6277364805204901
0.8732661879028261,0.25,0.7620935380894077,0.9060121608441872,0.25,0.7687807057461042,0.8269053507327417,0.25,0.6488410095849056
0.8724827869581637,0.3779644730092272,0.6899102111972626,0.8689744076136738,0.3779644730092272,0.6994003108224457,0.7330665987984887,0.3779644730092272,0.5898890020739594
0.871338603640099,0.3535533905932738,0.711852425958014,0.8804686878561659,0.3535533905932738,0.7230828128252527,0.7896220352463132,0.3535533905932738,0.6596606603121529
0.8708438934223233,0.22941573387056177,0.7878525693590466,0.8836023436623248,0.22941573387056177,0.8065719455117673,0.8019576327086199,0.22941573387056177,0.6365314021940284
0.8738955689159541,0.3333333333333333,0.7503590480597779,0.8788360073919124,0.3333333333333333,0.7475412404221582,0.7680408656395715,0.3333333333333333,0.6395083166897165
0.8740589129464218,0.23570226039551584,0.7925421677078718,0.8564230673465353,0.23570226039551584,0.8041381908970704,0.8034566027532833,0.23570226039551584,0.6415244774564672
0.8716997263800249,0.14586499149789456,0.8179855233860911,0.8910900532905475,0.14586499149789456,0.8346669072800177,0.8491315773175464,0.14586499149789456,0.6109032656742343
0.8658536457937208,0.14744195615489714,0.8134437032309447,0.8775708292152135,0.14744195615489714,0.8297566174983118,0.8565050084122632,0.14744195615489714,0.6414088728374939
0.867376381506291,0.1543033499620919,0.8004722758301217,0.8835131701764668,0.1543033499620919,0.812834209371351,0.8413838618518655,0.1543033499620919,0.6109034917763472
0.8719704141755718,0.15617376188860607,0.8036507862530261,0.8945256174208047,0.15617376188860607,0.806518225453529,0.8336646094434684,0.15617376188860607,0.6084396202920697
0.8685465989029978,0.14744195615489714,0.8071292087484033,0.8857224563869048,0.14744195615489714,0.826221324906939,0.8537154863534397,0.14744195615489714,0.6107733960476099
0.8723294952249995,0.31622776601683794,0.7293872105197428,0.8859882535272244,0.31622776601683794,0.752260568041482,0.7774583585935135,0.31622776601683794,0.6660391411270672
0.871695804312789,0.16666666666666666,0.7881468583013067,0.8934058146179138,0.16666666666666666,0.8046260449517373,0.8159431009553243,0.16666666666666666,0.6449819418916645
0.8708854838889414,0.14744195615489714,0.8175442319603108,0.8876324754197819,0.14744195615489714,0.8295121868687412,0.8527849890317347,0.14744195615489714,0.6043555439740006
0.8680098094662636,0.21320071635561044,0.7823548294679106,0.9005523744266504,0.21320071635561044,0.7815361358578963,0.8011745442449243,0.21320071635561044,0.6341345384602671
0.8706952122804674,0.3535533905932738,0.7053360116466114,0.8717974243266089,0.3535533905932738,0.7200876415107006,0.7638566062387959,0.3535533905932738,0.632565902243985
0.8697602601074712,0.2581988897471611,0.7719509090950034,0.8874565228606468,0.2581988897471611,0.7784229651659952,0.7982240498087896,0.2581988897471611,0.5798044417707852
0.8714225125051575,0.14907119849998599,0.8086032612407618,0.8902665771149892,0.14907119849998599,0.8184066490146235,0.8300952107132471,0.14907119849998599,0.6046366709511589
0.8673909297144304,0.16666666666666666,0.7907168515743239,0.8805394907128793,0.16666666666666666,0.804149891937771,0.819322071608765,0.16666666666666666,0.6502839799091403
0.8714716660939532,0.15811388300841897,0.79750413513148,0.8925620460212101,0.15811388300841897,0.8077680452683745,0.8656147794439691,0.15811388300841897,0.6109546722497052
0.8660327428958937,0.25,0.7679226375090724,0.893902131231592,0.25,0.7909155226029144,0.7927500696338926,0.25,0.6154730354213914
0.8698790408920869,0.15075567228888181,0.8023057355460306,0.8888179559486034,0.15075567228888181,0.8306645766003129,0.8648055504098551,0.15075567228888181,0.6154197814004997
0.8617264985258677,0.15075567228888181,0.8013637361247515,0.888324256399688,0.15075567228888181,0.8235799217055801,0.8491315773175464,0.15075567228888181,0.6071327040391723
0.8672102573417164,0.25,0.7583352880246937,0.8821487015060169,0.25,0.7716665605915644,0.8055280296821786,0.25,0.5739599802058891
0.8687381131714321,0.15811388300841897,0.8056599773210413,0.8855109379893571,0.15811388300841897,0.8014979317187441,0.8297913177047725,0.15811388300841897,0.6511410829011034
0.8664290834406968,0.408248290463863,0.6674188748065859,0.8727749875703812,0.408248290463863,0.6705832074276841,0.7558255231893145,0.408248290463863,0.591572921844475
0.8688942222607932,0.15249857033260467,0.8014533752060365,0.8888179559486034,0.15249857033260467,0.8154057788005509,0.8641312133311604,0.15249857033260467,0.6313064144455315
0.8673268362459631,0.15075567228888181,0.8103096040460311,0.8905047058585234,0.15075567228888181,0.8300841183705301,0.8491315773175464,0.15075567228888181,0.6266148603106546
0.8662149193885214,0.14744195615489714,0.8193922052135453,0.89204437050061,0.14744195615489714,0.8340174619571112,0.8741237491051793,0.14744195615489714,0.6115923095337407
0.8667087796471701,0.14586499149789456,0.8248211256035207,0.8894033033806276,0.14586499149789456,0.8332566054045285,0.8491315773175464,0.14586499149789456,0.6108727278644773
0.8663389171363206,0.22360679774997896,0.7926318198819318,0.8796089433398782,0.22360679774997896,0.8032849378332112,0.775390363437044,0.22360679774997896,0.6431965804683316
0.8655361473428365,0.3535533905932738,0.7275879481305201,0.882111606047657,0.3535533905932738,0.7375480712209882,0.7547411719340192,0.3535533905932738,0.6536091546930201
0.8664556571848557,0.14907119849998599,0.8130425688355805,0.8888179559486034,0.14907119849998599,0.8309694541574763,0.8491315773175464,0.14907119849998599,0.622069652842787
0.8637208994613829,0.3779644730092272,0.6901494391235271,0.8666820671578315,0.3779644730092272,0.700431743623891,0.748206091346028,0.3779644730092272,0.6347751468173343
0.8606345349933553,0.3535533905932738,0.7167271598188643,0.8781321699543484,0.3535533905932738,0.7298625207628323,0.7814336575810813,0.3535533905932738,0.6446023515438056
0.8641301009906979,0.2672612419124244,0.7657273618496768,0.8817920781397017,0.2672612419124244,0.783660727096115,0.7907842051093296,0.2672612419124244,0.5883304955793798
0.8621557518543627,0.25,0.7732384692306571,0.893902131231592,0.25,0.7990739796267394,0.8049374029806625,0.25,0.6280866141529965
0.8596739599079375,0.21821789023599236,0.7746286356406314,0.8696837972891495,0.21821789023599236,0.7767359754423804,0.7900550027650227,0.21821789023599236,0.6037646141078025
0.8636123347935066,0.3333333333333333,0.7443014485674985,0.8612768831061304,0.3333333333333333,0.7495536686708572,0.7662196466507833,0.3333333333333333,0.6528810674280694
0.8650578731083923,0.14744195615489714,0.8252999902273158,0.8888179559486034,0.14744195615489714,0.8324811312549291,0.8484284523175464,0.14744195615489714,0.6100578060054694
0.8612662195766402,0.2773500981126146,0.7527339479518064,0.8691912903187924,0.2773500981126146,0.7645604422349661,0.7856884256335448,0.2773500981126146,0.6263803468718478
0.86383356482009,0.25,0.7808894899196664,0.8768393249585109,0.25,0.7863724636038203,0.8005169492170736,0.25,0.6192622010950042
0.861549463973424,0.3535533905932738,0.7221980523661958,0.8796047681372416,0.3535533905932738,0.737864787517308,0.7565354231576851,0.3535533905932738,0.6466458602554236
0.8571088346956504,0.2672612419124244,0.7740438198964424,0.8634890308119434,0.2672612419124244,0.7795319828038618,0.8108858543148245,0.2672612419124244,0.5720483521112353
0.8598083098733091,0.3779644730092272,0.7205101428737808,0.8661104823998818,0.3779644730092272,0.7161884031814276,0.7742184438794262,0.3779644730092272,0.6470065323612125
0.8660608851973669,0.15075567228888181,0.8081234887894085,0.8888179559486034,0.15075567228888181,0.8274418692151403,0.8491315773175464,0.15075567228888181,0.6150215533300387
0.8606421634957521,0.22941573387056177,0.7927440128809129,0.867155619031963,0.22941573387056177,0.8014336265988748,0.775390363437044,0.22941573387056177,0.6464191429406092
0.8617987687082324,0.16012815380508713,0.801945283517189,0.8808729407965195,0.16012815380508713,0.786890351775172,0.8246553713770889,0.16012815380508713,0.6691273334773205
0.8591139453242577,0.408248290463863,0.685710627292506,0.8681292443924676,0.408248290463863,0.668899043662711,0.7360084726228426,0.408248290463863,0.6083616848162314
0.8608682912046521,0.1543033499620919,0.8000127481895136,0.8693511815350066,0.1543033499620919,0.8118320806839213,0.846743104220991,0.1543033499620919,0.6299194000335684
0.8602357958825525,0.14907119849998599,0.816345214239311,0.8930079991665086,0.14907119849998599,0.8227294435905047,0.8527849890317347,0.14907119849998599,0.6149189115576672
0.8597044043281902,0.1543033499620919,0.8013709070463704,0.8860327481371869,0.1543033499620919,0.8112205217532089,0.8527849890317347,0.1543033499620919,0.6271050656079334
0.8548159776809581,0.1543033499620919,0.8100816936736878,0.8980307005513769,0.1543033499620919,0.811090186151421,0.8597564512545456,0.1543033499620919,0.6109003985127819
0.8551249682843605,0.4472135954999579,0.5731355853675246,0.878148117461661,0.4472135954999579,0.5968210318558292,0.7492508998694352,0.4472135954999579,0.5223684129936528
0.8570705741078468,0.3535533905932738,0.7249161077132038,0.8633868507881706,0.3535533905932738,0.7440916382838275,0.7750778718752883,0.3535533905932738,0.6431496813124327
0.8587279292034201,0.24253562503633297,0.783393772515645,0.8970198019035694,0.24253562503633297,0.7732163197945402,0.7842798886906246,0.24253562503633297,0.6326047845346857
0.8594306395605626,0.25,0.7761853104173155,0.8686522326899417,0.25,0.7817602491220226,0.8067774775695324,0.25,0.6023738231519628
0.8518262139628987,0.2773500981126146,0.7536231381539023,0.8729284414606852,0.2773500981126146,0.7706140119584766,0.8082152972666882,0.2773500981126146,0.5838737653062273
0.8595193767440515,0.4472135954999579,0.6202246777509346,0.8506554235761684,0.4472135954999579,0.6348118900439104,0.7412938534067501,0.4472135954999579,0.5663249532208908
0.8584998778677518,0.3779644730092272,0.7216954724506055,0.8746606196646264,0.3779644730092272,0.712631872613917,0.774087251185159,0.3779644730092272,0.6412356241860144
0.860048140330611,0.1643989873053573,0.7945898712675599,0.8981510142126614,0.1643989873053573,0.8195360117207647,0.8544835763364507,0.1643989873053573,0.6221895195129993
0.8592764453223554,0.1690308509457033,0.7939548135130863,0.8903447450313245,0.1690308509457033,0.8050455080512835,0.8249292421438774,0.1690308509457033,0.6083594590128205
0.8564271159630427,0.4472135954999579,0.6548671979116641,0.8642226545874306,0.4472135954999579,0.6302023076168971,0.7699006204944219,0.4472135954999579,0.5898402134395967
0.8553747927192574,0.16222142113076254,0.806770837245513,0.8685757008435593,0.16222142113076254,0.8273178089876111,0.8092534430805812,0.16222142113076254,0.6206890688743584
0.8554381242463795,0.30151134457776363,0.7544687491213612,0.8687608363615529,0.30151134457776363,0.758056782003237,0.7644275126890385,0.30151134457776363,0.6722223259524557
0.8548006496431035,0.3779644730092272,0.7373108152974959,0.8487111215674261,0.3779644730092272,0.7224402466862268,0.7765388917156923,0.3779644730092272,0.6728687737084489
0.8538292471334914,0.15249857033260467,0.8113873113711317,0.8708933810376782,0.15249857033260467,0.8258991226998602,0.8382562622394176,0.15249857033260467,0.611532655671742
0.8561046987662327,0.408248290463863,0.6986188580210329,0.8626882604149232,0.408248290463863,0.6942547151806434,0.7619459654021361,0.408248290463863,0.5992793688829251
0.8548900614950043,0.23570226039551584,0.7934994859557566,0.8686774606697882,0.23570226039551584,0.7945321561942262,0.7819288249755055,0.23570226039551584,0.6442865845242333
0.85313063983618,0.24253562503633297,0.7942884415388086,0.8772699782674909,0.24253562503633297,0.7948743104102004,0.7793720067936873,0.24253562503633297,0.6419491595170975
0.857794585069097,0.2773500981126146,0.7651204289356492,0.8605621052271046,0.2773500981126146,0.7582839239171544,0.8104170209329953,0.2773500981126146,0.5676171018795174
0.8543131408657179,0.22941573387056177,0.7920433698931818,0.8763871552851161,0.22941573387056177,0.8030690683535983,0.780429854930842,0.22941573387056177,0.644356122803593
0.8559955609607741,0.1543033499620919,0.8151488804526831,0.883630612412467,0.1543033499620919,0.8307320544137178,0.8333693935837018,0.1543033499620919,0.6072671807833199
0.8561808217649386,0.15811388300841897,0.8043802441590392,0.8709105167529045,0.15811388300841897,0.818534960928529,0.8647576155288748,0.15811388300841897,0.6319881252844727
0.8509100255482273,0.19611613513818404,0.7923843327798923,0.8778258770081326,0.19611613513818404,0.8022438457302349,0.8073899995107079,0.19611613513818404,0.6509617434213318
0.8537618323191488,0.31622776601683794,0.7518793484914219,0.8421792189545577,0.31622776601683794,0.7605886939435509,0.7662196466507833,0.31622776601683794,0.6582213223624467
0.8514400381006656,0.16012815380508713,0.8075122574660378,0.8780624623165295,0.16012815380508713,0.8275509655236779,0.789985394952239,0.16012815380508713,0.6202882645920524
0.8481766846169232,0.4472135954999579,0.6561563902623795,0.85713067686988,0.4472135954999579,0.6713080528362445,0.7473388793359083,0.4472135954999579,0.5590673826881785
0.8501444771555731,0.30151134457776363,0.7589565747720162,0.8648497466738352,0.30151134457776363,0.7707690524518387,0.7734296586485568,0.30151134457776363,0.6553903513588496
0.8520024313950997,0.25,0.7894629516615248,0.8649750863382879,0.25,0.7890841872684468,0.8011063547411826,0.25,0.5855620592737785
0.8499888972325989,0.3779644730092272,0.748635020778526,0.863144786778038,0.3779644730092272,0.7331753663006984,0.7634550668230036,0.3779644730092272,0.6358285965808045
0.8447134031908512,0.3779644730092272,0.7208723806434232,0.8479533657535374,0.3779644730092272,0.7297045457743494,0.7565416914056031,0.3779644730092272,0.6351851873258811
0.8507984460111373,0.28867513459481287,0.7607284281207995,0.8827483044042921,0.28867513459481287,0.74906292142078,0.7965438183024429,0.28867513459481287,0.5953273901785225
0.8484658496042592,0.408248290463863,0.6981176870052325,0.8575930759354955,0.408248290463863,0.6918792868001121,0.7629554844104377,0.408248290463863,0.6137912940009133
0.8560817012225185,0.3333333333333333,0.7527061249281035,0.8683688453711358,0.3333333333333333,0.7474530484572158,0.7656487402005407,0.3333333333333333,0.6436933933092119
0.851154409531013,0.4472135954999579,0.6783149586444286,0.8531639638910163,0.4472135954999579,0.6750474925311727,0.7483495144886975,0.4472135954999579,0.600748407643312
0.8488510703346742,0.408248290463863,0.7102688860494161,0.8349981281463735,0.408248290463863,0.7143671904412933,0.7503548075157899,0.408248290463863,0.6473689429151939
0.8485602923856176,0.16012815380508713,0.8133782750230969,0.8659154624080435,0.16012815380508713,0.8289371213668565,0.8092534430805812,0.16012815380508713,0.6234393656857781
0.8545328267302537,0.2581988897471611,0.7917632365962781,0.8683714383616722,0.2581988897471611,0.7953283430153459,0.8008997845714652,0.2581988897471611,0.6505524418494019
0.8496784186155559,0.3535533905932738,0.7321201308462153,0.8652094001524313,0.3535533905932738,0.7441249487915778,0.7769286310261687,0.3535533905932738,0.6460867572127379
0.8485332814800346,0.22941573387056177,0.7935397676099756,0.8666510810070391,0.22941573387056177,0.7960055261370582,0.7937436648556658,0.22941573387056177,0.6400925827696538
0.8413336585753928,0.31622776601683794,0.7569392705357304,0.8572255565731804,0.31622776601683794,0.7562177470823226,0.7894030554949704,0.31622776601683794,0.6585808838605037
0.8470679875025484,0.22941573387056177,0.7964873168069247,0.8611866074487555,0.22941573387056177,0.7949233744454781,0.772215887077888,0.22941573387056177,0.6433240996054429
0.8504284326847442,0.16222142113076254,0.8113383832636726,0.894584296106987,0.16222142113076254,0.8179244373447958,0.8535930816206897,0.16222142113076254,0.602127941186819
0.8476649716284241,0.15075567228888181,0.8161635554802541,0.8876171426838099,0.15075567228888181,0.8285622495120952,0.831767365247801,0.15075567228888181,0.6348657945310094
0.8492609233607844,0.23570226039551584,0.7966890735875505,0.8619247697549074,0.23570226039551584,0.7992245078532147,0.7734447319662509,0.23570226039551584,0.638885471809026
0.8500084882610945,0.14907119849998599,0.8210578342753974,0.8762290146381742,0.14907119849998599,0.8224228483815831,0.8417145288950653,0.14907119849998599,0.6334246938794861
0.8467824964254245,0.28867513459481287,0.7542360936054803,0.8713298145317141,0.28867513459481287,0.7645081644832658,0.8021684646292108,0.28867513459481287,0.6402420252118326
0.8514179051655909,0.15617376188860607,0.812062816980897,0.8862951251089477,0.15617376188860607,0.8177444501750789,0.851032036122141,0.15617376188860607,0.6230119187843908
0.8485862705069486,0.3333333333333333,0.7443787251242335,0.8468617903235492,0.3333333333333333,0.7426053858116751,0.7389139287680695,0.3333333333333333,0.6451145427537656
0.8468313269566368,0.23570226039551584,0.7964840218663227,0.8530203682436008,0.23570226039551584,0.7950503670459478,0.7759418486163495,0.23570226039551584,0.6425135876059146
0.8458513517866657,0.30151134457776363,0.7600138527669715,0.8696850872570391,0.30151134457776363,0.7664564473000585,0.7709715137461209,0.30151134457776363,0.6413740813360176
0.8488241404325529,0.14433756729740643,0.8290536412761172,0.8781225568075777,0.14433756729740643,0.8335761408713193,0.854916886625818,0.14433756729740643,0.6135756430669195
0.8443934235078845,0.2773500981126146,0.7737334020304361,0.8857189919363484,0.2773500981126146,0.7666687562718322,0.7876892138612521,0.2773500981126146,0.581548008647528
0.8460921527110847,0.14586499149789456,0.8283981819334786,0.8794224339181089,0.14586499149789456,0.8378457358006887,0.852495011625818,0.14586499149789456,0.6123781708733971
0.8445803330639855,0.14744195615489714,0.8268366842985679,0.877239501696719,0.14744195615489714,0.829064240466434,0.8368091341357282,0.14744195615489714,0.6177122291590005
0.8452127961779939,0.17149858514250885,0.8023947573509534,0.8894949512637363,0.17149858514250885,0.8075580043498528,0.8604102431409619,0.17149858514250885,0.6163551575966817
0.8419676090293486,0.3535533905932738,0.7461154678521691,0.8595583564339472,0.3535533905932738,0.7435670226227844,0.7524482725257352,0.3535533905932738,0.6435209000427711
0.839038017296416,0.3779644730092272,0.7219403584645289,0.8754234775334971,0.3779644730092272,0.7331520168365382,0.7522991040982213,0.3779644730092272,0.6389244728750274
0.8392186623367962,0.2041241452319315,0.7959377359256434,0.8954290742957787,0.2041241452319315,0.8060921370374677,0.838286623600067,0.2041241452319315,0.6107802221156803
0.8395094907265558,0.3333333333333333,0.7530977429658605,0.8298583767742738,0.3333333333333333,0.7527184416959148,0.7733345529305414,0.3333333333333333,0.6529089408949564
0.8408976590003533,0.14586499149789456,0.8303006415162885,0.8781225568075777,0.14586499149789456,0.832605089479337,0.854916886625818,0.14586499149789456,0.6135607274602186
0.8386027948516525,0.24253562503633297,0.7945901939045441,0.8602268850866898,0.24253562503633297,0.8043354600475152,0.775390363437044,0.24253562503633297,0.6432079000300619
0.8360853089743883,0.16012815380508713,0.8038470794218199,0.8747724457536712,0.16012815380508713,0.8104326813603283,0.8580835929710867,0.16012815380508713,0.6022784746431193
0.8399905807294986,0.15811388300841897,0.8061354889759873,0.8895320478211469,0.15811388300841897,0.8106301331391161,0.862543345657472,0.15811388300841897,0.6071859951497129
0.8396396659471288,0.14907119849998599,0.8273919810011318,0.8864330466057417,0.14907119849998599,0.8325380923632767,0.8363658094315861,0.14907119849998599,0.6226857256401976
0.8330005627942548,0.3779644730092272,0.7262338593912843,0.8531751086403633,0.3779644730092272,0.7320116961214973,0.7592863292262887,0.3779644730092272,0.6339475364863651
0.8383939368929472,0.14744195615489714,0.825740079259837,0.8788763174132546,0.14744195615489714,0.8328232765992379,0.854916886625818,0.14744195615489714,0.6144078475200119
0.8319597551508447,0.28867513459481287,0.7684881252420368,0.8640016896271808,0.28867513459481287,0.7606149102421395,0.7934322092730951,0.28867513459481287,0.5778408068609062
0.836801637146487,0.14907119849998599,0.8253639620084146,0.8781449328449134,0.14907119849998599,0.8302019454133045,0.8618692631917723,0.14907119849998599,0.6159385623033842
0.8337095638628392,0.3535533905932738,0.7370172728933077,0.8770599589899174,0.3535533905932738,0.7488405459217926,0.7304384860837572,0.3535533905932738,0.6406312929571588
0.8355811776862517,0.15075567228888181,0.8250546550293888,0.8716381487396682,0.15075567228888181,0.8289339818695866,0.8596319143670698,0.15075567228888181,0.621223682405604
0.833663063550031,0.1690308509457033,0.7991194509531862,0.8674302924266276,0.1690308509457033,0.8149330096027083,0.8595543812895639,0.1690308509457033,0.6295114431965847
0.8365049434534058,0.17407765595569785,0.8000935575708815,0.8613138673553355,0.17407765595569785,0.8073486066007136,0.8538813590802858,0.17407765595569785,0.6167851193377009
0.8369481899438171,0.20851441405707477,0.7822060953047795,0.880001780120829,0.20851441405707477,0.7807931115276476,0.7701771294090426,0.20851441405707477,0.6037076528173223
0.8317794567970114,0.1767766952966369,0.7951216187047656,0.8553663014337903,0.1767766952966369,0.8172694063687085,0.8461383850329955,0.1767766952966369,0.6402765550647151
0.8336521095325982,0.408248290463863,0.7294801092616314,0.8372487826379688,0.408248290463863,0.7080616873650883,0.7482540631597322,0.408248290463863,0.6629963632777672
0.8357673622017806,0.1543033499620919,0.8196104106210067,0.867302424558446,0.1543033499620919,0.8286447236167399,0.8333693935837018,0.1543033499620919,0.6018249488895303
0.8285831564704544,0.16666666666666666,0.8134699875638648,0.8685800483117596,0.16666666666666666,0.8147490045228306,0.8624749773454059,0.16666666666666666,0.6239936858121446
0.8378231787027565,0.3333333333333333,0.751119288713326,0.8665437927171765,0.3333333333333333,0.7570194747625394,0.7665778047633506,0.3333333333333333,0.6597240541227878
0.8289195073332022,0.408248290463863,0.7317233695392793,0.8360195751329068,0.408248290463863,0.7198705294342486,0.7548848513116518,0.408248290463863,0.649269599958155
0.8322111267003276,0.14744195615489714,0.8292331801467163,0.8851614341380152,0.14744195615489714,0.83687206511977,0.8521621713891315,0.14744195615489714,0.6230240494886055
0.8336808784607646,0.15617376188860607,0.8184657715588239,0.8837980231267527,0.15617376188860607,0.824571396932137,0.8532205650643983,0.15617376188860607,0.6319329353585058
0.8279924526149313,0.22360679774997896,0.7904701419957518,0.8578919856436833,0.22360679774997896,0.7931397643813864,0.7601387753302656,0.22360679774997896,0.6031595532418254
0.8324615519668792,0.4472135954999579,0.6832932807858929,0.8274829784149603,0.4472135954999579,0.6878273893817788,0.7808813517197183,0.4472135954999579,0.6051967681877937
0.8302534356243555,0.22360679774997896,0.7981881006994659,0.8443318637329584,0.22360679774997896,0.8063167433336371,0.780429854930842,0.22360679774997896,0.6461581101507875
0.8326143555796559,0.14744195615489714,0.8289144853958251,0.8742134679237854,0.14744195615489714,0.832364279044381,0.8671612048076361,0.14744195615489714,0.6147479581506532
0.8247423039875645,0.2773500981126146,0.7798980263429904,0.8614071249010137,0.2773500981126146,0.7672123200469483,0.7887481813912682,0.2773500981126146,0.5987939171598444
0.8275153176630727,0.25,0.7832833527105775,0.8516220260127505,0.25,0.781025165411823,0.7721659058376302,0.25,0.5705421827928219
0.827137973520602,0.1690308509457033,0.8005863907384189,0.8466724026542816,0.1690308509457033,0.8162923453437224,0.8438907097935399,0.1690308509457033,0.6240218458181058
0.8279970653828606,0.24253562503633297,0.7897208447926972,0.8691325704088724,0.24253562503633297,0.7892208482408554,0.7882049944767486,0.24253562503633297,0.6158318054837757
0.8303966575170691,0.15249857033260467,0.8236939614638008,0.8833762489112892,0.15249857033260467,0.8308631724021331,0.8218175118496107,0.15249857033260467,0.6107539087358995
0.826500702021216,0.1690308509457033,0.8057522528737997,0.8726165066450929,0.1690308509457033,0.8114523900736181,0.8386380388918835,0.1690308509457033,0.6144772064862976
0.8298948652214023,0.21821789023599236,0.7888627570029536,0.8751090278677861,0.21821789023599236,0.7843953877975437,0.791010727843182,0.21821789023599236,0.6028986774307478
0.824633146106932,0.5,0.5661973276826707,0.8278073521168076,0.5,0.5442722829415741,0.7569131110543019,0.5,0.5627899177339442
0.830457071116451,0.1796053020267749,0.7965765721888726,0.8737979634382447,0.1796053020267749,0.8053013190530591,0.8486581530784219,0.1796053020267749,0.6278203986231221
0.8300976554938578,0.14907119849998599,0.8264283135415309,0.8591062874555908,0.14907119849998599,0.83279691764891,0.8606464371048157,0.14907119849998599,0.6129941881379173
0.8258943909675132,0.18569533817705186,0.8021747215390231,0.8657921677175555,0.18569533817705186,0.8245109634420813,0.8074059804991232,0.18569533817705186,0.6460772604852066
0.8303298325658152,0.1690308509457033,0.8087372109444553,0.8780565336295263,0.1690308509457033,0.8143694222005702,0.8541633981805223,0.1690308509457033,0.6209627343049807
0.8249431509802244,0.5,0.6020099313825957,0.8301103889366692,0.5,0.6026612860437306,0.7398839456979753,0.5,0.5573946053567332
0.8222351508556547,0.1690308509457033,0.8124718187676043,0.8726165066450929,0.1690308509457033,0.8142446180221313,0.8366794215902703,0.1690308509457033,0.6176569992865518
0.8319805147219209,0.17407765595569785,0.8102402298772711,0.8573580141849868,0.17407765595569785,0.8147611111328283,0.8261053008725429,0.17407765595569785,0.6334960535180666
0.8209486053658672,0.2581988897471611,0.7875648590622406,0.8611079460354871,0.2581988897471611,0.7810845489407052,0.7659213844534654,0.2581988897471611,0.6188290567690752
0.8284644618937752,0.2672612419124244,0.7791229974247038,0.8186568392140989,0.2672612419124244,0.7851995144407102,0.7995493261648428,0.2672612419124244,0.6104529685880533
0.8269094014521603,0.408248290463863,0.736748535498185,0.8287275689358471,0.408248290463863,0.7211045031388994,0.7523280331298337,0.408248290463863,0.6573284394755257
0.8238914278439392,0.15249857033260467,0.8237211349008443,0.8853668450472943,0.15249857033260467,0.8295135538327275,0.8491315773175464,0.15249857033260467,0.6171316598030003
0.8250433227202945,0.17149858514250885,0.8135785278623372,0.8895631853264141,0.17149858514250885,0.8156715946593853,0.8768821210815515,0.17149858514250885,0.6276456595686708
0.8214793631359876,0.2,0.8053199193754091,0.8637615653953243,0.2,0.813276008747069,0.8193560307333392,0.2,0.5900862837752452
0.8254047872223047,0.23570226039551584,0.7948604018798718,0.8350702463110116,0.23570226039551584,0.7891635230974158,0.7973388475422878,0.23570226039551584,0.5941784591563695
0.8219147429497171,0.21320071635561044,0.7945013711513619,0.8647858310542126,0.21320071635561044,0.8063089639121508,0.7953144770691893,0.21320071635561044,0.5840058210900638
0.823197598746755,0.2773500981126146,0.77515448498391,0.8524903646653367,0.2773500981126146,0.7700844138526967,0.7700571562940164,0.2773500981126146,0.5609615986208744
0.8278571703738111,0.2581988897471611,0.7917369960768623,0.8603143521858584,0.2581988897471611,0.779591842386771,0.8003007799698326,0.2581988897471611,0.6086411586329585
0.8275965437558747,0.15075567228888181,0.8283036204131821,0.8775274639162264,0.15075567228888181,0.8306881613100572,0.8668283645709498,0.15075567228888181,0.6094284160079618
0.8239682884562686,0.2672612419124244,0.7745254226640544,0.8598524053468738,0.2672612419124244,0.7717991164346695,0.772000910368332,0.2672612419124244,0.5709930203201572
0.8242212673186521,0.25,0.7967772226796677,0.8485694162088551,0.25,0.782567384705715,0.7974842471766423,0.25,0.6210351053261405
0.8252391873927548,0.1690308509457033,0.8135503105291001,0.8674093534477113,0.1690308509457033,0.821505726100974,0.8548346662578864,0.1690308509457033,0.6368827042126118
0.8178358085682099,0.4472135954999579,0.7025435497781068,0.8359124659722179,0.4472135954999579,0.6799801770307796,0.785499115945439,0.4472135954999579,0.6377157551012569
0.8156206617591173,0.25,0.8028125298302438,0.8668808240547727,0.25,0.8055138031601178,0.7987468425742337,0.25,0.6009617651972361
0.8185912137521812,0.408248290463863,0.7358835131073126,0.8406632220866195,0.408248290463863,0.7193562356441373,0.7483241378748203,0.408248290463863,0.6438363556573741
0.8201021922195015,0.3779644730092272,0.7272071275347135,0.8770599589899174,0.3779644730092272,0.7402569070515531,0.7519662638615349,0.3779644730092272,0.6481173954633757
0.8201377756681283,0.408248290463863,0.7333616737596504,0.8399873543368881,0.408248290463863,0.7241104817547234,0.7503548075157899,0.408248290463863,0.6276054042407392
0.8200378049769681,0.2672612419124244,0.78405997068958,0.8533725468508769,0.2672612419124244,0.7815825417809672,0.770277399277301,0.2672612419124244,0.5788108431793922
0.8239936366637612,0.17149858514250885,0.8142522301208572,0.8699439233888487,0.17149858514250885,0.8150784202440648,0.8587057135884014,0.17149858514250885,0.6236438118085975
0.8215952570586161,0.24253562503633297,0.7983759238567689,0.8487965625586996,0.24253562503633297,0.7883935247441248,0.7926037000757854,0.24253562503633297,0.6182270834850202
0.8204085402833248,0.3333333333333333,0.761823596571953,0.8583343385661308,0.3333333333333333,0.7564483689994683,0.768853394942539,0.3333333333333333,0.6672569777590253
0.8195263151230322,0.408248290463863,0.7184054447689348,0.8504776259454637,0.408248290463863,0.7280820649433525,0.7523280331298337,0.408248290463863,0.6383279455651528
0.8174293829250455,0.4472135954999579,0.7006468404160024,0.8213673094459255,0.4472135954999579,0.7001770620809421,0.7472298075157898,0.4472135954999579,0.6335672101395377
0.821095161564966,0.2672612419124244,0.7903763052036288,0.8471836472350742,0.2672612419124244,0.7901763340786687,0.8109078914795826,0.2672612419124244,0.5816691504225866
0.817793187409497,0.15249857033260467,0.8273378787390974,0.8790408587184386,0.15249857033260467,0.8295395878389802,0.8564606643625043,0.15249857033260467,0.6124766523434589
0.8195939056500445,0.3535533905932738,0.7539602282099043,0.841475432140534,0.3535533905932738,0.7569716759961204,0.7622866256976081,0.3535533905932738,0.6316424842985725
0.8172458773592597,0.1543033499620919,0.8215576536378371,0.8806804138036053,0.1543033499620919,0.8288754577313724,0.8337282225254953,0.1543033499620919,0.6159488593393624
0.8185299567700659,0.3779644730092272,0.7416380783933719,0.8487490744141902,0.3779644730092272,0.7423415584769771,0.759161625697608,0.3779644730092272,0.6386656787889997
0.8140210875914758,0.30151134457776363,0.7667422593560982,0.8260711513836217,0.30151134457776363,0.7554695936635417,0.7522577564255141,0.30151134457776363,0.5842346247970747
0.8171486353216074,0.2581988897471611,0.793286450883351,0.8467649544721111,0.2581988897471611,0.7944340730462857,0.7729790314119025,0.2581988897471611,0.5959514947874069
0.814576152822462,0.5,0.6210646711673098,0.8190698706996111,0.5,0.587580715377615,0.7528809793228184,0.5,0.6445226129923756
0.8171706500657426,0.2773500981126146,0.7794635538455809,0.8624238719501746,0.2773500981126146,0.7774421336902995,0.7931925689241316,0.2773500981126146,0.5729571968358605
0.8176976496213914,0.28867513459481287,0.7755950524471225,0.8609601218038129,0.28867513459481287,0.7656668304417382,0.7884313527716874,0.28867513459481287,0.5715094719972293
0.8148630439556376,0.19245008972987526,0.7937837068755342,0.8780389339094593,0.19245008972987526,0.7958109297016476,0.8378817392003575,0.19245008972987526,0.6466827107503554
0.814017508445969,0.25,0.8015381348019891,0.8484223355649576,0.25,0.7900890267363008,0.7973388475422878,0.25,0.5989809489127608
0.8145283001842115,0.15249857033260467,0.8274722094184576,0.8815099074897972,0.15249857033260467,0.8329972456714029,0.868688793595176,0.15249857033260467,0.614203611306912
0.8128536919005483,0.1767766952966369,0.8010755733472549,0.8442937920475544,0.1767766952966369,0.8094285705734554,0.8274671111106902,0.1767766952966369,0.6125668440152144
0.8144310239998784,0.17407765595569785,0.8092269289316387,0.8683858684219018,0.17407765595569785,0.8056104355423341,0.828910710460511,0.17407765595569785,0.6247978376867259
0.8101075663732941,0.30151134457776363,0.7702625588723738,0.8308689708248793,0.30151134457776363,0.7834419243090419,0.7407061272920521,0.30151134457776363,0.6285380640573401
0.8139694377466425,0.5,0.6328551427497185,0.8147994075647531,0.5,0.6123702075517141,0.7204597184324311,0.5,0.5832984343757626
0.8169778329748684,0.31622776601683794,0.7561170262088313,0.8440522975756872,0.31622776601683794,0.7659128071908822,0.7349495476687269,0.31622776601683794,0.5801344152123713
0.8143488754777981,0.1543033499620919,0.826872465490131,0.8794690850831376,0.1543033499620919,0.8319960862562826,0.8485792114841374,0.1543033499620919,0.6123424290127607
0.8112519872894012,0.15617376188860607,0.820183474520651,0.8825642354169112,0.15617376188860607,0.8197071325468872,0.8620718978107783,0.15617376188860607,0.6040201623427229
0.8097141838344687,0.17407765595569785,0.8115131107604342,0.8744397333013874,0.17407765595569785,0.809778641010581,0.8469582557665666,0.17407765595569785,0.6175933934204682
0.8101022368718737,0.28867513459481287,0.7745716458720098,0.8430518668298453,0.28867513459481287,0.7812932522502605,0.7522908305409994,0.28867513459481287,0.6127009955050067
0.803789153922733,0.2041241452319315,0.8076162510651343,0.8533046389665159,0.2041241452319315,0.8135889002519174,0.8209494054863412,0.2041241452319315,0.5776981729000826
0.8073687605871932,0.4472135954999579,0.7141497985230109,0.8202061586021061,0.4472135954999579,0.7021712514645654,0.6909690793258748,0.4472135954999579,0.65566821104363
0.8075463904642757,0.1767766952966369,0.8033464077158993,0.8383199595137641,0.1767766952966369,0.8198561629977856,0.8407553533709528,0.1767766952966369,0.6104451530260635
0.8083891243345027,0.18257418583505536,0.801677362267868,0.859522684051587,0.18257418583505536,0.8255171814139991,0.8264900942049122,0.18257418583505536,0.6290879404422803
0.8027764358689828,0.2,0.8083334252685733,0.8660774564268333,0.2,0.8134181684320103,0.8206223706026202,0.2,0.5753671072987397
0.8027764358689828,0.19611613513818404,0.809341652969127,0.8687149828558354,0.19611613513818404,0.8139480724437609,0.8314548114914516,0.19611613513818404,0.5800851962716767
0.8010831196589853,0.3779644730092272,0.7534821635495441,0.8113088526085976,0.3779644730092272,0.7418352478446192,0.7165613721082364,0.3779644730092272,0.6389045322921845
0.8038450510588655,0.5,0.6569807890093468,0.8119946340408707,0.5,0.6377820860705637,0.7562762023178783,0.5,0.6501689022889491
0.8046415675858438,0.31622776601683794,0.7708624923503018,0.8332254626356245,0.31622776601683794,0.7700910183602234,0.7883457157256206,0.31622776601683794,0.6431203519877626
0.8043962387031012,0.18257418583505536,0.8015213741282727,0.8431634521864119,0.18257418583505536,0.8270899376791467,0.8209970669507093,0.18257418583505536,0.6186151431697056
0.802997850036528,0.18257418583505536,0.8037787266710471,0.866807158565911,0.18257418583505536,0.807566870693326,0.8373423940504859,0.18257418583505536,0.602618856008057
0.8038196108697999,0.5,0.6664357171729975,0.8170438085993382,0.5,0.6694037299845644,0.7641276935947158,0.5,0.6229634844886325
0.8013074755192368,0.3779644730092272,0.7491500004084239,0.807321673900169,0.3779644730092272,0.7454228654050261,0.7316049537221612,0.3779644730092272,0.6459677540545852
0.8034397664158726,0.4472135954999579,0.7293736368315396,0.8228311706467163,0.4472135954999579,0.7090245314648587,0.7443369549995561,0.4472135954999579,0.6567842049117943
0.8026973932059465,0.1690308509457033,0.8200976516310201,0.8646453442797858,0.1690308509457033,0.8139146812909417,0.8367010374743732,0.1690308509457033,0.6128316302102229
0.7992656146931967,0.2041241452319315,0.8057948540293587,0.8370358955597441,0.2041241452319315,0.8131979194060571,0.8085656942996204,0.2041241452319315,0.580402291672801
0.8042135231411105,0.2773500981126146,0.7854753529982239,0.8070827715241438,0.2773500981126146,0.792046858157269,0.7931661961276819,0.2773500981126146,0.5890930073439516
0.8018638071415419,0.2672612419124244,0.7899581726192151,0.821198129576414,0.2672612419124244,0.7917755402980519,0.7739995520772415,0.2672612419124244,0.6379129314476666
0.8006881827131298,0.20851441405707477,0.8061774385335723,0.8419353955454633,0.20851441405707477,0.8126985078127281,0.8206223706026202,0.20851441405707477,0.5793578162871992
0.7995882051851924,0.3535533905932738,0.7633817817258284,0.8328536835786069,0.3535533905932738,0.7587068112703332,0.7527412180640967,0.3535533905932738,0.6693402990509438
0.7888422463731395,0.28867513459481287,0.7721499145425282,0.8442969973567053,0.28867513459481287,0.7758104508673146,0.7487355436235181,0.28867513459481287,0.6053682048569871
0.8027319535377535,0.1767766952966369,0.8099203477444845,0.8511200625167115,0.1767766952966369,0.8092757906646743,0.8223414393218751,0.1767766952966369,0.6203729064404963
0.8008240030619438,0.28867513459481287,0.7854526986555462,0.8121143428041978,0.28867513459481287,0.7830290327758629,0.8334487060293347,0.28867513459481287,0.5933529180605107
0.7899647509861295,0.16222142113076254,0.8252477041271223,0.8360870203759544,0.16222142113076254,0.8129684661320319,0.8485034940566996,0.16222142113076254,0.5849213257539906
0.7959562700488776,0.5,0.6591526594064779,0.7868299047537739,0.5,0.6673233256201047,0.7760568299916082,0.5,0.5949970471366679
0.7909660218824951,0.4472135954999579,0.7238813328999382,0.8036778630672333,0.4472135954999579,0.7178078827894434,0.7431607857106856,0.4472135954999579,0.6377487940775918
0.7922087825148189,0.2773500981126146,0.7853801400501911,0.8313403945594707,0.2773500981126146,0.7924946592584434,0.8175253222716351,0.2773500981126146,0.5843188402220383
0.7866254736717154,0.30151134457776363,0.778501766929268,0.8078871313011502,0.30151134457776363,0.7763056711076103,0.748781019339656,0.30151134457776363,0.6092963244953685
0.794769544706545,0.2581988897471611,0.7936477828725446,0.8157955591661551,0.2581988897471611,0.7980793620163963,0.7874731107603117,0.2581988897471611,0.5862647188362242
0.788732457485382,0.2581988897471611,0.7987228204722263,0.8205014828484921,0.2581988897471611,0.7972638114669588,0.7796891087672871,0.2581988897471611,0.6011680963571481
0.7893424645125829,0.28867513459481287,0.7871771154071722,0.8305412542544471,0.28867513459481287,0.7911805982825546,0.8070947455343573,0.28867513459481287,0.5894077222046774
0.789328858057897,0.28867513459481287,0.7952770515111358,0.8189691110059387,0.28867513459481287,0.7940886344823812,0.756734113561095,0.28867513459481287,0.5897827831213738
0.7812876208016863,0.4472135954999579,0.7196998436355138,0.7827999006986506,0.4472135954999579,0.7174882419117498,0.7249533645112173,0.4472135954999579,0.6312719686143458
0.7919732695545012,0.3333333333333333,0.7751194520424518,0.7877064127245438,0.3333333333333333,0.7698284256734477,0.754135695121029,0.3333333333333333,0.580455885256395
0.7848823487110389,0.408248290463863,0.7256682943048808,0.7939901788998428,0.408248290463863,0.7311363098560869,0.7183191846082364,0.408248290463863,0.6390682498158541
0.7841805065689155,0.3779644730092272,0.7403075098369264,0.8194834292742474,0.3779644730092272,0.7503153414900012,0.7601249819969438,0.3779644730092272,0.6439812556366091
0.7860272869201405,0.30151134457776363,0.789488932412222,0.8093174720569263,0.30151134457776363,0.7909363581147576,0.7939037649772962,0.30151134457776363,0.5896521103866373
0.7861859052636431,0.31622776601683794,0.784757413169008,0.7891866758824385,0.31622776601683794,0.7804527966382583,0.7755783828680645,0.31622776601683794,0.5704395462556686
0.78195580401263,0.3535533905932738,0.7634150975676403,0.8190529788264161,0.3535533905932738,0.7658468390082674,0.746257021739614,0.3535533905932738,0.6458480012744429
0.78286712748284,0.5,0.6709705996035638,0.7801673249022898,0.5,0.6491020615315154,0.751984897678732,0.5,0.6307946373712591
0.7809960838289416,0.3333333333333333,0.7678890194630442,0.8127867910709468,0.3333333333333333,0.770744891832648,0.7422119808011248,0.3333333333333333,0.6582751950848301
0.7739047568600702,0.408248290463863,0.7394925137441126,0.7961338142807874,0.408248290463863,0.7266267479315679,0.7600652093911148,0.408248290463863,0.6763871407171653
0.7762074070124277,0.408248290463863,0.7541345631138353,0.797529141348653,0.408248290463863,0.7461741822380608,0.7073438588561684,0.408248290463863,0.6566043758715705
0.7773395509856229,0.5,0.6646185377415673,0.7973798484263498,0.5,0.6682506063879537,0.7234767256782141,0.5,0.6293149132244532
0.7820291079378715,0.31622776601683794,0.7821611096808866,0.7889347698746413,0.31622776601683794,0.7845833783287223,0.7939037649772962,0.31622776601683794,0.5989043079662288
0.7814491345788923,0.28867513459481287,0.7874225238420602,0.8129849012162261,0.28867513459481287,0.7944539540325805,0.7924235379040184,0.28867513459481287,0.5694256783920046
0.7812430637572256,0.3779644730092272,0.7540151865962348,0.827603287464995,0.3779644730092272,0.7534183215139874,0.7198905897716613,0.3779644730092272,0.6604710601454218
0.7775204438710864,0.408248290463863,0.7525706074411699,0.7972383066936218,0.408248290463863,0.7434967383925923,0.7198905897716613,0.408248290463863,0.657002539011326
0.7709119244609081,0.18257418583505536,0.8058398905570732,0.8444145147233374,0.18257418583505536,0.8199391853725325,0.8042769753701046,0.18257418583505536,0.6332075379388223
0.7725155046585177,0.25,0.8003869074518072,0.8038285403467779,0.25,0.7980668673681532,0.8150785987615244,0.25,0.5967470579078247
0.7764705582801058,0.2773500981126146,0.798492030943286,0.8208167308600717,0.2773500981126146,0.7918398693920272,0.7812091879528076,0.2773500981126146,0.5906198055162348
0.7730191117458587,0.5773502691896257,0.5654306928139315,0.7723247382527391,0.5773502691896257,0.5469567232408298,0.7298803091440348,0.5773502691896257,0.5744880540739256
0.7649559404811058,0.2672612419124244,0.7980339985881879,0.8141449693077053,0.2672612419124244,0.7966682549428147,0.7975550176154796,0.2672612419124244,0.5969663490809228
0.7653483604981398,0.2581988897471611,0.801086990912495,0.819366501917854,0.2581988897471611,0.7996450348226654,0.7822496507679326,0.2581988897471611,0.5911535433528103
0.7736583661092576,0.408248290463863,0.7278968053731107,0.7799414920384936,0.408248290463863,0.7382369559460552,0.7447977280145553,0.408248290463863,0.6474633930298346
0.7609351934723383,0.5,0.666416608137607,0.76829828042361,0.5,0.6685075063120027,0.7063951715015699,0.5,0.629221853732601
0.7543696914325336,0.408248290463863,0.7417069745117536,0.7639374263826091,0.408248290463863,0.7399247692866396,0.7331748295925069,0.408248290463863,0.6398420811421562
0.7663237378913708,0.5,0.7081188416207495,0.7742462402739629,0.5,0.6916979687400913,0.7261854167850909,0.5,0.6571696844040908
0.7661507613465061,0.4472135954999579,0.738626049830608,0.7854281957544542,0.4472135954999579,0.7286879093192868,0.7155416376280984,0.4472135954999579,0.6517217481604045
0.757300863221738,0.2581988897471611,0.8022963229608285,0.8042057974074053,0.2581988897471611,0.7945059444864627,0.7931474455243416,0.2581988897471611,0.6264479870800769
0.7607534397761853,0.2672612419124244,0.7990642196259028,0.8136147911199656,0.2672612419124244,0.7977023965818812,0.7827242768188618,0.2672612419124244,0.5961730806196834
0.7691464014108307,0.4472135954999579,0.7369453119175801,0.7772523980943983,0.4472135954999579,0.7200498484597697,0.7409616330408506,0.4472135954999579,0.6438622808297207
0.7641737721470577,0.5773502691896257,0.5691625665218253,0.7751021527220213,0.5773502691896257,0.5548855721889074,0.7655141668341897,0.5773502691896257,0.5893887506326299
0.7563637843201773,0.408248290463863,0.7504165808491112,0.802043386984942,0.408248290463863,0.7409802026024283,0.6881082803870487,0.408248290463863,0.6529182710441378
0.7578797668428077,0.3779644730092272,0.7529396205032066,0.7877740134770446,0.3779644730092272,0.7590743499842622,0.7046638287183881,0.3779644730092272,0.6560732235097027
0.7493329444427412,0.3535533905932738,0.7714941381636828,0.7825941528257,0.3535533905932738,0.7682235916355903,0.6914859707001147,0.3535533905932738,0.6682831246122214
0.7499124326788527,0.2773500981126146,0.7980434431024157,0.7961913509777784,0.2773500981126146,0.784984805466907,0.7368963767249825,0.2773500981126146,0.5968977667079255
0.7370591561947212,0.5773502691896257,0.5767606935520116,0.7532068097552921,0.5773502691896257,0.5764743052019072,0.7347969260583072,0.5773502691896257,0.6194393413760495
0.7534386328238457,0.5773502691896257,0.6013969259726626,0.7392941769611859,0.5773502691896257,0.6044801509355725,0.7331552999101427,0.5773502691896257,0.599514415101968
0.7482858371390431,0.24253562503633297,0.7987578850904716,0.827327707072504,0.24253562503633297,0.8041827841649978,0.7911312530133761,0.24253562503633297,0.606056329153198
0.7471349906875601,0.2773500981126146,0.8011429471704596,0.8029995634679152,0.2773500981126146,0.7959703080518699,0.7942904365563773,0.2773500981126146,0.5962914752806635
0.7485542688073122,0.408248290463863,0.7592922210673465,0.7577782762646299,0.408248290463863,0.7448963218893231,0.7022130991965628,0.408248290463863,0.6434771246835516
0.7463408036107856,0.4472135954999579,0.7365864633200447,0.7570155902939278,0.4472135954999579,0.7271115403684731,0.6887364562349493,0.4472135954999579,0.6363692497943741
0.7435699532765436,0.25,0.8022919779246598,0.8178684826843284,0.25,0.8012722988590832,0.7791994348315578,0.25,0.6031387386413534
0.7461884577457946,0.4472135954999579,0.7258158105704687,0.7607035629827227,0.4472135954999579,0.7288292186302705,0.7095463282142961,0.4472135954999579,0.6448478519079381
0.7417311875246493,0.2581988897471611,0.8009397119650684,0.772377132670852,0.2581988897471611,0.7996902796302403,0.7684302040623271,0.2581988897471611,0.6081766448927736
0.7377573641242487,0.2672612419124244,0.7999458679756866,0.8070127879168858,0.2672612419124244,0.7990976343596798,0.7918121764922327,0.2672612419124244,0.5962881793021257
0.7379890631551246,0.3779644730092272,0.7656711036153377,0.7610687744531881,0.3779644730092272,0.7580729211258862,0.7019170193523172,0.3779644730092272,0.6713559018345336
0.7300841389861276,0.5,0.7033408156157913,0.7671878757678211,0.5,0.6907287718217069,0.6812741193590861,0.5,0.6411897722615771
0.7374664284050553,0.5773502691896257,0.6098250169301606,0.7596523180762595,0.5773502691896257,0.614568108750503,0.7212363041095331,0.5773502691896257,0.6124652335653245
0.7366032868235192,0.24253562503633297,0.8031804872000957,0.8133682027291212,0.24253562503633297,0.8013960498603331,0.7759702681648912,0.24253562503633297,0.6007186411344375
0.7312829998098659,0.5,0.7206754432298531,0.7515724023104995,0.5,0.7173872394073461,0.6926055187466772,0.5,0.6314136860916308
0.7259157211541376,0.5773502691896257,0.5906236507657585,0.7596101733379311,0.5773502691896257,0.6043722306789073,0.6842640792072633,0.5773502691896257,0.5323814806278266
0.7252281136571116,0.5773502691896257,0.6388628351036797,0.7133047813289835,0.5773502691896257,0.6024981471513813,0.7224342139331684,0.5773502691896257,0.6458065956868969
0.7319160080099125,0.4472135954999579,0.7315862239987799,0.746691782928868,0.4472135954999579,0.7385891419449283,0.69327119922005,0.4472135954999579,0.6273578578345608
0.7293733541733801,0.408248290463863,0.7478175004061823,0.7396855989949536,0.408248290463863,0.747567324880798,0.6914859707001147,0.408248290463863,0.6666176003302589
0.7201680214486157,0.28867513459481287,0.7927168163505914,0.7586156390633602,0.28867513459481287,0.8012995319828039,0.7437547124102468,0.28867513459481287,0.57909269633937
0.7130380702993249,0.3333333333333333,0.7719164181238273,0.7522869366809276,0.3333333333333333,0.7708303225106596,0.7082950443437108,0.3333333333333333,0.6335279857221537
0.7167919643260916,0.4472135954999579,0.7376679977360115,0.7374206505654707,0.4472135954999579,0.737240231089787,0.6881443362233697,0.4472135954999579,0.6457808777855848
0.711081103980349,0.408248290463863,0.7659074834800356,0.7018409139840496,0.408248290463863,0.7497577173451383,0.6825753240559157,0.408248290463863,0.6499352075554579
0.7131563487246269,0.5773502691896257,0.6346155060502647,0.7205347333506456,0.5773502691896257,0.6411437535550093,0.7002731370507133,0.5773502691896257,0.6166137621569695
0.7014027617204676,0.3779644730092272,0.7651124806470737,0.7438525307637636,0.3779644730092272,0.7646744774516898,0.6966495907774871,0.3779644730092272,0.6448666309616283
0.6946077588785241,0.3333333333333333,0.7808785883114415,0.6884920617697948,0.3333333333333333,0.7802263632503399,0.711135560923234,0.3333333333333333,0.5846223103408074
0.6963257096274122,0.5773502691896257,0.6595448108720853,0.6914670273591048,0.5773502691896257,0.668507431652515,0.684204994684132,0.5773502691896257,0.5918724565229081
0.6732461223231117,0.5773502691896257,0.6626540115372052,0.686521124173225,0.5773502691896257,0.6722728754943266,0.6936387898848074,0.5773502691896257,0.6186796247601146
0.6838447407088678,0.5773502691896257,0.6759625975510604,0.7006982080340783,0.5773502691896257,0.6743660433031025,0.6875221313177416,0.5773502691896257,0.63387663063168
0.672774298854626,0.5773502691896257,0.6786635617474219,0.6863973016939878,0.5773502691896257,0.6763118627328032,0.7032363816003911,0.5773502691896257,0.6415233156195984
0.6760720294619039,0.5,0.7210332901668283,0.6897872476814945,0.5,0.7193045037060024,0.6901773680595251,0.5,0.6583792772335477
0.6691189008350511,0.5,0.7235048093401228,0.7111457699818771,0.5,0.7212568648308448,0.6691093019028269,0.5,0.640941709031037
0.6687894470710394,0.5,0.7248189878548149,0.692294587928002,0.5,0.7275354585190728,0.6938514406867262,0.5,0.643012267489234
0.6644368525772423,0.5,0.7361802892475863,0.691692358205983,0.5,0.720032922002535,0.6581665535130875,0.5,0.6502516724921611
0.6564634535133206,0.4472135954999579,0.7454183556343099,0.7069642370837508,0.4472135954999579,0.7385599988461061,0.6621570741322461,0.4472135954999579,0.6322651263008867
0.6425867746898084,0.5773502691896257,0.701516908410258,0.6661715763190481,0.5773502691896257,0.686157896956382,0.6664429030245074,0.5773502691896257,0.6424500361434742
0.6421751722450652,0.4472135954999579,0.7371250131998786,0.6689305676744984,0.4472135954999579,0.7337379884882768,0.6595303184554289,0.4472135954999579,0.6377763504942147
0.6336722111858851,0.4472135954999579,0.754490013464934,0.6721022107651575,0.4472135954999579,0.7376703456296201,0.6747427428109712,0.4472135954999579,0.6450893135815599
0.6265856778160834,0.408248290463863,0.7670320671785344,0.6762759217020133,0.408248290463863,0.7471984212542006,0.6779879351186635,0.408248290463863,0.6334123322390096
0.6192830525338984,0.5,0.7333913672834148,0.667730753891518,0.5,0.7287604936913449,0.6609333377344193,0.5,0.6448401246609101
0.61835492244858,0.7071067811865476,0.5338036376924093,0.627917897565243,0.7071067811865476,0.5266920809799625,0.6033928156293508,0.7071067811865476,0.445367762297488
0.6061076954469535,0.5773502691896257,0.6960423088368322,0.6532960857544832,0.5773502691896257,0.6911850907864213,0.6174722540574884,0.5773502691896257,0.6360396713921421
0.6032573199986095,0.5773502691896257,0.7030331269058381,0.6325418916442178,0.5773502691896257,0.7010622434041239,0.63423645088624,0.5773502691896257,0.6437835287506706
0.5954675587403768,0.7071067811865476,0.5618546460592253,0.5735287439297714,0.7071067811865476,0.5670177484851797,0.6409549537152431,0.7071067811865476,0.5855822531615374
0.5459587172365648,0.7071067811865476,0.5754284367890924,0.5759651846456499,0.7071067811865476,0.5662365596605673,0.5894018424318613,0.7071067811865476,0.5765153014095492
0.5301242173386604,0.5773502691896257,0.7228979696294356,0.5601176468023834,0.5773502691896257,0.7091103846423547,0.5151616753720862,0.5773502691896257,0.6483820575705773
0.527811836346009,0.7071067811865476,0.5751606365386684,0.5363595858620455,0.7071067811865476,0.5798686915752929,0.5570470231537026,0.7071067811865476,0.5055137800479025
0.5302979418882477,0.7071067811865476,0.6298082164076606,0.5556359058177589,0.7071067811865476,0.6341951849884633,0.504367511340057,0.7071067811865476,0.528308037541947
0.4998092080807749,0.7071067811865476,0.6393659881038868,0.5068520168428025,0.7071067811865476,0.6538254114573815,0.558762063923649,0.7071067811865476,0.5969826106562118
0.4346327677800811,0.7071067811865476,0.6688960207388059,0.4438928682818346,0.7071067811865476,0.6667838337255791,0.4635675440250962,0.7071067811865476,0.6326753098304031
0.25,1.0,0.5,0.25,1.0,0.5,0.25,1.0,0.5
