
OPTIMIZING FINAL MODEL ON WHOLE DATASET

COMPUTING LOCAL ACTIVE FEATURES
Computing active features for view clinic
Existing features: 12
Applying union strategy for feature selection using composite feature selector with
categorical: feature selector any na and anova
survival: feature selector Cox

Computing active features for outcome survival
Features selected for this outcome: 3
Features active in total: 3
Computing active features for view log_mirna
Existing features: 732
Applying union strategy for feature selection using composite feature selector with
categorical: feature selector any na and anova
survival: feature selector Cox

Computing active features for outcome survival
Features selected for this outcome: 234
Features active in total: 234
Computing feature importance
Running optimizer

STARTING 2-STEPS GENETIC ALGORITHM

CREATING INNER FOLDS

ASSIGNING STRATA FOR MULTI-OUTCOME DATA KIRC_MV
Assigning strata for outcome named survival of type survival
Counts:
censored 0: 69
censored 1: 155
deceased 0: 44
deceased 1: 44

STARTING SWEEP NUMBER 1
folds_creator_seed = 3348269429

ASSIGNING STRATA FOR MULTI-OUTCOME DATA KIRC_MV
Assigning strata for outcome named survival of type survival
Counts:
censored 0: 69
censored 1: 155
deceased 0: 44
deceased 1: 44
ga_runner_seed = 3377577459
VIEW: CLINIC
   	     	         	        	   survival SKSurv Cox model concordance index   	                 root leanness                  
   	     	         	        	-------------------------------------------------	------------------------------------------------
gen	evals	gen_feats	explored	min	avg     	max     	std                  	min     	avg     	max	std     
0  	500  	1        	1       	0.5	0.633368	0.669679	0.0695901            	0.707107	0.769786	1  	0.120123
1  	346  	3        	3       	0.5	0.625154	0.758066	0.0889368            	0.5     	0.767934	1  	0.160555
2  	334  	3        	3       	0.5	0.667077	0.758066	0.0824006            	0.5     	0.683615	1  	0.147773
3  	337  	3        	3       	0.5	0.672151	0.758066	0.0795921            	0.5     	0.669751	1  	0.145258
4  	328  	3        	3       	0.5	0.672194	0.758066	0.0794545            	0.5     	0.669387	1  	0.145216
5  	344  	3        	3       	0.5	0.672194	0.758066	0.0794545            	0.5     	0.669387	1  	0.145216
6  	345  	3        	3       	0.5	0.672194	0.758066	0.0794545            	0.5     	0.669387	1  	0.145216
7  	357  	3        	3       	0.5	0.672194	0.758066	0.0794545            	0.5     	0.669387	1  	0.145216
8  	332  	3        	3       	0.5	0.672194	0.758066	0.0794545            	0.5     	0.669387	1  	0.145216
9  	334  	3        	3       	0.5	0.672194	0.758066	0.0794545            	0.5     	0.669387	1  	0.145216
10 	365  	3        	3       	0.5	0.672194	0.758066	0.0794545            	0.5     	0.669387	1  	0.145216
11 	353  	3        	3       	0.5	0.672194	0.758066	0.0794545            	0.5     	0.669387	1  	0.145216
12 	345  	3        	3       	0.5	0.672194	0.758066	0.0794545            	0.5     	0.669387	1  	0.145216
13 	347  	3        	3       	0.5	0.672194	0.758066	0.0794545            	0.5     	0.669387	1  	0.145216
14 	340  	3        	3       	0.5	0.672194	0.758066	0.0794545            	0.5     	0.669387	1  	0.145216
15 	337  	3        	3       	0.5	0.672194	0.758066	0.0794545            	0.5     	0.669387	1  	0.145216
16 	340  	3        	3       	0.5	0.672194	0.758066	0.0794545            	0.5     	0.669387	1  	0.145216
17 	344  	3        	3       	0.5	0.672194	0.758066	0.0794545            	0.5     	0.669387	1  	0.145216
18 	336  	3        	3       	0.5	0.672194	0.758066	0.0794545            	0.5     	0.669387	1  	0.145216
19 	350  	3        	3       	0.5	0.672194	0.758066	0.0794545            	0.5     	0.669387	1  	0.145216
20 	329  	3        	3       	0.5	0.672194	0.758066	0.0794545            	0.5     	0.669387	1  	0.145216
21 	332  	3        	3       	0.5	0.672194	0.758066	0.0794545            	0.5     	0.669387	1  	0.145216
22 	324  	3        	3       	0.5	0.672194	0.758066	0.0794545            	0.5     	0.669387	1  	0.145216
23 	340  	3        	3       	0.5	0.672194	0.758066	0.0794545            	0.5     	0.669387	1  	0.145216
24 	329  	3        	3       	0.5	0.672194	0.758066	0.0794545            	0.5     	0.669387	1  	0.145216
25 	340  	3        	3       	0.5	0.672194	0.758066	0.0794545            	0.5     	0.669387	1  	0.145216
26 	346  	3        	3       	0.5	0.672194	0.758066	0.0794545            	0.5     	0.669387	1  	0.145216
27 	343  	3        	3       	0.5	0.672194	0.758066	0.0794545            	0.5     	0.669387	1  	0.145216
28 	342  	3        	3       	0.5	0.672194	0.758066	0.0794545            	0.5     	0.669387	1  	0.145216
29 	348  	3        	3       	0.5	0.672194	0.758066	0.0794545            	0.5     	0.669387	1  	0.145216
30 	337  	3        	3       	0.5	0.672194	0.758066	0.0794545            	0.5     	0.669387	1  	0.145216
31 	333  	3        	3       	0.5	0.672194	0.758066	0.0794545            	0.5     	0.669387	1  	0.145216
32 	343  	3        	3       	0.5	0.672194	0.758066	0.0794545            	0.5     	0.669387	1  	0.145216
33 	336  	3        	3       	0.5	0.672194	0.758066	0.0794545            	0.5     	0.669387	1  	0.145216
34 	344  	3        	3       	0.5	0.672194	0.758066	0.0794545            	0.5     	0.669387	1  	0.145216
35 	326  	3        	3       	0.5	0.672194	0.758066	0.0794545            	0.5     	0.669387	1  	0.145216
36 	332  	3        	3       	0.5	0.672194	0.758066	0.0794545            	0.5     	0.669387	1  	0.145216
37 	322  	3        	3       	0.5	0.672194	0.758066	0.0794545            	0.5     	0.669387	1  	0.145216
38 	346  	3        	3       	0.5	0.672194	0.758066	0.0794545            	0.5     	0.669387	1  	0.145216
39 	337  	3        	3       	0.5	0.672194	0.758066	0.0794545            	0.5     	0.669387	1  	0.145216
40 	323  	3        	3       	0.5	0.672194	0.758066	0.0794545            	0.5     	0.669387	1  	0.145216
41 	354  	3        	3       	0.5	0.672194	0.758066	0.0794545            	0.5     	0.669387	1  	0.145216
42 	336  	3        	3       	0.5	0.672194	0.758066	0.0794545            	0.5     	0.669387	1  	0.145216
43 	350  	3        	3       	0.5	0.672194	0.758066	0.0794545            	0.5     	0.669387	1  	0.145216
44 	329  	3        	3       	0.5	0.672194	0.758066	0.0794545            	0.5     	0.669387	1  	0.145216
45 	340  	3        	3       	0.5	0.672194	0.758066	0.0794545            	0.5     	0.669387	1  	0.145216
46 	332  	3        	3       	0.5	0.672194	0.758066	0.0794545            	0.5     	0.669387	1  	0.145216
47 	342  	3        	3       	0.5	0.672194	0.758066	0.0794545            	0.5     	0.669387	1  	0.145216
48 	334  	3        	3       	0.5	0.672194	0.758066	0.0794545            	0.5     	0.669387	1  	0.145216
49 	345  	3        	3       	0.5	0.672194	0.758066	0.0794545            	0.5     	0.669387	1  	0.145216
50 	321  	3        	3       	0.5	0.672194	0.758066	0.0794545            	0.5     	0.669387	1  	0.145216
51 	338  	3        	3       	0.5	0.672194	0.758066	0.0794545            	0.5     	0.669387	1  	0.145216
52 	316  	3        	3       	0.5	0.672194	0.758066	0.0794545            	0.5     	0.669387	1  	0.145216
53 	345  	3        	3       	0.5	0.672194	0.758066	0.0794545            	0.5     	0.669387	1  	0.145216
54 	339  	3        	3       	0.5	0.672194	0.758066	0.0794545            	0.5     	0.669387	1  	0.145216
55 	339  	3        	3       	0.5	0.672194	0.758066	0.0794545            	0.5     	0.669387	1  	0.145216
56 	349  	3        	3       	0.5	0.672194	0.758066	0.0794545            	0.5     	0.669387	1  	0.145216
57 	340  	3        	3       	0.5	0.672194	0.758066	0.0794545            	0.5     	0.669387	1  	0.145216
58 	344  	3        	3       	0.5	0.672194	0.758066	0.0794545            	0.5     	0.669387	1  	0.145216
59 	352  	3        	3       	0.5	0.672194	0.758066	0.0794545            	0.5     	0.669387	1  	0.145216
60 	345  	3        	3       	0.5	0.672194	0.758066	0.0794545            	0.5     	0.669387	1  	0.145216
61 	345  	3        	3       	0.5	0.672194	0.758066	0.0794545            	0.5     	0.669387	1  	0.145216
62 	338  	3        	3       	0.5	0.672194	0.758066	0.0794545            	0.5     	0.669387	1  	0.145216
63 	348  	3        	3       	0.5	0.672194	0.758066	0.0794545            	0.5     	0.669387	1  	0.145216
64 	327  	3        	3       	0.5	0.672194	0.758066	0.0794545            	0.5     	0.669387	1  	0.145216
65 	327  	3        	3       	0.5	0.672194	0.758066	0.0794545            	0.5     	0.669387	1  	0.145216
66 	345  	3        	3       	0.5	0.672194	0.758066	0.0794545            	0.5     	0.669387	1  	0.145216
67 	353  	3        	3       	0.5	0.672194	0.758066	0.0794545            	0.5     	0.669387	1  	0.145216
68 	337  	3        	3       	0.5	0.672194	0.758066	0.0794545            	0.5     	0.669387	1  	0.145216
69 	354  	3        	3       	0.5	0.672194	0.758066	0.0794545            	0.5     	0.669387	1  	0.145216
70 	329  	3        	3       	0.5	0.672194	0.758066	0.0794545            	0.5     	0.669387	1  	0.145216
71 	350  	3        	3       	0.5	0.672194	0.758066	0.0794545            	0.5     	0.669387	1  	0.145216
72 	339  	3        	3       	0.5	0.672194	0.758066	0.0794545            	0.5     	0.669387	1  	0.145216
73 	344  	3        	3       	0.5	0.672194	0.758066	0.0794545            	0.5     	0.669387	1  	0.145216
74 	329  	3        	3       	0.5	0.672194	0.758066	0.0794545            	0.5     	0.669387	1  	0.145216
75 	317  	3        	3       	0.5	0.672194	0.758066	0.0794545            	0.5     	0.669387	1  	0.145216
76 	337  	3        	3       	0.5	0.672194	0.758066	0.0794545            	0.5     	0.669387	1  	0.145216
77 	343  	3        	3       	0.5	0.672194	0.758066	0.0794545            	0.5     	0.669387	1  	0.145216
78 	343  	3        	3       	0.5	0.672194	0.758066	0.0794545            	0.5     	0.669387	1  	0.145216
79 	328  	3        	3       	0.5	0.672194	0.758066	0.0794545            	0.5     	0.669387	1  	0.145216
80 	342  	3        	3       	0.5	0.672194	0.758066	0.0794545            	0.5     	0.669387	1  	0.145216
81 	325  	3        	3       	0.5	0.672194	0.758066	0.0794545            	0.5     	0.669387	1  	0.145216
82 	339  	3        	3       	0.5	0.672194	0.758066	0.0794545            	0.5     	0.669387	1  	0.145216
83 	364  	3        	3       	0.5	0.672194	0.758066	0.0794545            	0.5     	0.669387	1  	0.145216
84 	350  	3        	3       	0.5	0.672194	0.758066	0.0794545            	0.5     	0.669387	1  	0.145216
85 	333  	3        	3       	0.5	0.672194	0.758066	0.0794545            	0.5     	0.669387	1  	0.145216
86 	345  	3        	3       	0.5	0.672194	0.758066	0.0794545            	0.5     	0.669387	1  	0.145216
87 	338  	3        	3       	0.5	0.672194	0.758066	0.0794545            	0.5     	0.669387	1  	0.145216
88 	322  	3        	3       	0.5	0.672194	0.758066	0.0794545            	0.5     	0.669387	1  	0.145216
89 	344  	3        	3       	0.5	0.672194	0.758066	0.0794545            	0.5     	0.669387	1  	0.145216
90 	330  	3        	3       	0.5	0.672194	0.758066	0.0794545            	0.5     	0.669387	1  	0.145216
91 	341  	3        	3       	0.5	0.672194	0.758066	0.0794545            	0.5     	0.669387	1  	0.145216
92 	353  	3        	3       	0.5	0.672194	0.758066	0.0794545            	0.5     	0.669387	1  	0.145216
93 	348  	3        	3       	0.5	0.672194	0.758066	0.0794545            	0.5     	0.669387	1  	0.145216
94 	330  	3        	3       	0.5	0.672194	0.758066	0.0794545            	0.5     	0.669387	1  	0.145216
95 	335  	3        	3       	0.5	0.672194	0.758066	0.0794545            	0.5     	0.669387	1  	0.145216
96 	333  	3        	3       	0.5	0.672194	0.758066	0.0794545            	0.5     	0.669387	1  	0.145216
97 	336  	3        	3       	0.5	0.672194	0.758066	0.0794545            	0.5     	0.669387	1  	0.145216
98 	336  	3        	3       	0.5	0.672194	0.758066	0.0794545            	0.5     	0.669387	1  	0.145216
99 	332  	3        	3       	0.5	0.672194	0.758066	0.0794545            	0.5     	0.669387	1  	0.145216
100	328  	3        	3       	0.5	0.672194	0.758066	0.0794545            	0.5     	0.669387	1  	0.145216
101	338  	3        	3       	0.5	0.672194	0.758066	0.0794545            	0.5     	0.669387	1  	0.145216
102	332  	3        	3       	0.5	0.672194	0.758066	0.0794545            	0.5     	0.669387	1  	0.145216
103	341  	3        	3       	0.5	0.672194	0.758066	0.0794545            	0.5     	0.669387	1  	0.145216
104	353  	3        	3       	0.5	0.672194	0.758066	0.0794545            	0.5     	0.669387	1  	0.145216
105	336  	3        	3       	0.5	0.672194	0.758066	0.0794545            	0.5     	0.669387	1  	0.145216
106	334  	3        	3       	0.5	0.672194	0.758066	0.0794545            	0.5     	0.669387	1  	0.145216
107	343  	3        	3       	0.5	0.672194	0.758066	0.0794545            	0.5     	0.669387	1  	0.145216
108	346  	3        	3       	0.5	0.672194	0.758066	0.0794545            	0.5     	0.669387	1  	0.145216
109	337  	3        	3       	0.5	0.672194	0.758066	0.0794545            	0.5     	0.669387	1  	0.145216
110	343  	3        	3       	0.5	0.672194	0.758066	0.0794545            	0.5     	0.669387	1  	0.145216
111	345  	3        	3       	0.5	0.672194	0.758066	0.0794545            	0.5     	0.669387	1  	0.145216
112	344  	3        	3       	0.5	0.672194	0.758066	0.0794545            	0.5     	0.669387	1  	0.145216
113	343  	3        	3       	0.5	0.672194	0.758066	0.0794545            	0.5     	0.669387	1  	0.145216
114	345  	3        	3       	0.5	0.672194	0.758066	0.0794545            	0.5     	0.669387	1  	0.145216
115	324  	3        	3       	0.5	0.672194	0.758066	0.0794545            	0.5     	0.669387	1  	0.145216
116	337  	3        	3       	0.5	0.672194	0.758066	0.0794545            	0.5     	0.669387	1  	0.145216
117	342  	3        	3       	0.5	0.672194	0.758066	0.0794545            	0.5     	0.669387	1  	0.145216
118	348  	3        	3       	0.5	0.672194	0.758066	0.0794545            	0.5     	0.669387	1  	0.145216
119	340  	3        	3       	0.5	0.672194	0.758066	0.0794545            	0.5     	0.669387	1  	0.145216
120	347  	3        	3       	0.5	0.672194	0.758066	0.0794545            	0.5     	0.669387	1  	0.145216
121	324  	3        	3       	0.5	0.672194	0.758066	0.0794545            	0.5     	0.669387	1  	0.145216
122	357  	3        	3       	0.5	0.672194	0.758066	0.0794545            	0.5     	0.669387	1  	0.145216
123	343  	3        	3       	0.5	0.672194	0.758066	0.0794545            	0.5     	0.669387	1  	0.145216
124	338  	3        	3       	0.5	0.672194	0.758066	0.0794545            	0.5     	0.669387	1  	0.145216
125	346  	3        	3       	0.5	0.672194	0.758066	0.0794545            	0.5     	0.669387	1  	0.145216
126	341  	3        	3       	0.5	0.672194	0.758066	0.0794545            	0.5     	0.669387	1  	0.145216
127	364  	3        	3       	0.5	0.672194	0.758066	0.0794545            	0.5     	0.669387	1  	0.145216
128	337  	3        	3       	0.5	0.672194	0.758066	0.0794545            	0.5     	0.669387	1  	0.145216
129	353  	3        	3       	0.5	0.672194	0.758066	0.0794545            	0.5     	0.669387	1  	0.145216
130	353  	3        	3       	0.5	0.672194	0.758066	0.0794545            	0.5     	0.669387	1  	0.145216
131	344  	3        	3       	0.5	0.672194	0.758066	0.0794545            	0.5     	0.669387	1  	0.145216
132	348  	3        	3       	0.5	0.672194	0.758066	0.0794545            	0.5     	0.669387	1  	0.145216
133	334  	3        	3       	0.5	0.672194	0.758066	0.0794545            	0.5     	0.669387	1  	0.145216
134	341  	3        	3       	0.5	0.672194	0.758066	0.0794545            	0.5     	0.669387	1  	0.145216
135	335  	3        	3       	0.5	0.672194	0.758066	0.0794545            	0.5     	0.669387	1  	0.145216
136	324  	3        	3       	0.5	0.672194	0.758066	0.0794545            	0.5     	0.669387	1  	0.145216
137	337  	3        	3       	0.5	0.672194	0.758066	0.0794545            	0.5     	0.669387	1  	0.145216
138	351  	3        	3       	0.5	0.672194	0.758066	0.0794545            	0.5     	0.669387	1  	0.145216
139	343  	3        	3       	0.5	0.672194	0.758066	0.0794545            	0.5     	0.669387	1  	0.145216
140	346  	3        	3       	0.5	0.672194	0.758066	0.0794545            	0.5     	0.669387	1  	0.145216
141	323  	3        	3       	0.5	0.672194	0.758066	0.0794545            	0.5     	0.669387	1  	0.145216
142	336  	3        	3       	0.5	0.672194	0.758066	0.0794545            	0.5     	0.669387	1  	0.145216
143	369  	3        	3       	0.5	0.672194	0.758066	0.0794545            	0.5     	0.669387	1  	0.145216
144	334  	3        	3       	0.5	0.672194	0.758066	0.0794545            	0.5     	0.669387	1  	0.145216
145	334  	3        	3       	0.5	0.672194	0.758066	0.0794545            	0.5     	0.669387	1  	0.145216
146	356  	3        	3       	0.5	0.672194	0.758066	0.0794545            	0.5     	0.669387	1  	0.145216
147	328  	3        	3       	0.5	0.672194	0.758066	0.0794545            	0.5     	0.669387	1  	0.145216
148	322  	3        	3       	0.5	0.672194	0.758066	0.0794545            	0.5     	0.669387	1  	0.145216
149	320  	3        	3       	0.5	0.672194	0.758066	0.0794545            	0.5     	0.669387	1  	0.145216

ASSIGNING STRATA FOR MULTI-OUTCOME DATA KIRC_MV
Assigning strata for outcome named survival of type survival
Counts:
censored 0: 69
censored 1: 155
deceased 0: 44
deceased 1: 44
VIEW: LOG_MIRNA
   	     	         	        	       survival SKSurv Cox model concordance index       	                 root leanness                  
   	     	         	        	---------------------------------------------------------	------------------------------------------------
gen	evals	gen_feats	explored	min     	avg     	max     	std             	min     	avg     	max	std     
0  	500  	25       	25      	0.497962	0.60661 	0.756371	0.058242        	0.196116	0.266673	1  	0.148438
1  	364  	176      	176     	0.406874	0.632963	0.756371	0.0648873       	0.185695	0.285664	1  	0.108441
2  	369  	207      	220     	0.406874	0.671904	0.756371	0.0591696       	0.196116	0.324057	1  	0.107197
3  	377  	200      	231     	0.485434	0.706088	0.756371	0.0453161       	0.204124	0.358822	1  	0.111339
4  	360  	193      	232     	0.485434	0.710532	0.756371	0.0463855       	0.213201	0.379062	1  	0.11887 
5  	371  	207      	234     	0.5     	0.714587	0.756371	0.0427485       	0.208514	0.387057	1  	0.12304 
6  	370  	199      	234     	0.5     	0.718211	0.756371	0.0422692       	0.208514	0.388938	1  	0.124478
7  	385  	191      	234     	0.5     	0.718991	0.76317 	0.0453217       	0.208514	0.393534	1  	0.131581
8  	373  	192      	234     	0.5     	0.72182 	0.76317 	0.0438177       	0.208514	0.392463	1  	0.132526
9  	381  	185      	234     	0.5     	0.723977	0.76317 	0.0424527       	0.208514	0.393119	1  	0.132032
10 	354  	191      	234     	0.5     	0.726245	0.76317 	0.0422135       	0.208514	0.389048	1  	0.132258
11 	394  	196      	234     	0.5     	0.727314	0.76317 	0.0419293       	0.208514	0.390418	1  	0.131538
12 	390  	194      	234     	0.5     	0.728493	0.767922	0.0419539       	0.208514	0.390733	1  	0.131295
13 	364  	194      	234     	0.5     	0.72883 	0.767922	0.0426029       	0.229416	0.39342 	1  	0.131585
14 	372  	191      	234     	0.5     	0.729535	0.777915	0.042592        	0.229416	0.394294	1  	0.131067
15 	380  	193      	234     	0.5     	0.73038 	0.777915	0.0428522       	0.223607	0.393823	1  	0.131536
16 	401  	194      	234     	0.5     	0.731511	0.777915	0.0421029       	0.218218	0.393318	1  	0.132033
17 	373  	204      	234     	0.5     	0.732133	0.777915	0.0422761       	0.218218	0.393669	1  	0.131693
18 	375  	191      	234     	0.5     	0.733656	0.777915	0.0419064       	0.218218	0.389734	1  	0.132181
19 	372  	187      	234     	0.5     	0.734915	0.777915	0.0413902       	0.218218	0.386948	1  	0.13162 
20 	385  	195      	234     	0.5     	0.734847	0.777915	0.0420351       	0.218218	0.389662	1  	0.132325
21 	363  	192      	234     	0.5     	0.736274	0.777915	0.0413858       	0.218218	0.386546	1  	0.131983
22 	387  	185      	234     	0.5     	0.736187	0.777915	0.0414958       	0.218218	0.389111	1  	0.132309
23 	386  	198      	234     	0.5     	0.737573	0.778095	0.0405953       	0.218218	0.386379	1  	0.132135
24 	358  	189      	234     	0.5     	0.738135	0.778095	0.0405917       	0.218218	0.385992	1  	0.132389
25 	373  	200      	234     	0.5     	0.738566	0.778095	0.0407455       	0.223607	0.385947	1  	0.13227 
26 	388  	194      	234     	0.5     	0.738977	0.778095	0.0409293       	0.223607	0.386214	1  	0.132062
27 	371  	198      	234     	0.5     	0.739437	0.778095	0.04065         	0.229416	0.387046	1  	0.131516
28 	369  	198      	234     	0.5     	0.739194	0.77929 	0.0414671       	0.229416	0.39    	1  	0.131965
29 	375  	197      	234     	0.5     	0.739674	0.77929 	0.0414974       	0.229416	0.390106	1  	0.131916
30 	371  	198      	234     	0.5     	0.740031	0.7812  	0.0416788       	0.229416	0.389912	1  	0.132112
31 	385  	194      	234     	0.5     	0.740517	0.7812  	0.0419196       	0.229416	0.389657	1  	0.132334
32 	375  	197      	234     	0.5     	0.741737	0.7812  	0.0415297       	0.218218	0.386287	1  	0.132323
33 	365  	199      	234     	0.5     	0.743041	0.7812  	0.0412876       	0.218218	0.382468	1  	0.132564
34 	386  	202      	234     	0.5     	0.743628	0.785996	0.0415479       	0.218218	0.382408	1  	0.132599
35 	368  	196      	234     	0.5     	0.744546	0.792601	0.0418909       	0.218218	0.381059	1  	0.132935
36 	363  	196      	234     	0.5     	0.744958	0.792601	0.0422022       	0.218218	0.381464	1  	0.132842
37 	377  	197      	234     	0.5     	0.746145	0.792601	0.0418426       	0.213201	0.379293	1  	0.132126
38 	362  	193      	234     	0.5     	0.74669 	0.792601	0.0421208       	0.213201	0.379066	1  	0.132407
39 	369  	198      	234     	0.5     	0.748108	0.792601	0.0418489       	0.204124	0.375492	1  	0.1322  
40 	372  	197      	234     	0.5     	0.747611	0.792601	0.0427916       	0.213201	0.379677	1  	0.131787
41 	366  	196      	234     	0.5     	0.747071	0.792601	0.0434686       	0.213201	0.38344 	1  	0.131637
42 	396  	205      	234     	0.5     	0.746953	0.792601	0.0442122       	0.213201	0.385976	1  	0.131682
43 	385  	189      	234     	0.5     	0.74701 	0.792601	0.0444247       	0.213201	0.386959	1  	0.131595
44 	374  	192      	234     	0.5     	0.7474  	0.792601	0.0446139       	0.208514	0.386953	1  	0.131485
45 	360  	178      	234     	0.5     	0.748815	0.792601	0.0439665       	0.208514	0.384703	1  	0.130452
46 	368  	191      	234     	0.5     	0.749107	0.792601	0.0441488       	0.223607	0.384683	1  	0.130439
47 	365  	198      	234     	0.5     	0.74935 	0.792601	0.0441094       	0.223607	0.384779	1  	0.130355
48 	377  	198      	234     	0.5     	0.750697	0.792601	0.0436355       	0.204124	0.381222	1  	0.130578
49 	361  	194      	234     	0.5     	0.751003	0.792601	0.0437715       	0.204124	0.380569	1  	0.130935
50 	372  	199      	234     	0.5     	0.75144 	0.792601	0.0439074       	0.204124	0.379832	1  	0.13123 
51 	363  	199      	234     	0.5     	0.752624	0.793655	0.0435958       	0.204124	0.377028	1  	0.130722
52 	367  	194      	234     	0.5     	0.752982	0.793655	0.0437978       	0.204124	0.376622	1  	0.131073
53 	377  	185      	234     	0.5     	0.753177	0.79427 	0.0438974       	0.204124	0.376766	1  	0.130986
54 	373  	195      	234     	0.5     	0.753655	0.79427 	0.0441141       	0.204124	0.37559 	1  	0.131704
55 	397  	200      	234     	0.5     	0.754221	0.79427 	0.0443034       	0.204124	0.374435	1  	0.131961
56 	367  	198      	234     	0.5     	0.755044	0.79427 	0.0438846       	0.204124	0.372755	1  	0.131144
57 	367  	193      	234     	0.5     	0.755927	0.79427 	0.0436435       	0.204124	0.370322	1  	0.131219
58 	389  	195      	234     	0.5     	0.756356	0.79427 	0.0437342       	0.204124	0.369181	1  	0.131539
59 	361  	187      	234     	0.5     	0.756761	0.79427 	0.0438138       	0.204124	0.368347	1  	0.131521
60 	380  	182      	234     	0.5     	0.757016	0.794756	0.0439551       	0.204124	0.36849 	1  	0.131385
61 	391  	196      	234     	0.5     	0.757267	0.798019	0.0441239       	0.204124	0.368082	1  	0.131723
62 	395  	195      	234     	0.5     	0.757646	0.798019	0.0442097       	0.204124	0.367429	1  	0.131828
63 	382  	201      	234     	0.5     	0.758691	0.798019	0.0437699       	0.204124	0.364276	1  	0.131455
64 	375  	193      	234     	0.5     	0.758902	0.798711	0.0438706       	0.204124	0.3644  	1  	0.131336
65 	369  	185      	234     	0.5     	0.759111	0.798711	0.0439933       	0.204124	0.364233	1  	0.131484
66 	384  	187      	234     	0.5     	0.759238	0.798711	0.0440756       	0.204124	0.364241	1  	0.131462
67 	376  	192      	234     	0.5     	0.759611	0.798711	0.0442243       	0.204124	0.363585	1  	0.131702
68 	375  	193      	234     	0.5     	0.760054	0.800458	0.0443604       	0.204124	0.362357	1  	0.132103
69 	386  	194      	234     	0.5     	0.760584	0.800458	0.0439149       	0.208514	0.361485	1  	0.130865
70 	367  	195      	234     	0.5     	0.760911	0.800458	0.0439464       	0.208514	0.360798	1  	0.130798
71 	368  	191      	234     	0.5     	0.760726	0.800458	0.044568        	0.213201	0.361622	1  	0.131608
72 	373  	200      	234     	0.5     	0.76096 	0.800458	0.0441334       	0.213201	0.361354	1  	0.13091 
73 	379  	191      	234     	0.5     	0.76132 	0.802453	0.0441944       	0.208514	0.360348	1  	0.131108
74 	381  	172      	234     	0.5     	0.761467	0.804742	0.0443015       	0.208514	0.360308	1  	0.131153
75 	353  	188      	234     	0.5     	0.761546	0.804742	0.0443432       	0.208514	0.360122	1  	0.131327
76 	376  	199      	234     	0.5     	0.761632	0.804742	0.0443924       	0.208514	0.359976	1  	0.131463
77 	361  	193      	234     	0.5     	0.761729	0.804742	0.0444571       	0.208514	0.359701	1  	0.13172 
78 	391  	193      	234     	0.5     	0.761366	0.804742	0.0446478       	0.208514	0.361421	1  	0.131805
79 	388  	192      	234     	0.5     	0.761322	0.804742	0.0451065       	0.208514	0.361506	1  	0.132215
80 	381  	191      	234     	0.5     	0.761717	0.804742	0.0447138       	0.208514	0.36079 	1  	0.13185 
81 	374  	187      	234     	0.5     	0.762159	0.804742	0.0447359       	0.208514	0.359724	1  	0.131798
82 	375  	197      	234     	0.5     	0.762335	0.804742	0.0447936       	0.208514	0.35948 	1  	0.131955
83 	366  	184      	234     	0.5     	0.762424	0.804742	0.0448492       	0.208514	0.359446	1  	0.132012
84 	377  	189      	234     	0.5     	0.762536	0.804742	0.0449074       	0.208514	0.359413	1  	0.132029
85 	367  	194      	234     	0.5     	0.762786	0.804742	0.0450407       	0.204124	0.358622	1  	0.13253 
86 	381  	192      	234     	0.5     	0.76402 	0.807883	0.0446277       	0.2     	0.35509 	1  	0.131965
87 	381  	191      	234     	0.5     	0.76408 	0.807883	0.0446671       	0.2     	0.355154	1  	0.131899
88 	378  	198      	234     	0.5     	0.764393	0.807883	0.0448344       	0.196116	0.354415	1  	0.132407
89 	380  	188      	234     	0.5     	0.764377	0.807883	0.0448579       	0.196116	0.354762	1  	0.132255
90 	386  	208      	234     	0.5     	0.76448 	0.807883	0.0449234       	0.2     	0.354684	1  	0.13231 
91 	387  	205      	234     	0.5     	0.764699	0.807883	0.0450174       	0.2     	0.354238	1  	0.132541
92 	375  	193      	234     	0.5     	0.765053	0.807883	0.0451092       	0.2     	0.353078	1  	0.132993
93 	381  	190      	234     	0.5     	0.765693	0.807883	0.0447128       	0.2     	0.351298	1  	0.132449
94 	379  	197      	234     	0.5     	0.76554 	0.807883	0.0452413       	0.2     	0.351644	1  	0.132906
95 	387  	190      	234     	0.5     	0.76553 	0.807883	0.0447559       	0.2     	0.352438	1  	0.132257
96 	371  	181      	234     	0.5     	0.765342	0.807883	0.0453732       	0.2     	0.353024	1  	0.132949
97 	368  	194      	234     	0.5     	0.765197	0.807883	0.0454115       	0.196116	0.35376 	1  	0.132989
98 	392  	195      	234     	0.5     	0.765567	0.807883	0.0452556       	0.196116	0.352843	1  	0.132875
99 	368  	192      	234     	0.5     	0.766566	0.807883	0.0448296       	0.196116	0.350051	1  	0.132352
100	357  	194      	234     	0.5     	0.766643	0.807883	0.0448858       	0.196116	0.35004 	1  	0.132355
101	374  	194      	234     	0.5     	0.766728	0.807883	0.044877        	0.196116	0.349938	1  	0.13245 
102	383  	195      	234     	0.5     	0.767488	0.807883	0.0450146       	0.196116	0.347388	1  	0.133138
103	408  	198      	234     	0.5     	0.767939	0.807883	0.0445043       	0.196116	0.346309	1  	0.132017
104	367  	194      	234     	0.5     	0.768123	0.807883	0.0445027       	0.19245 	0.346085	1  	0.131845
105	376  	196      	234     	0.5     	0.768325	0.807883	0.0445697       	0.19245 	0.345865	1  	0.131816
106	391  	200      	234     	0.5     	0.768427	0.810701	0.044629        	0.19245 	0.345734	1  	0.131939
107	377  	205      	234     	0.5     	0.768388	0.810701	0.0446521       	0.19245 	0.346196	1  	0.131697
108	365  	192      	234     	0.5     	0.76859 	0.810701	0.0447143       	0.19245 	0.345785	1  	0.131896
109	377  	180      	234     	0.5     	0.768701	0.810701	0.0447834       	0.19245 	0.345232	1  	0.132331
110	373  	205      	234     	0.5     	0.769272	0.810701	0.0447677       	0.19245 	0.34359 	1  	0.132254
111	383  	201      	234     	0.5     	0.769465	0.810701	0.0448043       	0.19245 	0.342957	1  	0.132353
112	376  	195      	234     	0.5     	0.769776	0.810701	0.0444153       	0.19245 	0.342512	1  	0.131503
113	370  	189      	234     	0.5     	0.769423	0.810701	0.0450441       	0.19245 	0.343539	1  	0.132659
114	384  	190      	234     	0.5     	0.769392	0.810701	0.0450412       	0.19245 	0.344115	1  	0.132283
115	377  	195      	234     	0.5     	0.769757	0.810701	0.0449525       	0.19245 	0.34321 	1  	0.132123
116	377  	191      	234     	0.5     	0.77046 	0.810701	0.0445146       	0.19245 	0.341099	1  	0.131627
117	384  	194      	234     	0.5     	0.770535	0.810701	0.0445673       	0.196116	0.341023	1  	0.131692
118	399  	202      	234     	0.5     	0.770652	0.810701	0.0446495       	0.196116	0.340827	1  	0.131835
119	391  	193      	234     	0.5     	0.771231	0.810701	0.0446186       	0.196116	0.338897	1  	0.131921
120	372  	191      	234     	0.5     	0.77176 	0.810701	0.044662        	0.196116	0.337196	1  	0.132311
121	369  	191      	234     	0.5     	0.771987	0.810701	0.0442414       	0.2     	0.336737	1  	0.131513
122	378  	194      	234     	0.5     	0.772222	0.810701	0.0442027       	0.2     	0.336214	1  	0.131379
123	373  	194      	234     	0.5     	0.772348	0.810701	0.0442899       	0.2     	0.33603 	1  	0.131517
124	377  	192      	234     	0.5     	0.772441	0.810701	0.0443477       	0.2     	0.335853	1  	0.13166 
125	374  	191      	234     	0.5     	0.773406	0.811862	0.0443208       	0.196116	0.332762	1  	0.131761
126	369  	185      	234     	0.5     	0.773644	0.811862	0.0438276       	0.196116	0.33246 	1  	0.130596
127	379  	189      	234     	0.5     	0.774024	0.811934	0.043917        	0.196116	0.331431	1  	0.130887
128	377  	192      	234     	0.5     	0.774168	0.811934	0.0440092       	0.188982	0.331137	1  	0.131108
129	370  	204      	234     	0.5     	0.774234	0.811934	0.0440545       	0.188982	0.331083	1  	0.13116 
130	383  	189      	234     	0.5     	0.774308	0.816194	0.0440998       	0.188982	0.331157	1  	0.131102
131	394  	192      	234     	0.5     	0.77455 	0.816194	0.0442134       	0.188982	0.330017	1  	0.1318  
132	378  	202      	234     	0.5     	0.774906	0.816194	0.0442571       	0.188982	0.329066	1  	0.131837
133	388  	189      	234     	0.5     	0.77577 	0.816194	0.0435852       	0.188982	0.326618	1  	0.130467
134	351  	194      	234     	0.5     	0.775368	0.816194	0.0438109       	0.188982	0.328026	1  	0.130782
135	371  	198      	234     	0.5     	0.774928	0.816194	0.0445098       	0.188982	0.329319	1  	0.131793
136	398  	191      	234     	0.5     	0.77561 	0.816194	0.0438847       	0.188982	0.327844	1  	0.130855
137	380  	193      	234     	0.5     	0.775447	0.816194	0.0443415       	0.188982	0.328305	1  	0.131557
138	376  	186      	234     	0.5     	0.775721	0.816194	0.0439604       	0.188982	0.327805	1  	0.130897
139	377  	194      	234     	0.5     	0.77574 	0.816194	0.0444005       	0.188982	0.327681	1  	0.131649
140	364  	193      	234     	0.5     	0.775979	0.816194	0.0440287       	0.188982	0.32727 	1  	0.130946
141	377  	195      	234     	0.5     	0.776465	0.816194	0.0439732       	0.188982	0.325999	1  	0.130716
142	383  	200      	234     	0.5     	0.776536	0.816194	0.0440205       	0.196116	0.32606 	1  	0.13066 
143	382  	200      	234     	0.5     	0.776612	0.816194	0.0440531       	0.196116	0.326101	1  	0.130626
144	375  	194      	234     	0.5     	0.776748	0.816194	0.0441499       	0.19245 	0.325932	1  	0.130755
145	393  	195      	234     	0.5     	0.776758	0.816194	0.0441561       	0.19245 	0.326047	1  	0.13067 
146	376  	197      	234     	0.5     	0.776824	0.816194	0.0442006       	0.19245 	0.325913	1  	0.130772
147	381  	191      	234     	0.5     	0.776911	0.816194	0.0442571       	0.19245 	0.325871	1  	0.130798
148	369  	191      	234     	0.5     	0.776945	0.816194	0.0442798       	0.19245 	0.325952	1  	0.130752
149	378  	197      	234     	0.5     	0.77706 	0.816198	0.0443531       	0.19245 	0.325902	1  	0.130793

STARTING MASTER RUNNER CONCATENATED MASTER

CONCATENATED MASTER WITH SYMMETRIC FLIP
MASTER
   	     	         	        	       survival SKSurv Cox model concordance index       	                      root leanness                      
   	     	         	        	---------------------------------------------------------	---------------------------------------------------------
gen	evals	gen_feats	explored	min     	avg     	max     	std             	min     	avg     	max     	std      
0  	500  	133      	133     	0.592125	0.77939 	0.829132	0.0296492       	0.185695	0.293965	0.707107	0.0919288
1  	374  	199      	202     	0.5     	0.783495	0.829132	0.0358463       	0.185695	0.315916	1       	0.10858  
2  	374  	198      	225     	0.5     	0.78641 	0.830706	0.0416168       	0.185695	0.325383	1       	0.118476 
3  	362  	200      	231     	0.5     	0.787157	0.830706	0.0453355       	0.185695	0.332307	1       	0.127638 
4  	375  	202      	233     	0.5     	0.790146	0.830706	0.0455903       	0.182574	0.331803	1       	0.130909 
5  	392  	206      	235     	0.5     	0.790057	0.830706	0.0504934       	0.185695	0.337301	1       	0.137933 
6  	390  	208      	237     	0.5     	0.791781	0.830706	0.0505378       	0.185695	0.338082	1       	0.137627 
7  	393  	210      	237     	0.5     	0.792495	0.831891	0.0517174       	0.188982	0.343576	1       	0.137401 
8  	388  	210      	237     	0.5     	0.794064	0.834573	0.0504944       	0.188982	0.344435	1       	0.136843 
9  	387  	201      	237     	0.5     	0.795739	0.834573	0.050106        	0.188982	0.343636	1       	0.137103 
10 	377  	206      	237     	0.5     	0.796714	0.834593	0.0499647       	0.185695	0.343787	1       	0.136977 
11 	382  	206      	237     	0.5     	0.798218	0.835323	0.0488135       	0.185695	0.341372	1       	0.136726 
12 	373  	208      	237     	0.5     	0.79823 	0.83651 	0.0494819       	0.185695	0.344826	1       	0.136676 
13 	390  	209      	237     	0.5     	0.79911 	0.83651 	0.0494636       	0.185695	0.345653	1       	0.136167 
14 	386  	202      	237     	0.5     	0.799836	0.83651 	0.0496878       	0.185695	0.345362	1       	0.136441 
15 	372  	204      	237     	0.5     	0.800692	0.840654	0.0498606       	0.185695	0.34477 	1       	0.136796 
16 	387  	209      	237     	0.5     	0.801495	0.840654	0.0501139       	0.185695	0.343471	1       	0.13713  
17 	371  	207      	237     	0.5     	0.801909	0.840654	0.0502263       	0.185695	0.344314	1       	0.136782 
18 	373  	202      	237     	0.5     	0.802429	0.840654	0.0501675       	0.185695	0.345082	1       	0.136537 
19 	379  	193      	237     	0.5     	0.802148	0.842931	0.0505079       	0.182574	0.348231	1       	0.137845 
20 	388  	210      	237     	0.5     	0.803654	0.842931	0.049605        	0.182574	0.344757	1       	0.136772 
21 	392  	216      	237     	0.5     	0.802919	0.842931	0.0506021       	0.182574	0.349379	1       	0.136735 
22 	399  	214      	237     	0.5     	0.803413	0.842931	0.0507081       	0.182574	0.348343	1       	0.136817 
23 	378  	200      	237     	0.5     	0.803525	0.842931	0.0508442       	0.182574	0.35078 	1       	0.135725 
24 	375  	202      	237     	0.5     	0.804146	0.842931	0.0508508       	0.182574	0.348799	1       	0.136803 
25 	372  	204      	237     	0.5     	0.805459	0.842931	0.0499777       	0.182574	0.346566	1       	0.135375 
26 	387  	204      	237     	0.5     	0.804559	0.842931	0.0510359       	0.179605	0.351029	1       	0.135676 
27 	399  	211      	237     	0.5     	0.804982	0.844445	0.0511629       	0.179605	0.351425	1       	0.135309 
28 	373  	204      	237     	0.5     	0.806428	0.844445	0.0503768       	0.179605	0.347769	1       	0.134535 
29 	380  	208      	237     	0.5     	0.806842	0.845069	0.0505602       	0.182574	0.347033	1       	0.135223 
30 	376  	202      	237     	0.5     	0.807014	0.848876	0.0507258       	0.182574	0.347385	1       	0.135574 
31 	376  	202      	237     	0.5     	0.807663	0.849588	0.0509281       	0.182574	0.346187	1       	0.135853 
32 	376  	188      	237     	0.5     	0.808297	0.849588	0.0510984       	0.176777	0.344853	1       	0.135958 
33 	373  	197      	237     	0.5     	0.809504	0.849588	0.0504856       	0.182574	0.342983	1       	0.134494 
34 	376  	198      	237     	0.5     	0.809857	0.849588	0.0506423       	0.182574	0.342646	1       	0.134752 
35 	373  	206      	237     	0.5     	0.810139	0.849588	0.0507631       	0.182574	0.342593	1       	0.134815 
36 	374  	197      	237     	0.5     	0.80917 	0.849588	0.0518335       	0.182574	0.346635	1       	0.13547  
37 	366  	196      	237     	0.5     	0.810738	0.850248	0.0509974       	0.179605	0.342903	1       	0.134493 
38 	363  	193      	237     	0.5     	0.809793	0.850248	0.0519664       	0.179605	0.346837	1       	0.13521  
39 	385  	203      	237     	0.5     	0.810177	0.850248	0.051955        	0.182574	0.347428	1       	0.13472  
40 	361  	189      	237     	0.5     	0.811664	0.850248	0.0513276       	0.182574	0.343815	1       	0.13373  
41 	372  	202      	237     	0.5     	0.811934	0.851253	0.0514737       	0.182574	0.343724	1       	0.133838 
42 	372  	208      	237     	0.5     	0.812151	0.851253	0.0515796       	0.182574	0.344131	1       	0.133465 
43 	381  	198      	237     	0.5     	0.812456	0.851253	0.0517356       	0.179605	0.34331 	1       	0.134103 
44 	390  	202      	237     	0.5     	0.813882	0.851253	0.0510452       	0.182574	0.339329	1       	0.133308 
45 	376  	201      	237     	0.5     	0.814108	0.851253	0.0511437       	0.182574	0.339232	1       	0.133411 
46 	370  	202      	237     	0.5     	0.814379	0.851697	0.051259        	0.179605	0.338991	1       	0.133597 
47 	391  	208      	237     	0.5     	0.814735	0.851697	0.0514325       	0.179605	0.337549	1       	0.134511 
48 	355  	192      	237     	0.5     	0.814801	0.851697	0.051495        	0.179605	0.338638	1       	0.133819 
49 	370  	192      	237     	0.5     	0.815038	0.851697	0.051615        	0.179605	0.338892	1       	0.133541 
50 	384  	202      	237     	0.5     	0.815398	0.851996	0.0517437       	0.179605	0.337959	1       	0.133876 
51 	363  	196      	237     	0.5     	0.816664	0.855735	0.0509787       	0.179605	0.334655	1       	0.132781 
52 	382  	197      	237     	0.5     	0.81565 	0.855735	0.0522825       	0.179605	0.337538	1       	0.134094 
53 	392  	196      	237     	0.5     	0.817031	0.855735	0.0511726       	0.179605	0.334432	1       	0.132981 
54 	388  	202      	237     	0.5     	0.815832	0.862412	0.0523885       	0.179605	0.338841	1       	0.133618 
55 	392  	196      	237     	0.5     	0.815936	0.862412	0.0524437       	0.179605	0.339296	1       	0.133336 
56 	377  	197      	237     	0.5     	0.816886	0.862412	0.0517045       	0.179605	0.336641	1       	0.133276 
57 	382  	190      	237     	0.5     	0.817767	0.862412	0.0515595       	0.179605	0.334237	1       	0.133216 
58 	390  	205      	237     	0.5     	0.817966	0.862412	0.0516605       	0.179605	0.33391 	1       	0.133421 
59 	394  	194      	237     	0.5     	0.818043	0.862412	0.0517111       	0.182574	0.334339	1       	0.133097 
60 	378  	204      	237     	0.5     	0.818225	0.862412	0.0518129       	0.182574	0.334123	1       	0.13329  
61 	392  	200      	237     	0.5     	0.81839 	0.862412	0.0518931       	0.182574	0.334359	1       	0.133079 
62 	390  	198      	237     	0.5     	0.818556	0.864376	0.0519878       	0.182574	0.334284	1       	0.133179 
63 	365  	197      	237     	0.5     	0.818693	0.864376	0.0520625       	0.182574	0.333986	1       	0.133418 
64 	384  	196      	237     	0.5     	0.818859	0.864376	0.0521401       	0.182574	0.333455	1       	0.133767 
65 	370  	187      	237     	0.5     	0.819868	0.864376	0.0514447       	0.182574	0.3309  	1       	0.133132 
66 	366  	199      	237     	0.5     	0.819688	0.864376	0.0526227       	0.182574	0.331053	1       	0.134113 
67 	365  	201      	237     	0.5     	0.820663	0.864376	0.0513902       	0.179605	0.329249	1       	0.132867 
68 	390  	207      	237     	0.5     	0.819754	0.864376	0.0522467       	0.179605	0.332221	1       	0.133718 
69 	360  	185      	237     	0.5     	0.820888	0.864376	0.0515196       	0.179605	0.329479	1       	0.132667 
70 	383  	198      	237     	0.5     	0.821072	0.864376	0.0516062       	0.179605	0.328793	1       	0.133118 
71 	362  	198      	237     	0.5     	0.822252	0.864376	0.0507851       	0.179605	0.325133	1       	0.132348 
72 	394  	208      	237     	0.5     	0.821378	0.864376	0.0517806       	0.179605	0.328321	1       	0.133543 
73 	382  	192      	237     	0.5     	0.822967	0.864376	0.0509996       	0.179605	0.323499	1       	0.132974 
74 	389  	195      	237     	0.5     	0.823896	0.864376	0.050924        	0.179605	0.319876	1       	0.133441 
75 	390  	202      	237     	0.5     	0.823468	0.864376	0.0513392       	0.179605	0.321391	1       	0.13384  
76 	393  	199      	237     	0.5     	0.824989	0.864376	0.0504187       	0.179605	0.316985	1       	0.133105 
77 	385  	199      	237     	0.5     	0.825363	0.864376	0.0504611       	0.179605	0.316109	1       	0.133016 
78 	364  	201      	237     	0.5     	0.825241	0.864376	0.0505514       	0.179605	0.317454	1       	0.132784 
79 	387  	201      	237     	0.5     	0.82542 	0.865392	0.0506202       	0.182574	0.317373	1       	0.132742 
80 	377  	195      	237     	0.5     	0.825833	0.865392	0.0507529       	0.182574	0.316279	1       	0.133018 
81 	368  	198      	237     	0.5     	0.827037	0.865392	0.0498189       	0.182574	0.313093	1       	0.131518 
82 	376  	201      	237     	0.5     	0.827222	0.865392	0.0498761       	0.182574	0.313113	1       	0.131495 
83 	366  	194      	237     	0.5     	0.827132	0.865392	0.0500069       	0.176777	0.313763	1       	0.13163  
84 	383  	201      	237     	0.5     	0.827578	0.865392	0.0500532       	0.176777	0.312427	1       	0.131855 
85 	375  	200      	237     	0.5     	0.827714	0.865646	0.0501346       	0.176777	0.312383	1       	0.131873 
86 	381  	196      	237     	0.5     	0.827823	0.865646	0.0502003       	0.176777	0.312457	1       	0.131896 
87 	392  	201      	237     	0.5     	0.828123	0.865646	0.0503175       	0.176777	0.311503	1       	0.132307 
88 	379  	200      	237     	0.5     	0.82837 	0.865646	0.0502842       	0.176777	0.311113	1       	0.132065 
89 	377  	190      	237     	0.5     	0.828401	0.867559	0.0504859       	0.176777	0.311236	1       	0.132452 
90 	389  	202      	237     	0.5     	0.828462	0.867559	0.050454        	0.176777	0.311659	1       	0.132359 
91 	376  	201      	237     	0.5     	0.829181	0.869428	0.0503024       	0.176777	0.309558	1       	0.131949 
92 	380  	204      	237     	0.5     	0.830091	0.869428	0.0495656       	0.176777	0.307122	1       	0.131002 
93 	404  	203      	237     	0.5     	0.830185	0.869428	0.049617        	0.176777	0.3072  	1       	0.130942 
94 	363  	199      	237     	0.5     	0.83029 	0.869428	0.0496756       	0.176777	0.307152	1       	0.130997 
95 	373  	188      	237     	0.5     	0.8293  	0.869428	0.050835        	0.176777	0.309966	1       	0.132614 
96 	397  	205      	237     	0.5     	0.829892	0.869983	0.0501456       	0.179605	0.309169	1       	0.131629 
97 	372  	193      	237     	0.5     	0.829356	0.869983	0.0511182       	0.179605	0.310969	1       	0.132386 
98 	390  	203      	237     	0.5     	0.830585	0.869983	0.0499056       	0.179605	0.307909	1       	0.130806 
99 	386  	199      	237     	0.5     	0.830358	0.869983	0.0500665       	0.179605	0.308836	1       	0.131078 
100	397  	197      	237     	0.5     	0.830402	0.869983	0.0508064       	0.179605	0.308568	1       	0.131791 
101	376  	200      	237     	0.5     	0.830945	0.869983	0.0500253       	0.179605	0.307541	1       	0.130679 
102	385  	205      	237     	0.5     	0.831053	0.869983	0.0500848       	0.179605	0.307505	1       	0.130696 
103	391  	200      	237     	0.5     	0.831121	0.869983	0.0501247       	0.179605	0.307507	1       	0.130705 
104	373  	195      	237     	0.5     	0.831254	0.869983	0.0502018       	0.179605	0.307333	1       	0.130842 
105	380  	201      	237     	0.5     	0.831333	0.869983	0.0502419       	0.179605	0.307263	1       	0.130915 
106	372  	200      	237     	0.5     	0.831424	0.869983	0.0502945       	0.176777	0.307184	1       	0.130964 
107	375  	198      	237     	0.5     	0.831462	0.869983	0.0503178       	0.179605	0.307476	1       	0.13072  
108	397  	200      	237     	0.5     	0.831559	0.871361	0.0503743       	0.179605	0.307617	1       	0.130604 
109	381  	196      	237     	0.5     	0.831603	0.871361	0.050399        	0.179605	0.307714	1       	0.130547 
110	376  	200      	237     	0.5     	0.83167 	0.871361	0.0504383       	0.179605	0.30767 	1       	0.13058  
111	387  	206      	237     	0.5     	0.831749	0.871361	0.0504863       	0.179605	0.307745	1       	0.130553 
112	370  	206      	237     	0.5     	0.83181 	0.871361	0.0505221       	0.179605	0.307796	1       	0.130508 
113	370  	194      	237     	0.5     	0.831871	0.871361	0.0505564       	0.179605	0.30779 	1       	0.130521 
114	385  	197      	237     	0.5     	0.831957	0.872733	0.0506092       	0.179605	0.307643	1       	0.13063  
115	382  	193      	237     	0.5     	0.832024	0.872733	0.0506485       	0.182574	0.307633	1       	0.130627 
116	381  	190      	237     	0.5     	0.832096	0.872733	0.0506901       	0.179605	0.30751 	1       	0.130714 
117	359  	194      	237     	0.5     	0.832141	0.872733	0.0507175       	0.182574	0.30755 	1       	0.130677 
118	376  	201      	237     	0.5     	0.832379	0.872733	0.0508153       	0.182574	0.30676 	1       	0.131065 
119	378  	197      	237     	0.5     	0.832447	0.872733	0.050845        	0.182574	0.306591	1       	0.131143 
120	384  	206      	237     	0.5     	0.832377	0.872733	0.0508327       	0.182574	0.307067	1       	0.130933 
121	372  	189      	237     	0.5     	0.832283	0.872733	0.0507977       	0.182574	0.307871	1       	0.130452 
122	374  	193      	237     	0.5     	0.832391	0.872733	0.050861        	0.182574	0.307608	1       	0.130647 
123	344  	181      	237     	0.5     	0.832423	0.872733	0.0508742       	0.182574	0.307625	1       	0.130634 
124	366  	199      	237     	0.5     	0.832473	0.873096	0.0509039       	0.182574	0.307543	1       	0.130704 
125	385  	193      	237     	0.5     	0.832651	0.873096	0.050972        	0.182574	0.307006	1       	0.130921 
126	382  	203      	237     	0.5     	0.832828	0.873096	0.0510444       	0.182574	0.306513	1       	0.131114 
127	386  	193      	237     	0.5     	0.832829	0.873096	0.0510497       	0.182574	0.306602	1       	0.131058 
128	369  	184      	237     	0.5     	0.833068	0.873096	0.0510593       	0.182574	0.306103	1       	0.130946 
129	377  	191      	237     	0.5     	0.833124	0.873096	0.0510947       	0.182574	0.30606 	1       	0.130913 
130	379  	194      	237     	0.5     	0.83285 	0.873096	0.0511907       	0.182574	0.307098	1       	0.130862 
131	362  	197      	237     	0.5     	0.832816	0.873096	0.0511257       	0.182574	0.307586	1       	0.130585 
132	382  	188      	237     	0.5     	0.832919	0.876318	0.0511408       	0.182574	0.307641	1       	0.130525 
133	382  	191      	237     	0.5     	0.832924	0.876318	0.0511467       	0.179605	0.307889	1       	0.130413 
134	394  	199      	237     	0.5     	0.832969	0.876318	0.0511719       	0.179605	0.307837	1       	0.130442 
135	376  	203      	237     	0.5     	0.833058	0.876318	0.0512153       	0.179605	0.307744	1       	0.130524 
136	384  	192      	237     	0.5     	0.833219	0.876318	0.0512913       	0.179605	0.307257	1       	0.130794 
137	365  	197      	237     	0.5     	0.833214	0.876318	0.0512989       	0.179605	0.307296	1       	0.130798 
138	368  	194      	237     	0.5     	0.833989	0.876318	0.0513191       	0.179605	0.305028	1       	0.130747 
139	382  	192      	237     	0.5     	0.834029	0.876318	0.0514218       	0.179605	0.304999	1       	0.13108  
140	379  	188      	237     	0.5     	0.833693	0.876318	0.0514678       	0.179605	0.306193	1       	0.131096 
141	384  	198      	237     	0.5     	0.833514	0.876318	0.0514522       	0.179605	0.306869	1       	0.130986 
142	382  	197      	237     	0.5     	0.833608	0.876318	0.0515018       	0.179605	0.306634	1       	0.13116  
143	366  	190      	237     	0.5     	0.833891	0.876318	0.0515605       	0.179605	0.30584 	1       	0.131349 
144	351  	189      	237     	0.5     	0.835328	0.876318	0.0505383       	0.179605	0.302006	1       	0.129662 
145	360  	195      	237     	0.5     	0.835349	0.876318	0.0505523       	0.179605	0.302051	1       	0.129634 
146	377  	197      	237     	0.5     	0.83539 	0.876318	0.0505755       	0.179605	0.302053	1       	0.129629 
147	373  	197      	237     	0.5     	0.835421	0.876318	0.0505904       	0.179605	0.302201	1       	0.129525 
148	374  	194      	237     	0.5     	0.835484	0.877269	0.0506295       	0.179605	0.302188	1       	0.129537 
149	371  	194      	237     	0.5     	0.835304	0.877269	0.0507395       	0.179605	0.302839	1       	0.129714 

CURRENT HALLS OF FAME

PARETO FRONT
Number of solutions = 25
Features in hall of fame by prevalence:
51 features: [0_ajcc_pathologic_tumor_stage_Stage IV, 1_hsa.miR.215.5p, 1_hsa.miR.590.3p, 1_hsa.miR.296.5p, 1_hsa.miR.7704, 1_hsa.miR.302b.3p, 0_age_at_initial_pathologic_diagnosis, 1_hsa.miR.204.5p, 1_hsa.miR.362.3p, 1_hsa.miR.6503.5p, 1_hsa.miR.3648, 1_hsa.miR.301b, 1_hsa.miR.664a.5p, 1_hsa.let.7b.3p, 1_hsa.miR.27b.3p, 1_hsa.miR.2355.5p, 1_hsa.miR.24.1.5p, 1_hsa.miR.138.5p, 1_hsa.miR.15b.5p, 1_hsa.miR.454.3p, 1_hsa.miR.511.5p, 1_hsa.miR.935, 1_hsa.miR.126.5p, 1_hsa.miR.34b.3p, 1_hsa.miR.590.5p, 1_hsa.miR.676.3p, 1_hsa.miR.3651, 1_hsa.miR.376a.3p, 1_hsa.miR.656.3p, 1_hsa.miR.132.5p, 1_hsa.miR.224.5p, 1_hsa.miR.550a.3p, 1_hsa.miR.95.3p, 1_hsa.miR.99b.3p, 1_hsa.let.7b.5p, 1_hsa.miR.1197, 1_hsa.miR.126.3p, 1_hsa.miR.130b.3p, 1_hsa.miR.130b.5p, 1_hsa.miR.153.5p, 1_hsa.miR.18a.5p, 1_hsa.miR.331.5p, 1_hsa.miR.3922.3p, 1_hsa.miR.425.3p, 1_hsa.miR.487a.3p, 1_hsa.miR.494.3p, 1_hsa.miR.625.5p, 1_hsa.miR.6718.5p, 1_hsa.miR.885.5p, 1_hsa.miR.92b.3p, 1_hsa.miR.519a.3p]

LAST POPULATION
Number of solutions = 500
Features in hall of fame by prevalence:
131 features: [0_ajcc_pathologic_tumor_stage_Stage IV, 1_hsa.miR.215.5p, 1_hsa.miR.590.3p, 1_hsa.miR.7704, 1_hsa.miR.296.5p, 1_hsa.miR.302b.3p, 0_age_at_initial_pathologic_diagnosis, 1_hsa.miR.362.3p, 1_hsa.miR.204.5p, 1_hsa.miR.6503.5p, 1_hsa.miR.3648, 1_hsa.miR.664a.5p, 1_hsa.miR.27b.3p, 1_hsa.miR.301b, 1_hsa.miR.24.1.5p, 1_hsa.miR.511.5p, 1_hsa.miR.2355.5p, 1_hsa.let.7b.3p, 1_hsa.miR.15b.5p, 1_hsa.miR.126.5p, 1_hsa.miR.138.5p, 1_hsa.miR.935, 1_hsa.miR.132.5p, 1_hsa.miR.3651, 1_hsa.miR.454.3p, 1_hsa.miR.95.3p, 1_hsa.miR.130b.3p, 1_hsa.miR.224.5p, 1_hsa.miR.676.3p, 1_hsa.miR.99b.3p, 1_hsa.miR.376a.3p, 1_hsa.miR.656.3p, 1_hsa.miR.627.5p, 1_hsa.miR.550a.3p, 1_hsa.miR.885.5p, 1_hsa.miR.3922.3p, 1_hsa.miR.18a.5p, 1_hsa.miR.1269a, 1_hsa.miR.34b.3p, 1_hsa.miR.126.3p, 1_hsa.miR.494.3p, 1_hsa.miR.6718.5p, 1_hsa.miR.1248, 1_hsa.miR.194.3p, 1_hsa.miR.1197, 1_hsa.miR.425.3p, 1_hsa.miR.146b.3p, 1_hsa.miR.134.3p, 1_hsa.miR.519a.3p, 1_hsa.let.7b.5p, 1_hsa.miR.376b.3p, 1_hsa.miR.34c.5p, 1_hsa.miR.153.5p, 1_hsa.miR.182.5p, 1_hsa.miR.331.5p, 1_hsa.miR.338.5p, 1_hsa.miR.502.3p, 1_hsa.miR.590.5p, 1_hsa.miR.125a.5p, 1_hsa.miR.130b.5p, 0_ajcc_pathologic_tumor_stage_Stage I, 1_hsa.miR.192.5p, 1_hsa.miR.194.5p, 1_hsa.miR.342.3p, 1_hsa.miR.486.5p, 1_hsa.miR.487a.3p, 1_hsa.miR.589.3p, 1_hsa.miR.101.3p, 1_hsa.miR.139.3p, 1_hsa.miR.143.3p, 1_hsa.miR.214.3p, 1_hsa.miR.31.5p, 1_hsa.miR.411.3p, 1_hsa.miR.625.5p, 1_hsa.miR.654.5p, 1_hsa.miR.9.3p, 1_hsa.miR.135b.5p, 1_hsa.miR.143.5p, 1_hsa.miR.145.3p, 1_hsa.miR.181b.3p, 1_hsa.miR.21.3p, 1_hsa.miR.21.5p, 1_hsa.miR.23b.3p, 1_hsa.miR.34c.3p, 1_hsa.miR.655.3p, 1_hsa.miR.873.5p, 1_hsa.miR.106b.5p, 1_hsa.miR.10b.3p, 1_hsa.miR.149.5p, 1_hsa.miR.151b, 1_hsa.miR.193b.3p, 1_hsa.miR.197.3p, 1_hsa.miR.204.3p, 1_hsa.miR.34b.5p, 1_hsa.miR.380.3p, 1_hsa.miR.485.3p, 1_hsa.miR.548f.3p, 1_hsa.miR.5589.5p, 1_hsa.miR.616.5p, 1_hsa.miR.92a.3p, 1_hsa.miR.92b.3p, 1_hsa.miR.513c.3p, 1_hsa.miR.10b.5p, 1_hsa.miR.146b.5p, 1_hsa.miR.192.3p, 1_hsa.miR.27b.5p, 1_hsa.miR.29b.3p, 1_hsa.miR.30a.3p, 1_hsa.miR.30c.1.3p, 1_hsa.miR.30e.3p, 1_hsa.miR.31.3p, 1_hsa.miR.335.3p, 1_hsa.miR.335.5p, 1_hsa.miR.342.5p, 1_hsa.miR.365b.3p, 1_hsa.miR.369.3p, 1_hsa.miR.369.5p, 1_hsa.miR.379.3p, 1_hsa.miR.493.5p, 1_hsa.miR.541.3p, 1_hsa.miR.671.5p, 1_hsa.miR.6892.5p, 1_hsa.miR.770.5p, 1_hsa.miR.877.5p, 1_hsa.miR.942.5p, 1_hsa.miR.9.5p, 1_hsa.miR.1251.3p, 1_hsa.miR.516a.5p, 1_hsa.miR.518c.3p, 1_hsa.miR.519a.5p, 1_hsa.miR.520a.3p]

BEST SUMS WITH SIZE 50
Number of solutions = 50
Features in hall of fame by prevalence:
43 features: [0_ajcc_pathologic_tumor_stage_Stage IV, 0_age_at_initial_pathologic_diagnosis, 1_hsa.miR.194.3p, 1_hsa.miR.194.5p, 1_hsa.miR.21.5p, 1_hsa.miR.34c.5p, 1_hsa.miR.92b.3p, 0_ajcc_pathologic_tumor_stage_Stage I, 1_hsa.miR.101.3p, 1_hsa.miR.10b.3p, 1_hsa.miR.10b.5p, 1_hsa.miR.1248, 1_hsa.miR.130b.3p, 1_hsa.miR.130b.5p, 1_hsa.miR.139.3p, 1_hsa.miR.139.5p, 1_hsa.miR.144.5p, 1_hsa.miR.146b.5p, 1_hsa.miR.149.5p, 1_hsa.miR.151b, 1_hsa.miR.18a.5p, 1_hsa.miR.192.3p, 1_hsa.miR.192.5p, 1_hsa.miR.21.3p, 1_hsa.miR.215.5p, 1_hsa.miR.221.3p, 1_hsa.miR.222.3p, 1_hsa.miR.22.5p, 1_hsa.miR.23b.3p, 1_hsa.miR.24.1.5p, 1_hsa.miR.27b.5p, 1_hsa.miR.296.3p, 1_hsa.miR.296.5p, 1_hsa.miR.301b, 1_hsa.miR.30e.3p, 1_hsa.miR.335.3p, 1_hsa.miR.34c.3p, 1_hsa.miR.3922.3p, 1_hsa.miR.425.3p, 1_hsa.miR.616.5p, 1_hsa.miR.671.5p, 1_hsa.miR.7702, 1_hsa.miR.96.5p]

BEST SUMS WITH SIZE 100
Number of solutions = 100
Features in hall of fame by prevalence:
69 features: [0_ajcc_pathologic_tumor_stage_Stage IV, 0_ajcc_pathologic_tumor_stage_Stage I, 1_hsa.miR.192.5p, 1_hsa.miR.21.5p, 1_hsa.miR.34c.5p, 1_hsa.miR.92b.3p, 0_age_at_initial_pathologic_diagnosis, 1_hsa.miR.101.3p, 1_hsa.miR.10b.3p, 1_hsa.miR.1248, 1_hsa.miR.130b.3p, 1_hsa.miR.139.3p, 1_hsa.miR.146b.5p, 1_hsa.miR.149.5p, 1_hsa.miR.192.3p, 1_hsa.miR.194.3p, 1_hsa.miR.194.5p, 1_hsa.miR.215.5p, 1_hsa.miR.222.3p, 1_hsa.miR.296.3p, 1_hsa.miR.296.5p, 1_hsa.miR.335.3p, 1_hsa.miR.335.5p, 1_hsa.miR.34c.3p, 1_hsa.miR.425.3p, 1_hsa.miR.590.3p, 1_hsa.miR.616.5p, 1_hsa.miR.6718.5p, 1_hsa.let.7i.5p, 1_hsa.miR.101.5p, 1_hsa.miR.10b.5p, 1_hsa.miR.1251.5p, 1_hsa.miR.126.3p, 1_hsa.miR.126.5p, 1_hsa.miR.130a.3p, 1_hsa.miR.130b.5p, 1_hsa.miR.132.5p, 1_hsa.miR.135b.5p, 1_hsa.miR.139.5p, 1_hsa.miR.144.5p, 1_hsa.miR.146b.3p, 1_hsa.miR.151b, 1_hsa.miR.17.5p, 1_hsa.miR.18a.5p, 1_hsa.miR.193b.3p, 1_hsa.miR.204.3p, 1_hsa.miR.204.5p, 1_hsa.miR.21.3p, 1_hsa.miR.221.3p, 1_hsa.miR.22.5p, 1_hsa.miR.23b.3p, 1_hsa.miR.24.1.5p, 1_hsa.miR.27b.5p, 1_hsa.miR.29a.5p, 1_hsa.miR.301b, 1_hsa.miR.30e.3p, 1_hsa.miR.3615, 1_hsa.miR.362.3p, 1_hsa.miR.3651, 1_hsa.miR.365a.3p, 1_hsa.miR.3922.3p, 1_hsa.miR.425.5p, 1_hsa.miR.486.5p, 1_hsa.miR.550a.5p, 1_hsa.miR.590.5p, 1_hsa.miR.671.5p, 1_hsa.miR.7702, 1_hsa.miR.7704, 1_hsa.miR.96.5p]
Sweeping genetic algorithm multi-view multi-objective optimizer with concatenated master (MO-3-folds creator, pop 500, uniform(0, 50), gen [150], sort NSGA3CICR, crossover 0.33, mutation 1.0 symmetric flip) with (multi-view lasso FI, multi-view Cox FI) final optimization execution time = 00-00:41:40

FEATURE SETS SELECTED ON WHOLE DATASET

PARETO FRONT
Number of solutions = 25
Features in hall of fame by prevalence:
51 features: [0_ajcc_pathologic_tumor_stage_Stage IV, 1_hsa.miR.215.5p, 1_hsa.miR.590.3p, 1_hsa.miR.296.5p, 1_hsa.miR.7704, 1_hsa.miR.302b.3p, 0_age_at_initial_pathologic_diagnosis, 1_hsa.miR.204.5p, 1_hsa.miR.362.3p, 1_hsa.miR.6503.5p, 1_hsa.miR.3648, 1_hsa.miR.301b, 1_hsa.miR.664a.5p, 1_hsa.let.7b.3p, 1_hsa.miR.27b.3p, 1_hsa.miR.2355.5p, 1_hsa.miR.24.1.5p, 1_hsa.miR.138.5p, 1_hsa.miR.15b.5p, 1_hsa.miR.454.3p, 1_hsa.miR.511.5p, 1_hsa.miR.935, 1_hsa.miR.126.5p, 1_hsa.miR.34b.3p, 1_hsa.miR.590.5p, 1_hsa.miR.676.3p, 1_hsa.miR.3651, 1_hsa.miR.376a.3p, 1_hsa.miR.656.3p, 1_hsa.miR.132.5p, 1_hsa.miR.224.5p, 1_hsa.miR.550a.3p, 1_hsa.miR.95.3p, 1_hsa.miR.99b.3p, 1_hsa.let.7b.5p, 1_hsa.miR.1197, 1_hsa.miR.126.3p, 1_hsa.miR.130b.3p, 1_hsa.miR.130b.5p, 1_hsa.miR.153.5p, 1_hsa.miR.18a.5p, 1_hsa.miR.331.5p, 1_hsa.miR.3922.3p, 1_hsa.miR.425.3p, 1_hsa.miR.487a.3p, 1_hsa.miR.494.3p, 1_hsa.miR.625.5p, 1_hsa.miR.6718.5p, 1_hsa.miR.885.5p, 1_hsa.miR.92b.3p, 1_hsa.miR.519a.3p]

LAST POPULATION
Number of solutions = 500
Features in hall of fame by prevalence:
131 features: [0_ajcc_pathologic_tumor_stage_Stage IV, 1_hsa.miR.215.5p, 1_hsa.miR.590.3p, 1_hsa.miR.7704, 1_hsa.miR.296.5p, 1_hsa.miR.302b.3p, 0_age_at_initial_pathologic_diagnosis, 1_hsa.miR.362.3p, 1_hsa.miR.204.5p, 1_hsa.miR.6503.5p, 1_hsa.miR.3648, 1_hsa.miR.664a.5p, 1_hsa.miR.27b.3p, 1_hsa.miR.301b, 1_hsa.miR.24.1.5p, 1_hsa.miR.511.5p, 1_hsa.miR.2355.5p, 1_hsa.let.7b.3p, 1_hsa.miR.15b.5p, 1_hsa.miR.126.5p, 1_hsa.miR.138.5p, 1_hsa.miR.935, 1_hsa.miR.132.5p, 1_hsa.miR.3651, 1_hsa.miR.454.3p, 1_hsa.miR.95.3p, 1_hsa.miR.130b.3p, 1_hsa.miR.224.5p, 1_hsa.miR.676.3p, 1_hsa.miR.99b.3p, 1_hsa.miR.376a.3p, 1_hsa.miR.656.3p, 1_hsa.miR.627.5p, 1_hsa.miR.550a.3p, 1_hsa.miR.885.5p, 1_hsa.miR.3922.3p, 1_hsa.miR.18a.5p, 1_hsa.miR.1269a, 1_hsa.miR.34b.3p, 1_hsa.miR.126.3p, 1_hsa.miR.494.3p, 1_hsa.miR.6718.5p, 1_hsa.miR.1248, 1_hsa.miR.194.3p, 1_hsa.miR.1197, 1_hsa.miR.425.3p, 1_hsa.miR.146b.3p, 1_hsa.miR.134.3p, 1_hsa.miR.519a.3p, 1_hsa.let.7b.5p, 1_hsa.miR.376b.3p, 1_hsa.miR.34c.5p, 1_hsa.miR.153.5p, 1_hsa.miR.182.5p, 1_hsa.miR.331.5p, 1_hsa.miR.338.5p, 1_hsa.miR.502.3p, 1_hsa.miR.590.5p, 1_hsa.miR.125a.5p, 1_hsa.miR.130b.5p, 0_ajcc_pathologic_tumor_stage_Stage I, 1_hsa.miR.192.5p, 1_hsa.miR.194.5p, 1_hsa.miR.342.3p, 1_hsa.miR.486.5p, 1_hsa.miR.487a.3p, 1_hsa.miR.589.3p, 1_hsa.miR.101.3p, 1_hsa.miR.139.3p, 1_hsa.miR.143.3p, 1_hsa.miR.214.3p, 1_hsa.miR.31.5p, 1_hsa.miR.411.3p, 1_hsa.miR.625.5p, 1_hsa.miR.654.5p, 1_hsa.miR.9.3p, 1_hsa.miR.135b.5p, 1_hsa.miR.143.5p, 1_hsa.miR.145.3p, 1_hsa.miR.181b.3p, 1_hsa.miR.21.3p, 1_hsa.miR.21.5p, 1_hsa.miR.23b.3p, 1_hsa.miR.34c.3p, 1_hsa.miR.655.3p, 1_hsa.miR.873.5p, 1_hsa.miR.106b.5p, 1_hsa.miR.10b.3p, 1_hsa.miR.149.5p, 1_hsa.miR.151b, 1_hsa.miR.193b.3p, 1_hsa.miR.197.3p, 1_hsa.miR.204.3p, 1_hsa.miR.34b.5p, 1_hsa.miR.380.3p, 1_hsa.miR.485.3p, 1_hsa.miR.548f.3p, 1_hsa.miR.5589.5p, 1_hsa.miR.616.5p, 1_hsa.miR.92a.3p, 1_hsa.miR.92b.3p, 1_hsa.miR.513c.3p, 1_hsa.miR.10b.5p, 1_hsa.miR.146b.5p, 1_hsa.miR.192.3p, 1_hsa.miR.27b.5p, 1_hsa.miR.29b.3p, 1_hsa.miR.30a.3p, 1_hsa.miR.30c.1.3p, 1_hsa.miR.30e.3p, 1_hsa.miR.31.3p, 1_hsa.miR.335.3p, 1_hsa.miR.335.5p, 1_hsa.miR.342.5p, 1_hsa.miR.365b.3p, 1_hsa.miR.369.3p, 1_hsa.miR.369.5p, 1_hsa.miR.379.3p, 1_hsa.miR.493.5p, 1_hsa.miR.541.3p, 1_hsa.miR.671.5p, 1_hsa.miR.6892.5p, 1_hsa.miR.770.5p, 1_hsa.miR.877.5p, 1_hsa.miR.942.5p, 1_hsa.miR.9.5p, 1_hsa.miR.1251.3p, 1_hsa.miR.516a.5p, 1_hsa.miR.518c.3p, 1_hsa.miR.519a.5p, 1_hsa.miR.520a.3p]

BEST SUMS WITH SIZE 50
Number of solutions = 50
Features in hall of fame by prevalence:
43 features: [0_ajcc_pathologic_tumor_stage_Stage IV, 0_age_at_initial_pathologic_diagnosis, 1_hsa.miR.194.3p, 1_hsa.miR.194.5p, 1_hsa.miR.21.5p, 1_hsa.miR.34c.5p, 1_hsa.miR.92b.3p, 0_ajcc_pathologic_tumor_stage_Stage I, 1_hsa.miR.101.3p, 1_hsa.miR.10b.3p, 1_hsa.miR.10b.5p, 1_hsa.miR.1248, 1_hsa.miR.130b.3p, 1_hsa.miR.130b.5p, 1_hsa.miR.139.3p, 1_hsa.miR.139.5p, 1_hsa.miR.144.5p, 1_hsa.miR.146b.5p, 1_hsa.miR.149.5p, 1_hsa.miR.151b, 1_hsa.miR.18a.5p, 1_hsa.miR.192.3p, 1_hsa.miR.192.5p, 1_hsa.miR.21.3p, 1_hsa.miR.215.5p, 1_hsa.miR.221.3p, 1_hsa.miR.222.3p, 1_hsa.miR.22.5p, 1_hsa.miR.23b.3p, 1_hsa.miR.24.1.5p, 1_hsa.miR.27b.5p, 1_hsa.miR.296.3p, 1_hsa.miR.296.5p, 1_hsa.miR.301b, 1_hsa.miR.30e.3p, 1_hsa.miR.335.3p, 1_hsa.miR.34c.3p, 1_hsa.miR.3922.3p, 1_hsa.miR.425.3p, 1_hsa.miR.616.5p, 1_hsa.miR.671.5p, 1_hsa.miR.7702, 1_hsa.miR.96.5p]

BEST SUMS WITH SIZE 100
Number of solutions = 100
Features in hall of fame by prevalence:
69 features: [0_ajcc_pathologic_tumor_stage_Stage IV, 0_ajcc_pathologic_tumor_stage_Stage I, 1_hsa.miR.192.5p, 1_hsa.miR.21.5p, 1_hsa.miR.34c.5p, 1_hsa.miR.92b.3p, 0_age_at_initial_pathologic_diagnosis, 1_hsa.miR.101.3p, 1_hsa.miR.10b.3p, 1_hsa.miR.1248, 1_hsa.miR.130b.3p, 1_hsa.miR.139.3p, 1_hsa.miR.146b.5p, 1_hsa.miR.149.5p, 1_hsa.miR.192.3p, 1_hsa.miR.194.3p, 1_hsa.miR.194.5p, 1_hsa.miR.215.5p, 1_hsa.miR.222.3p, 1_hsa.miR.296.3p, 1_hsa.miR.296.5p, 1_hsa.miR.335.3p, 1_hsa.miR.335.5p, 1_hsa.miR.34c.3p, 1_hsa.miR.425.3p, 1_hsa.miR.590.3p, 1_hsa.miR.616.5p, 1_hsa.miR.6718.5p, 1_hsa.let.7i.5p, 1_hsa.miR.101.5p, 1_hsa.miR.10b.5p, 1_hsa.miR.1251.5p, 1_hsa.miR.126.3p, 1_hsa.miR.126.5p, 1_hsa.miR.130a.3p, 1_hsa.miR.130b.5p, 1_hsa.miR.132.5p, 1_hsa.miR.135b.5p, 1_hsa.miR.139.5p, 1_hsa.miR.144.5p, 1_hsa.miR.146b.3p, 1_hsa.miR.151b, 1_hsa.miR.17.5p, 1_hsa.miR.18a.5p, 1_hsa.miR.193b.3p, 1_hsa.miR.204.3p, 1_hsa.miR.204.5p, 1_hsa.miR.21.3p, 1_hsa.miR.221.3p, 1_hsa.miR.22.5p, 1_hsa.miR.23b.3p, 1_hsa.miR.24.1.5p, 1_hsa.miR.27b.5p, 1_hsa.miR.29a.5p, 1_hsa.miR.301b, 1_hsa.miR.30e.3p, 1_hsa.miR.3615, 1_hsa.miR.362.3p, 1_hsa.miR.3651, 1_hsa.miR.365a.3p, 1_hsa.miR.3922.3p, 1_hsa.miR.425.5p, 1_hsa.miR.486.5p, 1_hsa.miR.550a.5p, 1_hsa.miR.590.5p, 1_hsa.miR.671.5p, 1_hsa.miR.7702, 1_hsa.miR.7704, 1_hsa.miR.96.5p]

SAVING FEATURES AND FITNESSES FOR EACH SELECTED INDIVIDUAL TO FILES.
