
OPTIMIZING ON FOLD NUMBER 1
Number of workers = 96

COMPUTING LOCAL ACTIVE FEATURES
Computing active features for view clinic
Existing features: 8
Applying union strategy for feature selection using composite feature selector with
categorical: feature selector any na and anova
survival: feature selector Cox

Computing active features for outcome survival
Features selected for this outcome: 1
Features active in total: 1
Computing active features for view log_mirna
Existing features: 740
Applying union strategy for feature selection using composite feature selector with
categorical: feature selector any na and anova
survival: feature selector Cox

Computing active features for outcome survival
Features selected for this outcome: 312
Features active in total: 312
Computing feature importance
Running optimizer

STARTING 2-STEPS GENETIC ALGORITHM

CREATING INNER FOLDS

ASSIGNING STRATA FOR MULTI-OUTCOME DATA LGG_MV
Assigning strata for outcome named survival of type survival
Counts:
censored 0: 160
censored 1: 93
deceased 0: 39
deceased 1: 37

STARTING SWEEP NUMBER 1
folds_creator_seed = 4107908117

ASSIGNING STRATA FOR MULTI-OUTCOME DATA LGG_MV
Assigning strata for outcome named survival of type survival
Counts:
censored 0: 160
censored 1: 93
deceased 0: 39
deceased 1: 37
ga_runner_seed = 3091794638
VIEW: CLINIC
   	     	         	        	  survival SKSurv Cox model concordance index   	                 root leanness                  
   	     	         	        	------------------------------------------------	------------------------------------------------
gen	evals	gen_feats	explored	min	avg     	max     	std                  	min     	avg     	max	std     
0  	500  	1        	1       	0.5	0.626743	0.750481	0.125231             	0.707107	0.851796	1  	0.146436
1  	253  	1        	1       	0.5	0.62524 	0.750481	0.12524              	0.707107	0.853553	1  	0.146447
2  	254  	1        	1       	0.5	0.62524 	0.750481	0.12524              	0.707107	0.853553	1  	0.146447
3  	234  	1        	1       	0.5	0.62524 	0.750481	0.12524              	0.707107	0.853553	1  	0.146447
4  	251  	1        	1       	0.5	0.62524 	0.750481	0.12524              	0.707107	0.853553	1  	0.146447
5  	257  	1        	1       	0.5	0.62524 	0.750481	0.12524              	0.707107	0.853553	1  	0.146447
6  	243  	1        	1       	0.5	0.62524 	0.750481	0.12524              	0.707107	0.853553	1  	0.146447
7  	253  	1        	1       	0.5	0.62524 	0.750481	0.12524              	0.707107	0.853553	1  	0.146447
8  	249  	1        	1       	0.5	0.62524 	0.750481	0.12524              	0.707107	0.853553	1  	0.146447
9  	249  	1        	1       	0.5	0.62524 	0.750481	0.12524              	0.707107	0.853553	1  	0.146447
10 	259  	1        	1       	0.5	0.62524 	0.750481	0.12524              	0.707107	0.853553	1  	0.146447
11 	258  	1        	1       	0.5	0.62524 	0.750481	0.12524              	0.707107	0.853553	1  	0.146447
12 	253  	1        	1       	0.5	0.62524 	0.750481	0.12524              	0.707107	0.853553	1  	0.146447
13 	255  	1        	1       	0.5	0.62524 	0.750481	0.12524              	0.707107	0.853553	1  	0.146447
14 	244  	1        	1       	0.5	0.62524 	0.750481	0.12524              	0.707107	0.853553	1  	0.146447
15 	248  	1        	1       	0.5	0.62524 	0.750481	0.12524              	0.707107	0.853553	1  	0.146447
16 	259  	1        	1       	0.5	0.62524 	0.750481	0.12524              	0.707107	0.853553	1  	0.146447
17 	245  	1        	1       	0.5	0.62524 	0.750481	0.12524              	0.707107	0.853553	1  	0.146447
18 	247  	1        	1       	0.5	0.62524 	0.750481	0.12524              	0.707107	0.853553	1  	0.146447
19 	230  	1        	1       	0.5	0.62524 	0.750481	0.12524              	0.707107	0.853553	1  	0.146447
20 	230  	1        	1       	0.5	0.62524 	0.750481	0.12524              	0.707107	0.853553	1  	0.146447
21 	241  	1        	1       	0.5	0.62524 	0.750481	0.12524              	0.707107	0.853553	1  	0.146447
22 	247  	1        	1       	0.5	0.62524 	0.750481	0.12524              	0.707107	0.853553	1  	0.146447
23 	255  	1        	1       	0.5	0.62524 	0.750481	0.12524              	0.707107	0.853553	1  	0.146447
24 	241  	1        	1       	0.5	0.62524 	0.750481	0.12524              	0.707107	0.853553	1  	0.146447
25 	232  	1        	1       	0.5	0.62524 	0.750481	0.12524              	0.707107	0.853553	1  	0.146447
26 	249  	1        	1       	0.5	0.62524 	0.750481	0.12524              	0.707107	0.853553	1  	0.146447
27 	213  	1        	1       	0.5	0.62524 	0.750481	0.12524              	0.707107	0.853553	1  	0.146447
28 	258  	1        	1       	0.5	0.62524 	0.750481	0.12524              	0.707107	0.853553	1  	0.146447
29 	253  	1        	1       	0.5	0.62524 	0.750481	0.12524              	0.707107	0.853553	1  	0.146447
30 	238  	1        	1       	0.5	0.62524 	0.750481	0.12524              	0.707107	0.853553	1  	0.146447
31 	250  	1        	1       	0.5	0.62524 	0.750481	0.12524              	0.707107	0.853553	1  	0.146447
32 	242  	1        	1       	0.5	0.62524 	0.750481	0.12524              	0.707107	0.853553	1  	0.146447
33 	246  	1        	1       	0.5	0.62524 	0.750481	0.12524              	0.707107	0.853553	1  	0.146447
34 	256  	1        	1       	0.5	0.62524 	0.750481	0.12524              	0.707107	0.853553	1  	0.146447
35 	264  	1        	1       	0.5	0.62524 	0.750481	0.12524              	0.707107	0.853553	1  	0.146447
36 	245  	1        	1       	0.5	0.62524 	0.750481	0.12524              	0.707107	0.853553	1  	0.146447
37 	258  	1        	1       	0.5	0.62524 	0.750481	0.12524              	0.707107	0.853553	1  	0.146447
38 	251  	1        	1       	0.5	0.62524 	0.750481	0.12524              	0.707107	0.853553	1  	0.146447
39 	244  	1        	1       	0.5	0.62524 	0.750481	0.12524              	0.707107	0.853553	1  	0.146447
40 	235  	1        	1       	0.5	0.62524 	0.750481	0.12524              	0.707107	0.853553	1  	0.146447
41 	253  	1        	1       	0.5	0.62524 	0.750481	0.12524              	0.707107	0.853553	1  	0.146447
42 	259  	1        	1       	0.5	0.62524 	0.750481	0.12524              	0.707107	0.853553	1  	0.146447
43 	232  	1        	1       	0.5	0.62524 	0.750481	0.12524              	0.707107	0.853553	1  	0.146447
44 	249  	1        	1       	0.5	0.62524 	0.750481	0.12524              	0.707107	0.853553	1  	0.146447
45 	246  	1        	1       	0.5	0.62524 	0.750481	0.12524              	0.707107	0.853553	1  	0.146447
46 	228  	1        	1       	0.5	0.62524 	0.750481	0.12524              	0.707107	0.853553	1  	0.146447
47 	252  	1        	1       	0.5	0.62524 	0.750481	0.12524              	0.707107	0.853553	1  	0.146447
48 	244  	1        	1       	0.5	0.62524 	0.750481	0.12524              	0.707107	0.853553	1  	0.146447
49 	257  	1        	1       	0.5	0.62524 	0.750481	0.12524              	0.707107	0.853553	1  	0.146447

ASSIGNING STRATA FOR MULTI-OUTCOME DATA LGG_MV
Assigning strata for outcome named survival of type survival
Counts:
censored 0: 160
censored 1: 93
deceased 0: 39
deceased 1: 37
VIEW: LOG_MIRNA
   	     	         	        	       survival SKSurv Cox model concordance index       	                 root leanness                  
   	     	         	        	---------------------------------------------------------	------------------------------------------------
gen	evals	gen_feats	explored	min     	avg     	max     	std             	min     	avg     	max	std     
0  	500  	13       	13      	0.5     	0.728492	0.836018	0.0439783       	0.267261	0.311341	1  	0.123786
1  	339  	184      	184     	0.5     	0.764379	0.839007	0.0641346       	0.235702	0.343998	1  	0.142779
2  	358  	226      	258     	0.5     	0.79463 	0.839007	0.0354083       	0.235702	0.353033	1  	0.102867
3  	360  	233      	287     	0.5     	0.796882	0.841817	0.0370504       	0.242536	0.378394	1  	0.110599
4  	392  	247      	299     	0.5     	0.800161	0.841817	0.0404029       	0.229416	0.388865	1  	0.119649
5  	375  	239      	306     	0.5     	0.801581	0.841817	0.0448805       	0.223607	0.396567	1  	0.122324
6  	370  	236      	310     	0.480825	0.803559	0.852192	0.048705        	0.223607	0.40104 	1  	0.123779
7  	365  	234      	311     	0.480825	0.803447	0.852192	0.054059        	0.223607	0.409121	1  	0.128918
8  	377  	238      	312     	0.480825	0.8039  	0.852192	0.05574         	0.223607	0.415968	1  	0.130165
9  	373  	231      	312     	0.5     	0.806018	0.852478	0.054822        	0.223607	0.415042	1  	0.130851
10 	377  	246      	312     	0.5     	0.807638	0.852478	0.053684        	0.223607	0.419231	1  	0.130102
11 	371  	226      	312     	0.5     	0.811017	0.852478	0.0495753       	0.223607	0.415841	1  	0.130169
12 	385  	242      	312     	0.5     	0.813204	0.852575	0.0483571       	0.223607	0.413674	1  	0.130936
13 	379  	236      	312     	0.5     	0.81458 	0.854989	0.0478508       	0.242536	0.417629	1  	0.128758
14 	367  	242      	312     	0.5     	0.815354	0.863889	0.0481811       	0.235702	0.421033	1  	0.128562
15 	375  	244      	312     	0.5     	0.817046	0.863889	0.0477804       	0.235702	0.419395	1  	0.12921 
16 	383  	235      	312     	0.5     	0.818767	0.863889	0.0476081       	0.242536	0.417165	1  	0.129113
17 	363  	239      	312     	0.5     	0.820618	0.863889	0.0468716       	0.242536	0.414056	1  	0.129373
18 	397  	250      	312     	0.5     	0.821236	0.863889	0.0471306       	0.235702	0.416546	1  	0.129646
19 	374  	237      	312     	0.5     	0.822738	0.863889	0.0466128       	0.229416	0.413222	1  	0.130185
20 	378  	241      	312     	0.5     	0.824661	0.867252	0.0458865       	0.218218	0.41001 	1  	0.130414
21 	385  	251      	312     	0.5     	0.826829	0.867252	0.0450546       	0.218218	0.404246	1  	0.130482
22 	378  	254      	312     	0.5     	0.828527	0.867252	0.0448704       	0.218218	0.400793	1  	0.131117
23 	370  	226      	312     	0.5     	0.829481	0.867252	0.0446491       	0.218218	0.400792	1  	0.131081
24 	365  	246      	312     	0.5     	0.830237	0.867992	0.0449639       	0.218218	0.400752	1  	0.131148
25 	382  	238      	312     	0.5     	0.831257	0.867992	0.0448927       	0.218218	0.40072 	1  	0.13104 
26 	370  	242      	312     	0.5     	0.832829	0.868314	0.0446151       	0.218218	0.396552	1  	0.131867
27 	382  	232      	312     	0.5     	0.835473	0.872387	0.0437876       	0.218218	0.387422	1  	0.132413
28 	368  	247      	312     	0.5     	0.836825	0.873635	0.0434894       	0.218218	0.385397	1  	0.131856
29 	386  	242      	312     	0.5     	0.837355	0.874178	0.0436186       	0.229416	0.386344	1  	0.131834
30 	373  	235      	312     	0.5     	0.83824 	0.879268	0.0439609       	0.223607	0.385071	1  	0.13228 
31 	391  	246      	312     	0.5     	0.839495	0.879268	0.0436201       	0.223607	0.382442	1  	0.132285
32 	377  	252      	312     	0.5     	0.840831	0.879268	0.0432232       	0.208514	0.3794  	1  	0.13181 
33 	384  	254      	312     	0.5     	0.841481	0.880052	0.043518        	0.208514	0.37945 	1  	0.131812
34 	377  	244      	312     	0.5     	0.842174	0.880052	0.0437696       	0.208514	0.378919	1  	0.132094
35 	362  	244      	312     	0.5     	0.842755	0.880052	0.0436348       	0.208514	0.380125	1  	0.131326
36 	362  	245      	312     	0.5     	0.843458	0.880052	0.0438387       	0.208514	0.380109	1  	0.131347
37 	376  	244      	312     	0.5     	0.844128	0.880052	0.044114        	0.208514	0.379966	1  	0.131429
38 	359  	238      	312     	0.5     	0.844678	0.881971	0.0443407       	0.208514	0.379522	1  	0.131902
39 	372  	245      	312     	0.5     	0.845472	0.881971	0.0446869       	0.208514	0.379248	1  	0.132214
40 	342  	240      	312     	0.5     	0.845935	0.881971	0.0448756       	0.208514	0.379607	1  	0.13203 
41 	381  	244      	312     	0.5     	0.84576 	0.881971	0.0460203       	0.208514	0.38216 	1  	0.132886
42 	382  	252      	312     	0.5     	0.845968	0.889305	0.0461254       	0.213201	0.384361	1  	0.132104
43 	381  	248      	312     	0.5     	0.846863	0.889305	0.0463574       	0.208514	0.382754	1  	0.132603
44 	385  	257      	312     	0.5     	0.848317	0.889305	0.0458565       	0.208514	0.378974	1  	0.132677
45 	392  	264      	312     	0.5     	0.849169	0.889305	0.0456872       	0.204124	0.377729	1  	0.132904
46 	362  	243      	312     	0.5     	0.850919	0.897004	0.0445506       	0.204124	0.372252	1  	0.132117
47 	388  	257      	312     	0.5     	0.851513	0.897004	0.0448127       	0.204124	0.370959	1  	0.132907
48 	379  	254      	312     	0.5     	0.851874	0.897004	0.0449          	0.213201	0.371944	1  	0.132132
49 	404  	250      	312     	0.5     	0.852367	0.897004	0.0446015       	0.213201	0.371369	1  	0.132585

STARTING MASTER RUNNER RESAMPLING
Generations completed = 10
Generations completed = 24
Generations completed = 39
MASTER
   	     	         	        	       survival SKSurv Cox model concordance index       	                     root leanness                      
   	     	         	        	---------------------------------------------------------	--------------------------------------------------------
gen	evals	gen_feats	explored	min     	avg     	max     	std             	min     	avg     	max     	std     
0  	500  	176      	176     	0.676877	0.84247 	0.883434	0.0381199       	0.213201	0.358718	0.707107	0.122505
1  	406  	168      	188     	0.676877	0.84603 	0.886198	0.0347749       	0.218218	0.371313	0.707107	0.120993
2  	378  	150      	191     	0.5     	0.846583	0.886198	0.0392193       	0.218218	0.38303 	1       	0.123726
3  	390  	156      	197     	0.5     	0.84683 	0.886198	0.0418152       	0.218218	0.387315	1       	0.128144
4  	412  	164      	197     	0.5     	0.847841	0.886198	0.0418076       	0.218218	0.386653	1       	0.127984
5  	396  	168      	198     	0.5     	0.848116	0.886198	0.0419713       	0.218218	0.387597	1       	0.128132
6  	395  	162      	200     	0.5     	0.848654	0.886198	0.0419419       	0.218218	0.386112	1       	0.128488
7  	412  	163      	200     	0.5     	0.848719	0.886198	0.0420673       	0.218218	0.386896	1       	0.128536
8  	419  	157      	202     	0.5     	0.849148	0.886198	0.0419828       	0.218218	0.386092	1       	0.128518
9  	398  	166      	204     	0.5     	0.849193	0.886198	0.0419453       	0.218218	0.386186	1       	0.12841 
10 	401  	160      	204     	0.5     	0.848887	0.886198	0.0424277       	0.218218	0.386947	1       	0.12917 
11 	419  	164      	204     	0.5     	0.848944	0.886198	0.0424341       	0.218218	0.386981	1       	0.129154
12 	400  	156      	204     	0.5     	0.848658	0.886198	0.0429891       	0.218218	0.387422	1       	0.130093
13 	417  	163      	204     	0.5     	0.848658	0.886198	0.0429891       	0.218218	0.387422	1       	0.130093
14 	403  	160      	204     	0.5     	0.848658	0.886198	0.0429891       	0.218218	0.387422	1       	0.130093
15 	413  	165      	204     	0.5     	0.848744	0.886198	0.0429992       	0.218218	0.386986	1       	0.130257
16 	414  	170      	204     	0.5     	0.848724	0.886198	0.0430023       	0.218218	0.387064	1       	0.130281
17 	413  	159      	204     	0.5     	0.84873 	0.886198	0.0430033       	0.218218	0.387064	1       	0.130281
18 	421  	164      	204     	0.5     	0.848704	0.886198	0.0430001       	0.218218	0.387214	1       	0.130262
19 	409  	168      	204     	0.5     	0.84875 	0.886198	0.0430002       	0.218218	0.386986	1       	0.130257
20 	394  	161      	204     	0.5     	0.84875 	0.886198	0.0430002       	0.218218	0.386986	1       	0.130257
21 	408  	162      	204     	0.5     	0.84875 	0.886198	0.0430002       	0.218218	0.386986	1       	0.130257
22 	418  	164      	204     	0.5     	0.848697	0.886198	0.0430029       	0.218218	0.387214	1       	0.130262
23 	411  	166      	204     	0.5     	0.848704	0.886198	0.0430008       	0.218218	0.387214	1       	0.130262
24 	414  	165      	204     	0.5     	0.848705	0.886198	0.0430005       	0.218218	0.387214	1       	0.130262
25 	412  	164      	204     	0.5     	0.848707	0.886198	0.0429999       	0.218218	0.387214	1       	0.130262
26 	396  	169      	204     	0.5     	0.84875 	0.886198	0.0430002       	0.218218	0.386986	1       	0.130257
27 	403  	157      	204     	0.5     	0.848707	0.886198	0.0429999       	0.218218	0.387214	1       	0.130262
28 	406  	166      	204     	0.5     	0.848707	0.886198	0.0429999       	0.218218	0.387214	1       	0.130262
29 	399  	163      	204     	0.5     	0.848707	0.886198	0.0429999       	0.218218	0.387214	1       	0.130262
30 	408  	160      	204     	0.5     	0.84875 	0.886198	0.0430001       	0.218218	0.386986	1       	0.130257
31 	391  	173      	204     	0.5     	0.84875 	0.886198	0.0430001       	0.218218	0.386986	1       	0.130257
32 	409  	161      	204     	0.5     	0.848701	0.886198	0.0430016       	0.218218	0.387214	1       	0.130262
33 	394  	168      	204     	0.5     	0.84875 	0.886198	0.0430001       	0.218218	0.386986	1       	0.130257
34 	404  	167      	204     	0.5     	0.84874 	0.886198	0.0429982       	0.218218	0.387027	1       	0.130243
35 	382  	164      	204     	0.5     	0.84875 	0.886198	0.0430002       	0.218218	0.386986	1       	0.130257
36 	403  	164      	204     	0.5     	0.848729	0.886198	0.0430036       	0.218218	0.387064	1       	0.130281
37 	399  	161      	204     	0.5     	0.848747	0.886198	0.0430004       	0.218218	0.386986	1       	0.130257
38 	410  	177      	204     	0.5     	0.848747	0.886198	0.0430004       	0.218218	0.386986	1       	0.130257
39 	398  	170      	204     	0.5     	0.848702	0.886198	0.0430006       	0.218218	0.387214	1       	0.130262
40 	403  	164      	204     	0.5     	0.848702	0.886198	0.0430006       	0.218218	0.387214	1       	0.130262
41 	412  	160      	204     	0.5     	0.848729	0.886198	0.0430029       	0.218218	0.387064	1       	0.130281
42 	390  	164      	204     	0.5     	0.848703	0.886198	0.0430001       	0.218218	0.387214	1       	0.130262
43 	417  	173      	204     	0.5     	0.848704	0.886198	0.0430001       	0.218218	0.387214	1       	0.130262
44 	408  	164      	204     	0.5     	0.848745	0.886198	0.0429997       	0.218218	0.386952	1       	0.130273
45 	401  	166      	204     	0.5     	0.848702	0.886198	0.0430006       	0.218218	0.387214	1       	0.130262
46 	418  	167      	204     	0.5     	0.84873 	0.886198	0.0430033       	0.218218	0.387064	1       	0.130281
47 	416  	155      	204     	0.5     	0.84873 	0.886198	0.0430033       	0.218218	0.387064	1       	0.130281
48 	409  	164      	204     	0.5     	0.84875 	0.886198	0.0430002       	0.218218	0.386986	1       	0.130257
49 	398  	163      	204     	0.5     	0.848729	0.886198	0.0430036       	0.218218	0.387064	1       	0.130281

CURRENT HALLS OF FAME

PARETO FRONT
Number of solutions = 14
(0.8861980287418884, 0.2581988897471611) 14 features: [0_age_at_initial_pathologic_diagnosis, 1_hsa.miR.10b.5p, 1_hsa.miR.1266.5p, 1_hsa.miR.148a.5p, 1_hsa.miR.15b.5p, 1_hsa.miR.2355.3p, 1_hsa.miR.23b.5p, 1_hsa.miR.3074.5p, 1_hsa.miR.342.5p, 1_hsa.miR.346, 1_hsa.miR.34c.3p, 1_hsa.miR.381.3p, 1_hsa.miR.511.5p, 1_hsa.miR.9.3p]
(0.8845322481287393, 0.2773500981126146) 12 features: [0_age_at_initial_pathologic_diagnosis, 1_hsa.let.7f.5p, 1_hsa.miR.10b.5p, 1_hsa.miR.15b.5p, 1_hsa.miR.16.1.3p, 1_hsa.miR.23b.5p, 1_hsa.miR.3074.5p, 1_hsa.miR.346, 1_hsa.miR.511.5p, 1_hsa.miR.7974, 1_hsa.miR.9.3p, 1_hsa.miR.302a.5p]
(0.8831609748276414, 0.28867513459481287) 11 features: [0_age_at_initial_pathologic_diagnosis, 1_hsa.miR.10b.5p, 1_hsa.miR.148a.5p, 1_hsa.miR.15b.5p, 1_hsa.miR.2355.3p, 1_hsa.miR.23b.5p, 1_hsa.miR.3074.5p, 1_hsa.miR.342.5p, 1_hsa.miR.34c.3p, 1_hsa.miR.511.5p, 1_hsa.miR.9.3p]
(0.881696454942069, 0.30151134457776363) 10 features: [0_age_at_initial_pathologic_diagnosis, 1_hsa.miR.10b.5p, 1_hsa.miR.127.5p, 1_hsa.miR.1296.5p, 1_hsa.miR.15b.5p, 1_hsa.miR.23b.5p, 1_hsa.miR.346, 1_hsa.miR.511.5p, 1_hsa.miR.302a.5p, 1_hsa.miR.518e.3p]
(0.8794467228677755, 0.31622776601683794) 9 features: [0_age_at_initial_pathologic_diagnosis, 1_hsa.miR.10b.5p, 1_hsa.miR.1287.5p, 1_hsa.miR.1296.5p, 1_hsa.miR.15b.5p, 1_hsa.miR.23b.5p, 1_hsa.miR.346, 1_hsa.miR.382.5p, 1_hsa.miR.511.5p]
(0.8793393416200433, 0.3333333333333333) 8 features: [0_age_at_initial_pathologic_diagnosis, 1_hsa.miR.10b.5p, 1_hsa.miR.1266.5p, 1_hsa.miR.127.5p, 1_hsa.miR.1296.5p, 1_hsa.miR.15b.5p, 1_hsa.miR.23b.5p, 1_hsa.miR.511.5p]
(0.8781585698252364, 0.3535533905932738) 7 features: [0_age_at_initial_pathologic_diagnosis, 1_hsa.miR.10b.5p, 1_hsa.miR.1287.3p, 1_hsa.miR.1296.5p, 1_hsa.miR.15b.5p, 1_hsa.miR.455.5p, 1_hsa.miR.511.5p]
(0.8743894669333265, 0.3779644730092272) 6 features: [0_age_at_initial_pathologic_diagnosis, 1_hsa.miR.100.5p, 1_hsa.miR.10b.5p, 1_hsa.miR.15b.5p, 1_hsa.miR.23b.5p, 1_hsa.miR.511.5p]
(0.8653415947275596, 0.408248290463863) 5 features: [0_age_at_initial_pathologic_diagnosis, 1_hsa.miR.10b.5p, 1_hsa.miR.1287.3p, 1_hsa.miR.15b.5p, 1_hsa.miR.511.5p]
(0.8577517024885446, 0.4472135954999579) 4 features: [0_age_at_initial_pathologic_diagnosis, 1_hsa.miR.1296.5p, 1_hsa.miR.15b.5p, 1_hsa.miR.23b.5p]
(0.8501014742242813, 0.5) [0_age_at_initial_pathologic_diagnosis, 1_hsa.miR.10b.5p, 1_hsa.miR.15b.5p]
(0.8355100714749838, 0.5773502691896257) [0_age_at_initial_pathologic_diagnosis, 1_hsa.miR.15b.5p]
(0.7901637511286634, 0.7071067811865476) [1_hsa.miR.15b.5p]
(0.5, 1.0) []
Features in hall of fame by prevalence:
26 features: [1_hsa.miR.15b.5p, 0_age_at_initial_pathologic_diagnosis, 1_hsa.miR.10b.5p, 1_hsa.miR.511.5p, 1_hsa.miR.23b.5p, 1_hsa.miR.1296.5p, 1_hsa.miR.346, 1_hsa.miR.3074.5p, 1_hsa.miR.9.3p, 1_hsa.miR.1266.5p, 1_hsa.miR.127.5p, 1_hsa.miR.1287.3p, 1_hsa.miR.148a.5p, 1_hsa.miR.2355.3p, 1_hsa.miR.342.5p, 1_hsa.miR.34c.3p, 1_hsa.miR.302a.5p, 1_hsa.let.7f.5p, 1_hsa.miR.100.5p, 1_hsa.miR.1287.5p, 1_hsa.miR.16.1.3p, 1_hsa.miR.381.3p, 1_hsa.miR.382.5p, 1_hsa.miR.455.5p, 1_hsa.miR.7974, 1_hsa.miR.518e.3p]

LAST POPULATION
Number of solutions = 500
Features in hall of fame by prevalence:
174 features: [1_hsa.miR.15b.5p, 0_age_at_initial_pathologic_diagnosis, 1_hsa.miR.511.5p, 1_hsa.miR.10b.5p, 1_hsa.miR.23b.5p, 1_hsa.miR.346, 1_hsa.miR.1266.5p, 1_hsa.miR.9.3p, 1_hsa.let.7f.5p, 1_hsa.miR.615.3p, 1_hsa.miR.7974, 1_hsa.miR.1296.5p, 1_hsa.miR.148a.5p, 1_hsa.miR.335.3p, 1_hsa.miR.3923, 1_hsa.miR.382.5p, 1_hsa.miR.135a.3p, 1_hsa.miR.142.5p, 1_hsa.miR.450b.5p, 1_hsa.miR.3074.5p, 1_hsa.miR.302a.5p, 1_hsa.miR.766.3p, 1_hsa.miR.34c.3p, 1_hsa.miR.127.5p, 1_hsa.miR.518e.3p, 1_hsa.miR.664a.5p, 1_hsa.miR.527, 1_hsa.miR.2355.3p, 1_hsa.miR.381.3p, 1_hsa.miR.1287.3p, 1_hsa.miR.16.1.3p, 1_hsa.miR.342.5p, 1_hsa.miR.499a.5p, 1_hsa.miR.503.5p, 1_hsa.miR.10b.3p, 1_hsa.miR.151a.3p, 1_hsa.miR.196b.5p, 1_hsa.miR.455.5p, 1_hsa.miR.589.3p, 1_hsa.let.7d.5p, 1_hsa.miR.193a.3p, 1_hsa.miR.3940.3p, 1_hsa.miR.432.5p, 1_hsa.miR.361.5p, 1_hsa.miR.369.3p, 1_hsa.miR.32.3p, 1_hsa.miR.96.5p, 1_hsa.miR.98.5p, 1_hsa.miR.99b.5p, 1_hsa.let.7b.5p, 1_hsa.miR.1287.5p, 1_hsa.miR.130b.3p, 1_hsa.miR.150.3p, 1_hsa.miR.16.5p, 1_hsa.miR.22.5p, 1_hsa.miR.27a.3p, 1_hsa.miR.33a.3p, 1_hsa.miR.455.3p, 1_hsa.miR.664a.3p, 1_hsa.miR.6808.3p, 1_hsa.miR.9.5p, 1_hsa.miR.302b.3p, 1_hsa.miR.513a.3p, 1_hsa.miR.5584.5p, 1_hsa.let.7e.5p, 1_hsa.miR.100.5p, 1_hsa.miR.149.3p, 1_hsa.miR.3677.3p, 1_hsa.miR.411.5p, 1_hsa.miR.10a.5p, 1_hsa.miR.135b.5p, 1_hsa.miR.141.5p, 1_hsa.miR.143.5p, 1_hsa.miR.146b.3p, 1_hsa.miR.150.5p, 1_hsa.miR.151b, 1_hsa.miR.181b.5p, 1_hsa.miR.193a.5p, 1_hsa.miR.200a.3p, 1_hsa.miR.215.3p, 1_hsa.miR.216a.3p, 1_hsa.miR.222.5p, 1_hsa.miR.26a.5p, 1_hsa.miR.27b.5p, 1_hsa.miR.34b.3p, 1_hsa.miR.423.5p, 1_hsa.miR.4473, 1_hsa.miR.548v, 1_hsa.miR.651.5p, 1_hsa.miR.937.3p, 1_hsa.miR.105.5p, 1_hsa.miR.125a.5p, 1_hsa.miR.126.5p, 1_hsa.miR.141.3p, 1_hsa.miR.143.3p, 1_hsa.miR.148b.3p, 1_hsa.miR.155.5p, 1_hsa.miR.191.5p, 1_hsa.miR.196a.5p, 1_hsa.miR.196b.3p, ...]

BEST SUMS WITH SIZE 50
Number of solutions = 50
Features in hall of fame by prevalence:
36 features: [1_hsa.miR.15b.5p, 0_age_at_initial_pathologic_diagnosis, 1_hsa.miR.148a.5p, 1_hsa.miR.23b.5p, 1_hsa.miR.10b.3p, 1_hsa.miR.10b.5p, 1_hsa.miR.155.5p, 1_hsa.miR.27b.5p, 1_hsa.miR.3677.3p, 1_hsa.miR.615.3p, 1_hsa.miR.664a.3p, 1_hsa.miR.9.5p, 1_hsa.miR.10a.5p, 1_hsa.miR.1266.5p, 1_hsa.miR.1296.5p, 1_hsa.miR.135b.5p, 1_hsa.miR.146b.3p, 1_hsa.miR.149.3p, 1_hsa.miR.16.5p, 1_hsa.miR.196a.5p, 1_hsa.miR.196b.5p, 1_hsa.miR.1976, 1_hsa.miR.200a.5p, 1_hsa.miR.222.3p, 1_hsa.miR.222.5p, 1_hsa.miR.27a.5p, 1_hsa.miR.335.3p, 1_hsa.miR.4746.5p, 1_hsa.miR.511.5p, 1_hsa.miR.532.3p, 1_hsa.miR.651.5p, 1_hsa.miR.671.5p, 1_hsa.miR.6892.5p, 1_hsa.miR.9.3p, 1_hsa.miR.99b.3p, 1_hsa.miR.99b.5p]

BEST SUMS WITH SIZE 100
Number of solutions = 100
Features in hall of fame by prevalence:
51 features: [0_age_at_initial_pathologic_diagnosis, 1_hsa.miR.15b.5p, 1_hsa.miR.10b.5p, 1_hsa.miR.10b.3p, 1_hsa.miR.1266.5p, 1_hsa.miR.148a.5p, 1_hsa.miR.135b.5p, 1_hsa.miR.196b.5p, 1_hsa.miR.23b.5p, 1_hsa.miR.335.3p, 1_hsa.miR.615.3p, 1_hsa.miR.664a.3p, 1_hsa.miR.6892.5p, 1_hsa.miR.10a.5p, 1_hsa.miR.146b.3p, 1_hsa.miR.149.3p, 1_hsa.miR.155.5p, 1_hsa.miR.16.5p, 1_hsa.miR.196a.5p, 1_hsa.miR.1976, 1_hsa.miR.200a.5p, 1_hsa.miR.222.3p, 1_hsa.miR.222.5p, 1_hsa.miR.27a.5p, 1_hsa.miR.27b.5p, 1_hsa.miR.3677.3p, 1_hsa.miR.455.3p, 1_hsa.miR.4746.5p, 1_hsa.miR.532.3p, 1_hsa.miR.651.5p, 1_hsa.miR.671.5p, 1_hsa.miR.9.5p, 1_hsa.miR.99b.3p, 1_hsa.miR.99b.5p, 1_hsa.miR.1296.5p, 1_hsa.miR.135a.3p, 1_hsa.miR.191.5p, 1_hsa.miR.196b.3p, 1_hsa.miR.28.5p, 1_hsa.miR.3074.5p, 1_hsa.miR.346, 1_hsa.miR.378d, 1_hsa.miR.4431, 1_hsa.miR.4473, 1_hsa.miR.449b.5p, 1_hsa.miR.501.3p, 1_hsa.miR.511.5p, 1_hsa.miR.7974, 1_hsa.miR.9.3p, 1_hsa.miR.302a.5p, 1_hsa.miR.302b.3p]

STARTING SWEEP NUMBER 2
folds_creator_seed = 1935267891

ASSIGNING STRATA FOR MULTI-OUTCOME DATA LGG_MV
Assigning strata for outcome named survival of type survival
Counts:
censored 0: 160
censored 1: 93
deceased 0: 39
deceased 1: 37
ga_runner_seed = 1812893222
VIEW: CLINIC
   	     	         	        	  survival SKSurv Cox model concordance index   	                 root leanness                  
   	     	         	        	------------------------------------------------	------------------------------------------------
gen	evals	gen_feats	explored	min	avg     	max     	std                  	min     	avg     	max	std     
0  	0    	1        	1       	0.5	0.683352	0.750481	0.110942             	0.707107	0.785602	1  	0.129728
1  	240  	1        	1       	0.5	0.62524 	0.750481	0.12524              	0.707107	0.853553	1  	0.146447
2  	249  	1        	1       	0.5	0.62524 	0.750481	0.12524              	0.707107	0.853553	1  	0.146447
3  	236  	1        	1       	0.5	0.62524 	0.750481	0.12524              	0.707107	0.853553	1  	0.146447
4  	239  	1        	1       	0.5	0.62524 	0.750481	0.12524              	0.707107	0.853553	1  	0.146447
5  	259  	1        	1       	0.5	0.62524 	0.750481	0.12524              	0.707107	0.853553	1  	0.146447
6  	271  	1        	1       	0.5	0.62524 	0.750481	0.12524              	0.707107	0.853553	1  	0.146447
7  	227  	1        	1       	0.5	0.62524 	0.750481	0.12524              	0.707107	0.853553	1  	0.146447
8  	254  	1        	1       	0.5	0.62524 	0.750481	0.12524              	0.707107	0.853553	1  	0.146447
9  	251  	1        	1       	0.5	0.62524 	0.750481	0.12524              	0.707107	0.853553	1  	0.146447
10 	218  	1        	1       	0.5	0.62524 	0.750481	0.12524              	0.707107	0.853553	1  	0.146447
11 	227  	1        	1       	0.5	0.62524 	0.750481	0.12524              	0.707107	0.853553	1  	0.146447
12 	251  	1        	1       	0.5	0.62524 	0.750481	0.12524              	0.707107	0.853553	1  	0.146447
13 	255  	1        	1       	0.5	0.62524 	0.750481	0.12524              	0.707107	0.853553	1  	0.146447
14 	250  	1        	1       	0.5	0.62524 	0.750481	0.12524              	0.707107	0.853553	1  	0.146447
15 	271  	1        	1       	0.5	0.62524 	0.750481	0.12524              	0.707107	0.853553	1  	0.146447
16 	266  	1        	1       	0.5	0.62524 	0.750481	0.12524              	0.707107	0.853553	1  	0.146447
17 	250  	1        	1       	0.5	0.62524 	0.750481	0.12524              	0.707107	0.853553	1  	0.146447
18 	258  	1        	1       	0.5	0.62524 	0.750481	0.12524              	0.707107	0.853553	1  	0.146447
19 	242  	1        	1       	0.5	0.62524 	0.750481	0.12524              	0.707107	0.853553	1  	0.146447
20 	257  	1        	1       	0.5	0.62524 	0.750481	0.12524              	0.707107	0.853553	1  	0.146447
21 	240  	1        	1       	0.5	0.62524 	0.750481	0.12524              	0.707107	0.853553	1  	0.146447
22 	231  	1        	1       	0.5	0.62524 	0.750481	0.12524              	0.707107	0.853553	1  	0.146447
23 	263  	1        	1       	0.5	0.62524 	0.750481	0.12524              	0.707107	0.853553	1  	0.146447
24 	265  	1        	1       	0.5	0.62524 	0.750481	0.12524              	0.707107	0.853553	1  	0.146447
25 	251  	1        	1       	0.5	0.62524 	0.750481	0.12524              	0.707107	0.853553	1  	0.146447
26 	277  	1        	1       	0.5	0.62524 	0.750481	0.12524              	0.707107	0.853553	1  	0.146447
27 	254  	1        	1       	0.5	0.62524 	0.750481	0.12524              	0.707107	0.853553	1  	0.146447
28 	273  	1        	1       	0.5	0.62524 	0.750481	0.12524              	0.707107	0.853553	1  	0.146447
29 	248  	1        	1       	0.5	0.62524 	0.750481	0.12524              	0.707107	0.853553	1  	0.146447
30 	243  	1        	1       	0.5	0.62524 	0.750481	0.12524              	0.707107	0.853553	1  	0.146447
31 	261  	1        	1       	0.5	0.62524 	0.750481	0.12524              	0.707107	0.853553	1  	0.146447
32 	237  	1        	1       	0.5	0.62524 	0.750481	0.12524              	0.707107	0.853553	1  	0.146447
33 	261  	1        	1       	0.5	0.62524 	0.750481	0.12524              	0.707107	0.853553	1  	0.146447
34 	248  	1        	1       	0.5	0.62524 	0.750481	0.12524              	0.707107	0.853553	1  	0.146447
35 	247  	1        	1       	0.5	0.62524 	0.750481	0.12524              	0.707107	0.853553	1  	0.146447
36 	250  	1        	1       	0.5	0.62524 	0.750481	0.12524              	0.707107	0.853553	1  	0.146447
37 	281  	1        	1       	0.5	0.62524 	0.750481	0.12524              	0.707107	0.853553	1  	0.146447
38 	244  	1        	1       	0.5	0.62524 	0.750481	0.12524              	0.707107	0.853553	1  	0.146447
39 	280  	1        	1       	0.5	0.62524 	0.750481	0.12524              	0.707107	0.853553	1  	0.146447
40 	260  	1        	1       	0.5	0.62524 	0.750481	0.12524              	0.707107	0.853553	1  	0.146447
41 	249  	1        	1       	0.5	0.62524 	0.750481	0.12524              	0.707107	0.853553	1  	0.146447
42 	234  	1        	1       	0.5	0.62524 	0.750481	0.12524              	0.707107	0.853553	1  	0.146447
43 	243  	1        	1       	0.5	0.62524 	0.750481	0.12524              	0.707107	0.853553	1  	0.146447
44 	246  	1        	1       	0.5	0.62524 	0.750481	0.12524              	0.707107	0.853553	1  	0.146447
45 	257  	1        	1       	0.5	0.62524 	0.750481	0.12524              	0.707107	0.853553	1  	0.146447
46 	241  	1        	1       	0.5	0.62524 	0.750481	0.12524              	0.707107	0.853553	1  	0.146447
47 	256  	1        	1       	0.5	0.62524 	0.750481	0.12524              	0.707107	0.853553	1  	0.146447
48 	259  	1        	1       	0.5	0.62524 	0.750481	0.12524              	0.707107	0.853553	1  	0.146447
49 	253  	1        	1       	0.5	0.62524 	0.750481	0.12524              	0.707107	0.853553	1  	0.146447

ASSIGNING STRATA FOR MULTI-OUTCOME DATA LGG_MV
Assigning strata for outcome named survival of type survival
Counts:
censored 0: 160
censored 1: 93
deceased 0: 39
deceased 1: 37
VIEW: LOG_MIRNA
   	     	         	        	   survival SKSurv Cox model concordance index   	                 root leanness                  
   	     	         	        	-------------------------------------------------	------------------------------------------------
gen	evals	gen_feats	explored	min	avg     	max     	std                  	min     	avg     	max	std     
0  	0    	173      	173     	0.5	0.842069	0.897004	0.0521482            	0.223607	0.410985	1  	0.144033
1  	393  	229      	252     	0.5	0.842222	0.897004	0.0482207            	0.223607	0.394792	1  	0.131345
2  	356  	240      	287     	0.5	0.842941	0.897004	0.0493856            	0.223607	0.394454	1  	0.133023
3  	364  	246      	302     	0.5	0.844269	0.897004	0.0477233            	0.223607	0.392895	1  	0.132345
4  	393  	250      	307     	0.5	0.844811	0.897004	0.0477699            	0.223607	0.391806	1  	0.132783
5  	399  	240      	309     	0.5	0.845721	0.897004	0.0469388            	0.223607	0.389753	1  	0.132169
6  	392  	243      	312     	0.5	0.845909	0.897004	0.0469789            	0.223607	0.389717	1  	0.132215
7  	365  	237      	312     	0.5	0.846443	0.897004	0.0460861            	0.223607	0.388902	1  	0.132713
8  	375  	232      	312     	0.5	0.847361	0.897004	0.0452859            	0.223607	0.386215	1  	0.132237
9  	370  	244      	312     	0.5	0.84748 	0.897004	0.0452493            	0.223607	0.386227	1  	0.132232
10 	376  	239      	312     	0.5	0.847648	0.897004	0.0453278            	0.223607	0.385969	1  	0.13249 
11 	377  	235      	312     	0.5	0.848062	0.897004	0.0453525            	0.223607	0.384764	1  	0.132966
12 	355  	224      	312     	0.5	0.848272	0.897004	0.04513              	0.223607	0.384683	1  	0.132771
13 	346  	248      	312     	0.5	0.84843 	0.897004	0.0452043            	0.223607	0.384578	1  	0.132996
14 	379  	246      	312     	0.5	0.849218	0.897004	0.0444422            	0.223607	0.382295	1  	0.132592
15 	381  	239      	312     	0.5	0.84945 	0.897004	0.0444978            	0.223607	0.381464	1  	0.132881
16 	382  	240      	312     	0.5	0.850145	0.897004	0.043945             	0.223607	0.37923 	1  	0.132338
17 	386  	236      	312     	0.5	0.850287	0.897004	0.0439802            	0.223607	0.379106	1  	0.132204
18 	373  	245      	312     	0.5	0.850269	0.897004	0.0440869            	0.213201	0.379582	1  	0.132552
19 	369  	243      	312     	0.5	0.850528	0.897004	0.0440845            	0.213201	0.378811	1  	0.132507
20 	365  	248      	312     	0.5	0.851039	0.897004	0.0441038            	0.204124	0.376551	1  	0.132822
21 	381  	235      	312     	0.5	0.85148 	0.897004	0.0435431            	0.204124	0.375319	1  	0.132281
22 	363  	227      	312     	0.5	0.850503	0.897004	0.0446285            	0.204124	0.378876	1  	0.132473
23 	380  	248      	312     	0.5	0.85161 	0.897004	0.0434144            	0.204124	0.375985	1  	0.131855
24 	378  	250      	312     	0.5	0.851482	0.897004	0.0435373            	0.213201	0.376898	1  	0.13206 
25 	384  	241      	312     	0.5	0.851778	0.897004	0.0434868            	0.213201	0.375862	1  	0.131775
26 	375  	248      	312     	0.5	0.851624	0.897004	0.0435282            	0.213201	0.377047	1  	0.13166 
27 	359  	238      	312     	0.5	0.851938	0.897004	0.0435472            	0.213201	0.375954	1  	0.131708
28 	377  	240      	312     	0.5	0.851969	0.897004	0.0435659            	0.208514	0.37579 	1  	0.131882
29 	384  	243      	312     	0.5	0.852028	0.897004	0.0435936            	0.208514	0.375702	1  	0.131945
30 	397  	240      	312     	0.5	0.852121	0.897004	0.0436529            	0.208514	0.375994	1  	0.131693
31 	375  	242      	312     	0.5	0.852231	0.897004	0.0437051            	0.208514	0.375651	1  	0.131952
32 	366  	238      	312     	0.5	0.852294	0.897004	0.043735             	0.208514	0.375731	1  	0.13194 
33 	374  	248      	312     	0.5	0.851345	0.897004	0.0446775            	0.218218	0.379591	1  	0.13176 
34 	376  	245      	312     	0.5	0.851741	0.897004	0.0443701            	0.218218	0.37875 	1  	0.132153
35 	376  	244      	312     	0.5	0.851841	0.897004	0.044391             	0.218218	0.378384	1  	0.132368
36 	362  	243      	312     	0.5	0.85185 	0.897004	0.0444787            	0.213201	0.378865	1  	0.132265
37 	371  	245      	312     	0.5	0.852456	0.897004	0.0440049            	0.213201	0.377571	1  	0.131654
38 	377  	235      	312     	0.5	0.852902	0.897004	0.0440122            	0.213201	0.375911	1  	0.131747
39 	376  	240      	312     	0.5	0.853454	0.897004	0.044109             	0.213201	0.3737  	1  	0.132285
40 	393  	238      	312     	0.5	0.853328	0.897004	0.044266             	0.213201	0.374803	1  	0.132519
41 	387  	242      	312     	0.5	0.854285	0.897004	0.043788             	0.213201	0.372133	1  	0.131666
42 	381  	251      	312     	0.5	0.854456	0.897004	0.0438947            	0.213201	0.37172 	1  	0.13201 
43 	370  	237      	312     	0.5	0.855562	0.897004	0.0434656            	0.213201	0.36802 	1  	0.131783
44 	359  	245      	312     	0.5	0.855897	0.897004	0.0435918            	0.204124	0.366783	1  	0.132416
45 	380  	240      	312     	0.5	0.856791	0.897004	0.0430847            	0.196116	0.363627	1  	0.132023
46 	375  	237      	312     	0.5	0.857047	0.897004	0.0431814            	0.196116	0.362874	1  	0.132459
47 	388  	239      	312     	0.5	0.858201	0.898316	0.0427574            	0.196116	0.359124	1  	0.132156
48 	388  	245      	312     	0.5	0.858428	0.898316	0.0428926            	0.196116	0.359204	1  	0.132128
49 	371  	232      	312     	0.5	0.858986	0.898316	0.0431041            	0.196116	0.357626	1  	0.132661

STARTING MASTER RUNNER RESAMPLING
Generations completed = 10
Generations completed = 26
Generations completed = 42
MASTER
   	     	         	        	       survival SKSurv Cox model concordance index       	                     root leanness                      
   	     	         	        	---------------------------------------------------------	--------------------------------------------------------
gen	evals	gen_feats	explored	min     	avg     	max     	std             	min     	avg     	max     	std     
0  	500  	166      	166     	0.706059	0.848078	0.884149	0.0299451       	0.204124	0.333174	0.707107	0.110352
1  	412  	163      	176     	0.706059	0.849974	0.884149	0.0307273       	0.2     	0.35454 	0.707107	0.114275
2  	406  	158      	178     	0.706059	0.850095	0.884149	0.0328147       	0.2     	0.371942	0.707107	0.114923
3  	398  	157      	181     	0.70422 	0.849299	0.884149	0.035268        	0.2     	0.381188	0.707107	0.120276
4  	406  	163      	183     	0.70422 	0.850392	0.884149	0.0351314       	0.2     	0.381086	0.707107	0.121248
5  	405  	164      	183     	0.70422 	0.850711	0.886268	0.0351942       	0.2     	0.38289 	0.707107	0.121717
6  	418  	161      	185     	0.70422 	0.850983	0.886268	0.0352484       	0.2     	0.382766	0.707107	0.122114
7  	407  	154      	185     	0.70422 	0.850801	0.886268	0.0360761       	0.2     	0.383312	0.707107	0.123674
8  	404  	158      	187     	0.70422 	0.851083	0.886268	0.0361337       	0.2     	0.383265	0.707107	0.123679
9  	410  	164      	187     	0.70422 	0.851129	0.886268	0.0361552       	0.2     	0.383493	0.707107	0.123537
10 	393  	161      	187     	0.5     	0.850442	0.886268	0.0394002       	0.2     	0.384835	1       	0.126551
11 	402  	161      	187     	0.5     	0.85044 	0.886268	0.0393997       	0.2     	0.38489 	1       	0.126515
12 	402  	150      	187     	0.5     	0.85045 	0.886268	0.0394009       	0.2     	0.38489 	1       	0.126515
13 	406  	153      	187     	0.5     	0.850457	0.886268	0.0393963       	0.2     	0.38489 	1       	0.126515
14 	404  	160      	187     	0.5     	0.850503	0.886268	0.0394141       	0.2     	0.384757	1       	0.126622
15 	412  	158      	187     	0.5     	0.850503	0.886268	0.0394141       	0.2     	0.384757	1       	0.126622
16 	407  	159      	187     	0.5     	0.850503	0.886268	0.0394141       	0.2     	0.384757	1       	0.126622
17 	415  	160      	187     	0.5     	0.850503	0.886268	0.0394141       	0.2     	0.384757	1       	0.126622
18 	403  	150      	187     	0.5     	0.850526	0.886268	0.0394242       	0.2     	0.384709	1       	0.126658
19 	412  	156      	187     	0.5     	0.850527	0.886268	0.0394224       	0.2     	0.384709	1       	0.126658
20 	430  	165      	187     	0.5     	0.850527	0.886268	0.0394224       	0.2     	0.384709	1       	0.126658
21 	400  	165      	187     	0.5     	0.850228	0.886268	0.0399601       	0.2     	0.385367	1       	0.127474
22 	400  	163      	187     	0.5     	0.850213	0.886268	0.0399576       	0.2     	0.385491	1       	0.127437
23 	399  	153      	187     	0.5     	0.850215	0.886268	0.0399577       	0.2     	0.385491	1       	0.127437
24 	408  	165      	187     	0.5     	0.850215	0.886268	0.0399577       	0.2     	0.385491	1       	0.127437
25 	392  	164      	187     	0.5     	0.850228	0.886268	0.03996         	0.2     	0.385338	1       	0.127492
26 	406  	162      	187     	0.5     	0.850213	0.886268	0.0399575       	0.2     	0.385491	1       	0.127437
27 	403  	165      	187     	0.5     	0.850213	0.886268	0.0399576       	0.2     	0.385491	1       	0.127437
28 	420  	164      	187     	0.5     	0.850213	0.886268	0.0399576       	0.2     	0.385491	1       	0.127437
29 	400  	161      	187     	0.5     	0.850213	0.886268	0.0399576       	0.2     	0.385491	1       	0.127437
30 	393  	160      	187     	0.5     	0.850228	0.886268	0.0399601       	0.2     	0.385367	1       	0.127474
31 	420  	169      	187     	0.5     	0.850212	0.886268	0.0399575       	0.2     	0.385491	1       	0.127437
32 	410  	157      	187     	0.5     	0.850213	0.886268	0.0399576       	0.2     	0.385491	1       	0.127437
33 	417  	158      	187     	0.5     	0.850213	0.886268	0.0399576       	0.2     	0.385491	1       	0.127437
34 	414  	162      	187     	0.5     	0.850213	0.886268	0.0399576       	0.2     	0.385491	1       	0.127437
35 	413  	160      	187     	0.5     	0.850213	0.886268	0.0399576       	0.2     	0.385491	1       	0.127437
36 	408  	158      	187     	0.5     	0.850213	0.886268	0.0399576       	0.2     	0.385491	1       	0.127437
37 	405  	158      	187     	0.5     	0.850228	0.886268	0.03996         	0.2     	0.385338	1       	0.127492
38 	405  	160      	187     	0.5     	0.850213	0.886268	0.0399576       	0.2     	0.385491	1       	0.127437
39 	402  	164      	187     	0.5     	0.850228	0.886268	0.03996         	0.2     	0.385338	1       	0.127492
40 	400  	163      	187     	0.5     	0.850208	0.886268	0.0399574       	0.2     	0.385491	1       	0.127437
41 	407  	154      	187     	0.5     	0.850213	0.886268	0.0399575       	0.2     	0.385491	1       	0.127437
42 	406  	164      	187     	0.5     	0.850213	0.886268	0.0399575       	0.2     	0.385491	1       	0.127437
43 	406  	153      	187     	0.5     	0.850215	0.886268	0.0399577       	0.2     	0.385491	1       	0.127437
44 	404  	163      	187     	0.5     	0.850215	0.886268	0.0399577       	0.2     	0.385491	1       	0.127437
45 	408  	157      	187     	0.5     	0.850215	0.886268	0.0399577       	0.2     	0.385491	1       	0.127437
46 	404  	160      	187     	0.5     	0.850215	0.886268	0.0399577       	0.2     	0.385491	1       	0.127437
47 	404  	165      	187     	0.5     	0.850215	0.886268	0.0399577       	0.2     	0.385491	1       	0.127437
48 	413  	155      	187     	0.5     	0.850228	0.886268	0.0399601       	0.2     	0.385367	1       	0.127474
49 	395  	160      	187     	0.5     	0.850208	0.886268	0.0399574       	0.2     	0.385491	1       	0.127437

CURRENT HALLS OF FAME

PARETO FRONT
Number of solutions = 15
(0.886268069162806, 0.25) 15 features: [0_age_at_initial_pathologic_diagnosis, 1_hsa.miR.10b.5p, 1_hsa.miR.1287.3p, 1_hsa.miR.135a.3p, 1_hsa.miR.155.3p, 1_hsa.miR.15b.5p, 1_hsa.miR.346, 1_hsa.miR.382.5p, 1_hsa.miR.450a.5p, 1_hsa.miR.493.3p, 1_hsa.miR.511.5p, 1_hsa.miR.590.3p, 1_hsa.miR.937.3p, 1_hsa.miR.9.3p, 1_hsa.miR.98.5p]
(0.8861980287418884, 0.2581988897471611) 14 features: [0_age_at_initial_pathologic_diagnosis, 1_hsa.miR.10b.5p, 1_hsa.miR.1266.5p, 1_hsa.miR.148a.5p, 1_hsa.miR.15b.5p, 1_hsa.miR.2355.3p, 1_hsa.miR.23b.5p, 1_hsa.miR.3074.5p, 1_hsa.miR.342.5p, 1_hsa.miR.346, 1_hsa.miR.34c.3p, 1_hsa.miR.381.3p, 1_hsa.miR.511.5p, 1_hsa.miR.9.3p]
(0.8845322481287393, 0.2773500981126146) 12 features: [0_age_at_initial_pathologic_diagnosis, 1_hsa.let.7f.5p, 1_hsa.miR.10b.5p, 1_hsa.miR.15b.5p, 1_hsa.miR.16.1.3p, 1_hsa.miR.23b.5p, 1_hsa.miR.3074.5p, 1_hsa.miR.346, 1_hsa.miR.511.5p, 1_hsa.miR.7974, 1_hsa.miR.9.3p, 1_hsa.miR.302a.5p]
(0.8831609748276414, 0.28867513459481287) 11 features: [0_age_at_initial_pathologic_diagnosis, 1_hsa.miR.10b.5p, 1_hsa.miR.148a.5p, 1_hsa.miR.15b.5p, 1_hsa.miR.2355.3p, 1_hsa.miR.23b.5p, 1_hsa.miR.3074.5p, 1_hsa.miR.342.5p, 1_hsa.miR.34c.3p, 1_hsa.miR.511.5p, 1_hsa.miR.9.3p]
(0.881696454942069, 0.30151134457776363) 10 features: [0_age_at_initial_pathologic_diagnosis, 1_hsa.miR.10b.5p, 1_hsa.miR.127.5p, 1_hsa.miR.1296.5p, 1_hsa.miR.15b.5p, 1_hsa.miR.23b.5p, 1_hsa.miR.346, 1_hsa.miR.511.5p, 1_hsa.miR.302a.5p, 1_hsa.miR.518e.3p]
(0.8794467228677755, 0.31622776601683794) 9 features: [0_age_at_initial_pathologic_diagnosis, 1_hsa.miR.10b.5p, 1_hsa.miR.1287.5p, 1_hsa.miR.1296.5p, 1_hsa.miR.15b.5p, 1_hsa.miR.23b.5p, 1_hsa.miR.346, 1_hsa.miR.382.5p, 1_hsa.miR.511.5p]
(0.8793393416200433, 0.3333333333333333) 8 features: [0_age_at_initial_pathologic_diagnosis, 1_hsa.miR.10b.5p, 1_hsa.miR.1266.5p, 1_hsa.miR.127.5p, 1_hsa.miR.1296.5p, 1_hsa.miR.15b.5p, 1_hsa.miR.23b.5p, 1_hsa.miR.511.5p]
(0.8781585698252364, 0.3535533905932738) 7 features: [0_age_at_initial_pathologic_diagnosis, 1_hsa.miR.10b.5p, 1_hsa.miR.1287.3p, 1_hsa.miR.1296.5p, 1_hsa.miR.15b.5p, 1_hsa.miR.455.5p, 1_hsa.miR.511.5p]
(0.8743894669333265, 0.3779644730092272) 6 features: [0_age_at_initial_pathologic_diagnosis, 1_hsa.miR.100.5p, 1_hsa.miR.10b.5p, 1_hsa.miR.15b.5p, 1_hsa.miR.23b.5p, 1_hsa.miR.511.5p]
(0.8653415947275596, 0.408248290463863) 5 features: [0_age_at_initial_pathologic_diagnosis, 1_hsa.miR.10b.5p, 1_hsa.miR.1287.3p, 1_hsa.miR.15b.5p, 1_hsa.miR.511.5p]
(0.8577517024885446, 0.4472135954999579) 4 features: [0_age_at_initial_pathologic_diagnosis, 1_hsa.miR.1296.5p, 1_hsa.miR.15b.5p, 1_hsa.miR.23b.5p]
(0.8501014742242813, 0.5) [0_age_at_initial_pathologic_diagnosis, 1_hsa.miR.10b.5p, 1_hsa.miR.15b.5p]
(0.8355100714749838, 0.5773502691896257) [0_age_at_initial_pathologic_diagnosis, 1_hsa.miR.15b.5p]
(0.7901637511286634, 0.7071067811865476) [1_hsa.miR.15b.5p]
(0.5, 1.0) []
Features in hall of fame by prevalence:
33 features: [1_hsa.miR.15b.5p, 0_age_at_initial_pathologic_diagnosis, 1_hsa.miR.10b.5p, 1_hsa.miR.511.5p, 1_hsa.miR.23b.5p, 1_hsa.miR.1296.5p, 1_hsa.miR.346, 1_hsa.miR.9.3p, 1_hsa.miR.1287.3p, 1_hsa.miR.3074.5p, 1_hsa.miR.1266.5p, 1_hsa.miR.127.5p, 1_hsa.miR.148a.5p, 1_hsa.miR.2355.3p, 1_hsa.miR.342.5p, 1_hsa.miR.34c.3p, 1_hsa.miR.382.5p, 1_hsa.miR.302a.5p, 1_hsa.let.7f.5p, 1_hsa.miR.100.5p, 1_hsa.miR.1287.5p, 1_hsa.miR.135a.3p, 1_hsa.miR.155.3p, 1_hsa.miR.16.1.3p, 1_hsa.miR.381.3p, 1_hsa.miR.450a.5p, 1_hsa.miR.455.5p, 1_hsa.miR.493.3p, 1_hsa.miR.590.3p, 1_hsa.miR.7974, 1_hsa.miR.937.3p, 1_hsa.miR.98.5p, 1_hsa.miR.518e.3p]

LAST POPULATION
Number of solutions = 500
Features in hall of fame by prevalence:
146 features: [1_hsa.miR.15b.5p, 1_hsa.miR.10b.5p, 0_age_at_initial_pathologic_diagnosis, 1_hsa.miR.511.5p, 1_hsa.miR.346, 1_hsa.miR.9.3p, 1_hsa.miR.23b.5p, 1_hsa.miR.382.5p, 1_hsa.miR.1266.5p, 1_hsa.let.7f.5p, 1_hsa.miR.135a.3p, 1_hsa.miR.493.3p, 1_hsa.miR.142.5p, 1_hsa.miR.1287.3p, 1_hsa.miR.335.3p, 1_hsa.miR.98.5p, 1_hsa.miR.1296.5p, 1_hsa.miR.937.3p, 1_hsa.miR.7974, 1_hsa.miR.148a.5p, 1_hsa.miR.4431, 1_hsa.miR.155.3p, 1_hsa.miR.3923, 1_hsa.miR.615.3p, 1_hsa.miR.302a.5p, 1_hsa.miR.590.3p, 1_hsa.miR.513a.3p, 1_hsa.miR.127.5p, 1_hsa.miR.146b.3p, 1_hsa.miR.1287.5p, 1_hsa.miR.455.3p, 1_hsa.miR.766.3p, 1_hsa.miR.499a.5p, 1_hsa.let.7g.5p, 1_hsa.miR.450b.5p, 1_hsa.miR.518e.3p, 1_hsa.miR.151a.3p, 1_hsa.miR.361.5p, 1_hsa.miR.589.3p, 1_hsa.miR.99b.5p, 1_hsa.let.7d.5p, 1_hsa.let.7e.5p, 1_hsa.miR.381.3p, 1_hsa.miR.432.5p, 1_hsa.miR.450a.5p, 1_hsa.miR.10b.3p, 1_hsa.miR.3074.5p, 1_hsa.miR.6808.3p, 1_hsa.miR.527, 1_hsa.miR.100.5p, 1_hsa.miR.148b.3p, 1_hsa.miR.196b.5p, 1_hsa.miR.455.5p, 1_hsa.miR.651.5p, 1_hsa.miR.664a.5p, 1_hsa.miR.1228.3p, 1_hsa.miR.28.3p, 1_hsa.miR.29b.1.5p, 1_hsa.miR.32.3p, 1_hsa.miR.33a.3p, 1_hsa.miR.34c.3p, 1_hsa.miR.503.5p, 1_hsa.miR.125a.5p, 1_hsa.miR.146b.5p, 1_hsa.miR.151b, 1_hsa.miR.155.5p, 1_hsa.miR.15b.3p, 1_hsa.miR.215.5p, 1_hsa.miR.34b.3p, 1_hsa.miR.361.3p, 1_hsa.miR.378d, 1_hsa.miR.3940.3p, 1_hsa.miR.411.5p, 1_hsa.miR.6509.5p, 1_hsa.miR.9.5p, 1_hsa.miR.302b.3p, 1_hsa.miR.10a.5p, 1_hsa.miR.126.5p, 1_hsa.miR.135b.5p, 1_hsa.miR.143.5p, 1_hsa.miR.16.1.3p, 1_hsa.miR.16.2.3p, 1_hsa.miR.204.3p, 1_hsa.miR.2355.3p, 1_hsa.miR.378a.3p, 1_hsa.miR.4677.3p, 1_hsa.miR.548v, 1_hsa.miR.664a.3p, 1_hsa.miR.1269a, 1_hsa.miR.130b.3p, 1_hsa.miR.150.5p, 1_hsa.miR.181a.2.3p, 1_hsa.miR.181b.5p, 1_hsa.miR.193a.3p, 1_hsa.miR.196a.5p, 1_hsa.miR.200a.5p, 1_hsa.miR.216a.3p, 1_hsa.miR.222.5p, 1_hsa.miR.24.3p, 1_hsa.miR.27a.5p, ...]

BEST SUMS WITH SIZE 50
Number of solutions = 50
Features in hall of fame by prevalence:
39 features: [1_hsa.miR.15b.5p, 0_age_at_initial_pathologic_diagnosis, 1_hsa.miR.10b.5p, 1_hsa.miR.148a.5p, 1_hsa.miR.155.5p, 1_hsa.miR.23b.5p, 1_hsa.miR.335.3p, 1_hsa.miR.3677.3p, 1_hsa.miR.615.3p, 1_hsa.miR.9.5p, 1_hsa.miR.99b.5p, 1_hsa.let.7e.5p, 1_hsa.miR.10a.5p, 1_hsa.miR.10b.3p, 1_hsa.miR.1266.5p, 1_hsa.miR.135b.5p, 1_hsa.miR.146b.3p, 1_hsa.miR.149.3p, 1_hsa.miR.15b.3p, 1_hsa.miR.16.2.3p, 1_hsa.miR.16.5p, 1_hsa.miR.196a.5p, 1_hsa.miR.1976, 1_hsa.miR.200a.5p, 1_hsa.miR.200b.3p, 1_hsa.miR.222.3p, 1_hsa.miR.222.5p, 1_hsa.miR.27a.5p, 1_hsa.miR.27b.5p, 1_hsa.miR.4677.3p, 1_hsa.miR.4746.5p, 1_hsa.miR.532.3p, 1_hsa.miR.6509.5p, 1_hsa.miR.651.5p, 1_hsa.miR.664a.3p, 1_hsa.miR.671.5p, 1_hsa.miR.6892.5p, 1_hsa.miR.9.3p, 1_hsa.miR.99b.3p]

BEST SUMS WITH SIZE 100
Number of solutions = 100
Features in hall of fame by prevalence:
61 features: [1_hsa.miR.15b.5p, 0_age_at_initial_pathologic_diagnosis, 1_hsa.miR.10b.5p, 1_hsa.miR.1266.5p, 1_hsa.miR.148a.5p, 1_hsa.miR.335.3p, 1_hsa.miR.10b.3p, 1_hsa.miR.196b.5p, 1_hsa.miR.23b.5p, 1_hsa.miR.651.5p, 1_hsa.miR.664a.3p, 1_hsa.miR.99b.5p, 1_hsa.let.7e.5p, 1_hsa.miR.135b.5p, 1_hsa.miR.146b.3p, 1_hsa.miR.155.5p, 1_hsa.miR.15b.3p, 1_hsa.miR.196a.5p, 1_hsa.miR.200a.5p, 1_hsa.miR.222.5p, 1_hsa.miR.27a.5p, 1_hsa.miR.27b.5p, 1_hsa.miR.3677.3p, 1_hsa.miR.4677.3p, 1_hsa.miR.4746.5p, 1_hsa.miR.615.3p, 1_hsa.miR.9.5p, 1_hsa.miR.100.5p, 1_hsa.miR.10a.5p, 1_hsa.miR.125a.5p, 1_hsa.miR.1269a, 1_hsa.miR.1287.3p, 1_hsa.miR.1296.5p, 1_hsa.miR.148b.3p, 1_hsa.miR.149.3p, 1_hsa.miR.155.3p, 1_hsa.miR.16.2.3p, 1_hsa.miR.16.5p, 1_hsa.miR.181b.5p, 1_hsa.miR.191.5p, 1_hsa.miR.1976, 1_hsa.miR.200b.3p, 1_hsa.miR.204.3p, 1_hsa.miR.222.3p, 1_hsa.miR.3074.5p, 1_hsa.miR.346, 1_hsa.miR.3913.5p, 1_hsa.miR.4431, 1_hsa.miR.4473, 1_hsa.miR.449b.5p, 1_hsa.miR.455.3p, 1_hsa.miR.511.5p, 1_hsa.miR.532.3p, 1_hsa.miR.6509.5p, 1_hsa.miR.671.5p, 1_hsa.miR.6892.5p, 1_hsa.miR.7974, 1_hsa.miR.9.3p, 1_hsa.miR.99b.3p, 1_hsa.miR.302a.5p, 1_hsa.miR.302b.3p]

STARTING CONCATENATED OPTIMIZATION
CONCATENATED
   	     	         	        	   survival SKSurv Cox model concordance index   	                 root leanness                  
   	     	         	        	-------------------------------------------------	------------------------------------------------
gen	evals	gen_feats	explored	min	avg     	max     	std                  	min     	avg     	max	std     
0  	0    	146      	146     	0.5	0.850208	0.886268	0.0399574            	0.2     	0.385491	1  	0.127437
1  	365  	218      	232     	0.5	0.850094	0.886268	0.0451641            	0.223607	0.38574 	1  	0.130059
2  	384  	245      	283     	0.5	0.851194	0.886268	0.0454977            	0.218218	0.382403	1  	0.132526
3  	372  	248      	303     	0.5	0.852143	0.889577	0.0446126            	0.218218	0.381203	1  	0.133266
4  	389  	233      	307     	0.5	0.853989	0.889577	0.043984             	0.218218	0.375707	1  	0.133365
5  	385  	248      	309     	0.5	0.855888	0.889808	0.0425146            	0.218218	0.372035	1  	0.131738
6  	387  	242      	310     	0.5	0.855621	0.889808	0.043581             	0.218218	0.375334	1  	0.132329
7  	380  	233      	311     	0.5	0.856446	0.889808	0.0437167            	0.218218	0.372595	1  	0.132831
8  	386  	242      	312     	0.5	0.857533	0.892232	0.0431575            	0.204124	0.37013 	1  	0.133058
9  	361  	242      	313     	0.5	0.858959	0.892232	0.0426997            	0.204124	0.364606	1  	0.133555
10 	376  	248      	313     	0.5	0.859838	0.893163	0.0421708            	0.204124	0.362738	1  	0.132661
11 	364  	256      	313     	0.5	0.861008	0.893163	0.0417246            	0.204124	0.35896 	1  	0.132319
12 	373  	245      	313     	0.5	0.861347	0.893163	0.0418731            	0.204124	0.358277	1  	0.132821
13 	357  	240      	313     	0.5	0.861675	0.893163	0.0420099            	0.204124	0.358408	1  	0.132791
14 	362  	237      	313     	0.5	0.86294 	0.902525	0.0416108            	0.204124	0.35453 	1  	0.132351
15 	400  	253      	313     	0.5	0.86345 	0.902525	0.0418307            	0.204124	0.353016	1  	0.133255
16 	385  	248      	313     	0.5	0.864527	0.902525	0.04132              	0.204124	0.34958 	1  	0.132629
17 	373  	242      	313     	0.5	0.864837	0.902525	0.0414607            	0.204124	0.349479	1  	0.132761
18 	369  	241      	313     	0.5	0.86609 	0.902525	0.0408356            	0.204124	0.345145	1  	0.132352
19 	385  	256      	313     	0.5	0.86632 	0.902525	0.0409891            	0.204124	0.346019	1  	0.131958
20 	386  	249      	313     	0.5	0.866687	0.902525	0.0411487            	0.204124	0.345628	1  	0.131942
21 	395  	248      	313     	0.5	0.866104	0.902525	0.0419701            	0.208514	0.350229	1  	0.132047
22 	359  	234      	313     	0.5	0.866435	0.902671	0.0421208            	0.208514	0.35002 	1  	0.132224
23 	376  	229      	313     	0.5	0.867049	0.902671	0.0422875            	0.204124	0.347565	1  	0.132863
24 	380  	239      	313     	0.5	0.867872	0.903343	0.0417129            	0.204124	0.346199	1  	0.131426
25 	366  	226      	313     	0.5	0.86809 	0.903343	0.0418229            	0.204124	0.3463  	1  	0.13134 
26 	379  	242      	313     	0.5	0.868407	0.904009	0.0419745            	0.204124	0.345559	1  	0.131897
27 	384  	248      	313     	0.5	0.868501	0.904009	0.0420091            	0.204124	0.34616 	1  	0.131465
28 	363  	241      	313     	0.5	0.868808	0.904009	0.0421568            	0.204124	0.345371	1  	0.132022
29 	363  	227      	313     	0.5	0.869824	0.905881	0.041775             	0.2     	0.342613	1  	0.13155 
30 	370  	235      	313     	0.5	0.870351	0.905881	0.0418195            	0.2     	0.341211	1  	0.131459
31 	393  	232      	313     	0.5	0.870733	0.907918	0.0419965            	0.2     	0.340048	1  	0.132161
32 	392  	230      	313     	0.5	0.871823	0.907918	0.0414133            	0.196116	0.336488	1  	0.131107
33 	373  	237      	313     	0.5	0.871013	0.907918	0.0431259            	0.2     	0.339387	1  	0.132243
34 	382  	238      	313     	0.5	0.87109 	0.907918	0.0425584            	0.196116	0.340952	1  	0.131663
35 	372  	236      	313     	0.5	0.870285	0.908559	0.0437778            	0.196116	0.344335	1  	0.132351
36 	392  	236      	313     	0.5	0.870295	0.908559	0.0433891            	0.2     	0.34577 	1  	0.13168 
37 	365  	240      	313     	0.5	0.870542	0.913469	0.0434793            	0.2     	0.345311	1  	0.131892
38 	388  	244      	313     	0.5	0.870654	0.913469	0.0435232            	0.204124	0.345396	1  	0.131862
39 	380  	238      	313     	0.5	0.871244	0.913469	0.0436632            	0.2     	0.343414	1  	0.132222
40 	371  	236      	313     	0.5	0.872094	0.913469	0.0428579            	0.2     	0.341736	1  	0.131024
41 	381  	246      	313     	0.5	0.87222 	0.913469	0.042934             	0.2     	0.341734	1  	0.131025
42 	376  	237      	313     	0.5	0.872471	0.913469	0.0430697            	0.2     	0.34147 	1  	0.131224
43 	373  	242      	313     	0.5	0.87258 	0.913469	0.0429947            	0.2     	0.341766	1  	0.131002
44 	380  	231      	313     	0.5	0.872762	0.913469	0.0430608            	0.2     	0.341696	1  	0.131056
45 	374  	232      	313     	0.5	0.872972	0.913469	0.043179             	0.2     	0.341245	1  	0.131401
46 	369  	232      	313     	0.5	0.873232	0.913469	0.0433025            	0.2     	0.340529	1  	0.131821
47 	405  	241      	313     	0.5	0.87372 	0.913469	0.0432813            	0.2     	0.339009	1  	0.132003
48 	377  	252      	313     	0.5	0.874829	0.913469	0.0428243            	0.196116	0.335573	1  	0.13172 
49 	375  	238      	313     	0.5	0.875012	0.913469	0.0428776            	0.196116	0.335088	1  	0.131762
50 	392  	245      	313     	0.5	0.875273	0.913469	0.042999             	0.2     	0.335025	1  	0.131669
51 	373  	233      	313     	0.5	0.875365	0.913469	0.0430279            	0.204124	0.335171	1  	0.131475
52 	381  	228      	313     	0.5	0.875377	0.913469	0.0431046            	0.204124	0.33556 	1  	0.131595
53 	381  	239      	313     	0.5	0.875403	0.913469	0.0430731            	0.204124	0.336497	1  	0.131034
54 	371  	246      	313     	0.5	0.875555	0.913469	0.043147             	0.2     	0.336334	1  	0.131117
55 	365  	235      	313     	0.5	0.875715	0.913469	0.0432259            	0.2     	0.33628 	1  	0.131218
56 	380  	244      	313     	0.5	0.875881	0.913469	0.0433023            	0.2     	0.335916	1  	0.131398
57 	366  	238      	313     	0.5	0.875965	0.913469	0.0433501            	0.2     	0.33601 	1  	0.131338
58 	359  	228      	313     	0.5	0.876035	0.913469	0.043376             	0.2     	0.336488	1  	0.13106 
59 	382  	234      	313     	0.5	0.876156	0.913469	0.0434409            	0.196116	0.336374	1  	0.131163
60 	378  	236      	313     	0.5	0.876298	0.913652	0.0435149            	0.196116	0.336139	1  	0.131285
61 	365  	233      	313     	0.5	0.876414	0.913652	0.0435566            	0.196116	0.336027	1  	0.13132 
62 	373  	237      	313     	0.5	0.876688	0.915259	0.0436282            	0.196116	0.335396	1  	0.13133 
63 	381  	233      	313     	0.5	0.87675 	0.915259	0.0437579            	0.196116	0.335583	1  	0.131614
64 	373  	245      	313     	0.5	0.876696	0.915259	0.0437321            	0.196116	0.336256	1  	0.131224
65 	379  	232      	313     	0.5	0.876894	0.915259	0.0438224            	0.2     	0.335931	1  	0.131401
66 	373  	234      	313     	0.5	0.876936	0.915259	0.0438233            	0.2     	0.336184	1  	0.131236
67 	375  	252      	313     	0.5	0.87703 	0.915259	0.0438646            	0.2     	0.336124	1  	0.131213
68 	383  	226      	313     	0.5	0.877148	0.915259	0.0439355            	0.2     	0.335906	1  	0.131387
69 	371  	223      	313     	0.5	0.877505	0.915259	0.0440261            	0.196116	0.334706	1  	0.131613
70 	374  	222      	313     	0.5	0.877433	0.915259	0.0440547            	0.196116	0.335397	1  	0.131619
71 	379  	232      	313     	0.5	0.877815	0.915259	0.0441053            	0.196116	0.334183	1  	0.131748
72 	373  	234      	313     	0.5	0.878538	0.915259	0.0435015            	0.196116	0.332323	1  	0.13068 
73 	373  	235      	313     	0.5	0.878801	0.915259	0.0435274            	0.19245 	0.331698	1  	0.130622
74 	379  	244      	313     	0.5	0.878878	0.915259	0.0435484            	0.19245 	0.331667	1  	0.130648
75 	371  	231      	313     	0.5	0.878974	0.915259	0.0435905            	0.19245 	0.331569	1  	0.130723
76 	369  	229      	313     	0.5	0.879183	0.915259	0.0436909            	0.19245 	0.331016	1  	0.131063
77 	372  	234      	313     	0.5	0.879329	0.915259	0.0437578            	0.19245 	0.330698	1  	0.131253
78 	383  	241      	313     	0.5	0.879407	0.915259	0.0438027            	0.19245 	0.330662	1  	0.13132 
79 	373  	245      	313     	0.5	0.879503	0.915259	0.0436431            	0.19245 	0.330763	1  	0.131264
80 	382  	239      	313     	0.5	0.879786	0.915259	0.0436718            	0.19245 	0.32981 	1  	0.131323
81 	378  	232      	313     	0.5	0.879806	0.915259	0.0436654            	0.19245 	0.329998	1  	0.131055
82 	373  	242      	313     	0.5	0.87961 	0.915649	0.043771             	0.19245 	0.330839	1  	0.131145
83 	376  	244      	313     	0.5	0.879695	0.915649	0.0437287            	0.19245 	0.330963	1  	0.131082
84 	390  	244      	313     	0.5	0.87981 	0.915649	0.0437697            	0.188982	0.330562	1  	0.131292
85 	374  	231      	313     	0.5	0.879884	0.915649	0.0437985            	0.188982	0.330341	1  	0.131419
86 	374  	233      	313     	0.5	0.879966	0.915649	0.043823             	0.188982	0.330209	1  	0.131544
87 	359  	243      	313     	0.5	0.879997	0.917543	0.0438276            	0.196116	0.330578	1  	0.131342
88 	381  	226      	313     	0.5	0.879951	0.917543	0.0438027            	0.196116	0.331067	1  	0.131065
89 	397  	232      	313     	0.5	0.879906	0.917543	0.0437758            	0.196116	0.331398	1  	0.130845
90 	382  	228      	313     	0.5	0.879993	0.917543	0.0438199            	0.196116	0.331356	1  	0.130853
91 	366  	239      	313     	0.5	0.880077	0.917543	0.0438696            	0.196116	0.331225	1  	0.130962
92 	375  	242      	313     	0.5	0.880172	0.917543	0.0439074            	0.196116	0.331046	1  	0.131021
93 	382  	240      	313     	0.5	0.880217	0.917543	0.0439347            	0.196116	0.331024	1  	0.131086
94 	372  	226      	313     	0.5	0.880299	0.917543	0.0439653            	0.196116	0.330786	1  	0.131178
95 	396  	245      	313     	0.5	0.880565	0.917543	0.0440153            	0.196116	0.329992	1  	0.131248
96 	376  	241      	313     	0.5	0.880391	0.917543	0.0440287            	0.196116	0.330958	1  	0.131125
97 	382  	238      	313     	0.5	0.880794	0.919829	0.0441734            	0.196116	0.329629	1  	0.131584
98 	362  	226      	313     	0.5	0.88094 	0.919829	0.0440816            	0.196116	0.329395	1  	0.131224
99 	382  	234      	313     	0.5	0.880937	0.919829	0.0442828            	0.196116	0.329509	1  	0.131762
Optimization on fold finished in 00-04:16:42

FEATURE SETS SELECTED

PARETO FRONT
Number of solutions = 24
Features in hall of fame by prevalence:
47 features: [0_age_at_initial_pathologic_diagnosis, 1_hsa.miR.346, 1_hsa.miR.10b.5p, 1_hsa.miR.15b.5p, 1_hsa.miR.1287.3p, 1_hsa.miR.135a.3p, 1_hsa.miR.493.3p, 1_hsa.miR.511.5p, 1_hsa.miR.382.5p, 1_hsa.miR.7974, 1_hsa.miR.378d, 1_hsa.let.7f.5p, 1_hsa.miR.22.3p, 1_hsa.miR.9.3p, 1_hsa.miR.3074.5p, 1_hsa.miR.361.5p, 1_hsa.miR.23b.5p, 1_hsa.miR.450b.5p, 1_hsa.miR.302a.5p, 1_hsa.miR.215.5p, 1_hsa.miR.574.3p, 1_hsa.miR.589.3p, 1_hsa.miR.1228.3p, 1_hsa.miR.370.3p, 1_hsa.miR.16.5p, 1_hsa.miR.34a.5p, 1_hsa.miR.362.3p, 1_hsa.miR.937.3p, 1_hsa.miR.125a.5p, 1_hsa.miR.127.5p, 1_hsa.miR.33b.5p, 1_hsa.miR.455.5p, 1_hsa.miR.4728.3p, 1_hsa.miR.125b.5p, 1_hsa.miR.155.3p, 1_hsa.miR.196a.5p, 1_hsa.miR.215.3p, 1_hsa.miR.2355.3p, 1_hsa.miR.28.5p, 1_hsa.miR.361.3p, 1_hsa.miR.431.5p, 1_hsa.miR.4772.5p, 1_hsa.miR.616.3p, 1_hsa.miR.654.3p, 1_hsa.miR.760, 1_hsa.miR.887.5p, 1_hsa.miR.99b.3p]

LAST POPULATION
Number of solutions = 500
Features in hall of fame by prevalence:
167 features: [0_age_at_initial_pathologic_diagnosis, 1_hsa.miR.10b.5p, 1_hsa.miR.346, 1_hsa.miR.511.5p, 1_hsa.miR.15b.5p, 1_hsa.miR.1287.3p, 1_hsa.miR.135a.3p, 1_hsa.miR.382.5p, 1_hsa.miR.378d, 1_hsa.let.7f.5p, 1_hsa.miR.7974, 1_hsa.miR.493.3p, 1_hsa.miR.22.3p, 1_hsa.miR.9.3p, 1_hsa.miR.23b.5p, 1_hsa.miR.3074.5p, 1_hsa.miR.361.5p, 1_hsa.miR.574.3p, 1_hsa.miR.450b.5p, 1_hsa.miR.589.3p, 1_hsa.miR.16.5p, 1_hsa.miR.302a.5p, 1_hsa.miR.455.5p, 1_hsa.miR.215.5p, 1_hsa.miR.92b.5p, 1_hsa.miR.1296.5p, 1_hsa.miR.760, 1_hsa.miR.34a.5p, 1_hsa.miR.937.3p, 1_hsa.miR.125a.5p, 1_hsa.miR.196a.5p, 1_hsa.miR.155.3p, 1_hsa.miR.127.5p, 1_hsa.miR.654.3p, 1_hsa.miR.370.3p, 1_hsa.miR.1228.3p, 1_hsa.miR.542.3p, 1_hsa.miR.99b.3p, 1_hsa.miR.362.3p, 1_hsa.miR.520e, 1_hsa.miR.29b.1.5p, 1_hsa.miR.455.3p, 1_hsa.miR.616.3p, 1_hsa.miR.618, 1_hsa.miR.2355.3p, 1_hsa.miR.3940.3p, 1_hsa.miR.9.5p, 1_hsa.miR.98.5p, 1_hsa.miR.148a.5p, 1_hsa.miR.369.3p, 1_hsa.miR.4728.3p, 1_hsa.miR.100.5p, 1_hsa.miR.28.5p, 1_hsa.miR.34c.3p, 1_hsa.miR.361.3p, 1_hsa.miR.3677.3p, 1_hsa.miR.548v, 1_hsa.miR.188.5p, 1_hsa.miR.432.5p, 1_hsa.miR.125b.5p, 1_hsa.miR.6509.5p, 1_hsa.miR.373.5p, 1_hsa.miR.204.3p, 1_hsa.miR.215.3p, 1_hsa.miR.320b, 1_hsa.miR.940, 1_hsa.miR.141.3p, 1_hsa.miR.196b.5p, 1_hsa.miR.339.5p, 1_hsa.miR.590.5p, 1_hsa.miR.887.5p, 1_hsa.miR.1266.5p, 1_hsa.miR.143.3p, 1_hsa.miR.146b.3p, 1_hsa.miR.1976, 1_hsa.miR.26a.2.3p, 1_hsa.miR.27a.5p, 1_hsa.miR.335.3p, 1_hsa.miR.584.3p, 1_hsa.miR.766.3p, 1_hsa.miR.767.3p, 1_hsa.let.7d.5p, 1_hsa.miR.1180.3p, 1_hsa.miR.127.3p, 1_hsa.miR.224.5p, 1_hsa.miR.331.3p, 1_hsa.miR.3614.5p, 1_hsa.miR.379.5p, 1_hsa.miR.4423.5p, 1_hsa.miR.625.3p, 1_hsa.miR.6503.3p, 1_hsa.miR.664a.5p, 1_hsa.miR.671.5p, 1_hsa.miR.135b.5p, 1_hsa.miR.146b.5p, 1_hsa.miR.155.5p, 1_hsa.miR.15a.5p, 1_hsa.miR.15b.3p, 1_hsa.miR.181a.2.3p, 1_hsa.miR.187.3p, ...]

BEST SUMS WITH SIZE 50
Number of solutions = 50
Features in hall of fame by prevalence:
45 features: [0_age_at_initial_pathologic_diagnosis, 1_hsa.miR.15b.5p, 1_hsa.miR.23b.5p, 1_hsa.miR.3677.3p, 1_hsa.miR.615.3p, 1_hsa.let.7e.5p, 1_hsa.miR.10a.5p, 1_hsa.miR.10b.3p, 1_hsa.miR.10b.5p, 1_hsa.miR.1266.5p, 1_hsa.miR.135b.5p, 1_hsa.miR.146b.3p, 1_hsa.miR.146b.5p, 1_hsa.miR.148a.3p, 1_hsa.miR.148a.5p, 1_hsa.miR.149.3p, 1_hsa.miR.155.5p, 1_hsa.miR.15b.3p, 1_hsa.miR.16.2.3p, 1_hsa.miR.181b.3p, 1_hsa.miR.196a.5p, 1_hsa.miR.1976, 1_hsa.miR.200a.5p, 1_hsa.miR.200b.3p, 1_hsa.miR.221.3p, 1_hsa.miR.222.3p, 1_hsa.miR.222.5p, 1_hsa.miR.27a.5p, 1_hsa.miR.27b.5p, 1_hsa.miR.335.3p, 1_hsa.miR.335.5p, 1_hsa.miR.4677.3p, 1_hsa.miR.4746.5p, 1_hsa.miR.550a.5p, 1_hsa.miR.574.3p, 1_hsa.miR.6509.5p, 1_hsa.miR.651.5p, 1_hsa.miR.664a.3p, 1_hsa.miR.671.5p, 1_hsa.miR.6806.3p, 1_hsa.miR.6892.5p, 1_hsa.miR.887.5p, 1_hsa.miR.9.5p, 1_hsa.miR.99b.3p, 1_hsa.miR.99b.5p]

BEST SUMS WITH SIZE 100
Number of solutions = 100
Features in hall of fame by prevalence:
73 features: [1_hsa.miR.15b.5p, 0_age_at_initial_pathologic_diagnosis, 1_hsa.miR.148a.5p, 1_hsa.miR.23b.5p, 1_hsa.miR.450b.5p, 1_hsa.miR.10b.3p, 1_hsa.miR.10b.5p, 1_hsa.miR.1266.5p, 1_hsa.miR.135b.5p, 1_hsa.miR.155.5p, 1_hsa.miR.15b.3p, 1_hsa.miR.193a.5p, 1_hsa.miR.196b.5p, 1_hsa.miR.204.3p, 1_hsa.miR.222.5p, 1_hsa.miR.27b.5p, 1_hsa.miR.335.3p, 1_hsa.miR.3677.3p, 1_hsa.miR.4677.3p, 1_hsa.miR.615.3p, 1_hsa.miR.651.5p, 1_hsa.miR.664a.3p, 1_hsa.miR.9.5p, 1_hsa.miR.99b.5p, 1_hsa.let.7e.5p, 1_hsa.miR.107, 1_hsa.miR.10a.3p, 1_hsa.miR.10a.5p, 1_hsa.miR.1296.5p, 1_hsa.miR.1468.5p, 1_hsa.miR.146b.3p, 1_hsa.miR.146b.5p, 1_hsa.miR.148a.3p, 1_hsa.miR.148b.3p, 1_hsa.miR.149.3p, 1_hsa.miR.155.3p, 1_hsa.miR.16.2.3p, 1_hsa.miR.16.5p, 1_hsa.miR.181b.3p, 1_hsa.miR.196a.5p, 1_hsa.miR.1976, 1_hsa.miR.200a.5p, 1_hsa.miR.200b.3p, 1_hsa.miR.204.5p, 1_hsa.miR.221.3p, 1_hsa.miR.221.5p, 1_hsa.miR.222.3p, 1_hsa.miR.23b.3p, 1_hsa.miR.27a.5p, 1_hsa.miR.28.3p, 1_hsa.miR.320b, 1_hsa.miR.335.5p, 1_hsa.miR.346, 1_hsa.miR.34a.5p, 1_hsa.miR.423.5p, 1_hsa.miR.431.5p, 1_hsa.miR.455.3p, 1_hsa.miR.455.5p, 1_hsa.miR.4709.3p, 1_hsa.miR.4746.5p, 1_hsa.miR.511.5p, 1_hsa.miR.532.3p, 1_hsa.miR.550a.3p, 1_hsa.miR.550a.5p, 1_hsa.miR.574.3p, 1_hsa.miR.6509.5p, 1_hsa.miR.671.5p, 1_hsa.miR.6806.3p, 1_hsa.miR.6892.5p, 1_hsa.miR.760, 1_hsa.miR.887.5p, 1_hsa.miR.9.3p, 1_hsa.miR.99b.3p]
