
OPTIMIZING FINAL MODEL ON WHOLE DATASET

COMPUTING LOCAL ACTIVE FEATURES
Computing active features for view clinic
Existing features: 8
Applying union strategy for feature selection using composite feature selector with
categorical: feature selector any na and anova
survival: feature selector Cox

Computing active features for outcome survival
Features selected for this outcome: 1
Features active in total: 1
Computing active features for view log_mirna
Existing features: 740
Applying union strategy for feature selection using composite feature selector with
categorical: feature selector any na and anova
survival: feature selector Cox

Computing active features for outcome survival
Features selected for this outcome: 345
Features active in total: 345
Computing feature importance
Running optimizer

STARTING 2-STEPS GENETIC ALGORITHM

CREATING INNER FOLDS

ASSIGNING STRATA FOR MULTI-OUTCOME DATA LGG_MV
Assigning strata for outcome named survival of type survival
Counts:
censored 0: 200
censored 1: 116
deceased 0: 49
deceased 1: 46

STARTING SWEEP NUMBER 1
folds_creator_seed = 871411999

ASSIGNING STRATA FOR MULTI-OUTCOME DATA LGG_MV
Assigning strata for outcome named survival of type survival
Counts:
censored 0: 200
censored 1: 116
deceased 0: 49
deceased 1: 46
ga_runner_seed = 1646736888
VIEW: CLINIC
   	     	         	        	  survival SKSurv Cox model concordance index   	                 root leanness                  
   	     	         	        	------------------------------------------------	------------------------------------------------
gen	evals	gen_feats	explored	min	avg     	max     	std                  	min     	avg     	max	std     
0  	500  	1        	1       	0.5	0.627518	0.755037	0.127518             	0.707107	0.853553	1  	0.146447
1  	245  	1        	1       	0.5	0.627518	0.755037	0.127518             	0.707107	0.853553	1  	0.146447
2  	238  	1        	1       	0.5	0.627518	0.755037	0.127518             	0.707107	0.853553	1  	0.146447
3  	250  	1        	1       	0.5	0.627518	0.755037	0.127518             	0.707107	0.853553	1  	0.146447
4  	256  	1        	1       	0.5	0.627518	0.755037	0.127518             	0.707107	0.853553	1  	0.146447
5  	253  	1        	1       	0.5	0.627518	0.755037	0.127518             	0.707107	0.853553	1  	0.146447
6  	265  	1        	1       	0.5	0.627518	0.755037	0.127518             	0.707107	0.853553	1  	0.146447
7  	243  	1        	1       	0.5	0.627518	0.755037	0.127518             	0.707107	0.853553	1  	0.146447
8  	256  	1        	1       	0.5	0.627518	0.755037	0.127518             	0.707107	0.853553	1  	0.146447
9  	242  	1        	1       	0.5	0.627518	0.755037	0.127518             	0.707107	0.853553	1  	0.146447
10 	251  	1        	1       	0.5	0.627518	0.755037	0.127518             	0.707107	0.853553	1  	0.146447
11 	270  	1        	1       	0.5	0.627518	0.755037	0.127518             	0.707107	0.853553	1  	0.146447
12 	256  	1        	1       	0.5	0.627518	0.755037	0.127518             	0.707107	0.853553	1  	0.146447
13 	241  	1        	1       	0.5	0.627518	0.755037	0.127518             	0.707107	0.853553	1  	0.146447
14 	246  	1        	1       	0.5	0.627518	0.755037	0.127518             	0.707107	0.853553	1  	0.146447
15 	250  	1        	1       	0.5	0.627518	0.755037	0.127518             	0.707107	0.853553	1  	0.146447
16 	243  	1        	1       	0.5	0.627518	0.755037	0.127518             	0.707107	0.853553	1  	0.146447
17 	247  	1        	1       	0.5	0.627518	0.755037	0.127518             	0.707107	0.853553	1  	0.146447
18 	244  	1        	1       	0.5	0.627518	0.755037	0.127518             	0.707107	0.853553	1  	0.146447
19 	251  	1        	1       	0.5	0.627518	0.755037	0.127518             	0.707107	0.853553	1  	0.146447
20 	244  	1        	1       	0.5	0.627518	0.755037	0.127518             	0.707107	0.853553	1  	0.146447
21 	255  	1        	1       	0.5	0.627518	0.755037	0.127518             	0.707107	0.853553	1  	0.146447
22 	242  	1        	1       	0.5	0.627518	0.755037	0.127518             	0.707107	0.853553	1  	0.146447
23 	259  	1        	1       	0.5	0.627518	0.755037	0.127518             	0.707107	0.853553	1  	0.146447
24 	246  	1        	1       	0.5	0.627518	0.755037	0.127518             	0.707107	0.853553	1  	0.146447
25 	255  	1        	1       	0.5	0.627518	0.755037	0.127518             	0.707107	0.853553	1  	0.146447
26 	236  	1        	1       	0.5	0.627518	0.755037	0.127518             	0.707107	0.853553	1  	0.146447
27 	262  	1        	1       	0.5	0.627518	0.755037	0.127518             	0.707107	0.853553	1  	0.146447
28 	266  	1        	1       	0.5	0.627518	0.755037	0.127518             	0.707107	0.853553	1  	0.146447
29 	259  	1        	1       	0.5	0.627518	0.755037	0.127518             	0.707107	0.853553	1  	0.146447
30 	262  	1        	1       	0.5	0.627518	0.755037	0.127518             	0.707107	0.853553	1  	0.146447
31 	242  	1        	1       	0.5	0.627518	0.755037	0.127518             	0.707107	0.853553	1  	0.146447
32 	243  	1        	1       	0.5	0.627518	0.755037	0.127518             	0.707107	0.853553	1  	0.146447
33 	240  	1        	1       	0.5	0.627518	0.755037	0.127518             	0.707107	0.853553	1  	0.146447
34 	244  	1        	1       	0.5	0.627518	0.755037	0.127518             	0.707107	0.853553	1  	0.146447
35 	241  	1        	1       	0.5	0.627518	0.755037	0.127518             	0.707107	0.853553	1  	0.146447
36 	235  	1        	1       	0.5	0.627518	0.755037	0.127518             	0.707107	0.853553	1  	0.146447
37 	246  	1        	1       	0.5	0.627518	0.755037	0.127518             	0.707107	0.853553	1  	0.146447
38 	275  	1        	1       	0.5	0.627518	0.755037	0.127518             	0.707107	0.853553	1  	0.146447
39 	265  	1        	1       	0.5	0.627518	0.755037	0.127518             	0.707107	0.853553	1  	0.146447
40 	244  	1        	1       	0.5	0.627518	0.755037	0.127518             	0.707107	0.853553	1  	0.146447
41 	229  	1        	1       	0.5	0.627518	0.755037	0.127518             	0.707107	0.853553	1  	0.146447
42 	250  	1        	1       	0.5	0.627518	0.755037	0.127518             	0.707107	0.853553	1  	0.146447
43 	227  	1        	1       	0.5	0.627518	0.755037	0.127518             	0.707107	0.853553	1  	0.146447
44 	247  	1        	1       	0.5	0.627518	0.755037	0.127518             	0.707107	0.853553	1  	0.146447
45 	260  	1        	1       	0.5	0.627518	0.755037	0.127518             	0.707107	0.853553	1  	0.146447
46 	269  	1        	1       	0.5	0.627518	0.755037	0.127518             	0.707107	0.853553	1  	0.146447
47 	237  	1        	1       	0.5	0.627518	0.755037	0.127518             	0.707107	0.853553	1  	0.146447
48 	244  	1        	1       	0.5	0.627518	0.755037	0.127518             	0.707107	0.853553	1  	0.146447
49 	255  	1        	1       	0.5	0.627518	0.755037	0.127518             	0.707107	0.853553	1  	0.146447

ASSIGNING STRATA FOR MULTI-OUTCOME DATA LGG_MV
Assigning strata for outcome named survival of type survival
Counts:
censored 0: 200
censored 1: 116
deceased 0: 49
deceased 1: 46
VIEW: LOG_MIRNA
   	     	         	        	   survival SKSurv Cox model concordance index   	                 root leanness                  
   	     	         	        	-------------------------------------------------	------------------------------------------------
gen	evals	gen_feats	explored	min	avg     	max     	std                  	min     	avg     	max	std     
0  	500  	14       	14      	0.5	0.731868	0.829464	0.0474471            	0.258199	0.309446	1  	0.12947 
1  	358  	204      	204     	0.5	0.775388	0.832888	0.0495572            	0.229416	0.340049	1  	0.125113
2  	371  	243      	279     	0.5	0.791341	0.832888	0.0415103            	0.229416	0.363414	1  	0.111801
3  	393  	250      	314     	0.5	0.793216	0.844384	0.0443424            	0.229416	0.382986	1  	0.116787
4  	371  	254      	334     	0.5	0.799186	0.844384	0.0429674            	0.229416	0.387814	1  	0.124575
5  	372  	244      	338     	0.5	0.799278	0.844384	0.049764             	0.229416	0.398588	1  	0.134368
6  	378  	246      	344     	0.5	0.801668	0.850421	0.0513127            	0.229416	0.401963	1  	0.137582
7  	391  	257      	345     	0.5	0.806667	0.859726	0.0468788            	0.223607	0.39663 	1  	0.138204
8  	362  	260      	345     	0.5	0.808179	0.859726	0.0469853            	0.223607	0.400758	1  	0.138419
9  	393  	262      	345     	0.5	0.810279	0.859726	0.0469529            	0.223607	0.399668	1  	0.139292
10 	386  	254      	345     	0.5	0.812551	0.859726	0.046314             	0.223607	0.398807	1  	0.139953
11 	374  	265      	345     	0.5	0.815694	0.859726	0.0450536            	0.218218	0.391602	1  	0.140275
12 	359  	244      	345     	0.5	0.81836 	0.859726	0.0436614            	0.223607	0.38911 	1  	0.137344
13 	387  	266      	345     	0.5	0.819969	0.859726	0.0439287            	0.223607	0.390113	1  	0.136344
14 	360  	253      	345     	0.5	0.821841	0.861414	0.0436961            	0.223607	0.38853 	1  	0.135309
15 	384  	270      	345     	0.5	0.823873	0.861414	0.04291              	0.218218	0.385695	1  	0.135462
16 	362  	255      	345     	0.5	0.825342	0.861414	0.0433672            	0.213201	0.386095	1  	0.134928
17 	378  	266      	345     	0.5	0.827345	0.86715 	0.0422989            	0.213201	0.383087	1  	0.134824
18 	375  	270      	345     	0.5	0.829071	0.868825	0.0419968            	0.213201	0.380321	1  	0.134196
19 	385  	253      	345     	0.5	0.829452	0.868825	0.0431099            	0.213201	0.383196	1  	0.134707
20 	376  	258      	345     	0.5	0.830413	0.868825	0.0433564            	0.213201	0.382669	1  	0.135002
21 	369  	253      	345     	0.5	0.830689	0.868825	0.0437961            	0.218218	0.385929	1  	0.13493 
22 	365  	256      	345     	0.5	0.83209 	0.868825	0.043012             	0.218218	0.384173	1  	0.134064
23 	381  	253      	345     	0.5	0.832149	0.868825	0.043892             	0.223607	0.38682 	1  	0.134753
24 	384  	265      	345     	0.5	0.833568	0.868825	0.0434713            	0.223607	0.383488	1  	0.13446 
25 	370  	262      	345     	0.5	0.834321	0.868825	0.0437096            	0.223607	0.383112	1  	0.134383
26 	379  	252      	345     	0.5	0.834282	0.870217	0.044606             	0.223607	0.388053	1  	0.133675
27 	370  	257      	345     	0.5	0.83516 	0.873015	0.0445492            	0.213201	0.387266	1  	0.133841
28 	380  	270      	345     	0.5	0.836239	0.873015	0.0440822            	0.213201	0.385858	1  	0.132669
29 	385  	266      	345     	0.5	0.837044	0.873015	0.0443266            	0.218218	0.384044	1  	0.132999
30 	377  	241      	345     	0.5	0.837411	0.873015	0.0445887            	0.218218	0.385656	1  	0.132684
31 	363  	260      	345     	0.5	0.83858 	0.875608	0.0441081            	0.223607	0.382343	1  	0.132479
32 	383  	254      	345     	0.5	0.839312	0.875608	0.0442389            	0.223607	0.380712	1  	0.132228
33 	365  	255      	345     	0.5	0.840869	0.875608	0.0430033            	0.218218	0.376323	1  	0.13141 
34 	369  	249      	345     	0.5	0.841431	0.875608	0.0430099            	0.213201	0.374669	1  	0.132212
35 	375  	262      	345     	0.5	0.841712	0.875608	0.0431592            	0.213201	0.375252	1  	0.132096
36 	360  	241      	345     	0.5	0.841981	0.875608	0.0432878            	0.213201	0.376003	1  	0.131602
37 	372  	252      	345     	0.5	0.842455	0.875608	0.0431069            	0.213201	0.376469	1  	0.131238
38 	392  	253      	345     	0.5	0.842367	0.875608	0.0436871            	0.213201	0.378331	1  	0.13163 
39 	380  	250      	345     	0.5	0.842756	0.875608	0.0437606            	0.213201	0.378092	1  	0.131668
40 	380  	262      	345     	0.5	0.843496	0.875608	0.0432803            	0.213201	0.376492	1  	0.131205
41 	378  	248      	345     	0.5	0.843824	0.875608	0.0434198            	0.213201	0.37568 	1  	0.131837
42 	375  	247      	345     	0.5	0.84405 	0.876187	0.0435352            	0.213201	0.37634 	1  	0.131333
43 	379  	233      	345     	0.5	0.844267	0.876187	0.0436304            	0.213201	0.376236	1  	0.131423
44 	393  	257      	345     	0.5	0.844547	0.876187	0.0433959            	0.213201	0.375875	1  	0.131683
45 	391  	261      	345     	0.5	0.844093	0.876187	0.0444415            	0.213201	0.378189	1  	0.132239
46 	375  	240      	345     	0.5	0.844043	0.876187	0.04437              	0.223607	0.379679	1  	0.131689
47 	382  	254      	345     	0.5	0.845187	0.884551	0.04369              	0.223607	0.376343	1  	0.131325
48 	382  	252      	345     	0.5	0.845315	0.884551	0.0437609            	0.229416	0.376657	1  	0.131027
49 	371  	248      	345     	0.5	0.845517	0.884551	0.0438575            	0.229416	0.376874	1  	0.130839

STARTING MASTER RUNNER RESAMPLING
Generations completed = 11
Generations completed = 26
Generations completed = 40
MASTER
   	     	         	        	       survival SKSurv Cox model concordance index       	                     root leanness                      
   	     	         	        	---------------------------------------------------------	--------------------------------------------------------
gen	evals	gen_feats	explored	min     	avg     	max     	std             	min     	avg     	max     	std     
0  	500  	164      	164     	0.62321 	0.828605	0.872881	0.0377885       	0.229416	0.361006	0.707107	0.116356
1  	407  	158      	179     	0.678064	0.832207	0.872881	0.03347         	0.229416	0.368655	0.707107	0.115149
2  	398  	157      	189     	0.678064	0.83416 	0.873388	0.0342133       	0.229416	0.378589	0.707107	0.123059
3  	401  	159      	192     	0.678064	0.835244	0.873388	0.0351552       	0.229416	0.379785	0.707107	0.125232
4  	409  	164      	196     	0.5     	0.835101	0.873388	0.0394661       	0.229416	0.381749	1       	0.130814
5  	411  	152      	196     	0.5     	0.835634	0.873388	0.0395288       	0.229416	0.383591	1       	0.130179
6  	407  	140      	196     	0.5     	0.836073	0.874177	0.0402479       	0.229416	0.383921	1       	0.131654
7  	391  	139      	196     	0.5     	0.835978	0.874177	0.0405746       	0.229416	0.384669	1       	0.132298
8  	405  	150      	196     	0.5     	0.83588 	0.874177	0.0410957       	0.229416	0.384834	1       	0.133408
9  	425  	151      	196     	0.5     	0.835975	0.874177	0.0411008       	0.229416	0.384529	1       	0.133575
10 	383  	147      	196     	0.5     	0.835972	0.874177	0.0411223       	0.229416	0.385258	1       	0.133369
11 	423  	154      	196     	0.5     	0.83611 	0.874177	0.0411258       	0.229416	0.384762	1       	0.133417
12 	390  	154      	196     	0.5     	0.836118	0.874177	0.0411285       	0.229416	0.385389	1       	0.133128
13 	413  	156      	196     	0.5     	0.83611 	0.874177	0.0411776       	0.229416	0.386036	1       	0.132994
14 	412  	150      	196     	0.5     	0.836125	0.874177	0.0411687       	0.229416	0.38593 	1       	0.132924
15 	387  	153      	196     	0.5     	0.836125	0.874177	0.0411687       	0.229416	0.38593 	1       	0.132924
16 	392  	152      	196     	0.5     	0.836129	0.874177	0.0411668       	0.229416	0.38593 	1       	0.132924
17 	408  	148      	196     	0.5     	0.836104	0.874177	0.041182        	0.229416	0.386036	1       	0.132994
18 	389  	154      	196     	0.5     	0.836107	0.874177	0.0411791       	0.229416	0.386036	1       	0.132994
19 	397  	147      	196     	0.5     	0.83611 	0.874177	0.0411776       	0.229416	0.386036	1       	0.132994
20 	414  	150      	196     	0.5     	0.835809	0.874177	0.0416891       	0.229416	0.386922	1       	0.133682
21 	412  	143      	196     	0.5     	0.835906	0.874177	0.0416807       	0.229416	0.386499	1       	0.133657
22 	424  	148      	196     	0.5     	0.835906	0.874177	0.0416807       	0.229416	0.386499	1       	0.133657
23 	420  	160      	196     	0.5     	0.835906	0.874177	0.0416807       	0.229416	0.386499	1       	0.133657
24 	410  	158      	196     	0.5     	0.835906	0.874177	0.0416807       	0.229416	0.386499	1       	0.133657
25 	395  	153      	196     	0.5     	0.835906	0.874177	0.0416807       	0.229416	0.386499	1       	0.133657
26 	400  	154      	196     	0.5     	0.835906	0.874177	0.0416807       	0.229416	0.386499	1       	0.133657
27 	402  	149      	196     	0.5     	0.835906	0.874177	0.0416807       	0.229416	0.386499	1       	0.133657
28 	404  	155      	196     	0.5     	0.835906	0.874177	0.0416807       	0.229416	0.386499	1       	0.133657
29 	415  	146      	196     	0.5     	0.835906	0.874177	0.0416807       	0.229416	0.386499	1       	0.133657
30 	415  	153      	196     	0.5     	0.835906	0.874177	0.0416807       	0.229416	0.386499	1       	0.133657
31 	395  	150      	196     	0.5     	0.835906	0.874177	0.0416807       	0.229416	0.386499	1       	0.133657
32 	417  	157      	196     	0.5     	0.835906	0.874177	0.0416807       	0.229416	0.386499	1       	0.133657
33 	411  	149      	196     	0.5     	0.835906	0.874177	0.0416807       	0.229416	0.386499	1       	0.133657
34 	396  	156      	196     	0.5     	0.835906	0.874177	0.0416807       	0.229416	0.386499	1       	0.133657
35 	400  	154      	196     	0.5     	0.835906	0.874177	0.0416807       	0.229416	0.386499	1       	0.133657
36 	416  	144      	196     	0.5     	0.835906	0.874177	0.0416807       	0.229416	0.386499	1       	0.133657
37 	418  	155      	196     	0.5     	0.835906	0.874177	0.0416807       	0.229416	0.386499	1       	0.133657
38 	407  	146      	196     	0.5     	0.835906	0.874177	0.0416807       	0.229416	0.386499	1       	0.133657
39 	413  	153      	196     	0.5     	0.835906	0.874177	0.0416807       	0.229416	0.386499	1       	0.133657
40 	393  	154      	196     	0.5     	0.835906	0.874177	0.0416807       	0.229416	0.386499	1       	0.133657
41 	410  	157      	196     	0.5     	0.835906	0.874177	0.0416807       	0.229416	0.386499	1       	0.133657
42 	407  	157      	196     	0.5     	0.835906	0.874177	0.0416807       	0.229416	0.386499	1       	0.133657
43 	406  	148      	196     	0.5     	0.835906	0.874177	0.0416807       	0.229416	0.386499	1       	0.133657
44 	408  	154      	196     	0.5     	0.835906	0.874177	0.0416807       	0.229416	0.386499	1       	0.133657
45 	411  	156      	196     	0.5     	0.835906	0.874177	0.0416807       	0.229416	0.386499	1       	0.133657
46 	420  	151      	196     	0.5     	0.835906	0.874177	0.0416807       	0.229416	0.386499	1       	0.133657
47 	407  	151      	196     	0.5     	0.835906	0.874177	0.0416807       	0.229416	0.386499	1       	0.133657
48 	422  	158      	196     	0.5     	0.835906	0.874177	0.0416807       	0.229416	0.386499	1       	0.133657
49 	407  	155      	196     	0.5     	0.835906	0.874177	0.0416807       	0.229416	0.386499	1       	0.133657

CURRENT HALLS OF FAME

PARETO FRONT
Number of solutions = 11
(0.8741765384162231, 0.2672612419124244) 13 features: [0_age_at_initial_pathologic_diagnosis, 1_hsa.miR.10a.3p, 1_hsa.miR.10b.5p, 1_hsa.miR.1228.3p, 1_hsa.miR.142.5p, 1_hsa.miR.15b.5p, 1_hsa.miR.186.5p, 1_hsa.miR.222.5p, 1_hsa.miR.224.3p, 1_hsa.miR.23b.5p, 1_hsa.miR.346, 1_hsa.miR.382.3p, 1_hsa.miR.513a.3p]
(0.871655437677885, 0.28867513459481287) 11 features: [0_age_at_initial_pathologic_diagnosis, 1_hsa.miR.10b.5p, 1_hsa.miR.1228.3p, 1_hsa.miR.142.5p, 1_hsa.miR.15b.5p, 1_hsa.miR.193a.3p, 1_hsa.miR.346, 1_hsa.miR.34b.5p, 1_hsa.miR.382.3p, 1_hsa.miR.92b.5p, 1_hsa.miR.513a.3p]
(0.8633412428614992, 0.30151134457776363) 10 features: [0_age_at_initial_pathologic_diagnosis, 1_hsa.let.7f.5p, 1_hsa.miR.10b.5p, 1_hsa.miR.1228.3p, 1_hsa.miR.126.3p, 1_hsa.miR.142.5p, 1_hsa.miR.151b, 1_hsa.miR.15b.5p, 1_hsa.miR.222.5p, 1_hsa.miR.23b.5p]
(0.8625012850456494, 0.31622776601683794) 9 features: [0_age_at_initial_pathologic_diagnosis, 1_hsa.miR.10b.5p, 1_hsa.miR.1228.3p, 1_hsa.miR.142.5p, 1_hsa.miR.15b.5p, 1_hsa.miR.222.5p, 1_hsa.miR.224.3p, 1_hsa.miR.346, 1_hsa.miR.382.3p]
(0.8581368657361205, 0.3333333333333333) 8 features: [0_age_at_initial_pathologic_diagnosis, 1_hsa.miR.10b.5p, 1_hsa.miR.1228.3p, 1_hsa.miR.142.5p, 1_hsa.miR.15b.5p, 1_hsa.miR.222.5p, 1_hsa.miR.224.3p, 1_hsa.miR.335.5p]
(0.8574047434644599, 0.408248290463863) 5 features: [0_age_at_initial_pathologic_diagnosis, 1_hsa.miR.10b.5p, 1_hsa.miR.15b.5p, 1_hsa.miR.222.5p, 1_hsa.miR.224.3p]
(0.8550343323769128, 0.4472135954999579) 4 features: [0_age_at_initial_pathologic_diagnosis, 1_hsa.miR.10b.5p, 1_hsa.miR.148a.5p, 1_hsa.miR.15b.5p]
(0.8460067856185777, 0.5) [0_age_at_initial_pathologic_diagnosis, 1_hsa.miR.148a.5p, 1_hsa.miR.15b.5p]
(0.8358379161815258, 0.5773502691896257) [0_age_at_initial_pathologic_diagnosis, 1_hsa.miR.15b.5p]
(0.7833136244871368, 0.7071067811865476) [1_hsa.miR.15b.5p]
(0.5, 1.0) []
Features in hall of fame by prevalence:
21 features: [1_hsa.miR.15b.5p, 0_age_at_initial_pathologic_diagnosis, 1_hsa.miR.10b.5p, 1_hsa.miR.1228.3p, 1_hsa.miR.142.5p, 1_hsa.miR.222.5p, 1_hsa.miR.224.3p, 1_hsa.miR.346, 1_hsa.miR.382.3p, 1_hsa.miR.148a.5p, 1_hsa.miR.23b.5p, 1_hsa.miR.513a.3p, 1_hsa.let.7f.5p, 1_hsa.miR.10a.3p, 1_hsa.miR.126.3p, 1_hsa.miR.151b, 1_hsa.miR.186.5p, 1_hsa.miR.193a.3p, 1_hsa.miR.335.5p, 1_hsa.miR.34b.5p, 1_hsa.miR.92b.5p]

LAST POPULATION
Number of solutions = 500
Features in hall of fame by prevalence:
170 features: [1_hsa.miR.15b.5p, 0_age_at_initial_pathologic_diagnosis, 1_hsa.miR.10b.5p, 1_hsa.miR.142.5p, 1_hsa.miR.222.5p, 1_hsa.miR.1228.3p, 1_hsa.miR.346, 1_hsa.miR.382.3p, 1_hsa.miR.302b.3p, 1_hsa.miR.23b.5p, 1_hsa.miR.224.3p, 1_hsa.miR.148a.5p, 1_hsa.miR.10a.3p, 1_hsa.miR.151b, 1_hsa.miR.186.5p, 1_hsa.miR.105.5p, 1_hsa.miR.193a.3p, 1_hsa.miR.550a.5p, 1_hsa.miR.371a.3p, 1_hsa.miR.155.5p, 1_hsa.miR.92b.5p, 1_hsa.miR.520e, 1_hsa.miR.551b.3p, 1_hsa.miR.155.3p, 1_hsa.miR.3681.5p, 1_hsa.miR.615.3p, 1_hsa.let.7f.5p, 1_hsa.miR.513a.3p, 1_hsa.miR.335.5p, 1_hsa.miR.335.3p, 1_hsa.miR.4709.3p, 1_hsa.miR.3940.3p, 1_hsa.miR.7974, 1_hsa.miR.1468.5p, 1_hsa.miR.424.5p, 1_hsa.miR.4677.3p, 1_hsa.miR.4758.3p, 1_hsa.miR.495.5p, 1_hsa.miR.126.3p, 1_hsa.miR.216b.5p, 1_hsa.miR.25.5p, 1_hsa.miR.146b.3p, 1_hsa.miR.181b.3p, 1_hsa.miR.191.5p, 1_hsa.miR.204.3p, 1_hsa.miR.30e.5p, 1_hsa.miR.4724.5p, 1_hsa.miR.146b.5p, 1_hsa.miR.199b.3p, 1_hsa.miR.212.3p, 1_hsa.miR.27b.5p, 1_hsa.miR.378d, 1_hsa.miR.452.5p, 1_hsa.miR.651.5p, 1_hsa.miR.125b.5p, 1_hsa.miR.1292.5p, 1_hsa.miR.1307.5p, 1_hsa.miR.188.5p, 1_hsa.miR.196b.5p, 1_hsa.miR.210.3p, 1_hsa.miR.21.3p, 1_hsa.miR.624.5p, 1_hsa.miR.6503.5p, 1_hsa.miR.6892.5p, 1_hsa.miR.767.5p, 1_hsa.let.7a.5p, 1_hsa.let.7e.5p, 1_hsa.miR.100.5p, 1_hsa.miR.1266.5p, 1_hsa.miR.1269a, 1_hsa.miR.149.5p, 1_hsa.miR.151a.3p, 1_hsa.miR.16.5p, 1_hsa.miR.193b.3p, 1_hsa.miR.204.5p, 1_hsa.miR.215.5p, 1_hsa.miR.223.3p, 1_hsa.miR.224.5p, 1_hsa.miR.3136.5p, 1_hsa.miR.376a.3p, 1_hsa.miR.423.5p, 1_hsa.miR.4521, 1_hsa.miR.548d.3p, 1_hsa.miR.769.3p, 1_hsa.let.7f.1.3p, 1_hsa.let.7i.5p, 1_hsa.miR.103a.2.5p, 1_hsa.miR.125b.1.3p, 1_hsa.miR.128.3p, 1_hsa.miR.130b.5p, 1_hsa.miR.135b.5p, 1_hsa.miR.141.5p, 1_hsa.miR.15b.3p, 1_hsa.miR.200a.5p, 1_hsa.miR.216a.3p, 1_hsa.miR.24.1.5p, 1_hsa.miR.27a.3p, 1_hsa.miR.27a.5p, 1_hsa.miR.3131, 1_hsa.miR.320b, ...]

BEST SUMS WITH SIZE 50
Number of solutions = 50
Features in hall of fame by prevalence:
34 features: [0_age_at_initial_pathologic_diagnosis, 1_hsa.miR.15b.5p, 1_hsa.miR.148a.5p, 1_hsa.miR.335.3p, 1_hsa.miR.10b.5p, 1_hsa.miR.135b.5p, 1_hsa.miR.155.5p, 1_hsa.miR.15b.3p, 1_hsa.miR.196b.5p, 1_hsa.miR.21.3p, 1_hsa.miR.222.5p, 1_hsa.miR.3677.3p, 1_hsa.miR.615.3p, 1_hsa.miR.651.5p, 1_hsa.miR.1228.3p, 1_hsa.miR.125a.3p, 1_hsa.miR.1266.5p, 1_hsa.miR.146b.3p, 1_hsa.miR.146b.5p, 1_hsa.miR.148a.3p, 1_hsa.miR.148b.3p, 1_hsa.miR.16.5p, 1_hsa.miR.188.5p, 1_hsa.miR.200a.5p, 1_hsa.miR.23b.5p, 1_hsa.miR.27a.5p, 1_hsa.miR.320b, 1_hsa.miR.4677.3p, 1_hsa.miR.550a.3p, 1_hsa.miR.664a.3p, 1_hsa.miR.671.5p, 1_hsa.miR.6806.3p, 1_hsa.miR.99b.3p, 1_hsa.miR.99b.5p]

BEST SUMS WITH SIZE 100
Number of solutions = 100
Features in hall of fame by prevalence:
51 features: [0_age_at_initial_pathologic_diagnosis, 1_hsa.miR.15b.5p, 1_hsa.miR.10b.5p, 1_hsa.miR.148a.5p, 1_hsa.miR.222.5p, 1_hsa.miR.335.3p, 1_hsa.miR.1228.3p, 1_hsa.miR.1266.5p, 1_hsa.miR.146b.3p, 1_hsa.miR.155.5p, 1_hsa.miR.21.3p, 1_hsa.miR.23b.5p, 1_hsa.miR.615.3p, 1_hsa.miR.651.5p, 1_hsa.miR.125a.3p, 1_hsa.miR.135b.5p, 1_hsa.miR.146b.5p, 1_hsa.miR.148a.3p, 1_hsa.miR.148b.3p, 1_hsa.miR.15b.3p, 1_hsa.miR.16.5p, 1_hsa.miR.188.5p, 1_hsa.miR.196b.5p, 1_hsa.miR.200a.5p, 1_hsa.miR.27a.5p, 1_hsa.miR.320b, 1_hsa.miR.3677.3p, 1_hsa.miR.4677.3p, 1_hsa.miR.550a.3p, 1_hsa.miR.664a.3p, 1_hsa.miR.671.5p, 1_hsa.miR.6806.3p, 1_hsa.miR.99b.3p, 1_hsa.miR.99b.5p, 1_hsa.miR.103a.2.5p, 1_hsa.miR.1269a, 1_hsa.miR.1307.5p, 1_hsa.miR.199b.3p, 1_hsa.miR.204.3p, 1_hsa.miR.216a.3p, 1_hsa.miR.216b.5p, 1_hsa.miR.219a.2.3p, 1_hsa.miR.335.5p, 1_hsa.miR.423.5p, 1_hsa.miR.424.5p, 1_hsa.miR.4431, 1_hsa.miR.4521, 1_hsa.miR.503.5p, 1_hsa.miR.551b.3p, 1_hsa.miR.7974, 1_hsa.miR.302b.3p]

STARTING SWEEP NUMBER 2
folds_creator_seed = 170841934

ASSIGNING STRATA FOR MULTI-OUTCOME DATA LGG_MV
Assigning strata for outcome named survival of type survival
Counts:
censored 0: 200
censored 1: 116
deceased 0: 49
deceased 1: 46
ga_runner_seed = 4244945034
VIEW: CLINIC
   	     	         	        	   survival SKSurv Cox model concordance index   	                 root leanness                  
   	     	         	        	-------------------------------------------------	------------------------------------------------
gen	evals	gen_feats	explored	min	avg     	max     	std                  	min     	avg     	max	std     
0  	0    	1        	1       	0.5	0.70709 	0.755037	0.0996459            	0.707107	0.762171	1  	0.114437
1  	248  	1        	1       	0.5	0.627518	0.755037	0.127518             	0.707107	0.853553	1  	0.146447
2  	257  	1        	1       	0.5	0.627518	0.755037	0.127518             	0.707107	0.853553	1  	0.146447
3  	250  	1        	1       	0.5	0.627518	0.755037	0.127518             	0.707107	0.853553	1  	0.146447
4  	247  	1        	1       	0.5	0.627518	0.755037	0.127518             	0.707107	0.853553	1  	0.146447
5  	240  	1        	1       	0.5	0.627518	0.755037	0.127518             	0.707107	0.853553	1  	0.146447
6  	263  	1        	1       	0.5	0.627518	0.755037	0.127518             	0.707107	0.853553	1  	0.146447
7  	259  	1        	1       	0.5	0.627518	0.755037	0.127518             	0.707107	0.853553	1  	0.146447
8  	254  	1        	1       	0.5	0.627518	0.755037	0.127518             	0.707107	0.853553	1  	0.146447
9  	235  	1        	1       	0.5	0.627518	0.755037	0.127518             	0.707107	0.853553	1  	0.146447
10 	245  	1        	1       	0.5	0.627518	0.755037	0.127518             	0.707107	0.853553	1  	0.146447
11 	260  	1        	1       	0.5	0.627518	0.755037	0.127518             	0.707107	0.853553	1  	0.146447
12 	255  	1        	1       	0.5	0.627518	0.755037	0.127518             	0.707107	0.853553	1  	0.146447
13 	252  	1        	1       	0.5	0.627518	0.755037	0.127518             	0.707107	0.853553	1  	0.146447
14 	261  	1        	1       	0.5	0.627518	0.755037	0.127518             	0.707107	0.853553	1  	0.146447
15 	261  	1        	1       	0.5	0.627518	0.755037	0.127518             	0.707107	0.853553	1  	0.146447
16 	263  	1        	1       	0.5	0.627518	0.755037	0.127518             	0.707107	0.853553	1  	0.146447
17 	259  	1        	1       	0.5	0.627518	0.755037	0.127518             	0.707107	0.853553	1  	0.146447
18 	251  	1        	1       	0.5	0.627518	0.755037	0.127518             	0.707107	0.853553	1  	0.146447
19 	246  	1        	1       	0.5	0.627518	0.755037	0.127518             	0.707107	0.853553	1  	0.146447
20 	276  	1        	1       	0.5	0.627518	0.755037	0.127518             	0.707107	0.853553	1  	0.146447
21 	247  	1        	1       	0.5	0.627518	0.755037	0.127518             	0.707107	0.853553	1  	0.146447
22 	268  	1        	1       	0.5	0.627518	0.755037	0.127518             	0.707107	0.853553	1  	0.146447
23 	234  	1        	1       	0.5	0.627518	0.755037	0.127518             	0.707107	0.853553	1  	0.146447
24 	261  	1        	1       	0.5	0.627518	0.755037	0.127518             	0.707107	0.853553	1  	0.146447
25 	253  	1        	1       	0.5	0.627518	0.755037	0.127518             	0.707107	0.853553	1  	0.146447
26 	267  	1        	1       	0.5	0.627518	0.755037	0.127518             	0.707107	0.853553	1  	0.146447
27 	254  	1        	1       	0.5	0.627518	0.755037	0.127518             	0.707107	0.853553	1  	0.146447
28 	247  	1        	1       	0.5	0.627518	0.755037	0.127518             	0.707107	0.853553	1  	0.146447
29 	257  	1        	1       	0.5	0.627518	0.755037	0.127518             	0.707107	0.853553	1  	0.146447
30 	268  	1        	1       	0.5	0.627518	0.755037	0.127518             	0.707107	0.853553	1  	0.146447
31 	230  	1        	1       	0.5	0.627518	0.755037	0.127518             	0.707107	0.853553	1  	0.146447
32 	239  	1        	1       	0.5	0.627518	0.755037	0.127518             	0.707107	0.853553	1  	0.146447
33 	243  	1        	1       	0.5	0.627518	0.755037	0.127518             	0.707107	0.853553	1  	0.146447
34 	257  	1        	1       	0.5	0.627518	0.755037	0.127518             	0.707107	0.853553	1  	0.146447
35 	229  	1        	1       	0.5	0.627518	0.755037	0.127518             	0.707107	0.853553	1  	0.146447
36 	250  	1        	1       	0.5	0.627518	0.755037	0.127518             	0.707107	0.853553	1  	0.146447
37 	248  	1        	1       	0.5	0.627518	0.755037	0.127518             	0.707107	0.853553	1  	0.146447
38 	262  	1        	1       	0.5	0.627518	0.755037	0.127518             	0.707107	0.853553	1  	0.146447
39 	258  	1        	1       	0.5	0.627518	0.755037	0.127518             	0.707107	0.853553	1  	0.146447
40 	236  	1        	1       	0.5	0.627518	0.755037	0.127518             	0.707107	0.853553	1  	0.146447
41 	257  	1        	1       	0.5	0.627518	0.755037	0.127518             	0.707107	0.853553	1  	0.146447
42 	233  	1        	1       	0.5	0.627518	0.755037	0.127518             	0.707107	0.853553	1  	0.146447
43 	259  	1        	1       	0.5	0.627518	0.755037	0.127518             	0.707107	0.853553	1  	0.146447
44 	231  	1        	1       	0.5	0.627518	0.755037	0.127518             	0.707107	0.853553	1  	0.146447
45 	262  	1        	1       	0.5	0.627518	0.755037	0.127518             	0.707107	0.853553	1  	0.146447
46 	259  	1        	1       	0.5	0.627518	0.755037	0.127518             	0.707107	0.853553	1  	0.146447
47 	253  	1        	1       	0.5	0.627518	0.755037	0.127518             	0.707107	0.853553	1  	0.146447
48 	246  	1        	1       	0.5	0.627518	0.755037	0.127518             	0.707107	0.853553	1  	0.146447
49 	247  	1        	1       	0.5	0.627518	0.755037	0.127518             	0.707107	0.853553	1  	0.146447

ASSIGNING STRATA FOR MULTI-OUTCOME DATA LGG_MV
Assigning strata for outcome named survival of type survival
Counts:
censored 0: 200
censored 1: 116
deceased 0: 49
deceased 1: 46
VIEW: LOG_MIRNA
   	     	         	        	   survival SKSurv Cox model concordance index   	                 root leanness                  
   	     	         	        	-------------------------------------------------	------------------------------------------------
gen	evals	gen_feats	explored	min	avg     	max     	std                  	min     	avg     	max	std     
0  	0    	169      	169     	0.5	0.835517	0.884551	0.0519429            	0.235702	0.412048	1  	0.147184
1  	386  	248      	267     	0.5	0.84146 	0.884551	0.0481679            	0.235702	0.388662	1  	0.13221 
2  	407  	254      	307     	0.5	0.84378 	0.884551	0.0453222            	0.235702	0.384884	1  	0.131033
3  	367  	233      	328     	0.5	0.844419	0.884551	0.0455066            	0.235702	0.384382	1  	0.130739
4  	385  	256      	339     	0.5	0.84517 	0.884551	0.0456139            	0.229416	0.382152	1  	0.131396
5  	373  	249      	341     	0.5	0.845988	0.884551	0.0451418            	0.229416	0.380463	1  	0.130986
6  	364  	256      	343     	0.5	0.845791	0.884551	0.0459151            	0.218218	0.381414	1  	0.132056
7  	376  	246      	344     	0.5	0.846721	0.884551	0.0454892            	0.218218	0.380131	1  	0.131297
8  	398  	254      	344     	0.5	0.847195	0.884551	0.0456895            	0.218218	0.379384	1  	0.13167 
9  	357  	232      	344     	0.5	0.847427	0.884551	0.0458275            	0.218218	0.379959	1  	0.131451
10 	386  	254      	344     	0.5	0.847807	0.884551	0.0460238            	0.218218	0.380311	1  	0.131156
11 	372  	247      	345     	0.5	0.848078	0.884551	0.0460771            	0.218218	0.380634	1  	0.130877
12 	368  	248      	345     	0.5	0.848323	0.884551	0.0460023            	0.218218	0.38047 	1  	0.131043
13 	378  	259      	345     	0.5	0.84788 	0.884551	0.0467982            	0.218218	0.383152	1  	0.131118
14 	381  	250      	345     	0.5	0.848897	0.884551	0.0462927            	0.218218	0.380625	1  	0.13089 
15 	376  	242      	345     	0.5	0.849199	0.884551	0.0461713            	0.218218	0.380423	1  	0.131079
16 	366  	237      	345     	0.5	0.848515	0.886167	0.0469013            	0.208514	0.383581	1  	0.1315  
17 	386  	249      	345     	0.5	0.848795	0.887352	0.04705              	0.208514	0.383034	1  	0.131849
18 	376  	246      	345     	0.5	0.85019 	0.890529	0.0466185            	0.208514	0.378473	1  	0.132026
19 	385  	244      	345     	0.5	0.851192	0.890529	0.0461894            	0.213201	0.375974	1  	0.131608
20 	372  	265      	345     	0.5	0.852221	0.890529	0.0457528            	0.213201	0.372961	1  	0.131229
21 	368  	246      	345     	0.5	0.852626	0.890529	0.0456275            	0.213201	0.372368	1  	0.131506
22 	369  	245      	345     	0.5	0.851939	0.890529	0.0458132            	0.213201	0.375961	1  	0.131799
23 	376  	249      	345     	0.5	0.852378	0.890529	0.0459984            	0.213201	0.374467	1  	0.13253 
24 	370  	267      	345     	0.5	0.853227	0.890529	0.0455028            	0.213201	0.372034	1  	0.131836
25 	359  	253      	345     	0.5	0.852391	0.890529	0.0462469            	0.2     	0.375265	1  	0.132389
26 	383  	260      	345     	0.5	0.853689	0.890529	0.0457202            	0.2     	0.37102 	1  	0.132395
27 	357  	249      	345     	0.5	0.854835	0.890529	0.0453168            	0.2     	0.367097	1  	0.132366
28 	358  	257      	345     	0.5	0.855238	0.890529	0.0454282            	0.2     	0.365597	1  	0.133054
29 	370  	243      	345     	0.5	0.857086	0.890529	0.0444175            	0.2     	0.359752	1  	0.131666
30 	387  	253      	345     	0.5	0.85705 	0.890529	0.0445618            	0.2     	0.360418	1  	0.131929
31 	380  	247      	345     	0.5	0.85658 	0.890529	0.0452673            	0.204124	0.362406	1  	0.132383
32 	376  	256      	345     	0.5	0.856689	0.891034	0.0452072            	0.204124	0.362778	1  	0.132138
33 	363  	238      	345     	0.5	0.857661	0.892722	0.0447271            	0.204124	0.360056	1  	0.131387
34 	364  	248      	345     	0.5	0.857921	0.892722	0.0448371            	0.204124	0.359236	1  	0.131869
35 	381  	263      	345     	0.5	0.858719	0.892722	0.044385             	0.204124	0.356836	1  	0.131505
36 	366  	256      	345     	0.5	0.858542	0.893194	0.0450343            	0.204124	0.357623	1  	0.131865
37 	385  	249      	345     	0.5	0.85927 	0.893804	0.0444812            	0.204124	0.355739	1  	0.131282
38 	379  	244      	345     	0.5	0.859394	0.893804	0.0445471            	0.204124	0.3555  	1  	0.131488
39 	394  	261      	345     	0.5	0.859496	0.893804	0.0445972            	0.208514	0.355462	1  	0.131517
40 	371  	256      	345     	0.5	0.859511	0.893804	0.0446814            	0.208514	0.356113	1  	0.131449
41 	370  	240      	345     	0.5	0.859765	0.895549	0.0447356            	0.208514	0.35552 	1  	0.131461
42 	369  	250      	345     	0.5	0.859925	0.895549	0.0448232            	0.204124	0.355624	1  	0.131381
43 	389  	250      	345     	0.5	0.859465	0.895549	0.0456449            	0.204124	0.357262	1  	0.132095
44 	371  	243      	345     	0.5	0.860154	0.895549	0.0449409            	0.204124	0.355945	1  	0.131093
45 	374  	257      	345     	0.5	0.860335	0.895964	0.0450575            	0.204124	0.355601	1  	0.131416
46 	371  	236      	345     	0.5	0.86047 	0.895964	0.0451313            	0.204124	0.355509	1  	0.131489
47 	384  	250      	345     	0.5	0.86176 	0.896771	0.0446166            	0.204124	0.351241	1  	0.131221
48 	376  	244      	345     	0.5	0.861891	0.896771	0.0446913            	0.204124	0.350999	1  	0.131418
49 	377  	253      	345     	0.5	0.862204	0.897594	0.0447988            	0.204124	0.349712	1  	0.132036

STARTING MASTER RUNNER RESAMPLING
Generations completed = 12
Generations completed = 29
Generations completed = 46
MASTER
   	     	         	        	       survival SKSurv Cox model concordance index       	                     root leanness                      
   	     	         	        	---------------------------------------------------------	--------------------------------------------------------
gen	evals	gen_feats	explored	min     	avg     	max     	std             	min     	avg     	max     	std     
0  	500  	165      	165     	0.62475 	0.839452	0.873556	0.0283385       	0.204124	0.331253	0.707107	0.110768
1  	408  	156      	178     	0.685958	0.839174	0.874396	0.0297308       	0.204124	0.348279	0.707107	0.114299
2  	397  	150      	188     	0.5     	0.839477	0.874396	0.0346755       	0.204124	0.360343	1       	0.121627
3  	397  	142      	190     	0.5     	0.840124	0.874396	0.0355082       	0.2     	0.366107	1       	0.12407 
4  	404  	146      	190     	0.5     	0.840709	0.874396	0.0365074       	0.2     	0.368111	1       	0.126484
5  	401  	151      	191     	0.5     	0.840566	0.874396	0.037556        	0.2     	0.369943	1       	0.128968
6  	394  	152      	192     	0.5     	0.840959	0.874396	0.0375183       	0.2     	0.370449	1       	0.128706
7  	390  	146      	193     	0.5     	0.840948	0.874396	0.0377954       	0.2     	0.37121 	1       	0.129596
8  	401  	148      	193     	0.5     	0.84088 	0.874396	0.0382719       	0.2     	0.370984	1       	0.130373
9  	420  	162      	193     	0.5     	0.840709	0.874396	0.0383225       	0.2     	0.372297	1       	0.130193
10 	398  	150      	193     	0.5     	0.840734	0.874396	0.0383325       	0.2     	0.372193	1       	0.130261
11 	400  	141      	193     	0.5     	0.840782	0.874396	0.0383403       	0.2     	0.372026	1       	0.130364
12 	393  	139      	194     	0.5     	0.840927	0.874396	0.0383216       	0.2     	0.371764	1       	0.130422
13 	409  	152      	194     	0.5     	0.84105 	0.874396	0.0383016       	0.2     	0.371272	1       	0.130448
14 	402  	156      	194     	0.5     	0.841198	0.874396	0.0382427       	0.2     	0.370672	1       	0.130188
15 	413  	144      	194     	0.5     	0.841297	0.874396	0.0382505       	0.2     	0.370249	1       	0.130283
16 	412  	154      	194     	0.5     	0.841302	0.874396	0.0382444       	0.2     	0.370249	1       	0.130283
17 	396  	148      	194     	0.5     	0.841303	0.874396	0.0382445       	0.2     	0.370249	1       	0.130283
18 	407  	160      	194     	0.5     	0.841326	0.874396	0.0382586       	0.2     	0.370235	1       	0.130296
19 	388  	148      	194     	0.5     	0.841364	0.874396	0.0382755       	0.2     	0.370104	1       	0.130399
20 	404  	145      	194     	0.5     	0.841364	0.874396	0.0382755       	0.2     	0.370104	1       	0.130399
21 	416  	143      	194     	0.5     	0.841366	0.874396	0.038276        	0.2     	0.370074	1       	0.130413
22 	415  	152      	194     	0.5     	0.841366	0.874396	0.038276        	0.2     	0.370074	1       	0.130413
23 	420  	147      	194     	0.5     	0.841364	0.874396	0.0382755       	0.2     	0.370104	1       	0.130399
24 	393  	150      	194     	0.5     	0.841366	0.874396	0.0382759       	0.2     	0.370074	1       	0.130413
25 	401  	148      	194     	0.5     	0.841362	0.874396	0.0382753       	0.2     	0.370104	1       	0.130399
26 	409  	142      	194     	0.5     	0.841343	0.874396	0.0382692       	0.2     	0.37019 	1       	0.130339
27 	407  	157      	194     	0.5     	0.841367	0.874396	0.0382764       	0.2     	0.37004 	1       	0.130442
28 	388  	145      	194     	0.5     	0.841342	0.874396	0.0382689       	0.2     	0.37019 	1       	0.130339
29 	404  	149      	194     	0.5     	0.841382	0.874396	0.0382805       	0.2     	0.36994 	1       	0.130516
30 	378  	138      	194     	0.5     	0.841365	0.874396	0.038276        	0.2     	0.370025	1       	0.130456
31 	400  	146      	194     	0.5     	0.841363	0.874396	0.038275        	0.2     	0.370074	1       	0.130413
32 	416  	149      	194     	0.5     	0.841343	0.874396	0.0382692       	0.2     	0.37019 	1       	0.130339
33 	403  	150      	194     	0.5     	0.841362	0.874396	0.0382753       	0.2     	0.370104	1       	0.130399
34 	405  	147      	194     	0.5     	0.841366	0.874396	0.038276        	0.2     	0.370074	1       	0.130413
35 	407  	136      	194     	0.5     	0.841364	0.874396	0.0382755       	0.2     	0.370104	1       	0.130399
36 	400  	151      	194     	0.5     	0.841366	0.874396	0.038276        	0.2     	0.370074	1       	0.130413
37 	403  	152      	194     	0.5     	0.841366	0.874396	0.038276        	0.2     	0.370074	1       	0.130413
38 	391  	154      	194     	0.5     	0.841364	0.874396	0.0382755       	0.2     	0.370104	1       	0.130399
39 	421  	148      	194     	0.5     	0.841364	0.874396	0.0382755       	0.2     	0.370104	1       	0.130399
40 	413  	159      	194     	0.5     	0.841365	0.874396	0.0382757       	0.2     	0.370074	1       	0.130413
41 	390  	155      	194     	0.5     	0.841367	0.874396	0.0382761       	0.2     	0.370074	1       	0.130413
42 	387  	145      	194     	0.5     	0.841364	0.874396	0.0382755       	0.2     	0.370104	1       	0.130399
43 	389  	158      	194     	0.5     	0.841364	0.874396	0.0382755       	0.2     	0.370104	1       	0.130399
44 	416  	149      	194     	0.5     	0.841366	0.874396	0.0382759       	0.2     	0.370074	1       	0.130413
45 	412  	151      	194     	0.5     	0.84134 	0.874396	0.0382689       	0.2     	0.37019 	1       	0.130339
46 	393  	147      	194     	0.5     	0.841344	0.874396	0.0382697       	0.2     	0.370172	1       	0.130354
47 	413  	146      	194     	0.5     	0.841344	0.874396	0.0382697       	0.2     	0.370172	1       	0.130354
48 	405  	148      	194     	0.5     	0.841365	0.874396	0.038276        	0.2     	0.370069	1       	0.130428
49 	395  	156      	194     	0.5     	0.841366	0.874396	0.0382759       	0.2     	0.370074	1       	0.130413

CURRENT HALLS OF FAME

PARETO FRONT
Number of solutions = 13
(0.8743955665058771, 0.23570226039551584) 17 features: [0_age_at_initial_pathologic_diagnosis, 1_hsa.let.7f.5p, 1_hsa.miR.10b.5p, 1_hsa.miR.1228.3p, 1_hsa.miR.142.5p, 1_hsa.miR.149.5p, 1_hsa.miR.15b.5p, 1_hsa.miR.190b, 1_hsa.miR.222.5p, 1_hsa.miR.30a.3p, 1_hsa.miR.346, 1_hsa.miR.378a.3p, 1_hsa.miR.382.3p, 1_hsa.miR.431.5p, 1_hsa.miR.651.5p, 1_hsa.miR.302b.3p, 1_hsa.miR.513a.3p]
(0.8741765384162231, 0.2672612419124244) 13 features: [0_age_at_initial_pathologic_diagnosis, 1_hsa.miR.10a.3p, 1_hsa.miR.10b.5p, 1_hsa.miR.1228.3p, 1_hsa.miR.142.5p, 1_hsa.miR.15b.5p, 1_hsa.miR.186.5p, 1_hsa.miR.222.5p, 1_hsa.miR.224.3p, 1_hsa.miR.23b.5p, 1_hsa.miR.346, 1_hsa.miR.382.3p, 1_hsa.miR.513a.3p]
(0.8735563089677126, 0.2773500981126146) 12 features: [0_age_at_initial_pathologic_diagnosis, 1_hsa.miR.10b.5p, 1_hsa.miR.1228.3p, 1_hsa.miR.142.5p, 1_hsa.miR.15b.5p, 1_hsa.miR.186.5p, 1_hsa.miR.222.5p, 1_hsa.miR.23b.5p, 1_hsa.miR.346, 1_hsa.miR.382.3p, 1_hsa.miR.654.5p, 1_hsa.miR.513a.3p]
(0.8719769012322578, 0.28867513459481287) 11 features: [0_age_at_initial_pathologic_diagnosis, 1_hsa.miR.10b.5p, 1_hsa.miR.1228.3p, 1_hsa.miR.142.5p, 1_hsa.miR.148a.5p, 1_hsa.miR.154.5p, 1_hsa.miR.15b.5p, 1_hsa.miR.222.5p, 1_hsa.miR.224.3p, 1_hsa.miR.346, 1_hsa.miR.513a.3p]
(0.868812115352628, 0.30151134457776363) 10 features: [0_age_at_initial_pathologic_diagnosis, 1_hsa.miR.10b.5p, 1_hsa.miR.1228.3p, 1_hsa.miR.142.5p, 1_hsa.miR.154.5p, 1_hsa.miR.15b.5p, 1_hsa.miR.222.5p, 1_hsa.miR.224.3p, 1_hsa.miR.346, 1_hsa.miR.513a.3p]
(0.8670157226057146, 0.31622776601683794) 9 features: [0_age_at_initial_pathologic_diagnosis, 1_hsa.miR.10b.5p, 1_hsa.miR.1228.3p, 1_hsa.miR.142.5p, 1_hsa.miR.15b.5p, 1_hsa.miR.222.5p, 1_hsa.miR.23b.5p, 1_hsa.miR.346, 1_hsa.miR.513a.3p]
(0.8647008355973238, 0.3779644730092272) 6 features: [0_age_at_initial_pathologic_diagnosis, 1_hsa.miR.10b.5p, 1_hsa.miR.148a.5p, 1_hsa.miR.15b.5p, 1_hsa.miR.3131, 1_hsa.miR.335.3p]
(0.861576918500961, 0.408248290463863) 5 features: [0_age_at_initial_pathologic_diagnosis, 1_hsa.miR.10b.5p, 1_hsa.miR.148a.5p, 1_hsa.miR.15b.5p, 1_hsa.miR.335.3p]
(0.8550343323769128, 0.4472135954999579) 4 features: [0_age_at_initial_pathologic_diagnosis, 1_hsa.miR.10b.5p, 1_hsa.miR.148a.5p, 1_hsa.miR.15b.5p]
(0.8460067856185777, 0.5) [0_age_at_initial_pathologic_diagnosis, 1_hsa.miR.148a.5p, 1_hsa.miR.15b.5p]
(0.8358379161815258, 0.5773502691896257) [0_age_at_initial_pathologic_diagnosis, 1_hsa.miR.15b.5p]
(0.7833136244871368, 0.7071067811865476) [1_hsa.miR.15b.5p]
(0.5, 1.0) []
Features in hall of fame by prevalence:
26 features: [1_hsa.miR.15b.5p, 0_age_at_initial_pathologic_diagnosis, 1_hsa.miR.10b.5p, 1_hsa.miR.1228.3p, 1_hsa.miR.142.5p, 1_hsa.miR.222.5p, 1_hsa.miR.346, 1_hsa.miR.513a.3p, 1_hsa.miR.148a.5p, 1_hsa.miR.224.3p, 1_hsa.miR.23b.5p, 1_hsa.miR.382.3p, 1_hsa.miR.154.5p, 1_hsa.miR.186.5p, 1_hsa.miR.335.3p, 1_hsa.let.7f.5p, 1_hsa.miR.10a.3p, 1_hsa.miR.149.5p, 1_hsa.miR.190b, 1_hsa.miR.30a.3p, 1_hsa.miR.3131, 1_hsa.miR.378a.3p, 1_hsa.miR.431.5p, 1_hsa.miR.651.5p, 1_hsa.miR.654.5p, 1_hsa.miR.302b.3p]

LAST POPULATION
Number of solutions = 500
Features in hall of fame by prevalence:
162 features: [1_hsa.miR.15b.5p, 1_hsa.miR.10b.5p, 0_age_at_initial_pathologic_diagnosis, 1_hsa.miR.222.5p, 1_hsa.miR.142.5p, 1_hsa.miR.346, 1_hsa.miR.1228.3p, 1_hsa.miR.513a.3p, 1_hsa.miR.302b.3p, 1_hsa.miR.382.3p, 1_hsa.miR.148a.5p, 1_hsa.miR.23b.5p, 1_hsa.miR.6720.3p, 1_hsa.miR.154.5p, 1_hsa.miR.654.5p, 1_hsa.miR.155.5p, 1_hsa.let.7f.1.3p, 1_hsa.miR.335.3p, 1_hsa.let.7f.5p, 1_hsa.miR.3074.5p, 1_hsa.miR.3136.5p, 1_hsa.miR.193a.3p, 1_hsa.miR.193a.5p, 1_hsa.miR.224.3p, 1_hsa.miR.4709.3p, 1_hsa.miR.378d, 1_hsa.miR.378a.3p, 1_hsa.miR.30a.3p, 1_hsa.miR.103a.2.5p, 1_hsa.miR.671.3p, 1_hsa.miR.151b, 1_hsa.miR.149.5p, 1_hsa.miR.151a.3p, 1_hsa.miR.6892.5p, 1_hsa.miR.7704, 1_hsa.miR.1269a, 1_hsa.miR.146b.3p, 1_hsa.miR.204.3p, 1_hsa.miR.34b.5p, 1_hsa.miR.651.5p, 1_hsa.miR.767.3p, 1_hsa.miR.20b.3p, 1_hsa.miR.210.3p, 1_hsa.miR.223.3p, 1_hsa.miR.22.3p, 1_hsa.miR.22.5p, 1_hsa.miR.615.3p, 1_hsa.miR.145.3p, 1_hsa.miR.10a.3p, 1_hsa.miR.186.5p, 1_hsa.miR.190b, 1_hsa.miR.4677.3p, 1_hsa.miR.9.5p, 1_hsa.miR.335.5p, 1_hsa.miR.424.3p, 1_hsa.miR.552.5p, 1_hsa.miR.361.5p, 1_hsa.miR.503.5p, 1_hsa.miR.584.3p, 1_hsa.miR.105.5p, 1_hsa.miR.21.3p, 1_hsa.miR.29b.1.5p, 1_hsa.miR.550a.3p, 1_hsa.let.7e.5p, 1_hsa.miR.107, 1_hsa.miR.1266.5p, 1_hsa.miR.27b.5p, 1_hsa.miR.664a.3p, 1_hsa.miR.99b.5p, 1_hsa.miR.200a.5p, 1_hsa.miR.221.3p, 1_hsa.miR.320c, 1_hsa.miR.409.3p, 1_hsa.miR.431.5p, 1_hsa.miR.4521, 1_hsa.miR.455.3p, 1_hsa.miR.505.3p, 1_hsa.miR.99b.3p, 1_hsa.miR.373.3p, 1_hsa.miR.100.5p, 1_hsa.miR.10b.3p, 1_hsa.miR.125b.2.3p, 1_hsa.miR.130a.3p, 1_hsa.miR.135b.5p, 1_hsa.miR.146b.5p, 1_hsa.miR.148a.3p, 1_hsa.miR.150.5p, 1_hsa.miR.155.3p, 1_hsa.miR.15b.3p, 1_hsa.miR.183.5p, 1_hsa.miR.193b.5p, 1_hsa.miR.199b.5p, 1_hsa.miR.24.2.5p, 1_hsa.miR.27a.5p, 1_hsa.miR.30e.3p, 1_hsa.miR.3131, 1_hsa.miR.31.3p, 1_hsa.miR.3677.3p, 1_hsa.miR.377.3p, 1_hsa.miR.3917, ...]

BEST SUMS WITH SIZE 50
Number of solutions = 50
Features in hall of fame by prevalence:
38 features: [0_age_at_initial_pathologic_diagnosis, 1_hsa.miR.15b.5p, 1_hsa.miR.148a.5p, 1_hsa.miR.10b.3p, 1_hsa.miR.135b.5p, 1_hsa.miR.155.5p, 1_hsa.miR.15b.3p, 1_hsa.miR.196b.5p, 1_hsa.miR.335.3p, 1_hsa.miR.3677.3p, 1_hsa.miR.615.3p, 1_hsa.let.7e.5p, 1_hsa.miR.10b.5p, 1_hsa.miR.1228.3p, 1_hsa.miR.125a.3p, 1_hsa.miR.1266.5p, 1_hsa.miR.146b.3p, 1_hsa.miR.146b.5p, 1_hsa.miR.148a.3p, 1_hsa.miR.148b.3p, 1_hsa.miR.16.5p, 1_hsa.miR.188.5p, 1_hsa.miR.200a.5p, 1_hsa.miR.21.3p, 1_hsa.miR.222.5p, 1_hsa.miR.23b.5p, 1_hsa.miR.27a.5p, 1_hsa.miR.320b, 1_hsa.miR.335.5p, 1_hsa.miR.4677.3p, 1_hsa.miR.6509.5p, 1_hsa.miR.651.5p, 1_hsa.miR.664a.3p, 1_hsa.miR.671.5p, 1_hsa.miR.6806.3p, 1_hsa.miR.9.5p, 1_hsa.miR.99b.3p, 1_hsa.miR.99b.5p]

BEST SUMS WITH SIZE 100
Number of solutions = 100
Features in hall of fame by prevalence:
52 features: [0_age_at_initial_pathologic_diagnosis, 1_hsa.miR.15b.5p, 1_hsa.miR.10b.5p, 1_hsa.miR.222.5p, 1_hsa.miR.335.3p, 1_hsa.miR.1228.3p, 1_hsa.miR.1266.5p, 1_hsa.miR.146b.3p, 1_hsa.miR.148a.5p, 1_hsa.miR.155.5p, 1_hsa.miR.21.3p, 1_hsa.miR.23b.5p, 1_hsa.miR.335.5p, 1_hsa.miR.615.3p, 1_hsa.miR.651.5p, 1_hsa.let.7e.5p, 1_hsa.miR.10b.3p, 1_hsa.miR.135b.5p, 1_hsa.miR.146b.5p, 1_hsa.miR.148a.3p, 1_hsa.miR.148b.3p, 1_hsa.miR.15b.3p, 1_hsa.miR.16.5p, 1_hsa.miR.188.5p, 1_hsa.miR.196b.5p, 1_hsa.miR.27a.5p, 1_hsa.miR.3677.3p, 1_hsa.miR.4677.3p, 1_hsa.miR.550a.3p, 1_hsa.miR.671.5p, 1_hsa.miR.6806.3p, 1_hsa.miR.9.5p, 1_hsa.miR.99b.5p, 1_hsa.miR.103a.2.5p, 1_hsa.miR.125a.3p, 1_hsa.miR.1307.5p, 1_hsa.miR.199b.3p, 1_hsa.miR.200a.5p, 1_hsa.miR.204.3p, 1_hsa.miR.216a.3p, 1_hsa.miR.216b.5p, 1_hsa.miR.320b, 1_hsa.miR.423.5p, 1_hsa.miR.424.5p, 1_hsa.miR.4431, 1_hsa.miR.4521, 1_hsa.miR.503.5p, 1_hsa.miR.551b.3p, 1_hsa.miR.6509.5p, 1_hsa.miR.664a.3p, 1_hsa.miR.7974, 1_hsa.miR.99b.3p]

STARTING CONCATENATED OPTIMIZATION
CONCATENATED
   	     	         	        	   survival SKSurv Cox model concordance index   	                 root leanness                  
   	     	         	        	-------------------------------------------------	------------------------------------------------
gen	evals	gen_feats	explored	min	avg     	max     	std                  	min     	avg     	max	std     
0  	0    	162      	162     	0.5	0.841366	0.874396	0.0382759            	0.2     	0.370074	1  	0.130413
1  	387  	241      	256     	0.5	0.842927	0.874396	0.0412541            	0.196116	0.367325	1  	0.133859
2  	390  	239      	297     	0.5	0.844505	0.878035	0.0406957            	0.19245 	0.365986	1  	0.133451
3  	361  	258      	324     	0.5	0.846483	0.879486	0.0401436            	0.196116	0.361068	1  	0.133782
4  	386  	260      	339     	0.5	0.847232	0.879486	0.0403612            	0.196116	0.360971	1  	0.133638
5  	397  	249      	341     	0.5	0.848663	0.879486	0.0399584            	0.19245 	0.357569	1  	0.133325
6  	390  	260      	344     	0.5	0.849272	0.879486	0.0401358            	0.19245 	0.35677 	1  	0.133825
7  	370  	261      	345     	0.5	0.848856	0.879486	0.041422             	0.2     	0.360819	1  	0.133807
8  	393  	251      	345     	0.5	0.850157	0.879486	0.0404902            	0.188982	0.35735 	1  	0.133711
9  	385  	268      	346     	0.5	0.851339	0.886587	0.0399523            	0.188982	0.354432	1  	0.132532
10 	382  	264      	346     	0.5	0.851993	0.886587	0.0401457            	0.188982	0.352043	1  	0.133469
11 	375  	277      	346     	0.5	0.85232 	0.886587	0.040302             	0.188982	0.352672	1  	0.133375
12 	371  	257      	346     	0.5	0.852688	0.886587	0.0404289            	0.188982	0.353513	1  	0.133282
13 	384  	271      	346     	0.5	0.853121	0.886968	0.0405971            	0.188982	0.354102	1  	0.132741
14 	390  	266      	346     	0.5	0.853881	0.886968	0.0408851            	0.188982	0.35233 	1  	0.133749
15 	374  	260      	346     	0.5	0.854982	0.886968	0.04033              	0.188982	0.349056	1  	0.132928
16 	380  	269      	346     	0.5	0.855376	0.886968	0.0404762            	0.188982	0.349375	1  	0.132627
17 	373  	269      	346     	0.5	0.85562 	0.886968	0.0406162            	0.188982	0.349714	1  	0.132688
18 	386  	270      	346     	0.5	0.856065	0.8884  	0.0407722            	0.188982	0.349612	1  	0.13263 
19 	386  	265      	346     	0.5	0.85628 	0.8884  	0.0408689            	0.188982	0.34939 	1  	0.132787
20 	371  	257      	346     	0.5	0.856861	0.891053	0.0410845            	0.188982	0.348025	1  	0.133363
21 	371  	262      	346     	0.5	0.857044	0.891053	0.0412               	0.185695	0.348918	1  	0.133069
22 	367  	263      	346     	0.5	0.85745 	0.891053	0.0411269            	0.185695	0.349123	1  	0.132905
23 	378  	274      	346     	0.5	0.857927	0.891053	0.0412931            	0.188982	0.347493	1  	0.133501
24 	377  	266      	346     	0.5	0.858814	0.891443	0.0407075            	0.19245 	0.345819	1  	0.132292
25 	403  	269      	346     	0.5	0.859547	0.891443	0.0409422            	0.19245 	0.343511	1  	0.133249
26 	399  	268      	346     	0.5	0.860734	0.891443	0.0403312            	0.19245 	0.339832	1  	0.132513
27 	360  	262      	346     	0.5	0.861036	0.891443	0.0404678            	0.196116	0.339931	1  	0.132419
28 	373  	270      	346     	0.5	0.861583	0.891443	0.040616             	0.196116	0.338084	1  	0.132641
29 	377  	255      	346     	0.5	0.861775	0.891789	0.0407855            	0.196116	0.338766	1  	0.13293 
30 	377  	251      	346     	0.5	0.86206 	0.892777	0.0408897            	0.2     	0.339209	1  	0.132358
31 	376  	273      	346     	0.5	0.862414	0.892777	0.0410188            	0.196116	0.338525	1  	0.132654
32 	371  	272      	346     	0.5	0.863404	0.898011	0.0404329            	0.19245 	0.336164	1  	0.131395
33 	382  	261      	346     	0.5	0.863388	0.901011	0.0412561            	0.188982	0.336639	1  	0.13266 
34 	385  	264      	346     	0.5	0.863486	0.901011	0.0413543            	0.188982	0.337821	1  	0.132607
35 	380  	262      	346     	0.5	0.863675	0.901011	0.0416589            	0.185695	0.338196	1  	0.133459
36 	370  	263      	346     	0.5	0.864549	0.901011	0.0409716            	0.185695	0.336168	1  	0.131998
37 	361  	260      	346     	0.5	0.864948	0.901011	0.0411034            	0.185695	0.335497	1  	0.131984
38 	380  	259      	346     	0.5	0.864248	0.901011	0.0421914            	0.182574	0.338389	1  	0.133184
39 	394  	271      	346     	0.5	0.864469	0.901011	0.042075             	0.182574	0.339021	1  	0.132976
40 	364  	248      	346     	0.5	0.865016	0.901011	0.0422051            	0.182574	0.338086	1  	0.133185
41 	379  	260      	346     	0.5	0.86599 	0.901011	0.0415549            	0.182574	0.335267	1  	0.132187
42 	370  	264      	346     	0.5	0.867443	0.901011	0.0410458            	0.182574	0.330181	1  	0.13191 
43 	358  	241      	346     	0.5	0.867716	0.901485	0.0411543            	0.182574	0.33005 	1  	0.13204 
44 	373  	250      	346     	0.5	0.867998	0.901485	0.0412861            	0.182574	0.329692	1  	0.132372
45 	381  	247      	346     	0.5	0.868636	0.901485	0.0414696            	0.179605	0.32759 	1  	0.132817
46 	374  	260      	346     	0.5	0.869608	0.904479	0.0408362            	0.179605	0.324997	1  	0.131615
47 	394  	259      	346     	0.5	0.869943	0.904479	0.040964             	0.174078	0.324062	1  	0.1322  
48 	375  	252      	346     	0.5	0.870109	0.904479	0.0410669            	0.174078	0.324772	1  	0.1319  
49 	370  	257      	346     	0.5	0.870242	0.904479	0.041123             	0.179605	0.325114	1  	0.131593
50 	383  	249      	346     	0.5	0.870476	0.904479	0.0412124            	0.179605	0.325021	1  	0.13168 
51 	382  	257      	346     	0.5	0.869995	0.904479	0.0426866            	0.179605	0.32686 	1  	0.132388
52 	385  	258      	346     	0.5	0.87093 	0.904479	0.0413898            	0.179605	0.324959	1  	0.131731
53 	389  	254      	346     	0.5	0.871176	0.904479	0.0414983            	0.176777	0.324487	1  	0.132098
54 	366  	251      	346     	0.5	0.871396	0.904812	0.0416141            	0.176777	0.32473 	1  	0.131962
55 	371  	264      	346     	0.5	0.871536	0.904812	0.0416621            	0.176777	0.324956	1  	0.131769
56 	374  	244      	346     	0.5	0.870912	0.904812	0.0426847            	0.176777	0.32768 	1  	0.13321 
57 	362  	254      	346     	0.5	0.870836	0.904812	0.0421682            	0.176777	0.329606	1  	0.132495
58 	364  	242      	346     	0.5	0.871023	0.904812	0.0421486            	0.176777	0.329847	1  	0.132364
59 	378  	249      	346     	0.5	0.871097	0.904812	0.0421846            	0.174078	0.330092	1  	0.132199
60 	381  	257      	346     	0.5	0.871121	0.904812	0.0422132            	0.174078	0.330461	1  	0.13229 
61 	385  	240      	346     	0.5	0.870571	0.904812	0.0431436            	0.174078	0.332866	1  	0.132945
62 	370  	245      	346     	0.5	0.870384	0.904812	0.0433582            	0.176777	0.334059	1  	0.132851
63 	389  	242      	346     	0.5	0.870725	0.904812	0.0431821            	0.176777	0.333595	1  	0.133206
64 	404  	259      	346     	0.5	0.871125	0.904812	0.043142             	0.174078	0.332636	1  	0.132844
65 	392  	253      	346     	0.5	0.871546	0.904812	0.0432405            	0.174078	0.331391	1  	0.132839
66 	387  	259      	346     	0.5	0.871416	0.905323	0.0434135            	0.174078	0.332703	1  	0.133083
67 	356  	244      	346     	0.5	0.870894	0.905557	0.0433023            	0.185695	0.335824	1  	0.131863
68 	371  	245      	346     	0.5	0.871079	0.905557	0.0433065            	0.185695	0.335732	1  	0.131959
69 	390  	250      	346     	0.5	0.871232	0.905557	0.0433704            	0.185695	0.335874	1  	0.131843
70 	365  	253      	346     	0.5	0.871435	0.905557	0.043471             	0.185695	0.335308	1  	0.132275
71 	385  	243      	346     	0.5	0.871552	0.906447	0.0435173            	0.188982	0.335212	1  	0.13234 
72 	380  	234      	346     	0.5	0.871897	0.906447	0.0436274            	0.188982	0.334124	1  	0.132748
73 	374  	237      	346     	0.5	0.873107	0.906569	0.0430309            	0.188982	0.330527	1  	0.131812
74 	378  	251      	346     	0.5	0.873248	0.907059	0.0431095            	0.188982	0.330081	1  	0.132188
75 	390  	249      	346     	0.5	0.873317	0.907059	0.0431501            	0.188982	0.330211	1  	0.132106
76 	384  	247      	346     	0.5	0.873513	0.907059	0.0432331            	0.188982	0.329513	1  	0.132575
77 	364  	238      	346     	0.5	0.873843	0.907059	0.0433436            	0.188982	0.328345	1  	0.133104
78 	369  	229      	346     	0.5	0.873743	0.907059	0.0433416            	0.188982	0.328996	1  	0.132912
79 	401  	249      	346     	0.5	0.873815	0.907207	0.0433853            	0.188982	0.329059	1  	0.132925
80 	380  	237      	346     	0.5	0.874201	0.909029	0.0434686            	0.185695	0.327784	1  	0.133177
81 	387  	246      	346     	0.5	0.875234	0.909029	0.0427921            	0.182574	0.324351	1  	0.132226
82 	371  	235      	346     	0.5	0.875318	0.909029	0.0428317            	0.182574	0.324407	1  	0.132182
83 	387  	246      	346     	0.5	0.875299	0.909029	0.0428897            	0.182574	0.324881	1  	0.1322  
84 	370  	236      	346     	0.5	0.875496	0.909029	0.0429232            	0.182574	0.324459	1  	0.132141
85 	373  	239      	346     	0.5	0.875619	0.909029	0.0429893            	0.182574	0.324202	1  	0.132313
86 	374  	256      	346     	0.5	0.875831	0.909029	0.0430451            	0.182574	0.32331 	1  	0.13264 
87 	356  	231      	346     	0.5	0.876609	0.909352	0.043037             	0.182574	0.320199	1  	0.132658
88 	368  	243      	346     	0.5	0.876023	0.909352	0.0431973            	0.182574	0.322765	1  	0.133068
89 	378  	231      	346     	0.5	0.876209	0.909352	0.0432302            	0.182574	0.322346	1  	0.133131
90 	377  	233      	346     	0.5	0.877197	0.909352	0.0424907            	0.179605	0.31929 	1  	0.131731
91 	389  	249      	346     	0.5	0.877023	0.911362	0.0425658            	0.179605	0.320303	1  	0.132037
92 	385  	254      	346     	0.5	0.876557	0.911362	0.0434186            	0.179605	0.321773	1  	0.133384
93 	387  	250      	346     	0.5	0.877463	0.911362	0.0426046            	0.179605	0.319068	1  	0.131696
94 	375  	241      	346     	0.5	0.877557	0.911362	0.0426483            	0.179605	0.318848	1  	0.131882
95 	384  	238      	346     	0.5	0.877623	0.911362	0.0426888            	0.179605	0.318719	1  	0.131975
96 	379  	243      	346     	0.5	0.87797 	0.911362	0.0427984            	0.179605	0.317392	1  	0.132558
97 	360  	242      	346     	0.5	0.877891	0.911362	0.0428003            	0.179605	0.317992	1  	0.132277
98 	375  	249      	346     	0.5	0.877843	0.911362	0.0428028            	0.179605	0.318403	1  	0.132145
99 	377  	240      	346     	0.5	0.87794 	0.911362	0.0428237            	0.179605	0.318171	1  	0.132185
Sweeping genetic algorithm multi-view multi-objective optimizer with resampling (MO-3-folds creator, pop 500, uniform(0, 50), gen [50,50]100, sort NSGA3CICR, crossover 0.33, mutation 1.0 symmetric flip) with (multi-view lasso FI, multi-view Cox FI) final optimization execution time = 00-04:06:21

FEATURE SETS SELECTED ON WHOLE DATASET

PARETO FRONT
Number of solutions = 23
Features in hall of fame by prevalence:
46 features: [0_age_at_initial_pathologic_diagnosis, 1_hsa.miR.10b.5p, 1_hsa.miR.346, 1_hsa.miR.1228.3p, 1_hsa.miR.3074.5p, 1_hsa.let.7f.5p, 1_hsa.miR.149.5p, 1_hsa.miR.23b.5p, 1_hsa.miR.513a.3p, 1_hsa.miR.22.5p, 1_hsa.miR.222.5p, 1_hsa.miR.30a.3p, 1_hsa.miR.215.5p, 1_hsa.miR.210.3p, 1_hsa.miR.4728.3p, 1_hsa.miR.148a.5p, 1_hsa.miR.154.5p, 1_hsa.miR.15b.5p, 1_hsa.miR.335.3p, 1_hsa.miR.432.5p, 1_hsa.miR.103a.2.5p, 1_hsa.miR.618, 1_hsa.miR.671.3p, 1_hsa.let.7i.5p, 1_hsa.miR.1296.5p, 1_hsa.miR.143.5p, 1_hsa.miR.193a.3p, 1_hsa.miR.196b.5p, 1_hsa.miR.3131, 1_hsa.miR.34c.5p, 1_hsa.miR.382.3p, 1_hsa.miR.3923, 1_hsa.miR.455.3p, 1_hsa.miR.550a.3p, 1_hsa.miR.6509.5p, 1_hsa.miR.767.3p, 1_hsa.miR.1537.5p, 1_hsa.miR.18a.5p, 1_hsa.miR.3136.5p, 1_hsa.miR.331.3p, 1_hsa.miR.34a.5p, 1_hsa.miR.361.3p, 1_hsa.miR.4772.3p, 1_hsa.miR.6806.3p, 1_hsa.miR.760, 1_hsa.miR.93.5p]

LAST POPULATION
Number of solutions = 500
Features in hall of fame by prevalence:
173 features: [0_age_at_initial_pathologic_diagnosis, 1_hsa.miR.10b.5p, 1_hsa.miR.346, 1_hsa.miR.513a.3p, 1_hsa.miR.149.5p, 1_hsa.miR.23b.5p, 1_hsa.miR.1228.3p, 1_hsa.miR.22.5p, 1_hsa.let.7f.5p, 1_hsa.miR.30a.3p, 1_hsa.miR.3074.5p, 1_hsa.miR.222.5p, 1_hsa.miR.215.5p, 1_hsa.miR.210.3p, 1_hsa.miR.4728.3p, 1_hsa.miR.148a.5p, 1_hsa.miR.671.3p, 1_hsa.miR.15b.5p, 1_hsa.miR.154.5p, 1_hsa.miR.432.5p, 1_hsa.miR.335.3p, 1_hsa.miR.3131, 1_hsa.miR.455.3p, 1_hsa.miR.3923, 1_hsa.let.7i.5p, 1_hsa.miR.382.3p, 1_hsa.miR.767.3p, 1_hsa.miR.618, 1_hsa.miR.378a.3p, 1_hsa.miR.552.5p, 1_hsa.miR.760, 1_hsa.miR.34c.5p, 1_hsa.miR.550a.3p, 1_hsa.miR.15b.3p, 1_hsa.miR.18a.5p, 1_hsa.miR.143.5p, 1_hsa.miR.550a.5p, 1_hsa.miR.1296.5p, 1_hsa.miR.224.3p, 1_hsa.miR.193a.3p, 1_hsa.miR.196b.3p, 1_hsa.miR.6720.3p, 1_hsa.miR.10b.3p, 1_hsa.miR.494.3p, 1_hsa.miR.103a.2.5p, 1_hsa.miR.142.5p, 1_hsa.miR.6806.3p, 1_hsa.miR.196b.5p, 1_hsa.miR.320a, 1_hsa.miR.361.3p, 1_hsa.miR.4772.3p, 1_hsa.miR.4423.5p, 1_hsa.miR.7974, 1_hsa.miR.371a.3p, 1_hsa.miR.34a.5p, 1_hsa.miR.301b, 1_hsa.miR.6509.5p, 1_hsa.miR.23b.3p, 1_hsa.miR.339.5p, 1_hsa.miR.548y, 1_hsa.miR.625.5p, 1_hsa.miR.93.5p, 1_hsa.miR.372.3p, 1_hsa.miR.1537.5p, 1_hsa.miR.190b, 1_hsa.miR.26a.2.3p, 1_hsa.miR.3136.5p, 1_hsa.miR.335.5p, 1_hsa.miR.3677.3p, 1_hsa.miR.378d, 1_hsa.miR.551b.3p, 1_hsa.miR.590.3p, 1_hsa.miR.6842.3p, 1_hsa.miR.6892.5p, 1_hsa.miR.10a.5p, 1_hsa.miR.125a.3p, 1_hsa.miR.125b.1.3p, 1_hsa.miR.126.3p, 1_hsa.miR.130a.3p, 1_hsa.miR.135b.5p, 1_hsa.miR.141.3p, 1_hsa.miR.149.3p, 1_hsa.miR.154.3p, 1_hsa.miR.216b.5p, 1_hsa.miR.29b.1.5p, 1_hsa.miR.3154, 1_hsa.miR.361.5p, 1_hsa.miR.382.5p, 1_hsa.miR.424.5p, 1_hsa.miR.584.3p, 1_hsa.miR.615.3p, 1_hsa.miR.105.5p, 1_hsa.miR.107, 1_hsa.miR.1292.5p, 1_hsa.miR.130b.3p, 1_hsa.miR.146b.3p, 1_hsa.miR.155.5p, 1_hsa.miR.181b.5p, 1_hsa.miR.188.5p, 1_hsa.miR.196a.5p, ...]

BEST SUMS WITH SIZE 50
Number of solutions = 50
Features in hall of fame by prevalence:
45 features: [0_age_at_initial_pathologic_diagnosis, 1_hsa.miR.15b.5p, 1_hsa.miR.335.3p, 1_hsa.miR.10b.3p, 1_hsa.miR.15b.3p, 1_hsa.let.7e.5p, 1_hsa.miR.10a.5p, 1_hsa.miR.10b.5p, 1_hsa.miR.1228.3p, 1_hsa.miR.125a.3p, 1_hsa.miR.125b.1.3p, 1_hsa.miR.135b.5p, 1_hsa.miR.146b.3p, 1_hsa.miR.146b.5p, 1_hsa.miR.148a.3p, 1_hsa.miR.148a.5p, 1_hsa.miR.148b.3p, 1_hsa.miR.155.5p, 1_hsa.miR.16.5p, 1_hsa.miR.188.5p, 1_hsa.miR.196a.5p, 1_hsa.miR.196b.5p, 1_hsa.miR.1976, 1_hsa.miR.200a.5p, 1_hsa.miR.21.3p, 1_hsa.miR.221.3p, 1_hsa.miR.222.5p, 1_hsa.miR.23b.5p, 1_hsa.miR.25.3p, 1_hsa.miR.27a.5p, 1_hsa.miR.335.5p, 1_hsa.miR.3677.3p, 1_hsa.miR.378a.3p, 1_hsa.miR.4677.3p, 1_hsa.miR.4746.5p, 1_hsa.miR.615.3p, 1_hsa.miR.6509.5p, 1_hsa.miR.651.5p, 1_hsa.miR.664a.3p, 1_hsa.miR.671.5p, 1_hsa.miR.6806.3p, 1_hsa.miR.6892.5p, 1_hsa.miR.9.5p, 1_hsa.miR.99b.3p, 1_hsa.miR.99b.5p]

BEST SUMS WITH SIZE 100
Number of solutions = 100
Features in hall of fame by prevalence:
71 features: [0_age_at_initial_pathologic_diagnosis, 1_hsa.miR.15b.5p, 1_hsa.miR.10b.3p, 1_hsa.miR.335.3p, 1_hsa.miR.10b.5p, 1_hsa.miR.148a.5p, 1_hsa.miR.196b.5p, 1_hsa.miR.125b.1.3p, 1_hsa.miR.135b.5p, 1_hsa.miR.146b.5p, 1_hsa.miR.155.5p, 1_hsa.miR.15b.3p, 1_hsa.miR.21.3p, 1_hsa.miR.222.5p, 1_hsa.miR.27b.5p, 1_hsa.miR.3677.3p, 1_hsa.miR.455.3p, 1_hsa.miR.4746.5p, 1_hsa.miR.615.3p, 1_hsa.miR.651.5p, 1_hsa.miR.9.5p, 1_hsa.let.7e.5p, 1_hsa.let.7i.5p, 1_hsa.miR.107, 1_hsa.miR.10a.5p, 1_hsa.miR.1228.3p, 1_hsa.miR.125a.3p, 1_hsa.miR.1266.5p, 1_hsa.miR.143.3p, 1_hsa.miR.146b.3p, 1_hsa.miR.148a.3p, 1_hsa.miR.148b.3p, 1_hsa.miR.16.2.3p, 1_hsa.miR.16.5p, 1_hsa.miR.188.5p, 1_hsa.miR.193a.5p, 1_hsa.miR.196a.5p, 1_hsa.miR.1976, 1_hsa.miR.199a.3p, 1_hsa.miR.199b.3p, 1_hsa.miR.200a.5p, 1_hsa.miR.21.5p, 1_hsa.miR.221.3p, 1_hsa.miR.222.3p, 1_hsa.miR.23b.5p, 1_hsa.miR.25.3p, 1_hsa.miR.27a.3p, 1_hsa.miR.27a.5p, 1_hsa.miR.301b, 1_hsa.miR.3074.5p, 1_hsa.miR.3154, 1_hsa.miR.320b, 1_hsa.miR.335.5p, 1_hsa.miR.34a.5p, 1_hsa.miR.378a.3p, 1_hsa.miR.4677.3p, 1_hsa.miR.503.5p, 1_hsa.miR.532.3p, 1_hsa.miR.550a.3p, 1_hsa.miR.550a.5p, 1_hsa.miR.551b.3p, 1_hsa.miR.6509.5p, 1_hsa.miR.664a.3p, 1_hsa.miR.671.5p, 1_hsa.miR.675.3p, 1_hsa.miR.6806.3p, 1_hsa.miR.6892.5p, 1_hsa.miR.7974, 1_hsa.miR.942.5p, 1_hsa.miR.99b.3p, 1_hsa.miR.99b.5p]

SAVING FEATURES AND FITNESSES FOR EACH SELECTED INDIVIDUAL TO FILES.
