
OPTIMIZING ON FOLD NUMBER 2
Number of workers = 96

COMPUTING LOCAL ACTIVE FEATURES
Computing active features for view clinic
Existing features: 8
Applying union strategy for feature selection using composite feature selector with
categorical: feature selector any na and anova
survival: feature selector Cox

Computing active features for outcome survival
Features selected for this outcome: 1
Features active in total: 1
Computing active features for view log_mirna
Existing features: 740
Applying union strategy for feature selection using composite feature selector with
categorical: feature selector any na and anova
survival: feature selector Cox

Computing active features for outcome survival
Features selected for this outcome: 292
Features active in total: 292
Computing feature importance
Running optimizer

STARTING 2-STEPS GENETIC ALGORITHM

CREATING INNER FOLDS

ASSIGNING STRATA FOR MULTI-OUTCOME DATA LGG_MV
Assigning strata for outcome named survival of type survival
Counts:
censored 0: 153
censored 1: 100
deceased 0: 38
deceased 1: 38

STARTING SWEEP NUMBER 1
folds_creator_seed = 4107908117

ASSIGNING STRATA FOR MULTI-OUTCOME DATA LGG_MV
Assigning strata for outcome named survival of type survival
Counts:
censored 0: 153
censored 1: 100
deceased 0: 38
deceased 1: 38
ga_runner_seed = 3091794638
VIEW: CLINIC
   	     	         	        	  survival SKSurv Cox model concordance index   	                 root leanness                  
   	     	         	        	------------------------------------------------	------------------------------------------------
gen	evals	gen_feats	explored	min	avg     	max     	std                  	min     	avg     	max	std     
0  	500  	1        	1       	0.5	0.624545	0.746137	0.12306              	0.707107	0.851796	1  	0.146436
1  	253  	1        	1       	0.5	0.623068	0.746137	0.123068             	0.707107	0.853553	1  	0.146447
2  	254  	1        	1       	0.5	0.623068	0.746137	0.123068             	0.707107	0.853553	1  	0.146447
3  	234  	1        	1       	0.5	0.623068	0.746137	0.123068             	0.707107	0.853553	1  	0.146447
4  	251  	1        	1       	0.5	0.623068	0.746137	0.123068             	0.707107	0.853553	1  	0.146447
5  	257  	1        	1       	0.5	0.623068	0.746137	0.123068             	0.707107	0.853553	1  	0.146447
6  	243  	1        	1       	0.5	0.623068	0.746137	0.123068             	0.707107	0.853553	1  	0.146447
7  	253  	1        	1       	0.5	0.623068	0.746137	0.123068             	0.707107	0.853553	1  	0.146447
8  	249  	1        	1       	0.5	0.623068	0.746137	0.123068             	0.707107	0.853553	1  	0.146447
9  	249  	1        	1       	0.5	0.623068	0.746137	0.123068             	0.707107	0.853553	1  	0.146447
10 	259  	1        	1       	0.5	0.623068	0.746137	0.123068             	0.707107	0.853553	1  	0.146447
11 	258  	1        	1       	0.5	0.623068	0.746137	0.123068             	0.707107	0.853553	1  	0.146447
12 	253  	1        	1       	0.5	0.623068	0.746137	0.123068             	0.707107	0.853553	1  	0.146447
13 	255  	1        	1       	0.5	0.623068	0.746137	0.123068             	0.707107	0.853553	1  	0.146447
14 	244  	1        	1       	0.5	0.623068	0.746137	0.123068             	0.707107	0.853553	1  	0.146447
15 	248  	1        	1       	0.5	0.623068	0.746137	0.123068             	0.707107	0.853553	1  	0.146447
16 	259  	1        	1       	0.5	0.623068	0.746137	0.123068             	0.707107	0.853553	1  	0.146447
17 	245  	1        	1       	0.5	0.623068	0.746137	0.123068             	0.707107	0.853553	1  	0.146447
18 	247  	1        	1       	0.5	0.623068	0.746137	0.123068             	0.707107	0.853553	1  	0.146447
19 	230  	1        	1       	0.5	0.623068	0.746137	0.123068             	0.707107	0.853553	1  	0.146447
20 	230  	1        	1       	0.5	0.623068	0.746137	0.123068             	0.707107	0.853553	1  	0.146447
21 	241  	1        	1       	0.5	0.623068	0.746137	0.123068             	0.707107	0.853553	1  	0.146447
22 	247  	1        	1       	0.5	0.623068	0.746137	0.123068             	0.707107	0.853553	1  	0.146447
23 	255  	1        	1       	0.5	0.623068	0.746137	0.123068             	0.707107	0.853553	1  	0.146447
24 	241  	1        	1       	0.5	0.623068	0.746137	0.123068             	0.707107	0.853553	1  	0.146447
25 	232  	1        	1       	0.5	0.623068	0.746137	0.123068             	0.707107	0.853553	1  	0.146447
26 	249  	1        	1       	0.5	0.623068	0.746137	0.123068             	0.707107	0.853553	1  	0.146447
27 	213  	1        	1       	0.5	0.623068	0.746137	0.123068             	0.707107	0.853553	1  	0.146447
28 	258  	1        	1       	0.5	0.623068	0.746137	0.123068             	0.707107	0.853553	1  	0.146447
29 	253  	1        	1       	0.5	0.623068	0.746137	0.123068             	0.707107	0.853553	1  	0.146447
30 	238  	1        	1       	0.5	0.623068	0.746137	0.123068             	0.707107	0.853553	1  	0.146447
31 	250  	1        	1       	0.5	0.623068	0.746137	0.123068             	0.707107	0.853553	1  	0.146447
32 	242  	1        	1       	0.5	0.623068	0.746137	0.123068             	0.707107	0.853553	1  	0.146447
33 	246  	1        	1       	0.5	0.623068	0.746137	0.123068             	0.707107	0.853553	1  	0.146447
34 	256  	1        	1       	0.5	0.623068	0.746137	0.123068             	0.707107	0.853553	1  	0.146447
35 	264  	1        	1       	0.5	0.623068	0.746137	0.123068             	0.707107	0.853553	1  	0.146447
36 	245  	1        	1       	0.5	0.623068	0.746137	0.123068             	0.707107	0.853553	1  	0.146447
37 	258  	1        	1       	0.5	0.623068	0.746137	0.123068             	0.707107	0.853553	1  	0.146447
38 	251  	1        	1       	0.5	0.623068	0.746137	0.123068             	0.707107	0.853553	1  	0.146447
39 	244  	1        	1       	0.5	0.623068	0.746137	0.123068             	0.707107	0.853553	1  	0.146447
40 	235  	1        	1       	0.5	0.623068	0.746137	0.123068             	0.707107	0.853553	1  	0.146447
41 	253  	1        	1       	0.5	0.623068	0.746137	0.123068             	0.707107	0.853553	1  	0.146447
42 	259  	1        	1       	0.5	0.623068	0.746137	0.123068             	0.707107	0.853553	1  	0.146447
43 	232  	1        	1       	0.5	0.623068	0.746137	0.123068             	0.707107	0.853553	1  	0.146447
44 	249  	1        	1       	0.5	0.623068	0.746137	0.123068             	0.707107	0.853553	1  	0.146447
45 	246  	1        	1       	0.5	0.623068	0.746137	0.123068             	0.707107	0.853553	1  	0.146447
46 	228  	1        	1       	0.5	0.623068	0.746137	0.123068             	0.707107	0.853553	1  	0.146447
47 	252  	1        	1       	0.5	0.623068	0.746137	0.123068             	0.707107	0.853553	1  	0.146447
48 	244  	1        	1       	0.5	0.623068	0.746137	0.123068             	0.707107	0.853553	1  	0.146447
49 	257  	1        	1       	0.5	0.623068	0.746137	0.123068             	0.707107	0.853553	1  	0.146447

ASSIGNING STRATA FOR MULTI-OUTCOME DATA LGG_MV
Assigning strata for outcome named survival of type survival
Counts:
censored 0: 153
censored 1: 100
deceased 0: 38
deceased 1: 38
VIEW: LOG_MIRNA
   	     	         	        	       survival SKSurv Cox model concordance index       	                 root leanness                  
   	     	         	        	---------------------------------------------------------	------------------------------------------------
gen	evals	gen_feats	explored	min     	avg     	max     	std             	min     	avg     	max	std     
0  	500  	48       	48      	0.419531	0.67726 	0.874502	0.127871        	0.142857	0.252199	1  	0.15793 
1  	389  	199      	199     	0.479532	0.768273	0.874502	0.0739208       	0.158114	0.286874	1  	0.112282
2  	368  	218      	258     	0.5     	0.801688	0.87523 	0.0642903       	0.174078	0.329347	1  	0.115072
3  	378  	227      	278     	0.5     	0.806219	0.876405	0.0657751       	0.182574	0.349459	1  	0.124055
4  	384  	225      	287     	0.5     	0.817827	0.876405	0.0613698       	0.182574	0.345176	1  	0.127941
5  	379  	229      	289     	0.5     	0.823595	0.876405	0.0611765       	0.182574	0.344275	1  	0.132864
6  	368  	233      	291     	0.5     	0.82953 	0.880237	0.055398        	0.182574	0.345392	1  	0.135328
7  	368  	229      	292     	0.5     	0.833878	0.880237	0.0516824       	0.182574	0.345583	1  	0.135007
8  	372  	230      	292     	0.5     	0.837695	0.881636	0.0486191       	0.182574	0.345131	1  	0.135317
9  	362  	230      	292     	0.5     	0.841256	0.882225	0.0465804       	0.182574	0.341689	1  	0.134437
10 	378  	239      	292     	0.5     	0.842947	0.882225	0.0466898       	0.182574	0.341927	1  	0.134486
11 	372  	223      	292     	0.5     	0.843862	0.882225	0.0462782       	0.182574	0.34715 	1  	0.134237
12 	369  	234      	292     	0.5     	0.843768	0.882225	0.0486627       	0.19245 	0.350087	1  	0.135137
13 	385  	231      	292     	0.5     	0.845065	0.883703	0.047632        	0.196116	0.350566	1  	0.134913
14 	379  	234      	292     	0.5     	0.847063	0.883703	0.0463311       	0.196116	0.348243	1  	0.133599
15 	385  	245      	292     	0.5     	0.846905	0.883703	0.047602        	0.196116	0.352028	1  	0.134283
16 	369  	244      	292     	0.5     	0.848097	0.8857  	0.0475222       	0.2     	0.351549	1  	0.134347
17 	377  	244      	292     	0.5     	0.850125	0.8857  	0.046282        	0.196116	0.348355	1  	0.133524
18 	375  	247      	292     	0.5     	0.84992 	0.887549	0.0487818       	0.2     	0.350531	1  	0.134564
19 	385  	240      	292     	0.5     	0.852014	0.887549	0.0464394       	0.196116	0.347851	1  	0.133898
20 	385  	233      	292     	0.5     	0.853887	0.887549	0.0454798       	0.196116	0.344121	1  	0.133263
21 	384  	238      	292     	0.5     	0.854733	0.888914	0.0452242       	0.196116	0.344212	1  	0.1332  
22 	367  	239      	292     	0.5     	0.854639	0.888914	0.0460533       	0.196116	0.346464	1  	0.134714
23 	368  	231      	292     	0.5     	0.855175	0.891313	0.0457226       	0.2     	0.347245	1  	0.134264
24 	383  	231      	292     	0.5     	0.855524	0.891313	0.0458031       	0.188982	0.347986	1  	0.133925
25 	357  	223      	292     	0.5     	0.854978	0.891313	0.046838        	0.188982	0.352266	1  	0.134053
26 	383  	229      	292     	0.5     	0.855633	0.893842	0.0466289       	0.188982	0.35249 	1  	0.134046
27 	364  	233      	292     	0.5     	0.856173	0.893842	0.0467313       	0.188982	0.351672	1  	0.134411
28 	378  	235      	292     	0.5     	0.856679	0.893842	0.0466711       	0.188982	0.350929	1  	0.134849
29 	376  	229      	292     	0.5     	0.858191	0.893842	0.0453023       	0.188982	0.348483	1  	0.133469
30 	372  	238      	292     	0.5     	0.858537	0.893842	0.0453257       	0.188982	0.348108	1  	0.133732
31 	369  	225      	292     	0.5     	0.860012	0.893842	0.0440713       	0.188982	0.344467	1  	0.132938
32 	386  	236      	292     	0.5     	0.859855	0.893842	0.0448967       	0.188982	0.346012	1  	0.133671
33 	366  	243      	292     	0.5     	0.859818	0.893842	0.0451209       	0.196116	0.347103	1  	0.134127
34 	376  	244      	292     	0.5     	0.860965	0.893842	0.0444335       	0.196116	0.343849	1  	0.133396
35 	376  	230      	292     	0.5     	0.861862	0.893842	0.0444835       	0.196116	0.341073	1  	0.133638
36 	380  	223      	292     	0.5     	0.861923	0.893842	0.0445088       	0.196116	0.342436	1  	0.133409
37 	375  	238      	292     	0.5     	0.861957	0.895503	0.044635        	0.2     	0.344159	1  	0.133134
38 	388  	240      	292     	0.5     	0.86187 	0.895503	0.0455256       	0.204124	0.345324	1  	0.133966
39 	371  	241      	292     	0.5     	0.862643	0.895879	0.0448301       	0.204124	0.344106	1  	0.133082
40 	395  	236      	292     	0.5     	0.86284 	0.895879	0.0449119       	0.204124	0.344427	1  	0.132907
41 	369  	234      	292     	0.5     	0.862706	0.895879	0.0457253       	0.204124	0.345329	1  	0.133752
42 	372  	233      	292     	0.5     	0.863371	0.895879	0.0450023       	0.204124	0.344606	1  	0.132669
43 	381  	222      	292     	0.5     	0.863661	0.895879	0.0448545       	0.204124	0.344673	1  	0.132615
44 	378  	237      	292     	0.5     	0.863942	0.896075	0.0448632       	0.188982	0.344922	1  	0.132419
45 	395  	237      	292     	0.5     	0.864266	0.896075	0.0445416       	0.188982	0.345298	1  	0.1322  
46 	381  	238      	292     	0.5     	0.864519	0.896075	0.0446012       	0.188982	0.344963	1  	0.132433
47 	372  	236      	292     	0.5     	0.864668	0.897714	0.0446324       	0.188982	0.344925	1  	0.132454
48 	380  	240      	292     	0.5     	0.865893	0.898132	0.0439915       	0.188982	0.341035	1  	0.1317  
49 	373  	241      	292     	0.5     	0.865421	0.898132	0.0450771       	0.182574	0.342756	1  	0.133056

STARTING MASTER RUNNER RESAMPLING
Generations completed = 10
Generations completed = 24
Generations completed = 38
MASTER
   	     	         	        	       survival SKSurv Cox model concordance index       	                     root leanness                      
   	     	         	        	---------------------------------------------------------	--------------------------------------------------------
gen	evals	gen_feats	explored	min     	avg     	max     	std             	min     	avg     	max     	std     
0  	500  	172      	172     	0.626744	0.827003	0.895304	0.0585871       	0.196116	0.332722	0.707107	0.115018
1  	407  	161      	182     	0.648112	0.837827	0.895304	0.0513284       	0.196116	0.342328	0.707107	0.115011
2  	395  	155      	186     	0.688654	0.849072	0.895304	0.0403817       	0.196116	0.351737	0.707107	0.123272
3  	408  	163      	192     	0.5     	0.851874	0.895304	0.0390665       	0.196116	0.355908	1       	0.125248
4  	403  	156      	194     	0.5     	0.851982	0.896592	0.0399373       	0.196116	0.358874	1       	0.12664 
5  	411  	154      	195     	0.5     	0.852039	0.896592	0.040522        	0.196116	0.360063	1       	0.128203
6  	407  	161      	196     	0.5     	0.851873	0.896592	0.0413885       	0.196116	0.361809	1       	0.130355
7  	413  	157      	197     	0.5     	0.852023	0.896592	0.0419751       	0.196116	0.361852	1       	0.131344
8  	398  	159      	199     	0.5     	0.851861	0.896592	0.0425031       	0.196116	0.363191	1       	0.132059
9  	392  	161      	199     	0.5     	0.851922	0.896592	0.0425074       	0.196116	0.363297	1       	0.132109
10 	395  	175      	199     	0.5     	0.852348	0.896592	0.0424223       	0.196116	0.362145	1       	0.131721
11 	397  	159      	199     	0.5     	0.85238 	0.896592	0.0424371       	0.196116	0.362087	1       	0.131774
12 	423  	163      	199     	0.5     	0.852403	0.896592	0.042451        	0.196116	0.362204	1       	0.131708
13 	411  	159      	199     	0.5     	0.852454	0.896592	0.0424762       	0.196116	0.362202	1       	0.131734
14 	410  	161      	199     	0.5     	0.852454	0.896592	0.0424762       	0.196116	0.362202	1       	0.131734
15 	400  	155      	199     	0.5     	0.852433	0.896592	0.0424703       	0.196116	0.362318	1       	0.131668
16 	416  	168      	199     	0.5     	0.852433	0.896592	0.0424703       	0.196116	0.362318	1       	0.131668
17 	393  	159      	199     	0.5     	0.852433	0.896592	0.0424703       	0.196116	0.362318	1       	0.131668
18 	404  	158      	199     	0.5     	0.852485	0.896592	0.042395        	0.196116	0.362318	1       	0.131668
19 	406  	171      	199     	0.5     	0.852485	0.896592	0.042395        	0.196116	0.362318	1       	0.131668
20 	397  	163      	199     	0.5     	0.852485	0.896592	0.042395        	0.196116	0.362318	1       	0.131668
21 	404  	161      	199     	0.5     	0.852485	0.896592	0.042395        	0.196116	0.362318	1       	0.131668
22 	405  	155      	199     	0.5     	0.852485	0.896592	0.042395        	0.196116	0.362318	1       	0.131668
23 	391  	156      	199     	0.5     	0.852485	0.896592	0.042395        	0.196116	0.362318	1       	0.131668
24 	427  	169      	199     	0.5     	0.852525	0.896592	0.0424246       	0.196116	0.362296	1       	0.131691
25 	407  	154      	199     	0.5     	0.852526	0.896592	0.0424252       	0.196116	0.362258	1       	0.131728
26 	392  	164      	199     	0.5     	0.852526	0.896592	0.0424252       	0.196116	0.362258	1       	0.131728
27 	416  	163      	199     	0.5     	0.852527	0.896592	0.0424256       	0.196116	0.362269	1       	0.131717
28 	399  	166      	199     	0.5     	0.852524	0.896592	0.0424243       	0.196116	0.362296	1       	0.131691
29 	415  	160      	199     	0.5     	0.852524	0.896592	0.0424243       	0.196116	0.362296	1       	0.131691
30 	405  	159      	199     	0.5     	0.852525	0.896592	0.0424246       	0.196116	0.362296	1       	0.131691
31 	402  	155      	199     	0.5     	0.852525	0.896592	0.0424246       	0.196116	0.362296	1       	0.131691
32 	401  	158      	199     	0.5     	0.852529	0.896592	0.0424266       	0.196116	0.362269	1       	0.131717
33 	403  	160      	199     	0.5     	0.852529	0.896592	0.0424266       	0.196116	0.362269	1       	0.131717
34 	391  	159      	199     	0.5     	0.852521	0.896592	0.0424231       	0.196116	0.362296	1       	0.131691
35 	418  	170      	199     	0.5     	0.852527	0.896592	0.0424258       	0.196116	0.362237	1       	0.131751
36 	412  	167      	199     	0.5     	0.852526	0.896592	0.0424252       	0.196116	0.362258	1       	0.131728
37 	413  	153      	199     	0.5     	0.852526	0.896592	0.0424252       	0.196116	0.362258	1       	0.131728
38 	401  	155      	199     	0.5     	0.852529	0.896592	0.0424266       	0.196116	0.362269	1       	0.131717
39 	411  	162      	199     	0.5     	0.852529	0.896592	0.0424266       	0.196116	0.362269	1       	0.131717
40 	406  	155      	199     	0.5     	0.852521	0.896592	0.0424231       	0.196116	0.362296	1       	0.131691
41 	397  	160      	199     	0.5     	0.852526	0.896592	0.0424252       	0.196116	0.362258	1       	0.131728
42 	417  	158      	199     	0.5     	0.852526	0.896592	0.0424252       	0.196116	0.362258	1       	0.131728
43 	396  	159      	199     	0.5     	0.852526	0.896592	0.0424252       	0.196116	0.362258	1       	0.131728
44 	417  	163      	199     	0.5     	0.852526	0.896592	0.0424252       	0.196116	0.362258	1       	0.131728
45 	403  	164      	199     	0.5     	0.852526	0.896592	0.0424252       	0.196116	0.362258	1       	0.131728
46 	408  	157      	199     	0.5     	0.852527	0.896592	0.0424256       	0.196116	0.362269	1       	0.131717
47 	421  	169      	199     	0.5     	0.852527	0.896592	0.0424258       	0.196116	0.362237	1       	0.131751
48 	414  	165      	199     	0.5     	0.852527	0.896592	0.0424258       	0.196116	0.362237	1       	0.131751
49 	415  	156      	199     	0.5     	0.852522	0.896592	0.0424232       	0.196116	0.362296	1       	0.131691

CURRENT HALLS OF FAME

PARETO FRONT
Number of solutions = 16
(0.8965924761160169, 0.21320071635561044) 21 features: [0_age_at_initial_pathologic_diagnosis, 1_hsa.let.7f.5p, 1_hsa.miR.106b.3p, 1_hsa.miR.10b.5p, 1_hsa.miR.1228.3p, 1_hsa.miR.127.3p, 1_hsa.miR.154.5p, 1_hsa.miR.15b.5p, 1_hsa.miR.193a.5p, 1_hsa.miR.222.5p, 1_hsa.miR.22.5p, 1_hsa.miR.24.2.5p, 1_hsa.miR.301b, 1_hsa.miR.346, 1_hsa.miR.3613.5p, 1_hsa.miR.4728.3p, 1_hsa.miR.514a.5p, 1_hsa.miR.624.5p, 1_hsa.miR.6720.3p, 1_hsa.miR.6806.3p, 1_hsa.miR.513a.3p]
(0.8950168705320604, 0.22360679774997896) 19 features: [0_age_at_initial_pathologic_diagnosis, 1_hsa.let.7f.5p, 1_hsa.miR.10b.5p, 1_hsa.miR.1228.3p, 1_hsa.miR.135a.3p, 1_hsa.miR.154.5p, 1_hsa.miR.15b.5p, 1_hsa.miR.193a.5p, 1_hsa.miR.221.3p, 1_hsa.miR.24.1.5p, 1_hsa.miR.301b, 1_hsa.miR.32.3p, 1_hsa.miR.346, 1_hsa.miR.3613.5p, 1_hsa.miR.452.3p, 1_hsa.miR.4728.3p, 1_hsa.miR.6502.5p, 1_hsa.miR.7974, 1_hsa.miR.513a.3p]
(0.8916469110602572, 0.2581988897471611) 14 features: [0_age_at_initial_pathologic_diagnosis, 1_hsa.let.7f.5p, 1_hsa.miR.10b.5p, 1_hsa.miR.1228.3p, 1_hsa.miR.135a.3p, 1_hsa.miR.193a.3p, 1_hsa.miR.23b.5p, 1_hsa.miR.301b, 1_hsa.miR.3074.5p, 1_hsa.miR.335.3p, 1_hsa.miR.346, 1_hsa.miR.3923, 1_hsa.miR.4728.3p, 1_hsa.miR.513a.3p]
(0.8910365195956929, 0.2773500981126146) 12 features: [0_age_at_initial_pathologic_diagnosis, 1_hsa.let.7f.5p, 1_hsa.miR.10b.5p, 1_hsa.miR.1228.3p, 1_hsa.miR.135a.3p, 1_hsa.miR.154.5p, 1_hsa.miR.193a.5p, 1_hsa.miR.346, 1_hsa.miR.4728.3p, 1_hsa.miR.6720.3p, 1_hsa.miR.7974, 1_hsa.miR.513a.3p]
(0.8862717790273922, 0.28867513459481287) 11 features: [0_age_at_initial_pathologic_diagnosis, 1_hsa.let.7f.5p, 1_hsa.miR.10b.5p, 1_hsa.miR.1228.3p, 1_hsa.miR.135a.3p, 1_hsa.miR.154.5p, 1_hsa.miR.193a.5p, 1_hsa.miR.346, 1_hsa.miR.4728.3p, 1_hsa.miR.7974, 1_hsa.miR.513a.3p]
(0.88122728875903, 0.30151134457776363) 10 features: [0_age_at_initial_pathologic_diagnosis, 1_hsa.let.7f.5p, 1_hsa.miR.10b.5p, 1_hsa.miR.135a.3p, 1_hsa.miR.23b.5p, 1_hsa.miR.335.3p, 1_hsa.miR.346, 1_hsa.miR.4728.3p, 1_hsa.miR.6502.5p, 1_hsa.miR.513a.3p]
(0.8807105795039328, 0.31622776601683794) 9 features: [0_age_at_initial_pathologic_diagnosis, 1_hsa.let.7f.5p, 1_hsa.miR.10b.5p, 1_hsa.miR.135a.3p, 1_hsa.miR.23b.5p, 1_hsa.miR.335.3p, 1_hsa.miR.346, 1_hsa.miR.4728.3p, 1_hsa.miR.513a.3p]
(0.8766247396095387, 0.3333333333333333) 8 features: [0_age_at_initial_pathologic_diagnosis, 1_hsa.miR.10b.5p, 1_hsa.miR.1228.3p, 1_hsa.miR.23b.5p, 1_hsa.miR.335.3p, 1_hsa.miR.346, 1_hsa.miR.4728.3p, 1_hsa.miR.513a.3p]
(0.8700338079751035, 0.3535533905932738) 7 features: [1_hsa.miR.10b.5p, 1_hsa.miR.1228.3p, 1_hsa.miR.23b.5p, 1_hsa.miR.335.3p, 1_hsa.miR.346, 1_hsa.miR.4728.3p, 1_hsa.miR.513a.3p]
(0.8666228775368575, 0.3779644730092272) 6 features: [0_age_at_initial_pathologic_diagnosis, 1_hsa.miR.10b.5p, 1_hsa.miR.1228.3p, 1_hsa.miR.15b.5p, 1_hsa.miR.4728.3p, 1_hsa.miR.513a.3p]
(0.8601463851776621, 0.408248290463863) 5 features: [0_age_at_initial_pathologic_diagnosis, 1_hsa.let.7e.5p, 1_hsa.miR.10b.5p, 1_hsa.miR.1228.3p, 1_hsa.miR.15b.5p]
(0.8567825492038533, 0.4472135954999579) 4 features: [0_age_at_initial_pathologic_diagnosis, 1_hsa.miR.10b.5p, 1_hsa.miR.1228.3p, 1_hsa.miR.15b.5p]
(0.8456315324173981, 0.5) [1_hsa.miR.10b.5p, 1_hsa.miR.148a.5p, 1_hsa.miR.15b.5p]
(0.824092712078078, 0.5773502691896257) [1_hsa.miR.10b.3p, 1_hsa.miR.15b.5p]
(0.7991239331273962, 0.7071067811865476) [1_hsa.miR.15b.5p]
(0.5, 1.0) []
Features in hall of fame by prevalence:
36 features: [1_hsa.miR.10b.5p, 0_age_at_initial_pathologic_diagnosis, 1_hsa.miR.1228.3p, 1_hsa.miR.4728.3p, 1_hsa.miR.513a.3p, 1_hsa.miR.346, 1_hsa.miR.15b.5p, 1_hsa.let.7f.5p, 1_hsa.miR.135a.3p, 1_hsa.miR.23b.5p, 1_hsa.miR.335.3p, 1_hsa.miR.154.5p, 1_hsa.miR.193a.5p, 1_hsa.miR.301b, 1_hsa.miR.7974, 1_hsa.miR.3613.5p, 1_hsa.miR.6502.5p, 1_hsa.miR.6720.3p, 1_hsa.let.7e.5p, 1_hsa.miR.106b.3p, 1_hsa.miR.10b.3p, 1_hsa.miR.127.3p, 1_hsa.miR.148a.5p, 1_hsa.miR.193a.3p, 1_hsa.miR.221.3p, 1_hsa.miR.222.5p, 1_hsa.miR.22.5p, 1_hsa.miR.24.1.5p, 1_hsa.miR.24.2.5p, 1_hsa.miR.3074.5p, 1_hsa.miR.32.3p, 1_hsa.miR.3923, 1_hsa.miR.452.3p, 1_hsa.miR.514a.5p, 1_hsa.miR.624.5p, 1_hsa.miR.6806.3p]

LAST POPULATION
Number of solutions = 500
Features in hall of fame by prevalence:
162 features: [1_hsa.miR.10b.5p, 1_hsa.miR.4728.3p, 0_age_at_initial_pathologic_diagnosis, 1_hsa.miR.346, 1_hsa.miR.513a.3p, 1_hsa.miR.335.3p, 1_hsa.let.7f.5p, 1_hsa.miR.15b.5p, 1_hsa.miR.1228.3p, 1_hsa.miR.135a.3p, 1_hsa.miR.193a.5p, 1_hsa.miR.23b.5p, 1_hsa.miR.154.5p, 1_hsa.miR.7974, 1_hsa.miR.6502.5p, 1_hsa.miR.222.5p, 1_hsa.let.7e.5p, 1_hsa.miR.148a.5p, 1_hsa.miR.624.5p, 1_hsa.miR.3923, 1_hsa.miR.301b, 1_hsa.miR.6720.3p, 1_hsa.miR.514a.5p, 1_hsa.miR.502.3p, 1_hsa.miR.15b.3p, 1_hsa.miR.105.5p, 1_hsa.miR.3613.5p, 1_hsa.miR.106b.3p, 1_hsa.miR.214.3p, 1_hsa.miR.22.5p, 1_hsa.miR.653.5p, 1_hsa.miR.125b.1.3p, 1_hsa.miR.24.2.5p, 1_hsa.miR.455.3p, 1_hsa.miR.6509.5p, 1_hsa.miR.24.1.5p, 1_hsa.miR.190a.5p, 1_hsa.miR.204.3p, 1_hsa.miR.4431, 1_hsa.miR.6806.3p, 1_hsa.miR.331.3p, 1_hsa.miR.378d, 1_hsa.let.7i.5p, 1_hsa.miR.22.3p, 1_hsa.miR.28.5p, 1_hsa.miR.452.3p, 1_hsa.miR.500b.5p, 1_hsa.miR.628.3p, 1_hsa.miR.664a.5p, 1_hsa.miR.10b.3p, 1_hsa.miR.23b.3p, 1_hsa.miR.32.3p, 1_hsa.miR.615.3p, 1_hsa.miR.6503.5p, 1_hsa.miR.9.5p, 1_hsa.miR.99b.3p, 1_hsa.miR.130b.5p, 1_hsa.miR.146b.3p, 1_hsa.miR.186.5p, 1_hsa.miR.188.5p, 1_hsa.miR.193a.3p, 1_hsa.miR.204.5p, 1_hsa.miR.26a.2.3p, 1_hsa.miR.28.3p, 1_hsa.miR.3200.3p, 1_hsa.miR.320b, 1_hsa.miR.551b.3p, 1_hsa.miR.590.3p, 1_hsa.miR.675.3p, 1_hsa.miR.760, 1_hsa.miR.126.5p, 1_hsa.miR.145.3p, 1_hsa.miR.150.5p, 1_hsa.miR.200a.5p, 1_hsa.miR.200b.5p, 1_hsa.miR.2110, 1_hsa.miR.21.5p, 1_hsa.miR.216b.5p, 1_hsa.miR.25.3p, 1_hsa.miR.25.5p, 1_hsa.miR.3136.5p, 1_hsa.miR.3681.5p, 1_hsa.miR.127.3p, 1_hsa.miR.148b.5p, 1_hsa.miR.149.5p, 1_hsa.miR.1976, 1_hsa.miR.199b.5p, 1_hsa.miR.200b.3p, 1_hsa.miR.216a.3p, 1_hsa.miR.27b.3p, 1_hsa.miR.31.3p, 1_hsa.miR.3154, 1_hsa.miR.331.5p, 1_hsa.miR.574.3p, 1_hsa.miR.651.5p, 1_hsa.miR.664a.3p, 1_hsa.miR.106b.5p, 1_hsa.miR.107, 1_hsa.miR.10a.5p, 1_hsa.miR.1291, ...]

BEST SUMS WITH SIZE 50
Number of solutions = 50
Features in hall of fame by prevalence:
35 features: [1_hsa.miR.15b.5p, 1_hsa.miR.10b.5p, 1_hsa.miR.335.3p, 1_hsa.miR.10b.3p, 1_hsa.miR.1228.3p, 0_age_at_initial_pathologic_diagnosis, 1_hsa.let.7e.5p, 1_hsa.miR.10a.5p, 1_hsa.miR.146b.3p, 1_hsa.miR.188.5p, 1_hsa.miR.21.5p, 1_hsa.miR.9.5p, 1_hsa.let.7f.5p, 1_hsa.let.7i.5p, 1_hsa.miR.135b.5p, 1_hsa.miR.148b.3p, 1_hsa.miR.15b.3p, 1_hsa.miR.16.2.3p, 1_hsa.miR.16.5p, 1_hsa.miR.1976, 1_hsa.miR.200a.5p, 1_hsa.miR.204.3p, 1_hsa.miR.204.5p, 1_hsa.miR.216a.3p, 1_hsa.miR.216b.5p, 1_hsa.miR.222.5p, 1_hsa.miR.22.3p, 1_hsa.miR.3154, 1_hsa.miR.320b, 1_hsa.miR.335.5p, 1_hsa.miR.3677.3p, 1_hsa.miR.378a.3p, 1_hsa.miR.3923, 1_hsa.miR.550a.3p, 1_hsa.miR.942.5p]

BEST SUMS WITH SIZE 100
Number of solutions = 100
Features in hall of fame by prevalence:
40 features: [1_hsa.miR.15b.5p, 0_age_at_initial_pathologic_diagnosis, 1_hsa.miR.10b.5p, 1_hsa.miR.1228.3p, 1_hsa.miR.335.3p, 1_hsa.let.7e.5p, 1_hsa.miR.10b.3p, 1_hsa.miR.188.5p, 1_hsa.miR.21.5p, 1_hsa.miR.10a.5p, 1_hsa.miR.146b.3p, 1_hsa.miR.15b.3p, 1_hsa.miR.222.5p, 1_hsa.miR.9.5p, 1_hsa.let.7i.5p, 1_hsa.miR.135b.5p, 1_hsa.miR.148b.3p, 1_hsa.miR.16.2.3p, 1_hsa.miR.16.5p, 1_hsa.miR.1976, 1_hsa.miR.200a.5p, 1_hsa.miR.204.3p, 1_hsa.miR.216a.3p, 1_hsa.miR.216b.5p, 1_hsa.miR.22.3p, 1_hsa.miR.3154, 1_hsa.miR.320b, 1_hsa.miR.335.5p, 1_hsa.miR.3677.3p, 1_hsa.miR.378a.3p, 1_hsa.miR.3923, 1_hsa.miR.4728.3p, 1_hsa.miR.550a.3p, 1_hsa.miR.942.5p, 1_hsa.let.7f.5p, 1_hsa.miR.148a.5p, 1_hsa.miR.193a.5p, 1_hsa.miR.204.5p, 1_hsa.miR.346, 1_hsa.miR.455.3p]

STARTING SWEEP NUMBER 2
folds_creator_seed = 1042182347

ASSIGNING STRATA FOR MULTI-OUTCOME DATA LGG_MV
Assigning strata for outcome named survival of type survival
Counts:
censored 0: 153
censored 1: 100
deceased 0: 38
deceased 1: 38
ga_runner_seed = 2576309073
VIEW: CLINIC
   	     	         	        	  survival SKSurv Cox model concordance index   	                 root leanness                  
   	     	         	        	------------------------------------------------	------------------------------------------------
gen	evals	gen_feats	explored	min	avg     	max     	std                  	min     	avg     	max	std     
0  	0    	1        	1       	0.5	0.660973	0.746137	0.117086             	0.707107	0.808448	1  	0.139327
1  	263  	1        	1       	0.5	0.623068	0.746137	0.123068             	0.707107	0.853553	1  	0.146447
2  	259  	1        	1       	0.5	0.623068	0.746137	0.123068             	0.707107	0.853553	1  	0.146447
3  	256  	1        	1       	0.5	0.623068	0.746137	0.123068             	0.707107	0.853553	1  	0.146447
4  	254  	1        	1       	0.5	0.623068	0.746137	0.123068             	0.707107	0.853553	1  	0.146447
5  	233  	1        	1       	0.5	0.623068	0.746137	0.123068             	0.707107	0.853553	1  	0.146447
6  	249  	1        	1       	0.5	0.623068	0.746137	0.123068             	0.707107	0.853553	1  	0.146447
7  	238  	1        	1       	0.5	0.623068	0.746137	0.123068             	0.707107	0.853553	1  	0.146447
8  	250  	1        	1       	0.5	0.623068	0.746137	0.123068             	0.707107	0.853553	1  	0.146447
9  	257  	1        	1       	0.5	0.623068	0.746137	0.123068             	0.707107	0.853553	1  	0.146447
10 	254  	1        	1       	0.5	0.623068	0.746137	0.123068             	0.707107	0.853553	1  	0.146447
11 	266  	1        	1       	0.5	0.623068	0.746137	0.123068             	0.707107	0.853553	1  	0.146447
12 	260  	1        	1       	0.5	0.623068	0.746137	0.123068             	0.707107	0.853553	1  	0.146447
13 	264  	1        	1       	0.5	0.623068	0.746137	0.123068             	0.707107	0.853553	1  	0.146447
14 	256  	1        	1       	0.5	0.623068	0.746137	0.123068             	0.707107	0.853553	1  	0.146447
15 	242  	1        	1       	0.5	0.623068	0.746137	0.123068             	0.707107	0.853553	1  	0.146447
16 	249  	1        	1       	0.5	0.623068	0.746137	0.123068             	0.707107	0.853553	1  	0.146447
17 	243  	1        	1       	0.5	0.623068	0.746137	0.123068             	0.707107	0.853553	1  	0.146447
18 	249  	1        	1       	0.5	0.623068	0.746137	0.123068             	0.707107	0.853553	1  	0.146447
19 	245  	1        	1       	0.5	0.623068	0.746137	0.123068             	0.707107	0.853553	1  	0.146447
20 	235  	1        	1       	0.5	0.623068	0.746137	0.123068             	0.707107	0.853553	1  	0.146447
21 	275  	1        	1       	0.5	0.623068	0.746137	0.123068             	0.707107	0.853553	1  	0.146447
22 	260  	1        	1       	0.5	0.623068	0.746137	0.123068             	0.707107	0.853553	1  	0.146447
23 	260  	1        	1       	0.5	0.623068	0.746137	0.123068             	0.707107	0.853553	1  	0.146447
24 	234  	1        	1       	0.5	0.623068	0.746137	0.123068             	0.707107	0.853553	1  	0.146447
25 	252  	1        	1       	0.5	0.623068	0.746137	0.123068             	0.707107	0.853553	1  	0.146447
26 	262  	1        	1       	0.5	0.623068	0.746137	0.123068             	0.707107	0.853553	1  	0.146447
27 	265  	1        	1       	0.5	0.623068	0.746137	0.123068             	0.707107	0.853553	1  	0.146447
28 	257  	1        	1       	0.5	0.623068	0.746137	0.123068             	0.707107	0.853553	1  	0.146447
29 	255  	1        	1       	0.5	0.623068	0.746137	0.123068             	0.707107	0.853553	1  	0.146447
30 	238  	1        	1       	0.5	0.623068	0.746137	0.123068             	0.707107	0.853553	1  	0.146447
31 	255  	1        	1       	0.5	0.623068	0.746137	0.123068             	0.707107	0.853553	1  	0.146447
32 	265  	1        	1       	0.5	0.623068	0.746137	0.123068             	0.707107	0.853553	1  	0.146447
33 	243  	1        	1       	0.5	0.623068	0.746137	0.123068             	0.707107	0.853553	1  	0.146447
34 	249  	1        	1       	0.5	0.623068	0.746137	0.123068             	0.707107	0.853553	1  	0.146447
35 	243  	1        	1       	0.5	0.623068	0.746137	0.123068             	0.707107	0.853553	1  	0.146447
36 	244  	1        	1       	0.5	0.623068	0.746137	0.123068             	0.707107	0.853553	1  	0.146447
37 	253  	1        	1       	0.5	0.623068	0.746137	0.123068             	0.707107	0.853553	1  	0.146447
38 	269  	1        	1       	0.5	0.623068	0.746137	0.123068             	0.707107	0.853553	1  	0.146447
39 	248  	1        	1       	0.5	0.623068	0.746137	0.123068             	0.707107	0.853553	1  	0.146447
40 	269  	1        	1       	0.5	0.623068	0.746137	0.123068             	0.707107	0.853553	1  	0.146447
41 	275  	1        	1       	0.5	0.623068	0.746137	0.123068             	0.707107	0.853553	1  	0.146447
42 	270  	1        	1       	0.5	0.623068	0.746137	0.123068             	0.707107	0.853553	1  	0.146447
43 	261  	1        	1       	0.5	0.623068	0.746137	0.123068             	0.707107	0.853553	1  	0.146447
44 	260  	1        	1       	0.5	0.623068	0.746137	0.123068             	0.707107	0.853553	1  	0.146447
45 	260  	1        	1       	0.5	0.623068	0.746137	0.123068             	0.707107	0.853553	1  	0.146447
46 	257  	1        	1       	0.5	0.623068	0.746137	0.123068             	0.707107	0.853553	1  	0.146447
47 	259  	1        	1       	0.5	0.623068	0.746137	0.123068             	0.707107	0.853553	1  	0.146447
48 	233  	1        	1       	0.5	0.623068	0.746137	0.123068             	0.707107	0.853553	1  	0.146447
49 	252  	1        	1       	0.5	0.623068	0.746137	0.123068             	0.707107	0.853553	1  	0.146447

ASSIGNING STRATA FOR MULTI-OUTCOME DATA LGG_MV
Assigning strata for outcome named survival of type survival
Counts:
censored 0: 153
censored 1: 100
deceased 0: 38
deceased 1: 38
VIEW: LOG_MIRNA
   	     	         	        	   survival SKSurv Cox model concordance index   	                 root leanness                  
   	     	         	        	-------------------------------------------------	------------------------------------------------
gen	evals	gen_feats	explored	min	avg     	max     	std                  	min     	avg     	max	std     
0  	0    	161      	161     	0.5	0.857264	0.897714	0.049662             	0.2     	0.37763 	1  	0.139886
1  	374  	216      	233     	0.5	0.853848	0.897714	0.0493341            	0.2     	0.370074	1  	0.134394
2  	372  	235      	269     	0.5	0.855029	0.897714	0.0488584            	0.2     	0.371746	1  	0.135051
3  	382  	240      	282     	0.5	0.856606	0.897714	0.047567             	0.2     	0.368958	1  	0.134497
4  	385  	229      	287     	0.5	0.857178	0.897714	0.0474576            	0.2     	0.368029	1  	0.134707
5  	364  	223      	290     	0.5	0.857623	0.897714	0.0466326            	0.2     	0.368332	1  	0.135015
6  	392  	231      	291     	0.5	0.85872 	0.897714	0.045895             	0.196116	0.364836	1  	0.134635
7  	360  	230      	292     	0.5	0.85801 	0.897714	0.0469299            	0.196116	0.36818 	1  	0.134979
8  	374  	237      	292     	0.5	0.859015	0.897714	0.0458866            	0.196116	0.365513	1  	0.134105
9  	396  	232      	292     	0.5	0.859103	0.897714	0.0457992            	0.196116	0.366045	1  	0.133904
10 	388  	242      	292     	0.5	0.859303	0.897714	0.0458193            	0.196116	0.365652	1  	0.133977
11 	374  	230      	292     	0.5	0.859498	0.897714	0.0458524            	0.196116	0.364962	1  	0.134401
12 	376  	241      	292     	0.5	0.859696	0.897714	0.0458692            	0.196116	0.364633	1  	0.134292
13 	396  	236      	292     	0.5	0.860601	0.897714	0.04516              	0.188982	0.361598	1  	0.133858
14 	384  	235      	292     	0.5	0.860718	0.897714	0.0451962            	0.188982	0.361658	1  	0.133789
15 	377  	239      	292     	0.5	0.860829	0.897714	0.0452172            	0.188982	0.361562	1  	0.133857
16 	381  	238      	292     	0.5	0.8609  	0.897714	0.0452492            	0.196116	0.361674	1  	0.133702
17 	385  	234      	292     	0.5	0.861059	0.897714	0.0453188            	0.19245 	0.361198	1  	0.134088
18 	383  	216      	292     	0.5	0.861264	0.897714	0.0453671            	0.19245 	0.360437	1  	0.134429
19 	385  	221      	292     	0.5	0.861675	0.897714	0.045283             	0.188982	0.358696	1  	0.134328
20 	385  	240      	292     	0.5	0.861884	0.897714	0.0447801            	0.188982	0.358706	1  	0.133932
21 	377  	229      	292     	0.5	0.861635	0.897714	0.0457127            	0.188982	0.359154	1  	0.134652
22 	389  	235      	292     	0.5	0.862358	0.897714	0.0444749            	0.188982	0.357452	1  	0.133696
23 	371  	241      	292     	0.5	0.86241 	0.897714	0.0444735            	0.188982	0.357332	1  	0.133815
24 	367  	245      	292     	0.5	0.862452	0.897714	0.0444812            	0.188982	0.35737 	1  	0.133788
25 	368  	239      	292     	0.5	0.862721	0.897714	0.0445589            	0.185695	0.355869	1  	0.134585
26 	346  	234      	292     	0.5	0.863604	0.897714	0.0439126            	0.185695	0.35279 	1  	0.133914
27 	362  	231      	292     	0.5	0.863777	0.897714	0.0439776            	0.185695	0.352064	1  	0.13435 
28 	399  	240      	292     	0.5	0.864431	0.897714	0.0434053            	0.185695	0.349976	1  	0.13382 
29 	391  	231      	292     	0.5	0.864287	0.897714	0.0441               	0.185695	0.350029	1  	0.134491
30 	384  	232      	292     	0.5	0.864984	0.897714	0.0433915            	0.188982	0.348344	1  	0.133609
31 	373  	242      	292     	0.5	0.865032	0.897714	0.043412             	0.188982	0.348501	1  	0.133452
32 	389  	241      	292     	0.5	0.865123	0.897714	0.0434521            	0.188982	0.348553	1  	0.133378
33 	367  	237      	292     	0.5	0.865343	0.897866	0.0435415            	0.185695	0.347839	1  	0.133874
34 	369  	247      	292     	0.5	0.865814	0.897866	0.0436166            	0.185695	0.345647	1  	0.134308
35 	393  	240      	292     	0.5	0.866185	0.898958	0.0430405            	0.185695	0.345099	1  	0.13362 
36 	387  	241      	292     	0.5	0.866573	0.899181	0.0429605            	0.185695	0.343822	1  	0.133269
37 	382  	245      	292     	0.5	0.866935	0.899388	0.0430509            	0.185695	0.342168	1  	0.133861
38 	389  	249      	292     	0.5	0.867312	0.899831	0.0430584            	0.185695	0.340736	1  	0.13391 
39 	394  	236      	292     	0.5	0.86792 	0.899831	0.042407             	0.185695	0.33926 	1  	0.132873
40 	369  	239      	292     	0.5	0.867996	0.902678	0.0424537            	0.185695	0.339206	1  	0.132921
41 	373  	245      	292     	0.5	0.868057	0.902678	0.0424716            	0.188982	0.33951 	1  	0.13271 
42 	370  	223      	292     	0.5	0.868111	0.902678	0.0424801            	0.188982	0.339719	1  	0.132521
43 	381  	235      	292     	0.5	0.868196	0.902678	0.0425257            	0.188982	0.339875	1  	0.132392
44 	367  	242      	292     	0.5	0.868337	0.904254	0.0425096            	0.188982	0.339862	1  	0.132402
45 	374  	225      	292     	0.5	0.868456	0.904529	0.0425817            	0.188982	0.339697	1  	0.132538
46 	379  	240      	292     	0.5	0.868581	0.904529	0.0426501            	0.204124	0.339657	1  	0.132548
47 	381  	238      	292     	0.5	0.868935	0.904529	0.0426463            	0.2     	0.338265	1  	0.132604
48 	388  	238      	292     	0.5	0.868894	0.906177	0.0427941            	0.2     	0.338773	1  	0.13283 
49 	365  	237      	292     	0.5	0.869718	0.906177	0.0422283            	0.19245 	0.33614 	1  	0.132158

STARTING MASTER RUNNER RESAMPLING
Generations completed = 12
Generations completed = 29
Generations completed = 46
MASTER
   	     	         	        	   survival SKSurv Cox model concordance index   	                 root leanness                  
   	     	         	        	-------------------------------------------------	------------------------------------------------
gen	evals	gen_feats	explored	min	avg     	max     	std                  	min     	avg     	max	std     
0  	500  	174      	174     	0.5	0.837298	0.896592	0.0551407            	0.188982	0.324485	1  	0.120936
1  	392  	164      	185     	0.5	0.839424	0.896592	0.0517095            	0.2     	0.334905	1  	0.122946
2  	405  	170      	193     	0.5	0.847704	0.896592	0.0425832            	0.208514	0.351756	1  	0.125274
3  	405  	163      	196     	0.5	0.851395	0.896592	0.0369539            	0.208514	0.35661 	1  	0.125367
4  	403  	160      	196     	0.5	0.852126	0.896592	0.0366044            	0.208514	0.359222	1  	0.123034
5  	399  	155      	197     	0.5	0.852666	0.896592	0.0371425            	0.208514	0.359446	1  	0.123957
6  	397  	163      	198     	0.5	0.852655	0.896592	0.037662             	0.208514	0.361815	1  	0.124676
7  	393  	162      	199     	0.5	0.852855	0.896592	0.0380868            	0.208514	0.36209 	1  	0.125974
8  	386  	167      	199     	0.5	0.852581	0.896592	0.0387828            	0.208514	0.363579	1  	0.127879
9  	386  	169      	199     	0.5	0.852695	0.896592	0.0388383            	0.208514	0.363377	1  	0.127973
10 	399  	168      	199     	0.5	0.852689	0.896592	0.0387831            	0.208514	0.364015	1  	0.127619
11 	405  	168      	199     	0.5	0.852693	0.896592	0.0387945            	0.208514	0.364165	1  	0.127493
12 	419  	161      	199     	0.5	0.852745	0.896592	0.038813             	0.208514	0.364228	1  	0.127464
13 	405  	172      	199     	0.5	0.852752	0.896592	0.0388159            	0.208514	0.364135	1  	0.127536
14 	416  	170      	199     	0.5	0.852757	0.896592	0.0388192            	0.208514	0.364248	1  	0.12745 
15 	405  	162      	199     	0.5	0.85276 	0.896592	0.0388203            	0.208514	0.364248	1  	0.12745 
16 	393  	169      	199     	0.5	0.852457	0.896592	0.0393634            	0.208514	0.365301	1  	0.12813 
17 	399  	156      	199     	0.5	0.852459	0.896592	0.0393641            	0.208514	0.365259	1  	0.128159
18 	389  	161      	199     	0.5	0.852459	0.896592	0.0393641            	0.208514	0.365259	1  	0.128159
19 	404  	162      	199     	0.5	0.852459	0.896592	0.0393641            	0.208514	0.365259	1  	0.128159
20 	413  	174      	199     	0.5	0.852469	0.896592	0.0393665            	0.208514	0.365259	1  	0.128159
21 	404  	165      	199     	0.5	0.852486	0.896592	0.0393617            	0.208514	0.365259	1  	0.128159
22 	407  	169      	199     	0.5	0.852486	0.896592	0.0393617            	0.208514	0.365259	1  	0.128159
23 	389  	157      	199     	0.5	0.852486	0.896592	0.0393617            	0.208514	0.365259	1  	0.128159
24 	400  	169      	199     	0.5	0.852477	0.896592	0.0393581            	0.208514	0.365336	1  	0.128101
25 	405  	159      	199     	0.5	0.852481	0.896592	0.0393595            	0.208514	0.365336	1  	0.128101
26 	402  	158      	199     	0.5	0.852481	0.896592	0.0393595            	0.208514	0.365336	1  	0.128101
27 	397  	170      	199     	0.5	0.852481	0.896592	0.0393595            	0.208514	0.365336	1  	0.128101
28 	396  	168      	199     	0.5	0.852481	0.896592	0.0393595            	0.208514	0.365336	1  	0.128101
29 	391  	162      	199     	0.5	0.852486	0.896592	0.0393617            	0.208514	0.365259	1  	0.128159
30 	410  	167      	199     	0.5	0.852486	0.896592	0.0393617            	0.208514	0.365259	1  	0.128159
31 	398  	166      	199     	0.5	0.852477	0.896592	0.0393581            	0.208514	0.365336	1  	0.128101
32 	409  	157      	199     	0.5	0.852486	0.896592	0.0393617            	0.208514	0.365259	1  	0.128159
33 	406  	166      	199     	0.5	0.852486	0.896592	0.0393617            	0.208514	0.365259	1  	0.128159
34 	415  	169      	199     	0.5	0.852473	0.896592	0.0393566            	0.208514	0.365336	1  	0.128101
35 	406  	161      	199     	0.5	0.852482	0.896592	0.0393598            	0.208514	0.365336	1  	0.128101
36 	415  	164      	199     	0.5	0.852482	0.896592	0.0393598            	0.208514	0.365336	1  	0.128101
37 	410  	161      	199     	0.5	0.852482	0.896592	0.0393598            	0.208514	0.365336	1  	0.128101
38 	415  	165      	199     	0.5	0.852486	0.896592	0.0393617            	0.208514	0.365259	1  	0.128159
39 	407  	164      	199     	0.5	0.852486	0.896592	0.0393617            	0.208514	0.365259	1  	0.128159
40 	412  	165      	199     	0.5	0.852486	0.896592	0.0393617            	0.208514	0.365259	1  	0.128159
41 	406  	165      	199     	0.5	0.852473	0.896592	0.0393566            	0.208514	0.365336	1  	0.128101
42 	411  	168      	199     	0.5	0.852477	0.896592	0.0393581            	0.208514	0.365336	1  	0.128101
43 	398  	155      	199     	0.5	0.852482	0.896592	0.0393598            	0.208514	0.365336	1  	0.128101
44 	400  	170      	199     	0.5	0.85249 	0.896592	0.0393633            	0.208514	0.365217	1  	0.128199
45 	409  	168      	199     	0.5	0.852486	0.896592	0.0393617            	0.208514	0.365259	1  	0.128159
46 	393  	167      	199     	0.5	0.852486	0.896592	0.0393617            	0.208514	0.365259	1  	0.128159
47 	402  	172      	199     	0.5	0.852478	0.896592	0.0393584            	0.208514	0.36531 	1  	0.128128
48 	399  	159      	199     	0.5	0.852475	0.896592	0.0393566            	0.208514	0.365322	1  	0.128115
49 	401  	156      	199     	0.5	0.852476	0.896592	0.039357             	0.208514	0.365367	1  	0.128073

CURRENT HALLS OF FAME

PARETO FRONT
Number of solutions = 15
(0.8965924761160169, 0.21320071635561044) 21 features: [0_age_at_initial_pathologic_diagnosis, 1_hsa.let.7f.5p, 1_hsa.miR.106b.3p, 1_hsa.miR.10b.5p, 1_hsa.miR.1228.3p, 1_hsa.miR.127.3p, 1_hsa.miR.154.5p, 1_hsa.miR.15b.5p, 1_hsa.miR.193a.5p, 1_hsa.miR.222.5p, 1_hsa.miR.22.5p, 1_hsa.miR.24.2.5p, 1_hsa.miR.301b, 1_hsa.miR.346, 1_hsa.miR.3613.5p, 1_hsa.miR.4728.3p, 1_hsa.miR.514a.5p, 1_hsa.miR.624.5p, 1_hsa.miR.6720.3p, 1_hsa.miR.6806.3p, 1_hsa.miR.513a.3p]
(0.8950168705320604, 0.22360679774997896) 19 features: [0_age_at_initial_pathologic_diagnosis, 1_hsa.let.7f.5p, 1_hsa.miR.10b.5p, 1_hsa.miR.1228.3p, 1_hsa.miR.135a.3p, 1_hsa.miR.154.5p, 1_hsa.miR.15b.5p, 1_hsa.miR.193a.5p, 1_hsa.miR.221.3p, 1_hsa.miR.24.1.5p, 1_hsa.miR.301b, 1_hsa.miR.32.3p, 1_hsa.miR.346, 1_hsa.miR.3613.5p, 1_hsa.miR.452.3p, 1_hsa.miR.4728.3p, 1_hsa.miR.6502.5p, 1_hsa.miR.7974, 1_hsa.miR.513a.3p]
(0.8916469110602572, 0.2581988897471611) 14 features: [0_age_at_initial_pathologic_diagnosis, 1_hsa.let.7f.5p, 1_hsa.miR.10b.5p, 1_hsa.miR.1228.3p, 1_hsa.miR.135a.3p, 1_hsa.miR.193a.3p, 1_hsa.miR.23b.5p, 1_hsa.miR.301b, 1_hsa.miR.3074.5p, 1_hsa.miR.335.3p, 1_hsa.miR.346, 1_hsa.miR.3923, 1_hsa.miR.4728.3p, 1_hsa.miR.513a.3p]
(0.8910365195956929, 0.2773500981126146) 12 features: [0_age_at_initial_pathologic_diagnosis, 1_hsa.let.7f.5p, 1_hsa.miR.10b.5p, 1_hsa.miR.1228.3p, 1_hsa.miR.135a.3p, 1_hsa.miR.154.5p, 1_hsa.miR.193a.5p, 1_hsa.miR.346, 1_hsa.miR.4728.3p, 1_hsa.miR.6720.3p, 1_hsa.miR.7974, 1_hsa.miR.513a.3p]
(0.8881723431252864, 0.30151134457776363) 10 features: [0_age_at_initial_pathologic_diagnosis, 1_hsa.let.7e.5p, 1_hsa.miR.10b.5p, 1_hsa.miR.1228.3p, 1_hsa.miR.135a.3p, 1_hsa.miR.148a.5p, 1_hsa.miR.154.5p, 1_hsa.miR.193a.5p, 1_hsa.miR.346, 1_hsa.miR.513a.3p]
(0.8807105795039328, 0.31622776601683794) 9 features: [0_age_at_initial_pathologic_diagnosis, 1_hsa.let.7f.5p, 1_hsa.miR.10b.5p, 1_hsa.miR.135a.3p, 1_hsa.miR.23b.5p, 1_hsa.miR.335.3p, 1_hsa.miR.346, 1_hsa.miR.4728.3p, 1_hsa.miR.513a.3p]
(0.8766247396095387, 0.3333333333333333) 8 features: [0_age_at_initial_pathologic_diagnosis, 1_hsa.miR.10b.5p, 1_hsa.miR.1228.3p, 1_hsa.miR.23b.5p, 1_hsa.miR.335.3p, 1_hsa.miR.346, 1_hsa.miR.4728.3p, 1_hsa.miR.513a.3p]
(0.8700338079751035, 0.3535533905932738) 7 features: [1_hsa.miR.10b.5p, 1_hsa.miR.1228.3p, 1_hsa.miR.23b.5p, 1_hsa.miR.335.3p, 1_hsa.miR.346, 1_hsa.miR.4728.3p, 1_hsa.miR.513a.3p]
(0.8666228775368575, 0.3779644730092272) 6 features: [0_age_at_initial_pathologic_diagnosis, 1_hsa.miR.10b.5p, 1_hsa.miR.1228.3p, 1_hsa.miR.15b.5p, 1_hsa.miR.4728.3p, 1_hsa.miR.513a.3p]
(0.8601463851776621, 0.408248290463863) 5 features: [0_age_at_initial_pathologic_diagnosis, 1_hsa.let.7e.5p, 1_hsa.miR.10b.5p, 1_hsa.miR.1228.3p, 1_hsa.miR.15b.5p]
(0.8567825492038533, 0.4472135954999579) 4 features: [0_age_at_initial_pathologic_diagnosis, 1_hsa.miR.10b.5p, 1_hsa.miR.1228.3p, 1_hsa.miR.15b.5p]
(0.8456315324173981, 0.5) [1_hsa.miR.10b.5p, 1_hsa.miR.148a.5p, 1_hsa.miR.15b.5p]
(0.824092712078078, 0.5773502691896257) [1_hsa.miR.10b.3p, 1_hsa.miR.15b.5p]
(0.7991239331273962, 0.7071067811865476) [1_hsa.miR.15b.5p]
(0.5, 1.0) []
Features in hall of fame by prevalence:
36 features: [1_hsa.miR.10b.5p, 0_age_at_initial_pathologic_diagnosis, 1_hsa.miR.1228.3p, 1_hsa.miR.513a.3p, 1_hsa.miR.15b.5p, 1_hsa.miR.346, 1_hsa.miR.4728.3p, 1_hsa.let.7f.5p, 1_hsa.miR.135a.3p, 1_hsa.miR.154.5p, 1_hsa.miR.193a.5p, 1_hsa.miR.23b.5p, 1_hsa.miR.335.3p, 1_hsa.miR.301b, 1_hsa.let.7e.5p, 1_hsa.miR.148a.5p, 1_hsa.miR.3613.5p, 1_hsa.miR.6720.3p, 1_hsa.miR.7974, 1_hsa.miR.106b.3p, 1_hsa.miR.10b.3p, 1_hsa.miR.127.3p, 1_hsa.miR.193a.3p, 1_hsa.miR.221.3p, 1_hsa.miR.222.5p, 1_hsa.miR.22.5p, 1_hsa.miR.24.1.5p, 1_hsa.miR.24.2.5p, 1_hsa.miR.3074.5p, 1_hsa.miR.32.3p, 1_hsa.miR.3923, 1_hsa.miR.452.3p, 1_hsa.miR.514a.5p, 1_hsa.miR.624.5p, 1_hsa.miR.6502.5p, 1_hsa.miR.6806.3p]

LAST POPULATION
Number of solutions = 500
Features in hall of fame by prevalence:
166 features: [1_hsa.miR.10b.5p, 0_age_at_initial_pathologic_diagnosis, 1_hsa.miR.335.3p, 1_hsa.miR.346, 1_hsa.miR.513a.3p, 1_hsa.miR.4728.3p, 1_hsa.let.7f.5p, 1_hsa.miR.135a.3p, 1_hsa.miR.15b.5p, 1_hsa.miR.1228.3p, 1_hsa.miR.193a.5p, 1_hsa.miR.23b.5p, 1_hsa.miR.148a.5p, 1_hsa.miR.154.5p, 1_hsa.miR.624.5p, 1_hsa.miR.222.5p, 1_hsa.miR.7974, 1_hsa.miR.6502.5p, 1_hsa.let.7e.5p, 1_hsa.miR.3923, 1_hsa.miR.6720.3p, 1_hsa.miR.514a.5p, 1_hsa.miR.301b, 1_hsa.miR.15b.3p, 1_hsa.miR.502.3p, 1_hsa.miR.105.5p, 1_hsa.miR.373.3p, 1_hsa.miR.23b.3p, 1_hsa.miR.106b.3p, 1_hsa.miR.214.3p, 1_hsa.miR.382.3p, 1_hsa.miR.6503.5p, 1_hsa.miR.148b.3p, 1_hsa.miR.653.5p, 1_hsa.miR.190a.5p, 1_hsa.miR.204.3p, 1_hsa.miR.376a.3p, 1_hsa.miR.193a.3p, 1_hsa.miR.22.5p, 1_hsa.miR.24.2.5p, 1_hsa.miR.28.5p, 1_hsa.miR.628.3p, 1_hsa.miR.671.5p, 1_hsa.miR.455.3p, 1_hsa.miR.500b.5p, 1_hsa.miR.9.5p, 1_hsa.miR.10b.3p, 1_hsa.miR.24.1.5p, 1_hsa.miR.28.3p, 1_hsa.miR.107, 1_hsa.miR.125b.5p, 1_hsa.miR.146b.3p, 1_hsa.miR.148b.5p, 1_hsa.miR.204.5p, 1_hsa.miR.21.3p, 1_hsa.miR.3200.3p, 1_hsa.miR.574.3p, 1_hsa.miR.664a.3p, 1_hsa.miR.6892.5p, 1_hsa.miR.760, 1_hsa.miR.887.3p, 1_hsa.let.7c.5p, 1_hsa.miR.126.3p, 1_hsa.miR.199b.5p, 1_hsa.miR.200b.5p, 1_hsa.miR.25.5p, 1_hsa.miR.26a.2.3p, 1_hsa.miR.31.3p, 1_hsa.miR.32.3p, 1_hsa.miR.335.5p, 1_hsa.miR.337.3p, 1_hsa.miR.3613.5p, 1_hsa.miR.493.3p, 1_hsa.miR.615.3p, 1_hsa.miR.6806.3p, 1_hsa.miR.767.5p, 1_hsa.miR.99b.3p, 1_hsa.miR.127.3p, 1_hsa.miR.145.3p, 1_hsa.miR.188.5p, 1_hsa.miR.196a.5p, 1_hsa.miR.2110, 1_hsa.miR.216a.3p, 1_hsa.miR.22.3p, 1_hsa.miR.27b.3p, 1_hsa.miR.378d, 1_hsa.miR.4677.3p, 1_hsa.miR.651.5p, 1_hsa.miR.98.5p, 1_hsa.miR.99b.5p, 1_hsa.miR.520e, 1_hsa.let.7a.2.3p, 1_hsa.let.7i.5p, 1_hsa.miR.106b.5p, 1_hsa.miR.1226.3p, 1_hsa.miR.125b.1.3p, 1_hsa.miR.126.5p, 1_hsa.miR.1291, 1_hsa.miR.1296.5p, 1_hsa.miR.130b.3p, ...]

BEST SUMS WITH SIZE 50
Number of solutions = 50
Features in hall of fame by prevalence:
35 features: [1_hsa.miR.15b.5p, 1_hsa.miR.10b.5p, 1_hsa.miR.335.3p, 1_hsa.miR.10b.3p, 1_hsa.miR.1228.3p, 1_hsa.miR.148a.5p, 0_age_at_initial_pathologic_diagnosis, 1_hsa.miR.146b.3p, 1_hsa.miR.188.5p, 1_hsa.miR.196a.5p, 1_hsa.miR.9.5p, 1_hsa.let.7e.5p, 1_hsa.let.7i.5p, 1_hsa.miR.10a.5p, 1_hsa.miR.135b.5p, 1_hsa.miR.146b.5p, 1_hsa.miR.148b.3p, 1_hsa.miR.155.5p, 1_hsa.miR.15b.3p, 1_hsa.miR.16.2.3p, 1_hsa.miR.16.5p, 1_hsa.miR.1976, 1_hsa.miR.200a.5p, 1_hsa.miR.21.3p, 1_hsa.miR.21.5p, 1_hsa.miR.216a.3p, 1_hsa.miR.216b.5p, 1_hsa.miR.222.5p, 1_hsa.miR.27a.5p, 1_hsa.miR.320b, 1_hsa.miR.335.5p, 1_hsa.miR.3677.3p, 1_hsa.miR.378a.3p, 1_hsa.miR.550a.3p, 1_hsa.miR.942.5p]

BEST SUMS WITH SIZE 100
Number of solutions = 100
Features in hall of fame by prevalence:
48 features: [1_hsa.miR.15b.5p, 0_age_at_initial_pathologic_diagnosis, 1_hsa.miR.10b.5p, 1_hsa.miR.335.3p, 1_hsa.miR.1228.3p, 1_hsa.miR.148a.5p, 1_hsa.miR.10b.3p, 1_hsa.miR.222.5p, 1_hsa.let.7e.5p, 1_hsa.miR.146b.3p, 1_hsa.miR.188.5p, 1_hsa.miR.196a.5p, 1_hsa.miR.21.5p, 1_hsa.miR.9.5p, 1_hsa.let.7i.5p, 1_hsa.miR.10a.5p, 1_hsa.miR.135b.5p, 1_hsa.miR.146b.5p, 1_hsa.miR.148b.3p, 1_hsa.miR.155.5p, 1_hsa.miR.15b.3p, 1_hsa.miR.16.2.3p, 1_hsa.miR.21.3p, 1_hsa.miR.216b.5p, 1_hsa.miR.27a.5p, 1_hsa.miR.320b, 1_hsa.miR.335.5p, 1_hsa.miR.3677.3p, 1_hsa.miR.378a.3p, 1_hsa.miR.550a.3p, 1_hsa.miR.942.5p, 1_hsa.let.7f.5p, 1_hsa.miR.16.5p, 1_hsa.miR.193a.5p, 1_hsa.miR.1976, 1_hsa.miR.200a.5p, 1_hsa.miR.204.3p, 1_hsa.miR.204.5p, 1_hsa.miR.216a.3p, 1_hsa.miR.22.3p, 1_hsa.miR.29b.1.5p, 1_hsa.miR.3154, 1_hsa.miR.346, 1_hsa.miR.3923, 1_hsa.miR.455.3p, 1_hsa.miR.4728.3p, 1_hsa.miR.99b.5p, 1_hsa.miR.520e]

STARTING CONCATENATED OPTIMIZATION
CONCATENATED
   	     	         	        	   survival SKSurv Cox model concordance index   	                 root leanness                  
   	     	         	        	-------------------------------------------------	------------------------------------------------
gen	evals	gen_feats	explored	min	avg     	max     	std                  	min     	avg     	max	std     
0  	0    	166      	166     	0.5	0.852476	0.896592	0.039357             	0.208514	0.365367	1  	0.128073
1  	372  	217      	244     	0.5	0.852   	0.896592	0.0432025            	0.208514	0.369557	1  	0.129477
2  	388  	227      	277     	0.5	0.851834	0.896592	0.0453666            	0.208514	0.370847	1  	0.132672
3  	384  	228      	285     	0.5	0.852644	0.896592	0.0449597            	0.204124	0.370721	1  	0.132843
4  	380  	227      	287     	0.5	0.852456	0.896592	0.0460567            	0.208514	0.373886	1  	0.132737
5  	369  	232      	291     	0.5	0.852775	0.896592	0.0461855            	0.208514	0.375099	1  	0.132038
6  	355  	221      	293     	0.5	0.853202	0.896592	0.0462644            	0.208514	0.37576 	1  	0.131626
7  	386  	231      	293     	0.5	0.853713	0.898051	0.0463438            	0.208514	0.375977	1  	0.131266
8  	374  	230      	293     	0.5	0.854345	0.898051	0.0461344            	0.208514	0.375853	1  	0.131541
9  	366  	215      	293     	0.5	0.85385 	0.898051	0.0464671            	0.208514	0.379536	1  	0.131496
10 	367  	231      	293     	0.5	0.854715	0.898051	0.0459621            	0.208514	0.37801 	1  	0.131036
11 	379  	230      	293     	0.5	0.855466	0.898051	0.0460319            	0.208514	0.376444	1  	0.131155
12 	383  	221      	293     	0.5	0.856165	0.898854	0.0462202            	0.208514	0.374608	1  	0.131787
13 	385  	224      	293     	0.5	0.856208	0.898854	0.0462873            	0.208514	0.376023	1  	0.131594
14 	357  	228      	293     	0.5	0.8568  	0.898854	0.0462929            	0.208514	0.374715	1  	0.13199 
15 	394  	227      	293     	0.5	0.857765	0.898854	0.0457105            	0.213201	0.372479	1  	0.13127 
16 	377  	229      	293     	0.5	0.858478	0.898866	0.0459558            	0.213201	0.3704  	1  	0.132126
17 	366  	217      	293     	0.5	0.859358	0.898866	0.0454179            	0.208514	0.368148	1  	0.131697
18 	370  	220      	293     	0.5	0.860442	0.898866	0.0449051            	0.208514	0.364849	1  	0.131773
19 	393  	232      	293     	0.5	0.860891	0.89906 	0.045003             	0.208514	0.363448	1  	0.132168
20 	364  	218      	293     	0.5	0.861675	0.903887	0.0450977            	0.208514	0.361475	1  	0.132317
21 	379  	227      	293     	0.5	0.861301	0.903887	0.04522              	0.208514	0.363782	1  	0.131949
22 	378  	214      	293     	0.5	0.862722	0.903887	0.0447413            	0.2     	0.359484	1  	0.132008
23 	389  	226      	293     	0.5	0.862514	0.903887	0.0456371            	0.2     	0.360377	1  	0.132849
24 	376  	233      	293     	0.5	0.863272	0.903887	0.0449863            	0.2     	0.359178	1  	0.132299
25 	366  	219      	293     	0.5	0.863515	0.903887	0.0450934            	0.196116	0.358901	1  	0.132593
26 	374  	231      	293     	0.5	0.864903	0.903887	0.0445787            	0.196116	0.354439	1  	0.132612
27 	366  	224      	293     	0.5	0.865403	0.909798	0.0447853            	0.19245 	0.352822	1  	0.133478
28 	382  	224      	293     	0.5	0.866551	0.912141	0.0442932            	0.19245 	0.349675	1  	0.132767
29 	364  	228      	293     	0.5	0.866937	0.912141	0.0445132            	0.19245 	0.34867 	1  	0.13367 
30 	394  	239      	293     	0.5	0.868394	0.912141	0.0441028            	0.19245 	0.343865	1  	0.13368 
31 	368  	224      	293     	0.5	0.869154	0.912141	0.0442367            	0.19245 	0.3414  	1  	0.134352
32 	386  	238      	293     	0.5	0.870274	0.912141	0.0438429            	0.188982	0.33852 	1  	0.133909
33 	381  	229      	293     	0.5	0.870656	0.914356	0.0440681            	0.188982	0.338553	1  	0.133875
34 	367  	224      	293     	0.5	0.871003	0.914356	0.044223             	0.188982	0.337966	1  	0.134178
35 	369  	229      	293     	0.5	0.872341	0.914356	0.0436824            	0.188982	0.33395 	1  	0.133321
36 	357  	236      	293     	0.5	0.87275 	0.914356	0.0438679            	0.188982	0.333236	1  	0.133632
37 	397  	222      	293     	0.5	0.874274	0.914356	0.0433964            	0.185695	0.329447	1  	0.132487
38 	391  	233      	293     	0.5	0.87458 	0.91444 	0.0435882            	0.185695	0.329911	1  	0.132108
39 	372  	229      	293     	0.5	0.874844	0.91444 	0.043721             	0.185695	0.330261	1  	0.131819
40 	373  	227      	293     	0.5	0.874006	0.915041	0.0450577            	0.185695	0.334191	1  	0.132791
41 	351  	220      	293     	0.5	0.874249	0.916711	0.0447859            	0.185695	0.334905	1  	0.132316
42 	392  	232      	293     	0.5	0.874678	0.923216	0.0450308            	0.185695	0.334491	1  	0.132654
43 	368  	214      	293     	0.5	0.874903	0.923216	0.0451194            	0.185695	0.335004	1  	0.132276
44 	375  	240      	293     	0.5	0.875696	0.923216	0.0453471            	0.19245 	0.333317	1  	0.132315
45 	390  	220      	293     	0.5	0.876207	0.923216	0.0454832            	0.19245 	0.33244 	1  	0.13239 
46 	374  	230      	293     	0.5	0.875585	0.923216	0.0455694            	0.19245 	0.335756	1  	0.131744
47 	379  	236      	293     	0.5	0.876293	0.925282	0.0458383            	0.19245 	0.334298	1  	0.132321
48 	366  	228      	293     	0.5	0.876289	0.925282	0.0459413            	0.19245 	0.335256	1  	0.132044
49 	359  	221      	293     	0.5	0.876562	0.925282	0.0460773            	0.19245 	0.335099	1  	0.131959
50 	374  	226      	293     	0.5	0.876244	0.925282	0.0461798            	0.19245 	0.337243	1  	0.131444
51 	384  	229      	293     	0.5	0.87661 	0.925282	0.0463032            	0.19245 	0.336981	1  	0.131306
52 	374  	219      	293     	0.5	0.877049	0.925282	0.0464207            	0.19245 	0.336417	1  	0.131236
53 	386  	232      	293     	0.5	0.876118	0.925282	0.0475687            	0.19245 	0.339377	1  	0.132606
54 	379  	222      	293     	0.5	0.87759 	0.925282	0.0467574            	0.19245 	0.335972	1  	0.131643
55 	373  	231      	293     	0.5	0.877856	0.925282	0.0469344            	0.19245 	0.335707	1  	0.131835
56 	377  	239      	293     	0.5	0.878572	0.927161	0.0472124            	0.188982	0.334019	1  	0.13247 
57 	378  	215      	293     	0.5	0.879321	0.927161	0.0468349            	0.188982	0.332687	1  	0.13179 
58 	380  	223      	293     	0.5	0.878508	0.927161	0.0474845            	0.188982	0.335729	1  	0.131747
59 	373  	235      	293     	0.5	0.878875	0.927161	0.0476904            	0.188982	0.335398	1  	0.131953
60 	364  	212      	293     	0.5	0.878996	0.927161	0.0477585            	0.188982	0.336038	1  	0.131446
61 	370  	232      	293     	0.5	0.879102	0.927161	0.0478137            	0.188982	0.336213	1  	0.131329
62 	384  	230      	293     	0.5	0.878007	0.927161	0.0494847            	0.196116	0.339226	1  	0.132027
63 	390  	222      	293     	0.5	0.879429	0.927161	0.0479759            	0.196116	0.336568	1  	0.13106 
64 	382  	221      	293     	0.5	0.87955 	0.927161	0.0480505            	0.19245 	0.336539	1  	0.131093
65 	389  	222      	293     	0.5	0.879738	0.927161	0.0481584            	0.19245 	0.336558	1  	0.131075
66 	382  	218      	293     	0.5	0.878732	0.928344	0.0492656            	0.2     	0.339461	1  	0.131852
67 	387  	212      	293     	0.5	0.879174	0.928344	0.0490221            	0.2     	0.338879	1  	0.131902
68 	364  	214      	293     	0.5	0.878743	0.928344	0.0490791            	0.2     	0.340641	1  	0.13171 
69 	398  	223      	293     	0.5	0.879135	0.928344	0.0491834            	0.2     	0.339917	1  	0.131766
70 	379  	221      	293     	0.5	0.88026 	0.928344	0.0485055            	0.204124	0.337375	1  	0.130531
71 	381  	221      	293     	0.5	0.879634	0.929269	0.0494235            	0.204124	0.339164	1  	0.131726
72 	369  	224      	293     	0.5	0.879899	0.929269	0.0492798            	0.208514	0.339129	1  	0.131346
73 	391  	222      	293     	0.5	0.880283	0.929269	0.0488074            	0.208514	0.338661	1  	0.130601
74 	391  	222      	293     	0.5	0.879634	0.929269	0.0494483            	0.208514	0.340496	1  	0.131057
75 	367  	222      	293     	0.5	0.880247	0.929269	0.0490136            	0.204124	0.339293	1  	0.130832
76 	374  	224      	293     	0.5	0.881054	0.929269	0.048943             	0.204124	0.337174	1  	0.130644
77 	381  	222      	293     	0.5	0.881218	0.930737	0.0490507            	0.204124	0.337197	1  	0.130625
78 	371  	219      	293     	0.5	0.881723	0.930737	0.049301             	0.2     	0.336225	1  	0.13121 
79 	388  	219      	293     	0.5	0.881958	0.930737	0.049302             	0.2     	0.335597	1  	0.131086
80 	388  	221      	293     	0.5	0.882143	0.930737	0.0494297            	0.2     	0.335304	1  	0.131364
81 	363  	218      	293     	0.5	0.882356	0.930737	0.0494176            	0.2     	0.334895	1  	0.131153
82 	383  	220      	293     	0.5	0.882428	0.930737	0.0495744            	0.2     	0.334884	1  	0.131595
83 	372  	220      	293     	0.5	0.882316	0.930737	0.0496253            	0.2     	0.335482	1  	0.13165 
84 	384  	222      	293     	0.5	0.88274 	0.930737	0.0496569            	0.196116	0.33439 	1  	0.131598
85 	357  	221      	293     	0.5	0.882732	0.930737	0.0495731            	0.196116	0.33446 	1  	0.131211
86 	385  	230      	293     	0.5	0.882928	0.930737	0.049748             	0.2     	0.33439 	1  	0.131542
87 	356  	224      	293     	0.5	0.883574	0.930737	0.0492834            	0.2     	0.333169	1  	0.130856
88 	372  	220      	293     	0.5	0.882933	0.930737	0.0505025            	0.2     	0.334523	1  	0.131829
89 	375  	230      	293     	0.5	0.882798	0.930737	0.0499857            	0.2     	0.335276	1  	0.131341
90 	366  	220      	293     	0.5	0.883798	0.930737	0.0499293            	0.2     	0.332868	1  	0.131564
91 	387  	229      	293     	0.5	0.884263	0.930737	0.0493435            	0.2     	0.331911	1  	0.130574
92 	368  	208      	293     	0.5	0.884468	0.930737	0.0494266            	0.2     	0.331442	1  	0.130776
93 	384  	216      	293     	0.5	0.884563	0.930737	0.0495095            	0.2     	0.331313	1  	0.130929
94 	377  	222      	293     	0.5	0.884644	0.930737	0.0495427            	0.2     	0.331151	1  	0.130986
95 	364  	220      	293     	0.5	0.884694	0.930737	0.0495925            	0.2     	0.331177	1  	0.131007
96 	373  	231      	293     	0.5	0.884855	0.930737	0.0496734            	0.2     	0.330822	1  	0.131199
97 	386  	225      	293     	0.5	0.884837	0.930737	0.0496877            	0.2     	0.331023	1  	0.13115 
98 	357  	222      	293     	0.5	0.885102	0.930737	0.0497403            	0.2     	0.33035 	1  	0.131173
99 	366  	221      	293     	0.5	0.885595	0.930737	0.0491981            	0.2     	0.329307	1  	0.13019 
Optimization on fold finished in 00-04:15:32

FEATURE SETS SELECTED

PARETO FRONT
Number of solutions = 21
Features in hall of fame by prevalence:
30 features: [1_hsa.miR.10b.5p, 0_age_at_initial_pathologic_diagnosis, 1_hsa.miR.1228.3p, 1_hsa.let.7f.5p, 1_hsa.miR.3074.5p, 1_hsa.miR.106b.3p, 1_hsa.miR.513a.3p, 1_hsa.miR.346, 1_hsa.miR.301b, 1_hsa.miR.3613.5p, 1_hsa.miR.154.5p, 1_hsa.miR.22.5p, 1_hsa.miR.4728.3p, 1_hsa.miR.15b.5p, 1_hsa.miR.6806.3p, 1_hsa.miR.193a.3p, 1_hsa.miR.222.5p, 1_hsa.miR.128.3p, 1_hsa.miR.135a.3p, 1_hsa.miR.146b.3p, 1_hsa.miR.148a.5p, 1_hsa.miR.196a.5p, 1_hsa.miR.23b.5p, 1_hsa.miR.6720.3p, 1_hsa.miR.10b.3p, 1_hsa.miR.149.3p, 1_hsa.miR.217, 1_hsa.miR.335.3p, 1_hsa.miR.382.5p, 1_hsa.miR.7641]

LAST POPULATION
Number of solutions = 500
Features in hall of fame by prevalence:
156 features: [1_hsa.miR.10b.5p, 0_age_at_initial_pathologic_diagnosis, 1_hsa.miR.1228.3p, 1_hsa.miR.3074.5p, 1_hsa.miR.513a.3p, 1_hsa.let.7f.5p, 1_hsa.miR.346, 1_hsa.miR.106b.3p, 1_hsa.miR.4728.3p, 1_hsa.miR.301b, 1_hsa.miR.3613.5p, 1_hsa.miR.154.5p, 1_hsa.miR.15b.5p, 1_hsa.miR.22.5p, 1_hsa.miR.6806.3p, 1_hsa.miR.193a.3p, 1_hsa.miR.222.5p, 1_hsa.miR.196a.5p, 1_hsa.miR.23b.5p, 1_hsa.miR.135a.3p, 1_hsa.miR.146b.3p, 1_hsa.miR.128.3p, 1_hsa.miR.335.3p, 1_hsa.miR.148a.5p, 1_hsa.miR.6720.3p, 1_hsa.miR.7641, 1_hsa.miR.125a.5p, 1_hsa.miR.141.3p, 1_hsa.miR.3923, 1_hsa.miR.7974, 1_hsa.miR.135b.5p, 1_hsa.miR.217, 1_hsa.miR.362.3p, 1_hsa.let.7e.5p, 1_hsa.miR.16.5p, 1_hsa.miR.200a.3p, 1_hsa.miR.361.5p, 1_hsa.miR.148b.5p, 1_hsa.miR.3136.5p, 1_hsa.miR.149.5p, 1_hsa.miR.191.5p, 1_hsa.miR.483.5p, 1_hsa.miR.10a.5p, 1_hsa.miR.10b.3p, 1_hsa.miR.148b.3p, 1_hsa.miR.2110, 1_hsa.miR.3200.3p, 1_hsa.miR.382.5p, 1_hsa.miR.501.5p, 1_hsa.miR.548d.3p, 1_hsa.miR.127.3p, 1_hsa.miR.671.3p, 1_hsa.let.7g.5p, 1_hsa.miR.1296.5p, 1_hsa.miR.138.1.3p, 1_hsa.miR.146b.5p, 1_hsa.miR.21.3p, 1_hsa.miR.216a.3p, 1_hsa.miR.27b.3p, 1_hsa.miR.331.5p, 1_hsa.miR.33b.5p, 1_hsa.miR.520e, 1_hsa.miR.125a.3p, 1_hsa.miR.1266.5p, 1_hsa.miR.15b.3p, 1_hsa.miR.210.3p, 1_hsa.miR.216b.5p, 1_hsa.miR.23b.3p, 1_hsa.miR.27a.5p, 1_hsa.miR.412.5p, 1_hsa.miR.514a.5p, 1_hsa.miR.5690, 1_hsa.miR.99b.3p, 1_hsa.miR.149.3p, 1_hsa.miR.155.5p, 1_hsa.miR.188.5p, 1_hsa.miR.24.1.5p, 1_hsa.miR.28.5p, 1_hsa.miR.31.3p, 1_hsa.miR.32.5p, 1_hsa.miR.3681.5p, 1_hsa.miR.382.3p, 1_hsa.miR.503.5p, 1_hsa.miR.618, 1_hsa.miR.6502.5p, 1_hsa.miR.653.5p, 1_hsa.miR.9.5p, 1_hsa.miR.373.3p, 1_hsa.miR.105.5p, 1_hsa.miR.106b.5p, 1_hsa.miR.1249, 1_hsa.miR.1537.5p, 1_hsa.miR.196b.5p, 1_hsa.miR.200b.5p, 1_hsa.miR.204.5p, 1_hsa.miR.214.3p, 1_hsa.miR.221.3p, 1_hsa.miR.2355.3p, 1_hsa.miR.24.3p, 1_hsa.miR.331.3p, ...]

BEST SUMS WITH SIZE 50
Number of solutions = 50
Features in hall of fame by prevalence:
44 features: [1_hsa.miR.10b.3p, 1_hsa.miR.15b.5p, 1_hsa.miR.148a.5p, 1_hsa.miR.10b.5p, 1_hsa.miR.335.3p, 0_age_at_initial_pathologic_diagnosis, 1_hsa.let.7e.5p, 1_hsa.let.7i.5p, 1_hsa.miR.10a.5p, 1_hsa.miR.1228.3p, 1_hsa.miR.135b.5p, 1_hsa.miR.146b.3p, 1_hsa.miR.146b.5p, 1_hsa.miR.148a.3p, 1_hsa.miR.148b.3p, 1_hsa.miR.155.5p, 1_hsa.miR.15b.3p, 1_hsa.miR.16.2.3p, 1_hsa.miR.16.5p, 1_hsa.miR.188.5p, 1_hsa.miR.196a.5p, 1_hsa.miR.196b.5p, 1_hsa.miR.1976, 1_hsa.miR.200a.5p, 1_hsa.miR.21.3p, 1_hsa.miR.21.5p, 1_hsa.miR.222.5p, 1_hsa.miR.25.3p, 1_hsa.miR.27a.3p, 1_hsa.miR.27a.5p, 1_hsa.miR.320b, 1_hsa.miR.335.5p, 1_hsa.miR.3677.3p, 1_hsa.miR.378a.3p, 1_hsa.miR.455.5p, 1_hsa.miR.4677.3p, 1_hsa.miR.532.3p, 1_hsa.miR.550a.3p, 1_hsa.miR.615.3p, 1_hsa.miR.6509.5p, 1_hsa.miR.664a.3p, 1_hsa.miR.6892.5p, 1_hsa.miR.942.5p, 1_hsa.miR.9.5p]

BEST SUMS WITH SIZE 100
Number of solutions = 100
Features in hall of fame by prevalence:
74 features: [1_hsa.miR.15b.5p, 1_hsa.miR.10b.3p, 1_hsa.miR.10b.5p, 1_hsa.miR.148a.5p, 1_hsa.miR.335.3p, 1_hsa.miR.1228.3p, 0_age_at_initial_pathologic_diagnosis, 1_hsa.let.7e.5p, 1_hsa.miR.146b.3p, 1_hsa.miR.148a.3p, 1_hsa.miR.148b.3p, 1_hsa.miR.155.5p, 1_hsa.miR.15b.3p, 1_hsa.miR.188.5p, 1_hsa.miR.196a.5p, 1_hsa.miR.196b.5p, 1_hsa.miR.204.3p, 1_hsa.miR.21.3p, 1_hsa.miR.21.5p, 1_hsa.miR.664a.3p, 1_hsa.miR.9.5p, 1_hsa.let.7f.5p, 1_hsa.let.7i.5p, 1_hsa.miR.10a.5p, 1_hsa.miR.1266.5p, 1_hsa.miR.130b.3p, 1_hsa.miR.135b.5p, 1_hsa.miR.143.3p, 1_hsa.miR.146b.5p, 1_hsa.miR.16.2.3p, 1_hsa.miR.16.5p, 1_hsa.miR.1976, 1_hsa.miR.199a.3p, 1_hsa.miR.199b.3p, 1_hsa.miR.200a.5p, 1_hsa.miR.200c.3p, 1_hsa.miR.216a.3p, 1_hsa.miR.216b.5p, 1_hsa.miR.221.3p, 1_hsa.miR.222.3p, 1_hsa.miR.222.5p, 1_hsa.miR.22.3p, 1_hsa.miR.23b.5p, 1_hsa.miR.25.3p, 1_hsa.miR.27a.3p, 1_hsa.miR.27a.5p, 1_hsa.miR.3074.5p, 1_hsa.miR.320b, 1_hsa.miR.320c, 1_hsa.miR.335.5p, 1_hsa.miR.34a.5p, 1_hsa.miR.3677.3p, 1_hsa.miR.378a.3p, 1_hsa.miR.3923, 1_hsa.miR.455.3p, 1_hsa.miR.455.5p, 1_hsa.miR.4677.3p, 1_hsa.miR.4728.3p, 1_hsa.miR.4746.5p, 1_hsa.miR.503.5p, 1_hsa.miR.532.3p, 1_hsa.miR.550a.3p, 1_hsa.miR.551b.3p, 1_hsa.miR.590.3p, 1_hsa.miR.615.3p, 1_hsa.miR.6502.5p, 1_hsa.miR.6509.5p, 1_hsa.miR.651.5p, 1_hsa.miR.671.5p, 1_hsa.miR.6892.5p, 1_hsa.miR.887.5p, 1_hsa.miR.942.5p, 1_hsa.miR.99b.3p, 1_hsa.miR.99b.5p]
