
OPTIMIZING ON FOLD NUMBER 4
Number of workers = 96

COMPUTING LOCAL ACTIVE FEATURES
Computing active features for view clinic
Existing features: 8
Applying union strategy for feature selection using composite feature selector with
categorical: feature selector any na and anova
survival: feature selector Cox

Computing active features for outcome survival
Features selected for this outcome: 1
Features active in total: 1
Computing active features for view log_mirna
Existing features: 740
Applying union strategy for feature selection using composite feature selector with
categorical: feature selector any na and anova
survival: feature selector Cox

Computing active features for outcome survival
Features selected for this outcome: 354
Features active in total: 354
Computing feature importance
Running optimizer

STARTING 2-STEPS GENETIC ALGORITHM

CREATING INNER FOLDS

ASSIGNING STRATA FOR MULTI-OUTCOME DATA LGG_MV
Assigning strata for outcome named survival of type survival
Counts:
censored 0: 160
censored 1: 93
deceased 0: 39
deceased 1: 37

STARTING SWEEP NUMBER 1
folds_creator_seed = 4107908117

ASSIGNING STRATA FOR MULTI-OUTCOME DATA LGG_MV
Assigning strata for outcome named survival of type survival
Counts:
censored 0: 160
censored 1: 93
deceased 0: 39
deceased 1: 37
ga_runner_seed = 3091794638
VIEW: CLINIC
   	     	         	        	  survival SKSurv Cox model concordance index   	                 root leanness                  
   	     	         	        	------------------------------------------------	------------------------------------------------
gen	evals	gen_feats	explored	min	avg     	max     	std                  	min     	avg     	max	std     
0  	500  	1        	1       	0.5	0.635204	0.767202	0.133591             	0.707107	0.851796	1  	0.146436
1  	253  	1        	1       	0.5	0.633601	0.767202	0.133601             	0.707107	0.853553	1  	0.146447
2  	254  	1        	1       	0.5	0.633601	0.767202	0.133601             	0.707107	0.853553	1  	0.146447
3  	234  	1        	1       	0.5	0.633601	0.767202	0.133601             	0.707107	0.853553	1  	0.146447
4  	251  	1        	1       	0.5	0.633601	0.767202	0.133601             	0.707107	0.853553	1  	0.146447
5  	257  	1        	1       	0.5	0.633601	0.767202	0.133601             	0.707107	0.853553	1  	0.146447
6  	243  	1        	1       	0.5	0.633601	0.767202	0.133601             	0.707107	0.853553	1  	0.146447
7  	253  	1        	1       	0.5	0.633601	0.767202	0.133601             	0.707107	0.853553	1  	0.146447
8  	249  	1        	1       	0.5	0.633601	0.767202	0.133601             	0.707107	0.853553	1  	0.146447
9  	249  	1        	1       	0.5	0.633601	0.767202	0.133601             	0.707107	0.853553	1  	0.146447
10 	259  	1        	1       	0.5	0.633601	0.767202	0.133601             	0.707107	0.853553	1  	0.146447
11 	258  	1        	1       	0.5	0.633601	0.767202	0.133601             	0.707107	0.853553	1  	0.146447
12 	253  	1        	1       	0.5	0.633601	0.767202	0.133601             	0.707107	0.853553	1  	0.146447
13 	255  	1        	1       	0.5	0.633601	0.767202	0.133601             	0.707107	0.853553	1  	0.146447
14 	244  	1        	1       	0.5	0.633601	0.767202	0.133601             	0.707107	0.853553	1  	0.146447
15 	248  	1        	1       	0.5	0.633601	0.767202	0.133601             	0.707107	0.853553	1  	0.146447
16 	259  	1        	1       	0.5	0.633601	0.767202	0.133601             	0.707107	0.853553	1  	0.146447
17 	245  	1        	1       	0.5	0.633601	0.767202	0.133601             	0.707107	0.853553	1  	0.146447
18 	247  	1        	1       	0.5	0.633601	0.767202	0.133601             	0.707107	0.853553	1  	0.146447
19 	230  	1        	1       	0.5	0.633601	0.767202	0.133601             	0.707107	0.853553	1  	0.146447
20 	230  	1        	1       	0.5	0.633601	0.767202	0.133601             	0.707107	0.853553	1  	0.146447
21 	241  	1        	1       	0.5	0.633601	0.767202	0.133601             	0.707107	0.853553	1  	0.146447
22 	247  	1        	1       	0.5	0.633601	0.767202	0.133601             	0.707107	0.853553	1  	0.146447
23 	255  	1        	1       	0.5	0.633601	0.767202	0.133601             	0.707107	0.853553	1  	0.146447
24 	241  	1        	1       	0.5	0.633601	0.767202	0.133601             	0.707107	0.853553	1  	0.146447
25 	232  	1        	1       	0.5	0.633601	0.767202	0.133601             	0.707107	0.853553	1  	0.146447
26 	249  	1        	1       	0.5	0.633601	0.767202	0.133601             	0.707107	0.853553	1  	0.146447
27 	213  	1        	1       	0.5	0.633601	0.767202	0.133601             	0.707107	0.853553	1  	0.146447
28 	258  	1        	1       	0.5	0.633601	0.767202	0.133601             	0.707107	0.853553	1  	0.146447
29 	253  	1        	1       	0.5	0.633601	0.767202	0.133601             	0.707107	0.853553	1  	0.146447
30 	238  	1        	1       	0.5	0.633601	0.767202	0.133601             	0.707107	0.853553	1  	0.146447
31 	250  	1        	1       	0.5	0.633601	0.767202	0.133601             	0.707107	0.853553	1  	0.146447
32 	242  	1        	1       	0.5	0.633601	0.767202	0.133601             	0.707107	0.853553	1  	0.146447
33 	246  	1        	1       	0.5	0.633601	0.767202	0.133601             	0.707107	0.853553	1  	0.146447
34 	256  	1        	1       	0.5	0.633601	0.767202	0.133601             	0.707107	0.853553	1  	0.146447
35 	264  	1        	1       	0.5	0.633601	0.767202	0.133601             	0.707107	0.853553	1  	0.146447
36 	245  	1        	1       	0.5	0.633601	0.767202	0.133601             	0.707107	0.853553	1  	0.146447
37 	258  	1        	1       	0.5	0.633601	0.767202	0.133601             	0.707107	0.853553	1  	0.146447
38 	251  	1        	1       	0.5	0.633601	0.767202	0.133601             	0.707107	0.853553	1  	0.146447
39 	244  	1        	1       	0.5	0.633601	0.767202	0.133601             	0.707107	0.853553	1  	0.146447
40 	235  	1        	1       	0.5	0.633601	0.767202	0.133601             	0.707107	0.853553	1  	0.146447
41 	253  	1        	1       	0.5	0.633601	0.767202	0.133601             	0.707107	0.853553	1  	0.146447
42 	259  	1        	1       	0.5	0.633601	0.767202	0.133601             	0.707107	0.853553	1  	0.146447
43 	232  	1        	1       	0.5	0.633601	0.767202	0.133601             	0.707107	0.853553	1  	0.146447
44 	249  	1        	1       	0.5	0.633601	0.767202	0.133601             	0.707107	0.853553	1  	0.146447
45 	246  	1        	1       	0.5	0.633601	0.767202	0.133601             	0.707107	0.853553	1  	0.146447
46 	228  	1        	1       	0.5	0.633601	0.767202	0.133601             	0.707107	0.853553	1  	0.146447
47 	252  	1        	1       	0.5	0.633601	0.767202	0.133601             	0.707107	0.853553	1  	0.146447
48 	244  	1        	1       	0.5	0.633601	0.767202	0.133601             	0.707107	0.853553	1  	0.146447
49 	257  	1        	1       	0.5	0.633601	0.767202	0.133601             	0.707107	0.853553	1  	0.146447

ASSIGNING STRATA FOR MULTI-OUTCOME DATA LGG_MV
Assigning strata for outcome named survival of type survival
Counts:
censored 0: 160
censored 1: 93
deceased 0: 39
deceased 1: 37
VIEW: LOG_MIRNA
   	     	         	        	       survival SKSurv Cox model concordance index       	                 root leanness                  
   	     	         	        	---------------------------------------------------------	------------------------------------------------
gen	evals	gen_feats	explored	min     	avg     	max     	std             	min     	avg     	max	std     
0  	500  	24       	24      	0.5     	0.699459	0.844355	0.0603526       	0.2     	0.276888	1  	0.156586
1  	355  	183      	183     	0.481234	0.716197	0.845347	0.0673437       	0.19245 	0.293987	1  	0.109849
2  	365  	235      	272     	0.5     	0.746302	0.845946	0.0639821       	0.196116	0.337834	1  	0.112935
3  	373  	238      	308     	0.477391	0.772747	0.845946	0.0573451       	0.204124	0.377411	1  	0.110352
4  	377  	252      	334     	0.477391	0.787082	0.846961	0.0541716       	0.235702	0.401441	1  	0.115026
5  	377  	253      	345     	0.477391	0.795347	0.851945	0.0513658       	0.235702	0.407287	1  	0.121821
6  	381  	248      	352     	0.477391	0.801004	0.853721	0.051816        	0.235702	0.408772	1  	0.123513
7  	360  	243      	353     	0.477391	0.803264	0.854114	0.0562026       	0.235702	0.409356	1  	0.128775
8  	378  	257      	354     	0.5     	0.805854	0.854894	0.0541262       	0.25    	0.413874	1  	0.129547
9  	383  	244      	354     	0.5     	0.809589	0.855716	0.0518383       	0.242536	0.414047	1  	0.129371
10 	377  	258      	354     	0.5     	0.811855	0.855716	0.0514557       	0.25    	0.41366 	1  	0.129662
11 	402  	258      	354     	0.5     	0.814551	0.855716	0.0500806       	0.242536	0.41109 	1  	0.129804
12 	365  	262      	354     	0.5     	0.817695	0.8666  	0.0476878       	0.235702	0.407213	1  	0.130522
13 	363  	261      	354     	0.5     	0.821118	0.8666  	0.044915        	0.229416	0.400872	1  	0.130739
14 	397  	252      	354     	0.5     	0.822418	0.8666  	0.0444912       	0.229416	0.401525	1  	0.130477
15 	359  	246      	354     	0.5     	0.822615	0.8666  	0.0452998       	0.229416	0.40337 	1  	0.131518
16 	346  	247      	354     	0.5     	0.824345	0.8666  	0.0437802       	0.229416	0.400312	1  	0.131478
17 	386  	254      	354     	0.5     	0.825821	0.8666  	0.043517        	0.223607	0.396862	1  	0.132856
18 	371  	264      	354     	0.5     	0.8279  	0.8666  	0.0421047       	0.223607	0.392579	1  	0.132468
19 	385  	252      	354     	0.5     	0.829225	0.8666  	0.0416804       	0.223607	0.38991 	1  	0.132195
20 	388  	256      	354     	0.5     	0.831566	0.8666  	0.040729        	0.223607	0.382918	1  	0.132086
21 	367  	260      	354     	0.5     	0.832307	0.8666  	0.0409745       	0.218218	0.382568	1  	0.132533
22 	359  	265      	354     	0.5     	0.832509	0.8666  	0.0414768       	0.218218	0.384636	1  	0.13273 
23 	373  	258      	354     	0.5     	0.833761	0.8666  	0.0406249       	0.218218	0.382893	1  	0.131831
24 	364  	253      	354     	0.5     	0.834336	0.8666  	0.0403385       	0.213201	0.382863	1  	0.131859
25 	392  	250      	354     	0.5     	0.834857	0.8666  	0.0405048       	0.213201	0.382503	1  	0.132111
26 	378  	264      	354     	0.5     	0.836088	0.8666  	0.0399705       	0.218218	0.37968 	1  	0.131651
27 	397  	263      	354     	0.5     	0.836734	0.866881	0.0396142       	0.213201	0.37951 	1  	0.131899
28 	388  	266      	354     	0.5     	0.83733 	0.866881	0.0397873       	0.213201	0.378251	1  	0.132931
29 	362  	260      	354     	0.5     	0.839003	0.866881	0.0385954       	0.213201	0.371649	1  	0.132208
30 	380  	262      	354     	0.5     	0.839446	0.869948	0.0387812       	0.208514	0.371439	1  	0.132399
31 	369  	268      	354     	0.5     	0.839774	0.869948	0.0389394       	0.208514	0.371116	1  	0.132677
32 	355  	275      	354     	0.5     	0.840908	0.869948	0.0383486       	0.208514	0.367421	1  	0.132336
33 	381  	270      	354     	0.5     	0.841177	0.869948	0.0384599       	0.208514	0.367451	1  	0.132181
34 	384  	258      	354     	0.5     	0.841427	0.869948	0.0386555       	0.213201	0.368348	1  	0.132189
35 	359  	263      	354     	0.5     	0.841936	0.869948	0.038672        	0.213201	0.367505	1  	0.13214 
36 	370  	260      	354     	0.5     	0.841655	0.873741	0.0394451       	0.213201	0.370282	1  	0.132901
37 	398  	274      	354     	0.5     	0.84193 	0.873741	0.0394877       	0.213201	0.371282	1  	0.132424
38 	393  	264      	354     	0.5     	0.842513	0.873741	0.039612        	0.213201	0.370142	1  	0.132992
39 	389  	272      	354     	0.5     	0.842733	0.873741	0.0397096       	0.213201	0.370974	1  	0.132516
40 	377  	259      	354     	0.5     	0.843871	0.873893	0.0391653       	0.213201	0.367393	1  	0.132152
41 	397  	274      	354     	0.5     	0.844146	0.873893	0.0392653       	0.213201	0.367663	1  	0.131972
42 	356  	243      	354     	0.5     	0.843623	0.873893	0.0397892       	0.213201	0.370841	1  	0.132651
43 	401  	262      	354     	0.5     	0.843864	0.877839	0.0398807       	0.218218	0.371084	1  	0.132417
44 	381  	261      	354     	0.5     	0.844142	0.877839	0.0399918       	0.218218	0.370537	1  	0.132877
45 	369  	263      	354     	0.5     	0.844428	0.877839	0.0401245       	0.218218	0.370287	1  	0.133082
46 	390  	239      	354     	0.5     	0.844859	0.877839	0.0402305       	0.218218	0.369726	1  	0.133096
47 	367  	257      	354     	0.5     	0.845224	0.877839	0.0402836       	0.218218	0.368779	1  	0.13305 
48 	387  	257      	354     	0.5     	0.846032	0.879212	0.0398475       	0.218218	0.366835	1  	0.132651
49 	377  	259      	354     	0.5     	0.84626 	0.879212	0.0399438       	0.218218	0.366715	1  	0.132736

STARTING MASTER RUNNER RESAMPLING
Generations completed = 10
Generations completed = 24
Generations completed = 38
MASTER
   	     	         	        	       survival SKSurv Cox model concordance index       	                     root leanness                      
   	     	         	        	---------------------------------------------------------	--------------------------------------------------------
gen	evals	gen_feats	explored	min     	avg     	max     	std             	min     	avg     	max     	std     
0  	500  	184      	184     	0.683125	0.840935	0.881883	0.0300081       	0.213201	0.347966	0.707107	0.121046
1  	416  	169      	194     	0.5     	0.841814	0.884437	0.0347727       	0.218218	0.371874	1       	0.12311 
2  	387  	169      	200     	0.5     	0.842549	0.884437	0.0368268       	0.218218	0.381946	1       	0.127573
3  	411  	165      	201     	0.5     	0.843224	0.884437	0.0373162       	0.218218	0.383199	1       	0.128779
4  	421  	169      	205     	0.5     	0.843707	0.884437	0.0378339       	0.229416	0.384898	1       	0.128889
5  	397  	174      	205     	0.5     	0.844243	0.884437	0.0378883       	0.223607	0.384698	1       	0.129099
6  	409  	172      	205     	0.5     	0.844391	0.884437	0.03791         	0.223607	0.385398	1       	0.128768
7  	410  	167      	205     	0.5     	0.844532	0.884437	0.0378888       	0.223607	0.385237	1       	0.128907
8  	416  	174      	205     	0.5     	0.844613	0.884437	0.0378712       	0.223607	0.385348	1       	0.128806
9  	407  	169      	205     	0.5     	0.844713	0.884437	0.0379011       	0.223607	0.385387	1       	0.128789
10 	409  	171      	205     	0.5     	0.844758	0.884437	0.037924        	0.223607	0.385323	1       	0.128857
11 	408  	164      	205     	0.5     	0.844758	0.884437	0.037924        	0.223607	0.385323	1       	0.128857
12 	398  	176      	205     	0.5     	0.844783	0.884437	0.0379371       	0.223607	0.385436	1       	0.128741
13 	393  	163      	205     	0.5     	0.84482 	0.884437	0.0379312       	0.223607	0.385436	1       	0.128741
14 	407  	169      	205     	0.5     	0.844831	0.884437	0.0379296       	0.223607	0.385474	1       	0.128706
15 	417  	176      	205     	0.5     	0.844833	0.884437	0.0379303       	0.223607	0.385391	1       	0.128789
16 	399  	166      	205     	0.5     	0.844861	0.884437	0.0379381       	0.223607	0.385279	1       	0.128859
17 	406  	173      	205     	0.5     	0.844861	0.884437	0.0379381       	0.223607	0.385292	1       	0.128843
18 	419  	173      	205     	0.5     	0.844863	0.884437	0.0379388       	0.223607	0.385324	1       	0.128811
19 	401  	163      	205     	0.5     	0.844883	0.884437	0.0379453       	0.223607	0.385324	1       	0.128811
20 	394  	172      	205     	0.5     	0.844883	0.884437	0.0379453       	0.223607	0.385324	1       	0.128811
21 	397  	176      	205     	0.5     	0.844883	0.884437	0.0379453       	0.223607	0.385324	1       	0.128811
22 	391  	172      	205     	0.5     	0.844883	0.884437	0.0379453       	0.223607	0.385324	1       	0.128811
23 	423  	168      	205     	0.5     	0.844892	0.884437	0.0379492       	0.223607	0.385324	1       	0.128811
24 	411  	175      	205     	0.5     	0.844889	0.884437	0.0379481       	0.223607	0.385362	1       	0.128776
25 	398  	165      	205     	0.5     	0.844889	0.884437	0.0379481       	0.223607	0.385362	1       	0.128776
26 	412  	169      	205     	0.5     	0.844889	0.884437	0.0379481       	0.223607	0.385362	1       	0.128776
27 	418  	168      	205     	0.5     	0.844889	0.884437	0.0379481       	0.223607	0.385362	1       	0.128776
28 	402  	165      	205     	0.5     	0.844889	0.884437	0.0379481       	0.223607	0.385362	1       	0.128776
29 	423  	165      	205     	0.5     	0.844889	0.884437	0.0379481       	0.223607	0.385362	1       	0.128776
30 	420  	173      	205     	0.5     	0.844889	0.884437	0.0379481       	0.223607	0.385362	1       	0.128776
31 	419  	167      	205     	0.5     	0.844585	0.884437	0.0384558       	0.223607	0.386173	1       	0.12952 
32 	408  	163      	205     	0.5     	0.844585	0.884437	0.0384558       	0.223607	0.386173	1       	0.12952 
33 	394  	162      	205     	0.5     	0.844585	0.884437	0.0384558       	0.223607	0.386173	1       	0.12952 
34 	410  	170      	205     	0.5     	0.844588	0.884437	0.0384568       	0.223607	0.386144	1       	0.129538
35 	406  	168      	205     	0.5     	0.844588	0.884437	0.0384568       	0.223607	0.386144	1       	0.129538
36 	416  	168      	205     	0.5     	0.844585	0.884437	0.0384558       	0.223607	0.386173	1       	0.12952 
37 	402  	169      	205     	0.5     	0.844585	0.884437	0.0384558       	0.223607	0.386173	1       	0.12952 
38 	419  	178      	205     	0.5     	0.844587	0.884437	0.0384566       	0.223607	0.386144	1       	0.129538
39 	395  	162      	205     	0.5     	0.844588	0.884437	0.0384568       	0.223607	0.386144	1       	0.129538
40 	389  	169      	205     	0.5     	0.84458 	0.884437	0.0384543       	0.223607	0.386222	1       	0.129484
41 	405  	165      	205     	0.5     	0.844581	0.884437	0.0384546       	0.223607	0.386222	1       	0.129484
42 	408  	165      	205     	0.5     	0.844581	0.884437	0.0384546       	0.223607	0.386222	1       	0.129484
43 	412  	159      	205     	0.5     	0.844588	0.884437	0.0384568       	0.223607	0.386144	1       	0.129538
44 	405  	175      	205     	0.5     	0.84458 	0.884437	0.0384543       	0.223607	0.386222	1       	0.129484
45 	413  	174      	205     	0.5     	0.844585	0.884437	0.0384557       	0.223607	0.386173	1       	0.12952 
46 	398  	167      	205     	0.5     	0.844585	0.884437	0.0384558       	0.223607	0.386173	1       	0.12952 
47 	405  	168      	205     	0.5     	0.844585	0.884437	0.0384558       	0.223607	0.386173	1       	0.12952 
48 	411  	163      	205     	0.5     	0.844588	0.884437	0.0384568       	0.223607	0.386144	1       	0.129538
49 	409  	163      	205     	0.5     	0.84458 	0.884437	0.0384547       	0.223607	0.386173	1       	0.12952 

CURRENT HALLS OF FAME

PARETO FRONT
Number of solutions = 8
(0.884436572472449, 0.23570226039551584) 17 features: [0_age_at_initial_pathologic_diagnosis, 1_hsa.let.7a.5p, 1_hsa.miR.103a.2.5p, 1_hsa.miR.10b.5p, 1_hsa.miR.146b.5p, 1_hsa.miR.148a.5p, 1_hsa.miR.15b.5p, 1_hsa.miR.16.5p, 1_hsa.miR.196a.5p, 1_hsa.miR.222.5p, 1_hsa.miR.23b.5p, 1_hsa.miR.346, 1_hsa.miR.432.5p, 1_hsa.miR.4709.3p, 1_hsa.miR.616.3p, 1_hsa.miR.760, 1_hsa.miR.7974]
(0.8780063328982833, 0.31622776601683794) 9 features: [0_age_at_initial_pathologic_diagnosis, 1_hsa.miR.10b.5p, 1_hsa.miR.1307.5p, 1_hsa.miR.148a.5p, 1_hsa.miR.15b.5p, 1_hsa.miR.187.3p, 1_hsa.miR.23b.5p, 1_hsa.miR.550a.3p, 1_hsa.miR.616.3p]
(0.8737819661048558, 0.3779644730092272) 6 features: [0_age_at_initial_pathologic_diagnosis, 1_hsa.miR.10b.5p, 1_hsa.miR.148a.5p, 1_hsa.miR.15b.5p, 1_hsa.miR.23b.5p, 1_hsa.miR.550a.3p]
(0.862112899145209, 0.4472135954999579) 4 features: [0_age_at_initial_pathologic_diagnosis, 1_hsa.miR.10b.5p, 1_hsa.miR.1228.3p, 1_hsa.miR.15b.5p]
(0.8418828772070258, 0.5) [0_age_at_initial_pathologic_diagnosis, 1_hsa.miR.1228.3p, 1_hsa.miR.15b.5p]
(0.8274114328724792, 0.5773502691896257) [0_age_at_initial_pathologic_diagnosis, 1_hsa.miR.146b.5p]
(0.7781995421026123, 0.7071067811865476) [1_hsa.miR.15b.5p]
(0.5, 1.0) []
Features in hall of fame by prevalence:
21 features: [0_age_at_initial_pathologic_diagnosis, 1_hsa.miR.15b.5p, 1_hsa.miR.10b.5p, 1_hsa.miR.148a.5p, 1_hsa.miR.23b.5p, 1_hsa.miR.1228.3p, 1_hsa.miR.146b.5p, 1_hsa.miR.550a.3p, 1_hsa.miR.616.3p, 1_hsa.let.7a.5p, 1_hsa.miR.103a.2.5p, 1_hsa.miR.1307.5p, 1_hsa.miR.16.5p, 1_hsa.miR.187.3p, 1_hsa.miR.196a.5p, 1_hsa.miR.222.5p, 1_hsa.miR.346, 1_hsa.miR.432.5p, 1_hsa.miR.4709.3p, 1_hsa.miR.760, 1_hsa.miR.7974]

LAST POPULATION
Number of solutions = 500
Features in hall of fame by prevalence:
155 features: [1_hsa.miR.15b.5p, 1_hsa.miR.10b.5p, 1_hsa.miR.148a.5p, 0_age_at_initial_pathologic_diagnosis, 1_hsa.miR.346, 1_hsa.miR.23b.5p, 1_hsa.miR.142.5p, 1_hsa.miR.103a.2.5p, 1_hsa.miR.432.5p, 1_hsa.miR.222.5p, 1_hsa.miR.616.3p, 1_hsa.miR.767.3p, 1_hsa.miR.16.5p, 1_hsa.miR.27b.3p, 1_hsa.miR.1307.5p, 1_hsa.miR.187.3p, 1_hsa.miR.370.3p, 1_hsa.miR.29b.2.5p, 1_hsa.miR.3923, 1_hsa.miR.550a.3p, 1_hsa.miR.651.5p, 1_hsa.miR.4709.3p, 1_hsa.miR.146b.5p, 1_hsa.miR.148b.3p, 1_hsa.miR.342.5p, 1_hsa.miR.942.5p, 1_hsa.miR.339.5p, 1_hsa.miR.4521, 1_hsa.miR.767.5p, 1_hsa.miR.16.2.3p, 1_hsa.miR.539.3p, 1_hsa.miR.4772.3p, 1_hsa.let.7a.5p, 1_hsa.miR.1296.5p, 1_hsa.miR.937.3p, 1_hsa.miR.7974, 1_hsa.miR.186.5p, 1_hsa.miR.24.2.5p, 1_hsa.miR.487b.3p, 1_hsa.miR.182.5p, 1_hsa.miR.495.5p, 1_hsa.let.7f.5p, 1_hsa.miR.21.3p, 1_hsa.miR.218.5p, 1_hsa.miR.598.3p, 1_hsa.miR.664a.5p, 1_hsa.miR.22.3p, 1_hsa.miR.543, 1_hsa.miR.140.5p, 1_hsa.miR.483.3p, 1_hsa.miR.92a.1.5p, 1_hsa.miR.144.3p, 1_hsa.miR.196a.5p, 1_hsa.miR.222.3p, 1_hsa.miR.28.3p, 1_hsa.miR.31.3p, 1_hsa.miR.429, 1_hsa.miR.615.3p, 1_hsa.miR.10b.3p, 1_hsa.miR.125b.1.3p, 1_hsa.miR.224.5p, 1_hsa.miR.423.5p, 1_hsa.miR.424.3p, 1_hsa.miR.1269a, 1_hsa.miR.195.5p, 1_hsa.miR.223.3p, 1_hsa.miR.2355.3p, 1_hsa.miR.3154, 1_hsa.miR.320b, 1_hsa.miR.1287.5p, 1_hsa.miR.135b.5p, 1_hsa.miR.146b.3p, 1_hsa.miR.32.3p, 1_hsa.miR.362.3p, 1_hsa.miR.3913.5p, 1_hsa.miR.455.5p, 1_hsa.miR.548f.3p, 1_hsa.miR.760, 1_hsa.miR.193b.5p, 1_hsa.miR.221.5p, 1_hsa.miR.24.3p, 1_hsa.miR.365b.5p, 1_hsa.miR.369.3p, 1_hsa.miR.376a.5p, 1_hsa.miR.376b.5p, 1_hsa.miR.6842.3p, 1_hsa.miR.136.3p, 1_hsa.miR.136.5p, 1_hsa.miR.376c.5p, 1_hsa.miR.409.5p, 1_hsa.miR.4677.3p, 1_hsa.miR.487b.5p, 1_hsa.miR.769.3p, 1_hsa.let.7d.5p, 1_hsa.let.7e.5p, 1_hsa.miR.1180.3p, 1_hsa.miR.1228.3p, 1_hsa.miR.134.5p, 1_hsa.miR.149.3p, 1_hsa.miR.155.5p, ...]

BEST SUMS WITH SIZE 50
Number of solutions = 50
Features in hall of fame by prevalence:
32 features: [0_age_at_initial_pathologic_diagnosis, 1_hsa.miR.148a.5p, 1_hsa.miR.15b.5p, 1_hsa.miR.146b.3p, 1_hsa.let.7e.5p, 1_hsa.miR.10b.3p, 1_hsa.miR.10b.5p, 1_hsa.miR.135b.5p, 1_hsa.miR.146b.5p, 1_hsa.miR.149.3p, 1_hsa.miR.155.5p, 1_hsa.miR.15b.3p, 1_hsa.miR.196a.5p, 1_hsa.miR.21.3p, 1_hsa.miR.222.3p, 1_hsa.miR.6892.5p, 1_hsa.miR.9.5p, 1_hsa.miR.16.2.3p, 1_hsa.miR.199b.5p, 1_hsa.miR.221.5p, 1_hsa.miR.222.5p, 1_hsa.miR.23b.5p, 1_hsa.miR.25.3p, 1_hsa.miR.335.3p, 1_hsa.miR.335.5p, 1_hsa.miR.3677.3p, 1_hsa.miR.378a.3p, 1_hsa.miR.4677.3p, 1_hsa.miR.4746.5p, 1_hsa.miR.615.3p, 1_hsa.miR.6509.5p, 1_hsa.miR.651.5p]

BEST SUMS WITH SIZE 100
Number of solutions = 100
Features in hall of fame by prevalence:
48 features: [0_age_at_initial_pathologic_diagnosis, 1_hsa.miR.15b.5p, 1_hsa.miR.10b.5p, 1_hsa.miR.146b.5p, 1_hsa.miR.148a.5p, 1_hsa.miR.10b.3p, 1_hsa.miR.222.3p, 1_hsa.miR.222.5p, 1_hsa.miR.146b.3p, 1_hsa.miR.21.3p, 1_hsa.miR.615.3p, 1_hsa.miR.651.5p, 1_hsa.let.7e.5p, 1_hsa.miR.1228.3p, 1_hsa.miR.135b.5p, 1_hsa.miR.149.3p, 1_hsa.miR.155.5p, 1_hsa.miR.15b.3p, 1_hsa.miR.16.2.3p, 1_hsa.miR.196a.5p, 1_hsa.miR.199b.5p, 1_hsa.miR.221.5p, 1_hsa.miR.23b.5p, 1_hsa.miR.25.3p, 1_hsa.miR.335.3p, 1_hsa.miR.335.5p, 1_hsa.miR.3677.3p, 1_hsa.miR.378a.3p, 1_hsa.miR.4677.3p, 1_hsa.miR.4746.5p, 1_hsa.miR.6509.5p, 1_hsa.miR.6892.5p, 1_hsa.miR.9.5p, 1_hsa.miR.103a.2.5p, 1_hsa.miR.1269a, 1_hsa.miR.1307.5p, 1_hsa.miR.182.5p, 1_hsa.miR.187.3p, 1_hsa.miR.193b.5p, 1_hsa.miR.216a.5p, 1_hsa.miR.218.5p, 1_hsa.miR.29b.2.5p, 1_hsa.miR.3154, 1_hsa.miR.34a.5p, 1_hsa.miR.4728.3p, 1_hsa.miR.664a.5p, 1_hsa.miR.519a.5p, 1_hsa.miR.520e]

STARTING SWEEP NUMBER 2
folds_creator_seed = 848287049

ASSIGNING STRATA FOR MULTI-OUTCOME DATA LGG_MV
Assigning strata for outcome named survival of type survival
Counts:
censored 0: 160
censored 1: 93
deceased 0: 39
deceased 1: 37
ga_runner_seed = 3568926221
VIEW: CLINIC
   	     	         	        	  survival SKSurv Cox model concordance index   	                 root leanness                  
   	     	         	        	------------------------------------------------	------------------------------------------------
gen	evals	gen_feats	explored	min	avg     	max     	std                  	min     	avg     	max	std     
0  	0    	1        	1       	0.5	0.669406	0.767202	0.128714             	0.707107	0.814306	1  	0.141089
1  	229  	1        	1       	0.5	0.633601	0.767202	0.133601             	0.707107	0.853553	1  	0.146447
2  	256  	1        	1       	0.5	0.633601	0.767202	0.133601             	0.707107	0.853553	1  	0.146447
3  	262  	1        	1       	0.5	0.633601	0.767202	0.133601             	0.707107	0.853553	1  	0.146447
4  	253  	1        	1       	0.5	0.633601	0.767202	0.133601             	0.707107	0.853553	1  	0.146447
5  	245  	1        	1       	0.5	0.633601	0.767202	0.133601             	0.707107	0.853553	1  	0.146447
6  	236  	1        	1       	0.5	0.633601	0.767202	0.133601             	0.707107	0.853553	1  	0.146447
7  	247  	1        	1       	0.5	0.633601	0.767202	0.133601             	0.707107	0.853553	1  	0.146447
8  	253  	1        	1       	0.5	0.633601	0.767202	0.133601             	0.707107	0.853553	1  	0.146447
9  	239  	1        	1       	0.5	0.633601	0.767202	0.133601             	0.707107	0.853553	1  	0.146447
10 	255  	1        	1       	0.5	0.633601	0.767202	0.133601             	0.707107	0.853553	1  	0.146447
11 	245  	1        	1       	0.5	0.633601	0.767202	0.133601             	0.707107	0.853553	1  	0.146447
12 	252  	1        	1       	0.5	0.633601	0.767202	0.133601             	0.707107	0.853553	1  	0.146447
13 	254  	1        	1       	0.5	0.633601	0.767202	0.133601             	0.707107	0.853553	1  	0.146447
14 	240  	1        	1       	0.5	0.633601	0.767202	0.133601             	0.707107	0.853553	1  	0.146447
15 	248  	1        	1       	0.5	0.633601	0.767202	0.133601             	0.707107	0.853553	1  	0.146447
16 	245  	1        	1       	0.5	0.633601	0.767202	0.133601             	0.707107	0.853553	1  	0.146447
17 	238  	1        	1       	0.5	0.633601	0.767202	0.133601             	0.707107	0.853553	1  	0.146447
18 	249  	1        	1       	0.5	0.633601	0.767202	0.133601             	0.707107	0.853553	1  	0.146447
19 	263  	1        	1       	0.5	0.633601	0.767202	0.133601             	0.707107	0.853553	1  	0.146447
20 	263  	1        	1       	0.5	0.633601	0.767202	0.133601             	0.707107	0.853553	1  	0.146447
21 	250  	1        	1       	0.5	0.633601	0.767202	0.133601             	0.707107	0.853553	1  	0.146447
22 	283  	1        	1       	0.5	0.633601	0.767202	0.133601             	0.707107	0.853553	1  	0.146447
23 	237  	1        	1       	0.5	0.633601	0.767202	0.133601             	0.707107	0.853553	1  	0.146447
24 	261  	1        	1       	0.5	0.633601	0.767202	0.133601             	0.707107	0.853553	1  	0.146447
25 	260  	1        	1       	0.5	0.633601	0.767202	0.133601             	0.707107	0.853553	1  	0.146447
26 	235  	1        	1       	0.5	0.633601	0.767202	0.133601             	0.707107	0.853553	1  	0.146447
27 	274  	1        	1       	0.5	0.633601	0.767202	0.133601             	0.707107	0.853553	1  	0.146447
28 	237  	1        	1       	0.5	0.633601	0.767202	0.133601             	0.707107	0.853553	1  	0.146447
29 	254  	1        	1       	0.5	0.633601	0.767202	0.133601             	0.707107	0.853553	1  	0.146447
30 	248  	1        	1       	0.5	0.633601	0.767202	0.133601             	0.707107	0.853553	1  	0.146447
31 	257  	1        	1       	0.5	0.633601	0.767202	0.133601             	0.707107	0.853553	1  	0.146447
32 	256  	1        	1       	0.5	0.633601	0.767202	0.133601             	0.707107	0.853553	1  	0.146447
33 	244  	1        	1       	0.5	0.633601	0.767202	0.133601             	0.707107	0.853553	1  	0.146447
34 	255  	1        	1       	0.5	0.633601	0.767202	0.133601             	0.707107	0.853553	1  	0.146447
35 	257  	1        	1       	0.5	0.633601	0.767202	0.133601             	0.707107	0.853553	1  	0.146447
36 	254  	1        	1       	0.5	0.633601	0.767202	0.133601             	0.707107	0.853553	1  	0.146447
37 	247  	1        	1       	0.5	0.633601	0.767202	0.133601             	0.707107	0.853553	1  	0.146447
38 	255  	1        	1       	0.5	0.633601	0.767202	0.133601             	0.707107	0.853553	1  	0.146447
39 	248  	1        	1       	0.5	0.633601	0.767202	0.133601             	0.707107	0.853553	1  	0.146447
40 	242  	1        	1       	0.5	0.633601	0.767202	0.133601             	0.707107	0.853553	1  	0.146447
41 	272  	1        	1       	0.5	0.633601	0.767202	0.133601             	0.707107	0.853553	1  	0.146447
42 	256  	1        	1       	0.5	0.633601	0.767202	0.133601             	0.707107	0.853553	1  	0.146447
43 	240  	1        	1       	0.5	0.633601	0.767202	0.133601             	0.707107	0.853553	1  	0.146447
44 	237  	1        	1       	0.5	0.633601	0.767202	0.133601             	0.707107	0.853553	1  	0.146447
45 	254  	1        	1       	0.5	0.633601	0.767202	0.133601             	0.707107	0.853553	1  	0.146447
46 	251  	1        	1       	0.5	0.633601	0.767202	0.133601             	0.707107	0.853553	1  	0.146447
47 	254  	1        	1       	0.5	0.633601	0.767202	0.133601             	0.707107	0.853553	1  	0.146447
48 	252  	1        	1       	0.5	0.633601	0.767202	0.133601             	0.707107	0.853553	1  	0.146447
49 	247  	1        	1       	0.5	0.633601	0.767202	0.133601             	0.707107	0.853553	1  	0.146447

ASSIGNING STRATA FOR MULTI-OUTCOME DATA LGG_MV
Assigning strata for outcome named survival of type survival
Counts:
censored 0: 160
censored 1: 93
deceased 0: 39
deceased 1: 37
VIEW: LOG_MIRNA
   	     	         	        	   survival SKSurv Cox model concordance index   	                 root leanness                  
   	     	         	        	-------------------------------------------------	------------------------------------------------
gen	evals	gen_feats	explored	min	avg     	max     	std                  	min     	avg     	max	std     
0  	0    	154      	154     	0.5	0.836498	0.879212	0.0488146            	0.229416	0.409388	1  	0.146235
1  	368  	243      	260     	0.5	0.829347	0.879212	0.0498652            	0.229416	0.401391	1  	0.135069
2  	355  	257      	305     	0.5	0.83341 	0.879212	0.0447362            	0.229416	0.395854	1  	0.134536
3  	373  	249      	330     	0.5	0.834538	0.879212	0.0440757            	0.229416	0.394741	1  	0.134962
4  	370  	252      	342     	0.5	0.835632	0.879212	0.0432009            	0.229416	0.393386	1  	0.134143
5  	376  	247      	349     	0.5	0.836011	0.879212	0.0432242            	0.229416	0.39249 	1  	0.134665
6  	378  	250      	349     	0.5	0.836725	0.879212	0.042479             	0.223607	0.390931	1  	0.133836
7  	369  	256      	351     	0.5	0.836469	0.879212	0.0432931            	0.223607	0.391857	1  	0.134688
8  	383  	254      	353     	0.5	0.83722 	0.879212	0.0421633            	0.218218	0.390525	1  	0.134093
9  	387  	253      	353     	0.5	0.836912	0.879212	0.042743             	0.218218	0.391827	1  	0.134729
10 	371  	242      	354     	0.5	0.837468	0.879212	0.042165             	0.218218	0.390728	1  	0.133955
11 	387  	260      	354     	0.5	0.837584	0.879212	0.0420113            	0.218218	0.391105	1  	0.133689
12 	370  	255      	354     	0.5	0.837724	0.879212	0.0420359            	0.223607	0.390846	1  	0.133864
13 	367  	254      	354     	0.5	0.83782 	0.879212	0.0420469            	0.223607	0.39132 	1  	0.133463
14 	385  	273      	354     	0.5	0.837894	0.879212	0.0419969            	0.223607	0.39156 	1  	0.133225
15 	382  	245      	354     	0.5	0.838015	0.879212	0.0419847            	0.223607	0.391591	1  	0.133234
16 	382  	254      	354     	0.5	0.838136	0.879212	0.0419925            	0.223607	0.391194	1  	0.133512
17 	380  	256      	354     	0.5	0.838169	0.879212	0.0419827            	0.223607	0.39131 	1  	0.133435
18 	377  	255      	354     	0.5	0.838314	0.879212	0.0420038            	0.223607	0.391105	1  	0.133598
19 	348  	250      	354     	0.5	0.838789	0.879212	0.0415186            	0.223607	0.389507	1  	0.13324 
20 	373  	263      	354     	0.5	0.83857 	0.879212	0.0420107            	0.223607	0.390316	1  	0.133591
21 	381  	257      	354     	0.5	0.838541	0.879212	0.0420905            	0.229416	0.391057	1  	0.133609
22 	376  	245      	354     	0.5	0.838609	0.879212	0.0420945            	0.229416	0.390881	1  	0.13378 
23 	379  	260      	354     	0.5	0.839272	0.879212	0.0415534            	0.229416	0.38869 	1  	0.133234
24 	382  	261      	354     	0.5	0.839429	0.879212	0.0415683            	0.229416	0.388083	1  	0.133384
25 	367  	253      	354     	0.5	0.839637	0.879212	0.0415495            	0.229416	0.38749 	1  	0.133268
26 	383  	254      	354     	0.5	0.839791	0.879212	0.0415846            	0.229416	0.387033	1  	0.133474
27 	369  	249      	354     	0.5	0.839638	0.879212	0.0416353            	0.229416	0.388149	1  	0.133397
28 	381  	263      	354     	0.5	0.840196	0.879212	0.0410112            	0.229416	0.386276	1  	0.133201
29 	400  	259      	354     	0.5	0.840509	0.879212	0.0409714            	0.229416	0.385143	1  	0.133097
30 	380  	277      	354     	0.5	0.840577	0.879212	0.0409958            	0.229416	0.385148	1  	0.133081
31 	399  	253      	354     	0.5	0.840811	0.879212	0.0410376            	0.229416	0.383872	1  	0.133584
32 	400  	255      	354     	0.5	0.841337	0.879212	0.0404878            	0.229416	0.382034	1  	0.133092
33 	385  	255      	354     	0.5	0.841486	0.879212	0.0404757            	0.229416	0.381452	1  	0.133206
34 	372  	259      	354     	0.5	0.841578	0.879212	0.0405125            	0.229416	0.381395	1  	0.133278
35 	384  	267      	354     	0.5	0.841595	0.879212	0.0405203            	0.229416	0.381625	1  	0.13305 
36 	372  	258      	354     	0.5	0.841657	0.879212	0.040546             	0.229416	0.381508	1  	0.133171
37 	370  	264      	354     	0.5	0.841735	0.879212	0.0405832            	0.229416	0.381229	1  	0.133395
38 	391  	267      	354     	0.5	0.841903	0.879212	0.0406472            	0.229416	0.380944	1  	0.133422
39 	376  	263      	354     	0.5	0.842114	0.879212	0.0406862            	0.229416	0.379978	1  	0.133741
40 	361  	253      	354     	0.5	0.84253 	0.879212	0.0402033            	0.229416	0.379184	1  	0.132957
41 	361  	263      	354     	0.5	0.842812	0.879212	0.0401984            	0.223607	0.378104	1  	0.132925
42 	374  	259      	354     	0.5	0.842549	0.879212	0.0407715            	0.223607	0.379021	1  	0.133609
43 	369  	259      	354     	0.5	0.843103	0.879212	0.0403306            	0.223607	0.377339	1  	0.133524
44 	369  	263      	354     	0.5	0.843375	0.879212	0.0403853            	0.223607	0.375972	1  	0.133986
45 	361  	262      	354     	0.5	0.844026	0.879212	0.0398277            	0.223607	0.373978	1  	0.133215
46 	370  	261      	354     	0.5	0.844123	0.879212	0.0398675            	0.218218	0.373606	1  	0.133467
47 	387  	269      	354     	0.5	0.84427 	0.879212	0.0398296            	0.218218	0.373072	1  	0.133238
48 	390  	263      	354     	0.5	0.844976	0.879212	0.0393581            	0.218218	0.370177	1  	0.133143
49 	390  	257      	354     	0.5	0.845014	0.879212	0.039379             	0.218218	0.370297	1  	0.133045

STARTING MASTER RUNNER RESAMPLING
Generations completed = 10
Generations completed = 27
Generations completed = 44
MASTER
   	     	         	        	       survival SKSurv Cox model concordance index       	                     root leanness                      
   	     	         	        	---------------------------------------------------------	--------------------------------------------------------
gen	evals	gen_feats	explored	min     	avg     	max     	std             	min     	avg     	max     	std     
0  	500  	183      	183     	0.701191	0.846728	0.8781  	0.0279526       	0.213201	0.351223	0.707107	0.115564
1  	406  	169      	194     	0.701191	0.846642	0.884437	0.0292892       	0.213201	0.368753	0.707107	0.118154
2  	398  	170      	199     	0.5     	0.846912	0.884437	0.0350643       	0.213201	0.37297 	1       	0.124237
3  	395  	171      	200     	0.5     	0.847434	0.884437	0.0359644       	0.213201	0.373962	1       	0.126194
4  	403  	169      	202     	0.5     	0.847732	0.884437	0.036505        	0.213201	0.375035	1       	0.127158
5  	412  	169      	203     	0.5     	0.847249	0.884437	0.0372231       	0.213201	0.378086	1       	0.129251
6  	403  	164      	203     	0.5     	0.847639	0.884437	0.0372928       	0.213201	0.377743	1       	0.129133
7  	395  	166      	203     	0.5     	0.847696	0.884437	0.0372986       	0.213201	0.377811	1       	0.129084
8  	412  	172      	203     	0.5     	0.847822	0.884437	0.0377736       	0.213201	0.376621	1       	0.130303
9  	410  	170      	203     	0.5     	0.847681	0.884437	0.0378318       	0.213201	0.377832	1       	0.130238
10 	422  	174      	203     	0.5     	0.84774 	0.884437	0.0378095       	0.213201	0.37855 	1       	0.12995 
11 	402  	170      	203     	0.5     	0.847445	0.884437	0.038172        	0.213201	0.379846	1       	0.130359
12 	397  	166      	203     	0.5     	0.847214	0.884437	0.0386042       	0.213201	0.38063 	1       	0.131172
13 	405  	167      	203     	0.5     	0.847228	0.884437	0.0385791       	0.213201	0.38078 	1       	0.131074
14 	405  	169      	203     	0.5     	0.846901	0.884437	0.0391649       	0.213201	0.381617	1       	0.131817
15 	412  	171      	203     	0.5     	0.846901	0.884437	0.039165        	0.213201	0.381617	1       	0.131817
16 	407  	165      	203     	0.5     	0.846901	0.884437	0.039165        	0.213201	0.381617	1       	0.131817
17 	420  	173      	203     	0.5     	0.846901	0.884437	0.039165        	0.213201	0.381617	1       	0.131817
18 	407  	171      	203     	0.5     	0.846916	0.884437	0.0391715       	0.213201	0.381569	1       	0.131851
19 	401  	170      	203     	0.5     	0.846916	0.884437	0.0391715       	0.213201	0.381569	1       	0.131851
20 	410  	167      	203     	0.5     	0.846916	0.884437	0.0391715       	0.213201	0.381569	1       	0.131851
21 	413  	170      	203     	0.5     	0.846917	0.884437	0.0391717       	0.213201	0.381569	1       	0.131851
22 	395  	168      	203     	0.5     	0.846938	0.884437	0.039177        	0.213201	0.381569	1       	0.131851
23 	395  	172      	203     	0.5     	0.846938	0.884437	0.039177        	0.213201	0.381569	1       	0.131851
24 	409  	171      	203     	0.5     	0.846938	0.884437	0.039177        	0.213201	0.381569	1       	0.131851
25 	401  	170      	203     	0.5     	0.846938	0.884437	0.039177        	0.213201	0.381569	1       	0.131851
26 	404  	159      	203     	0.5     	0.846938	0.884437	0.039177        	0.213201	0.381569	1       	0.131851
27 	403  	160      	203     	0.5     	0.846938	0.884437	0.039177        	0.213201	0.381569	1       	0.131851
28 	416  	174      	203     	0.5     	0.846938	0.884437	0.039177        	0.213201	0.381569	1       	0.131851
29 	405  	175      	203     	0.5     	0.846938	0.884437	0.039177        	0.213201	0.381569	1       	0.131851
30 	403  	175      	203     	0.5     	0.846938	0.884437	0.039177        	0.213201	0.381569	1       	0.131851
31 	416  	172      	203     	0.5     	0.846938	0.884437	0.039177        	0.213201	0.381569	1       	0.131851
32 	410  	171      	203     	0.5     	0.846938	0.884437	0.039177        	0.213201	0.381569	1       	0.131851
33 	404  	170      	203     	0.5     	0.846938	0.884437	0.039177        	0.213201	0.381569	1       	0.131851
34 	414  	171      	203     	0.5     	0.846938	0.884437	0.039177        	0.213201	0.381569	1       	0.131851
35 	435  	175      	203     	0.5     	0.846938	0.884437	0.039177        	0.213201	0.381569	1       	0.131851
36 	406  	159      	203     	0.5     	0.846938	0.884437	0.039177        	0.213201	0.381569	1       	0.131851
37 	391  	164      	203     	0.5     	0.846938	0.884437	0.039177        	0.213201	0.381569	1       	0.131851
38 	416  	160      	203     	0.5     	0.846938	0.884437	0.039177        	0.213201	0.381569	1       	0.131851
39 	404  	162      	203     	0.5     	0.846938	0.884437	0.039177        	0.213201	0.381569	1       	0.131851
40 	406  	175      	203     	0.5     	0.846938	0.884437	0.039177        	0.213201	0.381569	1       	0.131851
41 	382  	170      	203     	0.5     	0.846938	0.884437	0.039177        	0.213201	0.381569	1       	0.131851
42 	401  	164      	203     	0.5     	0.846938	0.884437	0.039177        	0.213201	0.381569	1       	0.131851
43 	408  	168      	203     	0.5     	0.846938	0.884437	0.039177        	0.213201	0.381569	1       	0.131851
44 	409  	173      	203     	0.5     	0.846938	0.884437	0.039177        	0.213201	0.381569	1       	0.131851
45 	418  	167      	203     	0.5     	0.846938	0.884437	0.039177        	0.213201	0.381569	1       	0.131851
46 	391  	160      	203     	0.5     	0.846938	0.884437	0.039177        	0.213201	0.381569	1       	0.131851
47 	410  	166      	203     	0.5     	0.846938	0.884437	0.039177        	0.213201	0.381569	1       	0.131851
48 	402  	171      	203     	0.5     	0.846938	0.884437	0.039177        	0.213201	0.381569	1       	0.131851
49 	403  	171      	203     	0.5     	0.846938	0.884437	0.039177        	0.213201	0.381569	1       	0.131851

CURRENT HALLS OF FAME

PARETO FRONT
Number of solutions = 9
(0.884436572472449, 0.23570226039551584) 17 features: [0_age_at_initial_pathologic_diagnosis, 1_hsa.let.7a.5p, 1_hsa.miR.103a.2.5p, 1_hsa.miR.10b.5p, 1_hsa.miR.146b.5p, 1_hsa.miR.148a.5p, 1_hsa.miR.15b.5p, 1_hsa.miR.16.5p, 1_hsa.miR.196a.5p, 1_hsa.miR.222.5p, 1_hsa.miR.23b.5p, 1_hsa.miR.346, 1_hsa.miR.432.5p, 1_hsa.miR.4709.3p, 1_hsa.miR.616.3p, 1_hsa.miR.760, 1_hsa.miR.7974]
(0.8781798419893742, 0.2672612419124244) 13 features: [0_age_at_initial_pathologic_diagnosis, 1_hsa.let.7f.5p, 1_hsa.miR.103a.2.5p, 1_hsa.miR.10b.5p, 1_hsa.miR.142.5p, 1_hsa.miR.148a.5p, 1_hsa.miR.149.5p, 1_hsa.miR.15b.5p, 1_hsa.miR.222.5p, 1_hsa.miR.23b.5p, 1_hsa.miR.25.3p, 1_hsa.miR.346, 1_hsa.miR.767.3p]
(0.8780063328982833, 0.31622776601683794) 9 features: [0_age_at_initial_pathologic_diagnosis, 1_hsa.miR.10b.5p, 1_hsa.miR.1307.5p, 1_hsa.miR.148a.5p, 1_hsa.miR.15b.5p, 1_hsa.miR.187.3p, 1_hsa.miR.23b.5p, 1_hsa.miR.550a.3p, 1_hsa.miR.616.3p]
(0.8737819661048558, 0.3779644730092272) 6 features: [0_age_at_initial_pathologic_diagnosis, 1_hsa.miR.10b.5p, 1_hsa.miR.148a.5p, 1_hsa.miR.15b.5p, 1_hsa.miR.23b.5p, 1_hsa.miR.550a.3p]
(0.862112899145209, 0.4472135954999579) 4 features: [0_age_at_initial_pathologic_diagnosis, 1_hsa.miR.10b.5p, 1_hsa.miR.1228.3p, 1_hsa.miR.15b.5p]
(0.8418828772070258, 0.5) [0_age_at_initial_pathologic_diagnosis, 1_hsa.miR.1228.3p, 1_hsa.miR.15b.5p]
(0.8274114328724792, 0.5773502691896257) [0_age_at_initial_pathologic_diagnosis, 1_hsa.miR.146b.5p]
(0.7781995421026123, 0.7071067811865476) [1_hsa.miR.15b.5p]
(0.5, 1.0) []
Features in hall of fame by prevalence:
26 features: [0_age_at_initial_pathologic_diagnosis, 1_hsa.miR.15b.5p, 1_hsa.miR.10b.5p, 1_hsa.miR.148a.5p, 1_hsa.miR.23b.5p, 1_hsa.miR.103a.2.5p, 1_hsa.miR.1228.3p, 1_hsa.miR.146b.5p, 1_hsa.miR.222.5p, 1_hsa.miR.346, 1_hsa.miR.550a.3p, 1_hsa.miR.616.3p, 1_hsa.let.7a.5p, 1_hsa.let.7f.5p, 1_hsa.miR.1307.5p, 1_hsa.miR.142.5p, 1_hsa.miR.149.5p, 1_hsa.miR.16.5p, 1_hsa.miR.187.3p, 1_hsa.miR.196a.5p, 1_hsa.miR.25.3p, 1_hsa.miR.432.5p, 1_hsa.miR.4709.3p, 1_hsa.miR.760, 1_hsa.miR.767.3p, 1_hsa.miR.7974]

LAST POPULATION
Number of solutions = 500
Features in hall of fame by prevalence:
170 features: [1_hsa.miR.10b.5p, 1_hsa.miR.15b.5p, 1_hsa.miR.148a.5p, 0_age_at_initial_pathologic_diagnosis, 1_hsa.miR.346, 1_hsa.miR.23b.5p, 1_hsa.miR.103a.2.5p, 1_hsa.miR.142.5p, 1_hsa.miR.222.5p, 1_hsa.miR.432.5p, 1_hsa.miR.616.3p, 1_hsa.miR.767.3p, 1_hsa.miR.550a.3p, 1_hsa.miR.149.5p, 1_hsa.miR.3923, 1_hsa.miR.16.5p, 1_hsa.miR.1296.5p, 1_hsa.let.7f.5p, 1_hsa.miR.27b.3p, 1_hsa.miR.618, 1_hsa.miR.767.5p, 1_hsa.miR.651.5p, 1_hsa.miR.218.5p, 1_hsa.miR.215.5p, 1_hsa.miR.146b.5p, 1_hsa.miR.187.3p, 1_hsa.miR.29b.2.5p, 1_hsa.miR.370.3p, 1_hsa.miR.1307.5p, 1_hsa.miR.16.2.3p, 1_hsa.miR.22.3p, 1_hsa.miR.148b.3p, 1_hsa.miR.339.5p, 1_hsa.miR.539.3p, 1_hsa.miR.4521, 1_hsa.miR.4709.3p, 1_hsa.miR.942.5p, 1_hsa.miR.1287.5p, 1_hsa.miR.4772.3p, 1_hsa.miR.520e, 1_hsa.let.7a.5p, 1_hsa.miR.495.5p, 1_hsa.miR.98.5p, 1_hsa.miR.24.2.5p, 1_hsa.miR.487b.3p, 1_hsa.miR.342.5p, 1_hsa.miR.937.3p, 1_hsa.miR.543, 1_hsa.miR.7974, 1_hsa.miR.144.3p, 1_hsa.miR.146b.3p, 1_hsa.miR.182.5p, 1_hsa.miR.186.5p, 1_hsa.miR.222.3p, 1_hsa.miR.598.3p, 1_hsa.miR.615.3p, 1_hsa.miR.664a.5p, 1_hsa.miR.10b.3p, 1_hsa.miR.196a.5p, 1_hsa.miR.21.3p, 1_hsa.miR.28.3p, 1_hsa.miR.409.5p, 1_hsa.miR.362.3p, 1_hsa.miR.760, 1_hsa.miR.92a.1.5p, 1_hsa.miR.195.5p, 1_hsa.miR.223.3p, 1_hsa.miR.224.5p, 1_hsa.miR.2355.3p, 1_hsa.miR.320b, 1_hsa.miR.32.3p, 1_hsa.miR.423.5p, 1_hsa.miR.483.3p, 1_hsa.miR.548f.3p, 1_hsa.let.7e.5p, 1_hsa.miR.125b.1.3p, 1_hsa.miR.135b.5p, 1_hsa.miR.136.5p, 1_hsa.miR.140.5p, 1_hsa.miR.151a.3p, 1_hsa.miR.199a.5p, 1_hsa.miR.24.3p, 1_hsa.miR.335.3p, 1_hsa.miR.335.5p, 1_hsa.miR.369.3p, 1_hsa.miR.376a.5p, 1_hsa.miR.376b.5p, 1_hsa.miR.429, 1_hsa.miR.455.5p, 1_hsa.miR.628.3p, 1_hsa.miR.107, 1_hsa.miR.148a.3p, 1_hsa.miR.154.5p, 1_hsa.miR.181b.3p, 1_hsa.miR.193b.5p, 1_hsa.miR.214.5p, 1_hsa.miR.221.3p, 1_hsa.miR.25.3p, 1_hsa.miR.3131, 1_hsa.miR.31.3p, ...]

BEST SUMS WITH SIZE 50
Number of solutions = 50
Features in hall of fame by prevalence:
35 features: [0_age_at_initial_pathologic_diagnosis, 1_hsa.miR.15b.5p, 1_hsa.miR.146b.3p, 1_hsa.miR.148a.5p, 1_hsa.let.7e.5p, 1_hsa.miR.10b.5p, 1_hsa.miR.146b.5p, 1_hsa.miR.149.3p, 1_hsa.miR.155.5p, 1_hsa.miR.15b.3p, 1_hsa.miR.196a.5p, 1_hsa.miR.21.3p, 1_hsa.miR.335.3p, 1_hsa.miR.6892.5p, 1_hsa.miR.10b.3p, 1_hsa.miR.135b.5p, 1_hsa.miR.148a.3p, 1_hsa.miR.16.2.3p, 1_hsa.miR.16.5p, 1_hsa.miR.199b.5p, 1_hsa.miR.221.3p, 1_hsa.miR.221.5p, 1_hsa.miR.222.3p, 1_hsa.miR.222.5p, 1_hsa.miR.23b.5p, 1_hsa.miR.25.3p, 1_hsa.miR.335.5p, 1_hsa.miR.3677.3p, 1_hsa.miR.378a.3p, 1_hsa.miR.4677.3p, 1_hsa.miR.4746.5p, 1_hsa.miR.615.3p, 1_hsa.miR.6509.5p, 1_hsa.miR.651.5p, 1_hsa.miR.9.5p]

BEST SUMS WITH SIZE 100
Number of solutions = 100
Features in hall of fame by prevalence:
44 features: [0_age_at_initial_pathologic_diagnosis, 1_hsa.miR.15b.5p, 1_hsa.miR.10b.5p, 1_hsa.miR.148a.5p, 1_hsa.miR.10b.3p, 1_hsa.miR.146b.3p, 1_hsa.miR.146b.5p, 1_hsa.miR.222.3p, 1_hsa.miR.222.5p, 1_hsa.miR.196a.5p, 1_hsa.miR.199b.5p, 1_hsa.miR.21.3p, 1_hsa.miR.221.3p, 1_hsa.miR.23b.5p, 1_hsa.miR.335.3p, 1_hsa.miR.615.3p, 1_hsa.miR.651.5p, 1_hsa.let.7e.5p, 1_hsa.miR.135b.5p, 1_hsa.miR.148a.3p, 1_hsa.miR.149.3p, 1_hsa.miR.155.5p, 1_hsa.miR.15b.3p, 1_hsa.miR.16.2.3p, 1_hsa.miR.16.5p, 1_hsa.miR.221.5p, 1_hsa.miR.25.3p, 1_hsa.miR.335.5p, 1_hsa.miR.3677.3p, 1_hsa.miR.378a.3p, 1_hsa.miR.4677.3p, 1_hsa.miR.4746.5p, 1_hsa.miR.6509.5p, 1_hsa.miR.6892.5p, 1_hsa.miR.9.5p, 1_hsa.miR.103a.2.5p, 1_hsa.miR.1228.3p, 1_hsa.miR.1269a, 1_hsa.miR.1307.5p, 1_hsa.miR.136.5p, 1_hsa.miR.187.3p, 1_hsa.miR.216a.5p, 1_hsa.miR.34a.5p, 1_hsa.miR.455.5p]

STARTING CONCATENATED OPTIMIZATION
CONCATENATED
   	     	         	        	   survival SKSurv Cox model concordance index   	                 root leanness                  
   	     	         	        	-------------------------------------------------	------------------------------------------------
gen	evals	gen_feats	explored	min	avg     	max     	std                  	min     	avg     	max	std     
0  	0    	170      	170     	0.5	0.846938	0.884437	0.039177             	0.213201	0.381569	1  	0.131851
1  	369  	254      	271     	0.5	0.847441	0.884437	0.0417076            	0.213201	0.38003 	1  	0.13443 
2  	378  	261      	323     	0.5	0.849353	0.884437	0.0408043            	0.208514	0.375355	1  	0.135346
3  	383  	268      	340     	0.5	0.851721	0.884758	0.0397407            	0.208514	0.368988	1  	0.134259
4  	368  	254      	346     	0.5	0.853151	0.886217	0.0394676            	0.204124	0.364283	1  	0.134789
5  	391  	262      	349     	0.5	0.853881	0.886217	0.0398228            	0.204124	0.365813	1  	0.133507
6  	390  	267      	353     	0.5	0.854004	0.887359	0.0408933            	0.204124	0.367141	1  	0.133908
7  	381  	265      	353     	0.5	0.855232	0.887359	0.0404336            	0.204124	0.364874	1  	0.133885
8  	366  	261      	354     	0.5	0.855871	0.887359	0.0405676            	0.208514	0.364503	1  	0.133347
9  	381  	250      	354     	0.5	0.8568  	0.889971	0.0402176            	0.208514	0.362972	1  	0.132352
10 	353  	249      	354     	0.5	0.85726 	0.890155	0.0404211            	0.208514	0.362832	1  	0.132418
11 	370  	264      	354     	0.5	0.858581	0.890155	0.0400503            	0.208514	0.359061	1  	0.132014
12 	381  	264      	354     	0.5	0.859026	0.890155	0.040224             	0.208514	0.359379	1  	0.131867
13 	376  	262      	355     	0.5	0.85963 	0.891086	0.0405147            	0.208514	0.359071	1  	0.132065
14 	386  	271      	355     	0.5	0.859778	0.89393 	0.0407888            	0.208514	0.360484	1  	0.132291
15 	374  	267      	355     	0.5	0.860387	0.89393 	0.0408322            	0.208514	0.359448	1  	0.131889
16 	372  	260      	355     	0.5	0.860159	0.89393 	0.0416405            	0.213201	0.361297	1  	0.132711
17 	359  	260      	355     	0.5	0.860497	0.89393 	0.0417745            	0.213201	0.361293	1  	0.132721
18 	400  	266      	355     	0.5	0.860574	0.89393 	0.0418792            	0.213201	0.362991	1  	0.132346
19 	369  	248      	355     	0.5	0.860945	0.89393 	0.0419879            	0.213201	0.362849	1  	0.132051
20 	379  	251      	355     	0.5	0.861203	0.89393 	0.041908             	0.213201	0.364004	1  	0.131611
21 	384  	245      	355     	0.5	0.861437	0.89393 	0.0420516            	0.213201	0.364422	1  	0.13174 
22 	366  	248      	355     	0.5	0.861952	0.89393 	0.0422225            	0.208514	0.362704	1  	0.13246 
23 	379  	257      	355     	0.5	0.863116	0.898096	0.0417271            	0.208514	0.359671	1  	0.131705
24 	393  	255      	355     	0.5	0.86347 	0.898153	0.0418856            	0.204124	0.359642	1  	0.131757
25 	385  	253      	355     	0.5	0.863824	0.898955	0.0420414            	0.204124	0.359784	1  	0.131625
26 	379  	253      	355     	0.5	0.8651  	0.898955	0.0415847            	0.204124	0.355257	1  	0.131714
27 	392  	271      	355     	0.5	0.865461	0.898955	0.0416999            	0.204124	0.355215	1  	0.131715
28 	381  	257      	355     	0.5	0.865748	0.90114 	0.0418151            	0.208514	0.355591	1  	0.131379
29 	397  	262      	355     	0.5	0.86607 	0.90114 	0.0418877            	0.213201	0.356055	1  	0.13128 
30 	373  	254      	355     	0.5	0.866474	0.90114 	0.0420555            	0.213201	0.355631	1  	0.131337
31 	369  	252      	355     	0.5	0.866826	0.90114 	0.0422333            	0.213201	0.355374	1  	0.131545
32 	385  	270      	355     	0.5	0.867226	0.901232	0.0424251            	0.213201	0.354633	1  	0.132034
33 	390  	266      	355     	0.5	0.867503	0.903103	0.0425668            	0.204124	0.354615	1  	0.13202 
34 	389  	262      	355     	0.5	0.868665	0.903103	0.0421028            	0.204124	0.351494	1  	0.131058
35 	379  	259      	355     	0.5	0.869002	0.903103	0.0422542            	0.204124	0.351346	1  	0.131193
36 	375  	254      	355     	0.5	0.86933 	0.903103	0.0424077            	0.2     	0.351069	1  	0.131436
37 	353  	249      	355     	0.5	0.869792	0.904718	0.0426286            	0.2     	0.349846	1  	0.13221 
38 	370  	251      	355     	0.5	0.870764	0.904718	0.0422127            	0.2     	0.347292	1  	0.131517
39 	379  	260      	355     	0.5	0.871237	0.904718	0.042289             	0.196116	0.346258	1  	0.131544
40 	390  	258      	355     	0.5	0.871471	0.904718	0.0423838            	0.196116	0.346094	1  	0.131665
41 	396  	249      	355     	0.5	0.871663	0.905859	0.0424786            	0.196116	0.345971	1  	0.131801
42 	370  	257      	355     	0.5	0.87193 	0.905859	0.0426206            	0.196116	0.346087	1  	0.131741
43 	379  	259      	355     	0.5	0.872306	0.907722	0.0428231            	0.196116	0.345483	1  	0.132317
44 	395  	255      	355     	0.5	0.872591	0.907722	0.0429697            	0.196116	0.345493	1  	0.132308
45 	391  	267      	355     	0.5	0.87293 	0.909336	0.0431308            	0.196116	0.344965	1  	0.132655
46 	390  	263      	355     	0.5	0.873509	0.909336	0.0431809            	0.196116	0.343036	1  	0.133061
47 	372  	259      	355     	0.5	0.874527	0.910046	0.0427215            	0.19245 	0.340081	1  	0.132577
48 	371  	263      	355     	0.5	0.874835	0.910046	0.0428773            	0.185695	0.339139	1  	0.133222
49 	392  	264      	355     	0.5	0.876062	0.910046	0.0423071            	0.185695	0.335087	1  	0.132418
50 	370  	256      	355     	0.5	0.875489	0.910046	0.0430571            	0.182574	0.337512	1  	0.133515
51 	362  	257      	355     	0.5	0.876428	0.910046	0.0424734            	0.182574	0.334729	1  	0.132708
52 	383  	259      	355     	0.5	0.875464	0.910046	0.0432595            	0.182574	0.339002	1  	0.133482
53 	368  	258      	355     	0.5	0.876844	0.910046	0.0426655            	0.182574	0.33459 	1  	0.132837
54 	376  	252      	355     	0.5	0.877039	0.910046	0.0427671            	0.182574	0.334689	1  	0.132769
55 	378  	254      	355     	0.5	0.877231	0.91051 	0.0428699            	0.182574	0.334805	1  	0.132664
56 	384  	272      	355     	0.5	0.877429	0.91051 	0.0429816            	0.182574	0.334886	1  	0.132572
57 	391  	260      	355     	0.5	0.876857	0.91051 	0.0437725            	0.179605	0.337231	1  	0.133795
58 	380  	252      	355     	0.5	0.877801	0.91051 	0.0431767            	0.179605	0.334449	1  	0.132943
59 	374  	247      	355     	0.5	0.877943	0.91051 	0.043246             	0.179605	0.334553	1  	0.132855
60 	389  	260      	355     	0.5	0.878087	0.91051 	0.0433221            	0.179605	0.334661	1  	0.132778
61 	377  	257      	355     	0.5	0.878265	0.912399	0.0434116            	0.179605	0.335055	1  	0.132447
62 	383  	263      	355     	0.5	0.877911	0.912399	0.0445087            	0.179605	0.336129	1  	0.133375
63 	373  	265      	355     	0.5	0.878632	0.912399	0.0436034            	0.179605	0.334857	1  	0.132611
64 	381  	247      	355     	0.5	0.878935	0.912399	0.0437055            	0.179605	0.334355	1  	0.132653
65 	380  	248      	355     	0.5	0.878956	0.912399	0.0437705            	0.179605	0.335216	1  	0.13233 
66 	374  	274      	355     	0.5	0.87909 	0.914077	0.0438444            	0.179605	0.335299	1  	0.132263
67 	381  	258      	355     	0.5	0.877899	0.914077	0.045143             	0.179605	0.339748	1  	0.132803
68 	371  	254      	355     	0.5	0.878436	0.914077	0.0451506            	0.179605	0.338026	1  	0.132992
69 	388  	251      	355     	0.5	0.878702	0.914077	0.0451013            	0.179605	0.33811 	1  	0.133152
70 	373  	251      	355     	0.5	0.87862 	0.914077	0.0451801            	0.179605	0.339534	1  	0.132708
71 	373  	252      	355     	0.5	0.878637	0.914077	0.0448619            	0.179605	0.34065 	1  	0.13203 
72 	357  	250      	355     	0.5	0.878751	0.914406	0.0448651            	0.179605	0.340723	1  	0.131933
73 	387  	267      	355     	0.5	0.878844	0.914406	0.0449011            	0.188982	0.341125	1  	0.131626
74 	378  	254      	355     	0.5	0.878962	0.914406	0.0449504            	0.188982	0.341497	1  	0.131288
75 	380  	242      	355     	0.5	0.878418	0.914406	0.0457361            	0.188982	0.343704	1  	0.13227 
76 	373  	248      	355     	0.5	0.878425	0.914406	0.0458094            	0.188982	0.344235	1  	0.13214 
77 	363  	242      	355     	0.5	0.878271	0.914406	0.0458554            	0.188982	0.345488	1  	0.131929
78 	386  	257      	355     	0.5	0.878215	0.914406	0.0458355            	0.204124	0.34641 	1  	0.131275
79 	370  	232      	355     	0.5	0.878447	0.914406	0.0459501            	0.204124	0.346071	1  	0.131551
80 	361  	236      	355     	0.5	0.878548	0.914406	0.0459888            	0.204124	0.346314	1  	0.131354
81 	378  	252      	355     	0.5	0.878689	0.914406	0.0460536            	0.204124	0.346246	1  	0.131408
82 	372  	236      	355     	0.5	0.878963	0.914406	0.0461272            	0.204124	0.34558 	1  	0.131617
83 	375  	242      	355     	0.5	0.880268	0.914406	0.0455639            	0.204124	0.341779	1  	0.130993
84 	386  	254      	355     	0.5	0.880128	0.914406	0.0457398            	0.204124	0.342456	1  	0.131337
85 	389  	251      	355     	0.5	0.880463	0.914406	0.0456579            	0.204124	0.341707	1  	0.131061
86 	404  	256      	355     	0.5	0.880583	0.914406	0.045703             	0.204124	0.341647	1  	0.131095
87 	388  	236      	355     	0.5	0.880519	0.914406	0.0457933            	0.204124	0.34223 	1  	0.13115 
88 	368  	256      	355     	0.5	0.880775	0.914406	0.0457922            	0.204124	0.341768	1  	0.131009
89 	381  	258      	355     	0.5	0.88084 	0.914406	0.0458126            	0.204124	0.341696	1  	0.131078
90 	389  	252      	355     	0.5	0.880899	0.914999	0.0458402            	0.204124	0.341685	1  	0.131087
91 	376  	250      	355     	0.5	0.881   	0.914999	0.0458981            	0.204124	0.341457	1  	0.13125 
92 	387  	265      	355     	0.5	0.881047	0.914999	0.0459156            	0.204124	0.341672	1  	0.131078
93 	387  	264      	355     	0.5	0.879777	0.914999	0.048566             	0.204124	0.344652	1  	0.132075
94 	391  	255      	355     	0.5	0.880716	0.914999	0.0461351            	0.204124	0.343368	1  	0.131459
95 	384  	257      	355     	0.5	0.880918	0.914999	0.0461319            	0.204124	0.342827	1  	0.13137 
96 	378  	241      	355     	0.5	0.880994	0.915486	0.0461497            	0.204124	0.342792	1  	0.13128 
97 	384  	250      	355     	0.5	0.88109 	0.915486	0.0461641            	0.204124	0.34276 	1  	0.131177
98 	374  	256      	355     	0.5	0.880241	0.917069	0.0476682            	0.204124	0.344989	1  	0.131927
99 	371  	256      	355     	0.5	0.880602	0.917069	0.0475243            	0.204124	0.344061	1  	0.13155 
Optimization on fold finished in 00-04:20:14

FEATURE SETS SELECTED

PARETO FRONT
Number of solutions = 19
(0.9170685719351711, 0.21320071635561044) 21 features: [0_age_at_initial_pathologic_diagnosis, 1_hsa.miR.106b.5p, 1_hsa.miR.146b.5p, 1_hsa.miR.148a.5p, 1_hsa.miR.15b.5p, 1_hsa.miR.181a.2.3p, 1_hsa.miR.20b.3p, 1_hsa.miR.23b.5p, 1_hsa.miR.27a.5p, 1_hsa.miR.3074.5p, 1_hsa.miR.346, 1_hsa.miR.34a.5p, 1_hsa.miR.3923, 1_hsa.miR.3940.3p, 1_hsa.miR.409.3p, 1_hsa.miR.450b.5p, 1_hsa.miR.4772.5p, 1_hsa.miR.495.5p, 1_hsa.miR.543, 1_hsa.miR.550a.3p, 1_hsa.miR.767.5p]
(0.9154857497678673, 0.23570226039551584) 17 features: [0_age_at_initial_pathologic_diagnosis, 1_hsa.miR.146b.5p, 1_hsa.miR.148a.5p, 1_hsa.miR.149.5p, 1_hsa.miR.15b.5p, 1_hsa.miR.181a.2.3p, 1_hsa.miR.23b.5p, 1_hsa.miR.3074.5p, 1_hsa.miR.346, 1_hsa.miR.3940.3p, 1_hsa.miR.495.5p, 1_hsa.miR.543, 1_hsa.miR.550a.3p, 1_hsa.miR.550a.5p, 1_hsa.miR.664a.3p, 1_hsa.miR.767.5p, 1_hsa.miR.887.3p]
(0.9147423249912935, 0.24253562503633297) 16 features: [0_age_at_initial_pathologic_diagnosis, 1_hsa.miR.10b.5p, 1_hsa.miR.128.3p, 1_hsa.miR.1296.5p, 1_hsa.miR.148a.5p, 1_hsa.miR.149.5p, 1_hsa.miR.15b.5p, 1_hsa.miR.181a.2.3p, 1_hsa.miR.23b.5p, 1_hsa.miR.3074.5p, 1_hsa.miR.346, 1_hsa.miR.377.3p, 1_hsa.miR.495.5p, 1_hsa.miR.543, 1_hsa.miR.550a.3p, 1_hsa.miR.767.5p]
(0.9143252330887831, 0.25) 15 features: [0_age_at_initial_pathologic_diagnosis, 1_hsa.miR.132.5p, 1_hsa.miR.146b.5p, 1_hsa.miR.148a.5p, 1_hsa.miR.15b.5p, 1_hsa.miR.181a.2.3p, 1_hsa.miR.215.5p, 1_hsa.miR.23b.5p, 1_hsa.miR.25.5p, 1_hsa.miR.3074.5p, 1_hsa.miR.346, 1_hsa.miR.543, 1_hsa.miR.550a.3p, 1_hsa.miR.675.3p, 1_hsa.miR.767.5p]
(0.9137179102727394, 0.2581988897471611) 14 features: [0_age_at_initial_pathologic_diagnosis, 1_hsa.miR.146b.5p, 1_hsa.miR.148a.3p, 1_hsa.miR.148a.5p, 1_hsa.miR.15b.5p, 1_hsa.miR.181a.2.3p, 1_hsa.miR.215.5p, 1_hsa.miR.23b.5p, 1_hsa.miR.3074.5p, 1_hsa.miR.346, 1_hsa.miR.3940.3p, 1_hsa.miR.543, 1_hsa.miR.550a.3p, 1_hsa.miR.767.5p]
(0.9108238618387929, 0.2672612419124244) 13 features: [0_age_at_initial_pathologic_diagnosis, 1_hsa.miR.1296.5p, 1_hsa.miR.148a.5p, 1_hsa.miR.15b.5p, 1_hsa.miR.181a.2.3p, 1_hsa.miR.195.5p, 1_hsa.miR.23b.5p, 1_hsa.miR.3074.5p, 1_hsa.miR.346, 1_hsa.miR.543, 1_hsa.miR.550a.3p, 1_hsa.miR.615.3p, 1_hsa.miR.767.5p]
(0.9083542330884802, 0.2773500981126146) 12 features: [0_age_at_initial_pathologic_diagnosis, 1_hsa.miR.1296.5p, 1_hsa.miR.148a.5p, 1_hsa.miR.15b.5p, 1_hsa.miR.181a.2.3p, 1_hsa.miR.215.5p, 1_hsa.miR.23b.5p, 1_hsa.miR.3074.5p, 1_hsa.miR.346, 1_hsa.miR.543, 1_hsa.miR.550a.3p, 1_hsa.miR.767.5p]
(0.9067457681023315, 0.28867513459481287) 11 features: [0_age_at_initial_pathologic_diagnosis, 1_hsa.miR.148a.5p, 1_hsa.miR.15b.5p, 1_hsa.miR.181a.2.3p, 1_hsa.miR.23b.5p, 1_hsa.miR.3074.5p, 1_hsa.miR.346, 1_hsa.miR.543, 1_hsa.miR.550a.3p, 1_hsa.miR.615.3p, 1_hsa.miR.767.5p]
(0.9017235915043454, 0.30151134457776363) 10 features: [0_age_at_initial_pathologic_diagnosis, 1_hsa.miR.148a.5p, 1_hsa.miR.15b.5p, 1_hsa.miR.181a.2.3p, 1_hsa.miR.23b.5p, 1_hsa.miR.3074.5p, 1_hsa.miR.346, 1_hsa.miR.543, 1_hsa.miR.550a.3p, 1_hsa.miR.767.5p]
(0.8995434006474988, 0.31622776601683794) 9 features: [0_age_at_initial_pathologic_diagnosis, 1_hsa.miR.148a.5p, 1_hsa.miR.15b.5p, 1_hsa.miR.181a.2.3p, 1_hsa.miR.23b.5p, 1_hsa.miR.3074.5p, 1_hsa.miR.346, 1_hsa.miR.550a.3p, 1_hsa.miR.767.5p]
(0.8959478190333495, 0.3333333333333333) 8 features: [0_age_at_initial_pathologic_diagnosis, 1_hsa.miR.146b.5p, 1_hsa.miR.148a.5p, 1_hsa.miR.181a.2.3p, 1_hsa.miR.23b.5p, 1_hsa.miR.3074.5p, 1_hsa.miR.346, 1_hsa.miR.767.5p]
(0.8828074221781824, 0.3535533905932738) 7 features: [0_age_at_initial_pathologic_diagnosis, 1_hsa.miR.10b.5p, 1_hsa.miR.148a.5p, 1_hsa.miR.15b.5p, 1_hsa.miR.23b.5p, 1_hsa.miR.3074.5p, 1_hsa.miR.550a.3p]
(0.8790577275759807, 0.3779644730092272) 6 features: [0_age_at_initial_pathologic_diagnosis, 1_hsa.miR.146b.5p, 1_hsa.miR.23b.5p, 1_hsa.miR.3074.5p, 1_hsa.miR.346, 1_hsa.miR.495.5p]
(0.8741731591135395, 0.408248290463863) 5 features: [0_age_at_initial_pathologic_diagnosis, 1_hsa.miR.146b.5p, 1_hsa.miR.3074.5p, 1_hsa.miR.346, 1_hsa.miR.495.5p]
(0.862112899145209, 0.4472135954999579) 4 features: [0_age_at_initial_pathologic_diagnosis, 1_hsa.miR.10b.5p, 1_hsa.miR.1228.3p, 1_hsa.miR.15b.5p]
(0.8485525670722188, 0.5) [0_age_at_initial_pathologic_diagnosis, 1_hsa.miR.146b.5p, 1_hsa.miR.3074.5p]
(0.8274114328724792, 0.5773502691896257) [0_age_at_initial_pathologic_diagnosis, 1_hsa.miR.146b.5p]
(0.7781995421026123, 0.7071067811865476) [1_hsa.miR.15b.5p]
(0.5, 1.0) []
Features in hall of fame by prevalence:
37 features: [0_age_at_initial_pathologic_diagnosis, 1_hsa.miR.3074.5p, 1_hsa.miR.15b.5p, 1_hsa.miR.23b.5p, 1_hsa.miR.346, 1_hsa.miR.148a.5p, 1_hsa.miR.181a.2.3p, 1_hsa.miR.550a.3p, 1_hsa.miR.767.5p, 1_hsa.miR.146b.5p, 1_hsa.miR.543, 1_hsa.miR.495.5p, 1_hsa.miR.10b.5p, 1_hsa.miR.1296.5p, 1_hsa.miR.215.5p, 1_hsa.miR.3940.3p, 1_hsa.miR.149.5p, 1_hsa.miR.615.3p, 1_hsa.miR.106b.5p, 1_hsa.miR.1228.3p, 1_hsa.miR.128.3p, 1_hsa.miR.132.5p, 1_hsa.miR.148a.3p, 1_hsa.miR.195.5p, 1_hsa.miR.20b.3p, 1_hsa.miR.25.5p, 1_hsa.miR.27a.5p, 1_hsa.miR.34a.5p, 1_hsa.miR.377.3p, 1_hsa.miR.3923, 1_hsa.miR.409.3p, 1_hsa.miR.450b.5p, 1_hsa.miR.4772.5p, 1_hsa.miR.550a.5p, 1_hsa.miR.664a.3p, 1_hsa.miR.675.3p, 1_hsa.miR.887.3p]

LAST POPULATION
Number of solutions = 500
Features in hall of fame by prevalence:
179 features: [0_age_at_initial_pathologic_diagnosis, 1_hsa.miR.15b.5p, 1_hsa.miR.3074.5p, 1_hsa.miR.148a.5p, 1_hsa.miR.23b.5p, 1_hsa.miR.346, 1_hsa.miR.550a.3p, 1_hsa.miR.181a.2.3p, 1_hsa.miR.767.5p, 1_hsa.miR.543, 1_hsa.miR.10b.5p, 1_hsa.miR.3940.3p, 1_hsa.miR.1296.5p, 1_hsa.miR.146b.5p, 1_hsa.miR.215.5p, 1_hsa.miR.149.5p, 1_hsa.miR.3923, 1_hsa.miR.27a.5p, 1_hsa.miR.495.5p, 1_hsa.miR.382.5p, 1_hsa.miR.550a.5p, 1_hsa.miR.216b.5p, 1_hsa.miR.887.3p, 1_hsa.miR.212.3p, 1_hsa.miR.34c.3p, 1_hsa.miR.148a.3p, 1_hsa.miR.7974, 1_hsa.miR.450b.5p, 1_hsa.miR.377.3p, 1_hsa.miR.409.3p, 1_hsa.miR.548d.3p, 1_hsa.miR.27b.3p, 1_hsa.miR.675.3p, 1_hsa.miR.106b.5p, 1_hsa.miR.146b.3p, 1_hsa.miR.1228.3p, 1_hsa.miR.222.5p, 1_hsa.miR.432.5p, 1_hsa.miR.136.3p, 1_hsa.miR.34a.5p, 1_hsa.miR.615.3p, 1_hsa.miR.654.3p, 1_hsa.miR.301b, 1_hsa.let.7g.5p, 1_hsa.miR.187.3p, 1_hsa.miR.221.5p, 1_hsa.miR.125a.3p, 1_hsa.miR.128.3p, 1_hsa.miR.204.3p, 1_hsa.miR.23b.3p, 1_hsa.miR.381.5p, 1_hsa.miR.548b.3p, 1_hsa.miR.584.3p, 1_hsa.miR.1, 1_hsa.miR.1292.5p, 1_hsa.miR.132.5p, 1_hsa.miR.1468.5p, 1_hsa.miR.195.5p, 1_hsa.miR.222.3p, 1_hsa.miR.31.3p, 1_hsa.miR.339.5p, 1_hsa.miR.369.3p, 1_hsa.miR.664a.3p, 1_hsa.miR.766.3p, 1_hsa.miR.769.5p, 1_hsa.miR.9.5p, 1_hsa.let.7d.5p, 1_hsa.miR.199a.3p, 1_hsa.miR.200c.3p, 1_hsa.miR.2110, 1_hsa.miR.21.3p, 1_hsa.miR.223.5p, 1_hsa.miR.3913.5p, 1_hsa.miR.4772.5p, 1_hsa.miR.483.3p, 1_hsa.miR.505.3p, 1_hsa.miR.539.3p, 1_hsa.miR.548f.3p, 1_hsa.miR.651.5p, 1_hsa.miR.93.5p, 1_hsa.miR.98.3p, 1_hsa.miR.1287.5p, 1_hsa.miR.155.5p, 1_hsa.miR.196a.5p, 1_hsa.miR.199b.3p, 1_hsa.miR.20b.3p, 1_hsa.miR.26a.5p, 1_hsa.miR.28.3p, 1_hsa.miR.3131, 1_hsa.miR.320a, 1_hsa.miR.337.3p, 1_hsa.miR.361.5p, 1_hsa.miR.365a.5p, 1_hsa.miR.381.3p, 1_hsa.miR.412.5p, 1_hsa.miR.424.3p, 1_hsa.miR.7.5p, 1_hsa.let.7a.5p, 1_hsa.let.7e.5p, 1_hsa.miR.10b.3p, ...]

BEST SUMS WITH SIZE 50
Number of solutions = 50
Features in hall of fame by prevalence:
47 features: [0_age_at_initial_pathologic_diagnosis, 1_hsa.miR.146b.5p, 1_hsa.miR.15b.5p, 1_hsa.let.7e.5p, 1_hsa.miR.10a.5p, 1_hsa.miR.10b.3p, 1_hsa.miR.10b.5p, 1_hsa.miR.1228.3p, 1_hsa.miR.125b.1.3p, 1_hsa.miR.135b.5p, 1_hsa.miR.143.3p, 1_hsa.miR.146b.3p, 1_hsa.miR.148a.3p, 1_hsa.miR.148a.5p, 1_hsa.miR.149.3p, 1_hsa.miR.155.5p, 1_hsa.miR.15b.3p, 1_hsa.miR.16.2.3p, 1_hsa.miR.16.5p, 1_hsa.miR.196a.5p, 1_hsa.miR.196b.5p, 1_hsa.miR.199a.3p, 1_hsa.miR.199b.3p, 1_hsa.miR.199b.5p, 1_hsa.miR.21.3p, 1_hsa.miR.221.3p, 1_hsa.miR.221.5p, 1_hsa.miR.222.3p, 1_hsa.miR.222.5p, 1_hsa.miR.23b.5p, 1_hsa.miR.25.3p, 1_hsa.miR.335.3p, 1_hsa.miR.335.5p, 1_hsa.miR.3677.3p, 1_hsa.miR.378a.3p, 1_hsa.miR.431.5p, 1_hsa.miR.4677.3p, 1_hsa.miR.550a.3p, 1_hsa.miR.615.3p, 1_hsa.miR.6509.5p, 1_hsa.miR.651.5p, 1_hsa.miR.664a.3p, 1_hsa.miR.671.5p, 1_hsa.miR.6806.3p, 1_hsa.miR.6892.5p, 1_hsa.miR.9.5p, 1_hsa.miR.99b.3p]

BEST SUMS WITH SIZE 100
Number of solutions = 100
Features in hall of fame by prevalence:
70 features: [0_age_at_initial_pathologic_diagnosis, 1_hsa.miR.15b.5p, 1_hsa.miR.10b.5p, 1_hsa.miR.146b.3p, 1_hsa.miR.148a.5p, 1_hsa.miR.10b.3p, 1_hsa.miR.146b.5p, 1_hsa.miR.335.3p, 1_hsa.let.7e.5p, 1_hsa.let.7f.5p, 1_hsa.miR.125b.1.3p, 1_hsa.miR.135b.5p, 1_hsa.miR.149.3p, 1_hsa.miR.149.5p, 1_hsa.miR.155.5p, 1_hsa.miR.15b.3p, 1_hsa.miR.196a.5p, 1_hsa.miR.21.3p, 1_hsa.miR.222.3p, 1_hsa.miR.222.5p, 1_hsa.miR.615.3p, 1_hsa.miR.651.5p, 1_hsa.miR.6892.5p, 1_hsa.miR.9.5p, 1_hsa.miR.10a.5p, 1_hsa.miR.1228.3p, 1_hsa.miR.134.5p, 1_hsa.miR.143.3p, 1_hsa.miR.148a.3p, 1_hsa.miR.148b.3p, 1_hsa.miR.16.2.3p, 1_hsa.miR.16.5p, 1_hsa.miR.188.5p, 1_hsa.miR.196b.5p, 1_hsa.miR.199a.3p, 1_hsa.miR.199b.3p, 1_hsa.miR.199b.5p, 1_hsa.miR.216b.5p, 1_hsa.miR.221.3p, 1_hsa.miR.221.5p, 1_hsa.miR.23b.5p, 1_hsa.miR.25.3p, 1_hsa.miR.27b.5p, 1_hsa.miR.28.3p, 1_hsa.miR.301b, 1_hsa.miR.3136.5p, 1_hsa.miR.320b, 1_hsa.miR.335.5p, 1_hsa.miR.34a.5p, 1_hsa.miR.361.5p, 1_hsa.miR.3677.3p, 1_hsa.miR.378a.3p, 1_hsa.miR.431.5p, 1_hsa.miR.4677.3p, 1_hsa.miR.4709.3p, 1_hsa.miR.4746.5p, 1_hsa.miR.483.5p, 1_hsa.miR.550a.3p, 1_hsa.miR.550a.5p, 1_hsa.miR.6509.5p, 1_hsa.miR.664a.3p, 1_hsa.miR.664a.5p, 1_hsa.miR.671.5p, 1_hsa.miR.675.3p, 1_hsa.miR.6806.3p, 1_hsa.miR.92b.5p, 1_hsa.miR.942.5p, 1_hsa.miR.944, 1_hsa.miR.99b.3p, 1_hsa.miR.99b.5p]
