
OPTIMIZING ON FOLD NUMBER 1
Number of workers = 96

COMPUTING LOCAL ACTIVE FEATURES
Computing active features for view clinic
Existing features: 7
Applying union strategy for feature selection using composite feature selector with
categorical: feature selector any na and anova
survival: feature selector Cox

Computing active features for outcome survival
Features selected for this outcome: 2
Features active in total: 2
Computing active features for view log_mirna
Existing features: 739
Applying union strategy for feature selection using composite feature selector with
categorical: feature selector any na and anova
survival: feature selector Cox

Computing active features for outcome survival
Features selected for this outcome: 179
Features active in total: 179
Computing feature importance
Running optimizer

STARTING 2-STEPS GENETIC ALGORITHM

CREATING INNER FOLDS

ASSIGNING STRATA FOR MULTI-OUTCOME DATA SARC_MV
Assigning strata for outcome named survival of type survival
Counts:
censored 0: 24
censored 1: 75
deceased 0: 28
deceased 1: 28

STARTING SWEEP NUMBER 1
folds_creator_seed = 4107908117

ASSIGNING STRATA FOR MULTI-OUTCOME DATA SARC_MV
Assigning strata for outcome named survival of type survival
Counts:
censored 0: 24
censored 1: 75
deceased 0: 28
deceased 1: 28
ga_runner_seed = 3091794638
VIEW: CLINIC
   	     	         	        	   survival SKSurv Cox model concordance index   	             root leanness              
   	     	         	        	-------------------------------------------------	----------------------------------------
gen	evals	gen_feats	explored	min	avg     	max     	std                  	min    	avg     	max	std     
0  	500  	2        	2       	0.5	0.571769	0.638057	0.0555857            	0.57735	0.759377	1  	0.174201
1  	278  	2        	2       	0.5	0.572703	0.638057	0.0489488            	0.57735	0.747891	1  	0.154895
2  	305  	2        	2       	0.5	0.572703	0.638057	0.0489488            	0.57735	0.747891	1  	0.154895
3  	314  	2        	2       	0.5	0.572703	0.638057	0.0489488            	0.57735	0.747891	1  	0.154895
4  	314  	2        	2       	0.5	0.572703	0.638057	0.0489488            	0.57735	0.747891	1  	0.154895
5  	304  	2        	2       	0.5	0.572703	0.638057	0.0489488            	0.57735	0.747891	1  	0.154895
6  	326  	2        	2       	0.5	0.572703	0.638057	0.0489488            	0.57735	0.747891	1  	0.154895
7  	308  	2        	2       	0.5	0.572703	0.638057	0.0489488            	0.57735	0.747891	1  	0.154895
8  	311  	2        	2       	0.5	0.572703	0.638057	0.0489488            	0.57735	0.747891	1  	0.154895
9  	321  	2        	2       	0.5	0.572703	0.638057	0.0489488            	0.57735	0.747891	1  	0.154895
10 	319  	2        	2       	0.5	0.572703	0.638057	0.0489488            	0.57735	0.747891	1  	0.154895
11 	310  	2        	2       	0.5	0.572703	0.638057	0.0489488            	0.57735	0.747891	1  	0.154895
12 	309  	2        	2       	0.5	0.572703	0.638057	0.0489488            	0.57735	0.747891	1  	0.154895
13 	304  	2        	2       	0.5	0.572703	0.638057	0.0489488            	0.57735	0.747891	1  	0.154895
14 	300  	2        	2       	0.5	0.572703	0.638057	0.0489488            	0.57735	0.747891	1  	0.154895
15 	323  	2        	2       	0.5	0.572703	0.638057	0.0489488            	0.57735	0.747891	1  	0.154895
16 	336  	2        	2       	0.5	0.572703	0.638057	0.0489488            	0.57735	0.747891	1  	0.154895
17 	298  	2        	2       	0.5	0.572703	0.638057	0.0489488            	0.57735	0.747891	1  	0.154895
18 	301  	2        	2       	0.5	0.572703	0.638057	0.0489488            	0.57735	0.747891	1  	0.154895
19 	305  	2        	2       	0.5	0.572703	0.638057	0.0489488            	0.57735	0.747891	1  	0.154895
20 	312  	2        	2       	0.5	0.572703	0.638057	0.0489488            	0.57735	0.747891	1  	0.154895
21 	292  	2        	2       	0.5	0.572703	0.638057	0.0489488            	0.57735	0.747891	1  	0.154895
22 	297  	2        	2       	0.5	0.572703	0.638057	0.0489488            	0.57735	0.747891	1  	0.154895
23 	321  	2        	2       	0.5	0.572703	0.638057	0.0489488            	0.57735	0.747891	1  	0.154895
24 	314  	2        	2       	0.5	0.572703	0.638057	0.0489488            	0.57735	0.747891	1  	0.154895
25 	318  	2        	2       	0.5	0.572703	0.638057	0.0489488            	0.57735	0.747891	1  	0.154895
26 	319  	2        	2       	0.5	0.572703	0.638057	0.0489488            	0.57735	0.747891	1  	0.154895
27 	325  	2        	2       	0.5	0.572703	0.638057	0.0489488            	0.57735	0.747891	1  	0.154895
28 	312  	2        	2       	0.5	0.572703	0.638057	0.0489488            	0.57735	0.747891	1  	0.154895
29 	304  	2        	2       	0.5	0.572703	0.638057	0.0489488            	0.57735	0.747891	1  	0.154895
30 	309  	2        	2       	0.5	0.572703	0.638057	0.0489488            	0.57735	0.747891	1  	0.154895
31 	311  	2        	2       	0.5	0.572703	0.638057	0.0489488            	0.57735	0.747891	1  	0.154895
32 	297  	2        	2       	0.5	0.572703	0.638057	0.0489488            	0.57735	0.747891	1  	0.154895
33 	301  	2        	2       	0.5	0.572703	0.638057	0.0489488            	0.57735	0.747891	1  	0.154895
34 	299  	2        	2       	0.5	0.572703	0.638057	0.0489488            	0.57735	0.747891	1  	0.154895
35 	320  	2        	2       	0.5	0.572703	0.638057	0.0489488            	0.57735	0.747891	1  	0.154895
36 	277  	2        	2       	0.5	0.572703	0.638057	0.0489488            	0.57735	0.747891	1  	0.154895
37 	293  	2        	2       	0.5	0.572703	0.638057	0.0489488            	0.57735	0.747891	1  	0.154895
38 	306  	2        	2       	0.5	0.572703	0.638057	0.0489488            	0.57735	0.747891	1  	0.154895
39 	304  	2        	2       	0.5	0.572703	0.638057	0.0489488            	0.57735	0.747891	1  	0.154895
40 	296  	2        	2       	0.5	0.572703	0.638057	0.0489488            	0.57735	0.747891	1  	0.154895
41 	323  	2        	2       	0.5	0.572703	0.638057	0.0489488            	0.57735	0.747891	1  	0.154895
42 	332  	2        	2       	0.5	0.572703	0.638057	0.0489488            	0.57735	0.747891	1  	0.154895
43 	304  	2        	2       	0.5	0.572703	0.638057	0.0489488            	0.57735	0.747891	1  	0.154895
44 	310  	2        	2       	0.5	0.572703	0.638057	0.0489488            	0.57735	0.747891	1  	0.154895
45 	299  	2        	2       	0.5	0.572703	0.638057	0.0489488            	0.57735	0.747891	1  	0.154895
46 	280  	2        	2       	0.5	0.572703	0.638057	0.0489488            	0.57735	0.747891	1  	0.154895
47 	312  	2        	2       	0.5	0.572703	0.638057	0.0489488            	0.57735	0.747891	1  	0.154895
48 	318  	2        	2       	0.5	0.572703	0.638057	0.0489488            	0.57735	0.747891	1  	0.154895
49 	318  	2        	2       	0.5	0.572703	0.638057	0.0489488            	0.57735	0.747891	1  	0.154895
50 	301  	2        	2       	0.5	0.572703	0.638057	0.0489488            	0.57735	0.747891	1  	0.154895
51 	309  	2        	2       	0.5	0.572703	0.638057	0.0489488            	0.57735	0.747891	1  	0.154895
52 	310  	2        	2       	0.5	0.572703	0.638057	0.0489488            	0.57735	0.747891	1  	0.154895
53 	315  	2        	2       	0.5	0.572703	0.638057	0.0489488            	0.57735	0.747891	1  	0.154895
54 	316  	2        	2       	0.5	0.572703	0.638057	0.0489488            	0.57735	0.747891	1  	0.154895
55 	292  	2        	2       	0.5	0.572703	0.638057	0.0489488            	0.57735	0.747891	1  	0.154895
56 	325  	2        	2       	0.5	0.572703	0.638057	0.0489488            	0.57735	0.747891	1  	0.154895
57 	318  	2        	2       	0.5	0.572703	0.638057	0.0489488            	0.57735	0.747891	1  	0.154895
58 	323  	2        	2       	0.5	0.572703	0.638057	0.0489488            	0.57735	0.747891	1  	0.154895
59 	310  	2        	2       	0.5	0.572703	0.638057	0.0489488            	0.57735	0.747891	1  	0.154895
60 	321  	2        	2       	0.5	0.572703	0.638057	0.0489488            	0.57735	0.747891	1  	0.154895
61 	308  	2        	2       	0.5	0.572703	0.638057	0.0489488            	0.57735	0.747891	1  	0.154895
62 	300  	2        	2       	0.5	0.572703	0.638057	0.0489488            	0.57735	0.747891	1  	0.154895
63 	329  	2        	2       	0.5	0.572703	0.638057	0.0489488            	0.57735	0.747891	1  	0.154895
64 	300  	2        	2       	0.5	0.572703	0.638057	0.0489488            	0.57735	0.747891	1  	0.154895
65 	322  	2        	2       	0.5	0.572703	0.638057	0.0489488            	0.57735	0.747891	1  	0.154895
66 	316  	2        	2       	0.5	0.572703	0.638057	0.0489488            	0.57735	0.747891	1  	0.154895
67 	301  	2        	2       	0.5	0.572703	0.638057	0.0489488            	0.57735	0.747891	1  	0.154895
68 	310  	2        	2       	0.5	0.572703	0.638057	0.0489488            	0.57735	0.747891	1  	0.154895
69 	327  	2        	2       	0.5	0.572703	0.638057	0.0489488            	0.57735	0.747891	1  	0.154895
70 	307  	2        	2       	0.5	0.572703	0.638057	0.0489488            	0.57735	0.747891	1  	0.154895
71 	314  	2        	2       	0.5	0.572703	0.638057	0.0489488            	0.57735	0.747891	1  	0.154895
72 	319  	2        	2       	0.5	0.572703	0.638057	0.0489488            	0.57735	0.747891	1  	0.154895
73 	322  	2        	2       	0.5	0.572703	0.638057	0.0489488            	0.57735	0.747891	1  	0.154895
74 	286  	2        	2       	0.5	0.572703	0.638057	0.0489488            	0.57735	0.747891	1  	0.154895
75 	322  	2        	2       	0.5	0.572703	0.638057	0.0489488            	0.57735	0.747891	1  	0.154895
76 	304  	2        	2       	0.5	0.572703	0.638057	0.0489488            	0.57735	0.747891	1  	0.154895
77 	296  	2        	2       	0.5	0.572703	0.638057	0.0489488            	0.57735	0.747891	1  	0.154895
78 	315  	2        	2       	0.5	0.572703	0.638057	0.0489488            	0.57735	0.747891	1  	0.154895
79 	311  	2        	2       	0.5	0.572703	0.638057	0.0489488            	0.57735	0.747891	1  	0.154895
80 	310  	2        	2       	0.5	0.572703	0.638057	0.0489488            	0.57735	0.747891	1  	0.154895
81 	300  	2        	2       	0.5	0.572703	0.638057	0.0489488            	0.57735	0.747891	1  	0.154895
82 	325  	2        	2       	0.5	0.572703	0.638057	0.0489488            	0.57735	0.747891	1  	0.154895
83 	313  	2        	2       	0.5	0.572703	0.638057	0.0489488            	0.57735	0.747891	1  	0.154895
84 	322  	2        	2       	0.5	0.572703	0.638057	0.0489488            	0.57735	0.747891	1  	0.154895
85 	315  	2        	2       	0.5	0.572703	0.638057	0.0489488            	0.57735	0.747891	1  	0.154895
86 	311  	2        	2       	0.5	0.572703	0.638057	0.0489488            	0.57735	0.747891	1  	0.154895
87 	331  	2        	2       	0.5	0.572703	0.638057	0.0489488            	0.57735	0.747891	1  	0.154895
88 	301  	2        	2       	0.5	0.572703	0.638057	0.0489488            	0.57735	0.747891	1  	0.154895
89 	297  	2        	2       	0.5	0.572703	0.638057	0.0489488            	0.57735	0.747891	1  	0.154895
90 	311  	2        	2       	0.5	0.572703	0.638057	0.0489488            	0.57735	0.747891	1  	0.154895
91 	308  	2        	2       	0.5	0.572703	0.638057	0.0489488            	0.57735	0.747891	1  	0.154895
92 	312  	2        	2       	0.5	0.572703	0.638057	0.0489488            	0.57735	0.747891	1  	0.154895
93 	308  	2        	2       	0.5	0.572703	0.638057	0.0489488            	0.57735	0.747891	1  	0.154895
94 	302  	2        	2       	0.5	0.572703	0.638057	0.0489488            	0.57735	0.747891	1  	0.154895
95 	311  	2        	2       	0.5	0.572703	0.638057	0.0489488            	0.57735	0.747891	1  	0.154895
96 	308  	2        	2       	0.5	0.572703	0.638057	0.0489488            	0.57735	0.747891	1  	0.154895
97 	290  	2        	2       	0.5	0.572703	0.638057	0.0489488            	0.57735	0.747891	1  	0.154895
98 	300  	2        	2       	0.5	0.572703	0.638057	0.0489488            	0.57735	0.747891	1  	0.154895
99 	319  	2        	2       	0.5	0.572703	0.638057	0.0489488            	0.57735	0.747891	1  	0.154895
100	299  	2        	2       	0.5	0.572703	0.638057	0.0489488            	0.57735	0.747891	1  	0.154895
101	329  	2        	2       	0.5	0.572703	0.638057	0.0489488            	0.57735	0.747891	1  	0.154895
102	319  	2        	2       	0.5	0.572703	0.638057	0.0489488            	0.57735	0.747891	1  	0.154895
103	325  	2        	2       	0.5	0.572703	0.638057	0.0489488            	0.57735	0.747891	1  	0.154895
104	314  	2        	2       	0.5	0.572703	0.638057	0.0489488            	0.57735	0.747891	1  	0.154895
105	309  	2        	2       	0.5	0.572703	0.638057	0.0489488            	0.57735	0.747891	1  	0.154895
106	295  	2        	2       	0.5	0.572703	0.638057	0.0489488            	0.57735	0.747891	1  	0.154895
107	318  	2        	2       	0.5	0.572703	0.638057	0.0489488            	0.57735	0.747891	1  	0.154895
108	315  	2        	2       	0.5	0.572703	0.638057	0.0489488            	0.57735	0.747891	1  	0.154895
109	302  	2        	2       	0.5	0.572703	0.638057	0.0489488            	0.57735	0.747891	1  	0.154895
110	293  	2        	2       	0.5	0.572703	0.638057	0.0489488            	0.57735	0.747891	1  	0.154895
111	321  	2        	2       	0.5	0.572703	0.638057	0.0489488            	0.57735	0.747891	1  	0.154895
112	322  	2        	2       	0.5	0.572703	0.638057	0.0489488            	0.57735	0.747891	1  	0.154895
113	310  	2        	2       	0.5	0.572703	0.638057	0.0489488            	0.57735	0.747891	1  	0.154895
114	308  	2        	2       	0.5	0.572703	0.638057	0.0489488            	0.57735	0.747891	1  	0.154895
115	313  	2        	2       	0.5	0.572703	0.638057	0.0489488            	0.57735	0.747891	1  	0.154895
116	326  	2        	2       	0.5	0.572703	0.638057	0.0489488            	0.57735	0.747891	1  	0.154895
117	304  	2        	2       	0.5	0.572703	0.638057	0.0489488            	0.57735	0.747891	1  	0.154895
118	311  	2        	2       	0.5	0.572703	0.638057	0.0489488            	0.57735	0.747891	1  	0.154895
119	311  	2        	2       	0.5	0.572703	0.638057	0.0489488            	0.57735	0.747891	1  	0.154895
120	312  	2        	2       	0.5	0.572703	0.638057	0.0489488            	0.57735	0.747891	1  	0.154895
121	319  	2        	2       	0.5	0.572703	0.638057	0.0489488            	0.57735	0.747891	1  	0.154895
122	304  	2        	2       	0.5	0.572703	0.638057	0.0489488            	0.57735	0.747891	1  	0.154895
123	307  	2        	2       	0.5	0.572703	0.638057	0.0489488            	0.57735	0.747891	1  	0.154895
124	293  	2        	2       	0.5	0.572703	0.638057	0.0489488            	0.57735	0.747891	1  	0.154895
125	325  	2        	2       	0.5	0.572703	0.638057	0.0489488            	0.57735	0.747891	1  	0.154895
126	301  	2        	2       	0.5	0.572703	0.638057	0.0489488            	0.57735	0.747891	1  	0.154895
127	295  	2        	2       	0.5	0.572703	0.638057	0.0489488            	0.57735	0.747891	1  	0.154895
128	309  	2        	2       	0.5	0.572703	0.638057	0.0489488            	0.57735	0.747891	1  	0.154895
129	313  	2        	2       	0.5	0.572703	0.638057	0.0489488            	0.57735	0.747891	1  	0.154895
130	302  	2        	2       	0.5	0.572703	0.638057	0.0489488            	0.57735	0.747891	1  	0.154895
131	288  	2        	2       	0.5	0.572703	0.638057	0.0489488            	0.57735	0.747891	1  	0.154895
132	308  	2        	2       	0.5	0.572703	0.638057	0.0489488            	0.57735	0.747891	1  	0.154895
133	318  	2        	2       	0.5	0.572703	0.638057	0.0489488            	0.57735	0.747891	1  	0.154895
134	314  	2        	2       	0.5	0.572703	0.638057	0.0489488            	0.57735	0.747891	1  	0.154895
135	314  	2        	2       	0.5	0.572703	0.638057	0.0489488            	0.57735	0.747891	1  	0.154895
136	322  	2        	2       	0.5	0.572703	0.638057	0.0489488            	0.57735	0.747891	1  	0.154895
137	305  	2        	2       	0.5	0.572703	0.638057	0.0489488            	0.57735	0.747891	1  	0.154895
138	311  	2        	2       	0.5	0.572703	0.638057	0.0489488            	0.57735	0.747891	1  	0.154895
139	308  	2        	2       	0.5	0.572703	0.638057	0.0489488            	0.57735	0.747891	1  	0.154895
140	316  	2        	2       	0.5	0.572703	0.638057	0.0489488            	0.57735	0.747891	1  	0.154895
141	290  	2        	2       	0.5	0.572703	0.638057	0.0489488            	0.57735	0.747891	1  	0.154895
142	316  	2        	2       	0.5	0.572703	0.638057	0.0489488            	0.57735	0.747891	1  	0.154895
143	303  	2        	2       	0.5	0.572703	0.638057	0.0489488            	0.57735	0.747891	1  	0.154895
144	294  	2        	2       	0.5	0.572703	0.638057	0.0489488            	0.57735	0.747891	1  	0.154895
145	308  	2        	2       	0.5	0.572703	0.638057	0.0489488            	0.57735	0.747891	1  	0.154895
146	308  	2        	2       	0.5	0.572703	0.638057	0.0489488            	0.57735	0.747891	1  	0.154895
147	312  	2        	2       	0.5	0.572703	0.638057	0.0489488            	0.57735	0.747891	1  	0.154895
148	320  	2        	2       	0.5	0.572703	0.638057	0.0489488            	0.57735	0.747891	1  	0.154895
149	296  	2        	2       	0.5	0.572703	0.638057	0.0489488            	0.57735	0.747891	1  	0.154895

ASSIGNING STRATA FOR MULTI-OUTCOME DATA SARC_MV
Assigning strata for outcome named survival of type survival
Counts:
censored 0: 24
censored 1: 75
deceased 0: 28
deceased 1: 28
VIEW: LOG_MIRNA
   	     	         	        	       survival SKSurv Cox model concordance index       	                 root leanness                  
   	     	         	        	---------------------------------------------------------	------------------------------------------------
gen	evals	gen_feats	explored	min     	avg     	max     	std             	min     	avg     	max	std     
0  	500  	54       	54      	0.39011 	0.57851 	0.758598	0.0654125       	0.140028	0.253746	1  	0.146642
1  	371  	154      	154     	0.426732	0.621226	0.758598	0.0437991       	0.144338	0.285779	1  	0.131742
2  	383  	170      	176     	0.5     	0.643762	0.758598	0.0376498       	0.149071	0.305049	1  	0.139931
3  	379  	169      	179     	0.5     	0.656453	0.758598	0.0365455       	0.154303	0.309895	1  	0.148447
4  	380  	168      	179     	0.5     	0.665541	0.758598	0.0364673       	0.154303	0.313888	1  	0.149709
5  	374  	172      	179     	0.5     	0.674456	0.758598	0.0340191       	0.154303	0.310711	1  	0.146428
6  	375  	175      	179     	0.5     	0.681111	0.776827	0.0341552       	0.158114	0.314034	1  	0.148136
7  	382  	170      	179     	0.5     	0.687088	0.776827	0.0328609       	0.158114	0.314807	1  	0.146076
8  	377  	169      	179     	0.5     	0.691734	0.776827	0.0332606       	0.158114	0.316571	1  	0.146087
9  	381  	165      	179     	0.5     	0.69659 	0.776827	0.0319907       	0.164399	0.314387	1  	0.142757
10 	390  	171      	179     	0.5     	0.699281	0.788   	0.0323765       	0.164399	0.318125	1  	0.141708
11 	379  	171      	179     	0.5     	0.703474	0.788   	0.032716        	0.164399	0.318358	1  	0.143218
12 	363  	171      	179     	0.5     	0.706263	0.788   	0.0332174       	0.164399	0.321371	1  	0.142822
13 	378  	174      	179     	0.5     	0.709308	0.788   	0.0330035       	0.164399	0.323329	1  	0.142223
14 	385  	168      	179     	0.5     	0.711892	0.788639	0.0339535       	0.164399	0.323701	1  	0.142116
15 	363  	177      	179     	0.5     	0.716022	0.788639	0.0340412       	0.164399	0.318855	1  	0.141369
16 	378  	170      	179     	0.5     	0.717864	0.788639	0.0345683       	0.164399	0.32208 	1  	0.139747
17 	378  	176      	179     	0.5     	0.71979 	0.788639	0.0347949       	0.164399	0.324051	1  	0.138493
18 	373  	174      	179     	0.5     	0.721075	0.793265	0.0361458       	0.164399	0.328703	1  	0.139595
19 	380  	173      	179     	0.5     	0.723284	0.793265	0.0368336       	0.164399	0.329685	1  	0.138978
20 	366  	169      	179     	0.5     	0.725395	0.793265	0.0372827       	0.164399	0.329752	1  	0.138794
21 	388  	172      	179     	0.5     	0.727059	0.801439	0.0379991       	0.164399	0.331899	1  	0.137847
22 	384  	171      	179     	0.5     	0.728961	0.801439	0.038236        	0.164399	0.333378	1  	0.137387
23 	370  	173      	179     	0.5     	0.731465	0.801439	0.0391257       	0.166667	0.332474	1  	0.137307
24 	379  	170      	179     	0.5     	0.732409	0.801439	0.0393077       	0.176777	0.334389	1  	0.136875
25 	369  	166      	179     	0.5     	0.735561	0.8044  	0.038969        	0.176777	0.330005	1  	0.136396
26 	383  	169      	179     	0.5     	0.737786	0.8044  	0.0393915       	0.174078	0.328165	1  	0.136632
27 	388  	175      	179     	0.5     	0.740051	0.8044  	0.0388876       	0.174078	0.325926	1  	0.135242
28 	383  	167      	179     	0.5     	0.742422	0.8044  	0.0394          	0.174078	0.324446	1  	0.136015
29 	371  	168      	179     	0.5     	0.743981	0.8044  	0.0396486       	0.174078	0.324204	1  	0.136173
30 	377  	169      	179     	0.5     	0.745484	0.8044  	0.0400076       	0.176777	0.324496	1  	0.135913
31 	380  	168      	179     	0.5     	0.748107	0.816734	0.0405245       	0.174078	0.321036	1  	0.136689
32 	389  	166      	179     	0.5     	0.750036	0.816734	0.0404569       	0.174078	0.318935	1  	0.135382
33 	378  	170      	179     	0.5     	0.750971	0.816734	0.0408093       	0.174078	0.319344	1  	0.135222
34 	379  	171      	179     	0.5     	0.750971	0.816734	0.0417253       	0.176777	0.321976	1  	0.135272
35 	385  	174      	179     	0.5     	0.752007	0.816734	0.0408885       	0.176777	0.321778	1  	0.133712
36 	384  	170      	179     	0.5     	0.752885	0.816734	0.0413218       	0.176777	0.322223	1  	0.133693
37 	384  	173      	179     	0.5     	0.752607	0.816734	0.0426587       	0.176777	0.325729	1  	0.135374
38 	377  	173      	179     	0.5     	0.753752	0.816734	0.0428306       	0.176777	0.325476	1  	0.135431
39 	394  	171      	179     	0.5     	0.75606 	0.816734	0.0424841       	0.176777	0.321538	1  	0.134199
40 	368  	171      	179     	0.5     	0.756989	0.816734	0.0428318       	0.176777	0.321134	1  	0.134454
41 	397  	172      	179     	0.5     	0.75684 	0.816734	0.044016        	0.179605	0.324286	1  	0.135363
42 	380  	177      	179     	0.5     	0.759322	0.817342	0.0438358       	0.179605	0.319802	1  	0.13461 
43 	364  	166      	179     	0.5     	0.761245	0.817342	0.0435752       	0.179605	0.316503	1  	0.133305
44 	371  	171      	179     	0.5     	0.762258	0.817342	0.0440326       	0.179605	0.315848	1  	0.133451
45 	388  	165      	179     	0.5     	0.762985	0.817342	0.0444171       	0.179605	0.315992	1  	0.133477
46 	384  	168      	179     	0.5     	0.763443	0.817498	0.0446242       	0.179605	0.317166	1  	0.132843
47 	393  	171      	179     	0.5     	0.764524	0.823083	0.0450778       	0.179605	0.317148	1  	0.132926
48 	387  	169      	179     	0.5     	0.765501	0.823083	0.0452876       	0.179605	0.316149	1  	0.132808
49 	368  	169      	179     	0.5     	0.766277	0.823083	0.0454275       	0.179605	0.31577 	1  	0.132494
50 	373  	166      	179     	0.5     	0.768094	0.823083	0.0455471       	0.179605	0.313492	1  	0.13205 
51 	369  	166      	179     	0.5     	0.768795	0.823998	0.0458256       	0.179605	0.313761	1  	0.131848
52 	385  	170      	179     	0.5     	0.769802	0.830371	0.046145        	0.179605	0.312842	1  	0.131552
53 	370  	166      	179     	0.5     	0.768991	0.830371	0.0472392       	0.179605	0.316837	1  	0.132817
54 	389  	171      	179     	0.5     	0.76893 	0.830371	0.0471447       	0.182574	0.31851 	1  	0.131863
55 	403  	174      	179     	0.5     	0.770728	0.834177	0.0475464       	0.182574	0.315961	1  	0.132078
56 	376  	171      	179     	0.5     	0.770052	0.834177	0.0477568       	0.182574	0.319385	1  	0.131277
57 	372  	166      	179     	0.5     	0.769122	0.834177	0.048749        	0.182574	0.32287 	1  	0.132507
58 	364  	171      	179     	0.5     	0.769583	0.836359	0.0490195       	0.182574	0.323566	1  	0.132271
59 	371  	169      	179     	0.5     	0.770169	0.836359	0.0493096       	0.182574	0.323632	1  	0.132388
60 	383  	164      	179     	0.5     	0.770918	0.836359	0.0494545       	0.182574	0.322717	1  	0.132416
61 	386  	166      	179     	0.5     	0.77147 	0.836359	0.049887        	0.182574	0.322859	1  	0.132752
62 	368  	169      	179     	0.5     	0.771269	0.836359	0.0498023       	0.182574	0.323931	1  	0.132006
63 	374  	170      	179     	0.5     	0.772313	0.836359	0.0501793       	0.182574	0.322821	1  	0.132333
64 	357  	161      	179     	0.5     	0.77321 	0.836359	0.0498886       	0.182574	0.321397	1  	0.131099
65 	395  	169      	179     	0.5     	0.773241	0.836359	0.050741        	0.182574	0.322448	1  	0.132592
66 	389  	165      	179     	0.5     	0.773426	0.836359	0.0509164       	0.182574	0.322846	1  	0.132394
67 	375  	167      	179     	0.5     	0.773138	0.836359	0.0509613       	0.182574	0.324283	1  	0.131906
68 	390  	164      	179     	0.5     	0.773109	0.836359	0.0509405       	0.182574	0.325152	1  	0.131342
69 	380  	170      	179     	0.5     	0.77398 	0.836359	0.051377        	0.182574	0.324341	1  	0.131752
70 	369  	165      	179     	0.5     	0.774996	0.836359	0.051684        	0.182574	0.322929	1  	0.131972
71 	360  	160      	179     	0.5     	0.774764	0.836717	0.0518771       	0.182574	0.324296	1  	0.131734
72 	378  	163      	179     	0.5     	0.775179	0.836717	0.0521188       	0.182574	0.324277	1  	0.131774
73 	389  	167      	179     	0.5     	0.776469	0.836717	0.0522348       	0.182574	0.322246	1  	0.131647
74 	367  	164      	179     	0.5     	0.775611	0.836717	0.052354        	0.182574	0.324638	1  	0.131521
75 	381  	167      	179     	0.5     	0.77558 	0.837114	0.0524223       	0.182574	0.325511	1  	0.131059
76 	397  	169      	179     	0.5     	0.77618 	0.837137	0.0526798       	0.182574	0.325046	1  	0.131298
77 	386  	169      	179     	0.5     	0.776292	0.837137	0.0528259       	0.196116	0.325673	1  	0.130906
78 	365  	172      	179     	0.5     	0.776643	0.837137	0.0530222       	0.196116	0.325583	1  	0.130974
79 	404  	164      	179     	0.5     	0.776934	0.839588	0.0532418       	0.196116	0.325749	1  	0.130869
80 	377  	167      	179     	0.5     	0.777406	0.840058	0.0534932       	0.19245 	0.325723	1  	0.130891
81 	378  	160      	179     	0.5     	0.778129	0.840134	0.0537832       	0.19245 	0.325023	1  	0.131083
82 	386  	167      	179     	0.5     	0.779526	0.840134	0.0536774       	0.19245 	0.322994	1  	0.130567
83 	383  	161      	179     	0.5     	0.778925	0.840134	0.0541624       	0.19245 	0.325033	1  	0.13122 
84 	376  	162      	179     	0.5     	0.779662	0.841654	0.0543131       	0.19245 	0.324262	1  	0.131237
85 	382  	167      	179     	0.5     	0.779544	0.847621	0.0543967       	0.19245 	0.325114	1  	0.13107 
86 	372  	164      	179     	0.5     	0.779877	0.847621	0.0546322       	0.19245 	0.325003	1  	0.131149
87 	376  	169      	179     	0.5     	0.779645	0.847621	0.0546099       	0.19245 	0.326052	1  	0.130669
88 	376  	152      	179     	0.5     	0.779682	0.847621	0.054983        	0.19245 	0.326708	1  	0.131117
89 	383  	162      	179     	0.5     	0.780238	0.847621	0.0549977       	0.19245 	0.326042	1  	0.130682
90 	383  	163      	179     	0.5     	0.780403	0.847621	0.0551056       	0.19245 	0.326041	1  	0.130683
91 	392  	166      	179     	0.5     	0.781019	0.847621	0.055265        	0.19245 	0.3255  	1  	0.130846
92 	376  	161      	179     	0.5     	0.781315	0.847621	0.0554495       	0.19245 	0.325311	1  	0.130983
93 	370  	156      	179     	0.5     	0.781206	0.847621	0.0554271       	0.19245 	0.325991	1  	0.130729
94 	385  	171      	179     	0.5     	0.78146 	0.847621	0.0556088       	0.19245 	0.32595 	1  	0.130751
95 	381  	166      	179     	0.5     	0.781627	0.847621	0.055642        	0.19245 	0.325989	1  	0.13073 
96 	370  	163      	179     	0.5     	0.781747	0.847621	0.0556542       	0.19245 	0.326098	1  	0.130643
97 	365  	161      	179     	0.5     	0.782022	0.847621	0.0558095       	0.188982	0.32595 	1  	0.13076 
98 	358  	161      	179     	0.5     	0.782094	0.847621	0.0558229       	0.188982	0.326046	1  	0.130696
99 	387  	169      	179     	0.5     	0.782314	0.847621	0.055941        	0.188982	0.326049	1  	0.130695
100	395  	168      	179     	0.5     	0.782424	0.847621	0.0560087       	0.188982	0.32607 	1  	0.130677
101	394  	164      	179     	0.5     	0.782613	0.847621	0.056082        	0.188982	0.326012	1  	0.130732
102	382  	153      	179     	0.5     	0.782779	0.847621	0.0561991       	0.188982	0.325934	1  	0.130793
103	392  	158      	179     	0.5     	0.783177	0.849195	0.05648         	0.188982	0.325578	1  	0.131043
104	363  	152      	179     	0.5     	0.783147	0.849195	0.0564812       	0.188982	0.325903	1  	0.130829
105	381  	158      	179     	0.5     	0.783427	0.849195	0.0567082       	0.185695	0.325549	1  	0.131112
106	374  	154      	179     	0.5     	0.783587	0.849195	0.0567943       	0.185695	0.325424	1  	0.131199
107	385  	162      	179     	0.5     	0.7841  	0.849195	0.0569872       	0.185695	0.324771	1  	0.131466
108	375  	163      	179     	0.5     	0.783764	0.850565	0.0569272       	0.185695	0.325573	1  	0.131044
109	372  	158      	179     	0.5     	0.784584	0.850565	0.0569984       	0.185695	0.324256	1  	0.131183
110	385  	164      	179     	0.5     	0.785148	0.850565	0.0573297       	0.185695	0.323621	1  	0.131796
111	376  	165      	179     	0.5     	0.785217	0.850565	0.0573365       	0.185695	0.323651	1  	0.131652
112	377  	166      	179     	0.5     	0.786012	0.850817	0.0569892       	0.185695	0.322133	1  	0.130651
113	391  	166      	179     	0.5     	0.78646 	0.850817	0.0571039       	0.182574	0.321371	1  	0.130779
114	383  	169      	179     	0.5     	0.787064	0.850817	0.0569859       	0.182574	0.320245	1  	0.130663
115	386  	165      	179     	0.5     	0.786165	0.850817	0.0577632       	0.182574	0.322599	1  	0.132214
116	381  	158      	179     	0.5     	0.785482	0.850817	0.0577069       	0.182574	0.324055	1  	0.131881
117	382  	160      	179     	0.5     	0.786411	0.850817	0.0576002       	0.182574	0.322376	1  	0.131703
118	391  	163      	179     	0.5     	0.786394	0.850817	0.0575922       	0.182574	0.322552	1  	0.131803
119	378  	162      	179     	0.5     	0.785836	0.850817	0.0577275       	0.182574	0.323872	1  	0.131923
120	384  	166      	179     	0.5     	0.786698	0.850817	0.0573927       	0.182574	0.322209	1  	0.131041
121	368  	163      	179     	0.5     	0.787161	0.850817	0.0575558       	0.182574	0.321706	1  	0.131338
122	377  	164      	179     	0.5     	0.787711	0.852288	0.0574174       	0.182574	0.32071 	1  	0.130904
123	369  	160      	179     	0.5     	0.787776	0.852288	0.057565        	0.182574	0.32082 	1  	0.131169
124	370  	166      	179     	0.5     	0.786686	0.852288	0.0581509       	0.185695	0.323439	1  	0.132165
125	381  	162      	179     	0.5     	0.787402	0.852288	0.058047        	0.185695	0.322061	1  	0.131881
126	386  	173      	179     	0.5     	0.788416	0.852288	0.0575581       	0.185695	0.320068	1  	0.130747
127	387  	167      	179     	0.5     	0.788511	0.852288	0.0576164       	0.185695	0.319923	1  	0.130875
128	367  	158      	179     	0.5     	0.788564	0.852288	0.0576296       	0.185695	0.319934	1  	0.130867
129	375  	165      	179     	0.5     	0.788611	0.852288	0.0576601       	0.185695	0.319922	1  	0.130875
130	379  	154      	179     	0.5     	0.788665	0.852288	0.0576865       	0.185695	0.319904	1  	0.130891
131	387  	161      	179     	0.5     	0.788734	0.852288	0.0577058       	0.185695	0.319999	1  	0.130808
132	368  	162      	179     	0.5     	0.789231	0.852288	0.0576895       	0.182574	0.319002	1  	0.130841
133	386  	165      	179     	0.5     	0.789179	0.852288	0.0578184       	0.182574	0.31935 	1  	0.131023
134	355  	159      	179     	0.5     	0.789591	0.856901	0.0578173       	0.182574	0.31861 	1  	0.130852
135	369  	164      	179     	0.5     	0.789758	0.856901	0.0580061       	0.182574	0.318421	1  	0.131162
136	386  	164      	179     	0.5     	0.790793	0.856901	0.0575384       	0.182574	0.316466	1  	0.130049
137	361  	166      	179     	0.5     	0.790851	0.856901	0.0575522       	0.185695	0.316427	1  	0.129859
138	380  	166      	179     	0.5     	0.791352	0.856901	0.0576094       	0.185695	0.315656	1  	0.12996 
139	371  	163      	179     	0.5     	0.791916	0.856901	0.0576979       	0.185695	0.314761	1  	0.130145
140	373  	156      	179     	0.5     	0.791935	0.856901	0.0577284       	0.185695	0.314769	1  	0.130159
141	390  	161      	179     	0.5     	0.792076	0.856901	0.057773        	0.182574	0.31464 	1  	0.130255
142	379  	162      	179     	0.5     	0.791997	0.856901	0.0577313       	0.182574	0.314935	1  	0.130093
143	390  	162      	179     	0.5     	0.792204	0.856901	0.0578711       	0.182574	0.314582	1  	0.13035 
144	368  	158      	179     	0.5     	0.792608	0.856901	0.0579941       	0.182574	0.313843	1  	0.130666
145	359  	170      	179     	0.5     	0.793232	0.856901	0.0579285       	0.182574	0.31271 	1  	0.130453
146	375  	163      	179     	0.5     	0.793662	0.856901	0.0582096       	0.182574	0.312223	1  	0.13098 
147	390  	164      	179     	0.5     	0.792911	0.856901	0.058248        	0.182574	0.313752	1  	0.130887
148	375  	168      	179     	0.5     	0.793387	0.856901	0.0582651       	0.182574	0.313055	1  	0.130944
149	346  	162      	179     	0.5     	0.792734	0.856901	0.0581699       	0.182574	0.31448 	1  	0.13062 

STARTING MASTER RUNNER LEAN CONCATENATED MASTER

LEAN CONCATENATED MASTER WITH SYMMETRIC FLIP
MASTER
   	     	         	        	       survival SKSurv Cox model concordance index       	                 root leanness                  
   	     	         	        	---------------------------------------------------------	------------------------------------------------
gen	evals	gen_feats	explored	min     	avg     	max     	std             	min     	avg     	max	std     
0  	500  	108      	108     	0.473116	0.640625	0.759667	0.0560112       	0.2     	0.432672	1  	0.177112
1  	384  	157      	161     	0.470189	0.666275	0.762525	0.0412785       	0.208514	0.419468	1  	0.126186
2  	397  	154      	173     	0.459771	0.683908	0.762525	0.038396        	0.208514	0.423939	1  	0.129389
3  	384  	171      	178     	0.459771	0.691227	0.762525	0.0422786       	0.208514	0.43287 	1  	0.13248 
4  	358  	160      	180     	0.5     	0.697917	0.762525	0.0410665       	0.208514	0.432322	1  	0.135068
5  	375  	162      	181     	0.5     	0.701685	0.762525	0.0422297       	0.208514	0.4348  	1  	0.135082
6  	368  	166      	181     	0.5     	0.705623	0.762525	0.0419872       	0.208514	0.43356 	1  	0.134031
7  	371  	175      	181     	0.5     	0.708087	0.765752	0.0428649       	0.208514	0.432831	1  	0.134942
8  	380  	168      	181     	0.5     	0.710748	0.765752	0.04264         	0.208514	0.429985	1  	0.135103
9  	381  	165      	181     	0.5     	0.714167	0.765752	0.0420933       	0.208514	0.425125	1  	0.135008
10 	366  	169      	181     	0.5     	0.716113	0.770806	0.0422304       	0.204124	0.422776	1  	0.134891
11 	387  	169      	181     	0.5     	0.718073	0.770806	0.0420866       	0.204124	0.421016	1  	0.134028
12 	378  	168      	181     	0.5     	0.71941 	0.770806	0.0421731       	0.204124	0.420716	1  	0.134288
13 	375  	167      	181     	0.5     	0.720704	0.771169	0.0428696       	0.204124	0.421296	1  	0.13413 
14 	378  	166      	181     	0.5     	0.723543	0.771169	0.0419885       	0.204124	0.413813	1  	0.134792
15 	381  	167      	181     	0.5     	0.726542	0.771882	0.0405969       	0.204124	0.40632 	1  	0.134754
16 	393  	168      	181     	0.5     	0.728844	0.777304	0.0406182       	0.204124	0.400986	1  	0.135393
17 	369  	167      	181     	0.5     	0.730316	0.780665	0.0401973       	0.19245 	0.399   	1  	0.135912
18 	380  	172      	181     	0.5     	0.732227	0.78515 	0.0399406       	0.19245 	0.395845	1  	0.135293
19 	379  	167      	181     	0.5     	0.733911	0.786996	0.0400911       	0.19245 	0.394945	1  	0.134099
20 	390  	167      	181     	0.5     	0.735752	0.786996	0.0401785       	0.19245 	0.390749	1  	0.134568
21 	386  	167      	181     	0.5     	0.736445	0.786996	0.0405095       	0.19245 	0.391623	1  	0.134076
22 	373  	169      	181     	0.5     	0.737329	0.787252	0.0409192       	0.19245 	0.392351	1  	0.133362
23 	370  	170      	181     	0.5     	0.737995	0.787252	0.0410411       	0.19245 	0.393226	1  	0.132463
24 	368  	168      	181     	0.5     	0.738839	0.793915	0.0413231       	0.19245 	0.393704	1  	0.132031
25 	380  	176      	181     	0.5     	0.740385	0.794493	0.0412312       	0.19245 	0.390335	1  	0.13203 
26 	380  	171      	181     	0.5     	0.741211	0.794493	0.0416207       	0.19245 	0.389465	1  	0.132534
27 	386  	167      	181     	0.5     	0.742019	0.794493	0.0420913       	0.19245 	0.390519	1  	0.131758
28 	355  	163      	181     	0.5     	0.742652	0.794493	0.0424353       	0.188982	0.390176	1  	0.132112
29 	391  	168      	181     	0.5     	0.74393 	0.797317	0.043027        	0.188982	0.388403	1  	0.132566
30 	371  	171      	181     	0.5     	0.744975	0.797317	0.0427771       	0.188982	0.386921	1  	0.131727
31 	369  	164      	181     	0.5     	0.745804	0.797317	0.0432396       	0.188982	0.386084	1  	0.132366
32 	374  	160      	181     	0.5     	0.747688	0.798424	0.0431114       	0.223607	0.382143	1  	0.13174 
33 	386  	168      	181     	0.5     	0.749012	0.798424	0.0430648       	0.223607	0.379731	1  	0.131666
34 	375  	167      	181     	0.5     	0.748983	0.798424	0.0440827       	0.208514	0.382504	1  	0.13245 
35 	379  	166      	181     	0.5     	0.749532	0.798424	0.0443989       	0.208514	0.382446	1  	0.132531
36 	374  	170      	181     	0.5     	0.750744	0.800178	0.0447996       	0.208514	0.380547	1  	0.132904
37 	375  	168      	181     	0.5     	0.752949	0.800178	0.0442996       	0.204124	0.374973	1  	0.132553
38 	373  	168      	181     	0.5     	0.753512	0.800178	0.0445392       	0.2     	0.375377	1  	0.132293
39 	380  	165      	181     	0.5     	0.754217	0.804887	0.0449766       	0.2     	0.375206	1  	0.132427
40 	367  	162      	181     	0.5     	0.754943	0.804887	0.0452332       	0.204124	0.374242	1  	0.132917
41 	383  	170      	181     	0.5     	0.755226	0.804935	0.0454906       	0.204124	0.375123	1  	0.132478
42 	390  	163      	181     	0.5     	0.756565	0.814441	0.0453215       	0.204124	0.371949	1  	0.132437
43 	375  	160      	181     	0.5     	0.756089	0.814441	0.04619         	0.204124	0.375275	1  	0.132684
44 	379  	159      	181     	0.5     	0.756837	0.814441	0.0464063       	0.204124	0.373682	1  	0.133255
45 	393  	164      	181     	0.5     	0.758199	0.814441	0.0462263       	0.208514	0.370619	1  	0.133348
46 	364  	159      	181     	0.5     	0.759736	0.814441	0.0459693       	0.208514	0.366455	1  	0.133465
47 	377  	168      	181     	0.5     	0.761293	0.814441	0.0457084       	0.208514	0.361431	1  	0.133922
48 	371  	165      	181     	0.5     	0.762924	0.825839	0.0455859       	0.204124	0.357858	1  	0.133543
49 	376  	171      	181     	0.5     	0.76352 	0.825839	0.045911        	0.2     	0.35735 	1  	0.133779
50 	394  	165      	181     	0.5     	0.764283	0.825839	0.0462288       	0.2     	0.356685	1  	0.133822
51 	406  	175      	181     	0.5     	0.764492	0.825839	0.0464532       	0.204124	0.357866	1  	0.1332  
52 	356  	165      	181     	0.5     	0.765157	0.825839	0.0466445       	0.204124	0.357003	1  	0.133075
53 	387  	165      	181     	0.5     	0.76633 	0.825839	0.0464726       	0.204124	0.355256	1  	0.132177
54 	380  	166      	181     	0.5     	0.765682	0.825839	0.0476274       	0.204124	0.358682	1  	0.132668
55 	395  	164      	181     	0.5     	0.766116	0.825839	0.0474599       	0.204124	0.35944 	1  	0.132117
56 	356  	162      	181     	0.5     	0.766777	0.825839	0.0477427       	0.204124	0.358822	1  	0.132363
57 	388  	172      	181     	0.5     	0.767621	0.825839	0.0477681       	0.204124	0.357123	1  	0.132269
58 	365  	155      	181     	0.5     	0.767177	0.825839	0.0481059       	0.204124	0.359432	1  	0.132115
59 	368  	163      	181     	0.5     	0.767617	0.825839	0.0483636       	0.204124	0.359433	1  	0.132087
60 	395  	161      	181     	0.5     	0.768202	0.825839	0.0487026       	0.204124	0.359467	1  	0.132048
61 	393  	161      	181     	0.5     	0.768594	0.825839	0.048944        	0.204124	0.359608	1  	0.131924
62 	375  	167      	181     	0.5     	0.768962	0.825839	0.0491824       	0.204124	0.359243	1  	0.132207
63 	369  	161      	181     	0.5     	0.769216	0.825839	0.0493015       	0.204124	0.359964	1  	0.131653
64 	374  	165      	181     	0.5     	0.769689	0.825839	0.0494907       	0.204124	0.359093	1  	0.132223
65 	375  	168      	181     	0.5     	0.771228	0.825839	0.049147        	0.204124	0.355496	1  	0.131733
66 	376  	167      	181     	0.5     	0.77153 	0.825839	0.0493369       	0.204124	0.355529	1  	0.131698
67 	380  	167      	181     	0.5     	0.771756	0.825839	0.0495005       	0.19245 	0.355153	1  	0.132061
68 	389  	171      	181     	0.5     	0.772456	0.825839	0.0497357       	0.19245 	0.353646	1  	0.132786
69 	372  	167      	181     	0.5     	0.773612	0.825839	0.0493474       	0.19245 	0.351201	1  	0.132121
70 	377  	170      	181     	0.5     	0.774295	0.825839	0.0495419       	0.19245 	0.349746	1  	0.132644
71 	388  	169      	181     	0.5     	0.774601	0.826701	0.0497751       	0.19245 	0.349801	1  	0.132726
72 	365  	170      	181     	0.5     	0.775907	0.826701	0.0493551       	0.19245 	0.346881	1  	0.131847
73 	383  	171      	181     	0.5     	0.775774	0.828868	0.0502318       	0.19245 	0.347779	1  	0.133102
74 	373  	164      	181     	0.5     	0.776703	0.828868	0.0496571       	0.19245 	0.346049	1  	0.13193 
75 	379  	169      	181     	0.5     	0.77682 	0.828868	0.0497326       	0.19245 	0.346178	1  	0.131815
76 	374  	169      	181     	0.5     	0.77703 	0.828868	0.0498043       	0.188982	0.345783	1  	0.132192
77 	387  	168      	181     	0.5     	0.776094	0.828868	0.0505838       	0.188982	0.349044	1  	0.132863
78 	381  	171      	181     	0.5     	0.777443	0.828868	0.0500426       	0.188982	0.345755	1  	0.132221
79 	363  	163      	181     	0.5     	0.777725	0.828868	0.05023         	0.19245 	0.345942	1  	0.132048
80 	384  	168      	181     	0.5     	0.777988	0.828868	0.0503704       	0.188982	0.345737	1  	0.132223
81 	368  	166      	181     	0.5     	0.778257	0.828868	0.0504888       	0.188982	0.34576 	1  	0.132235
82 	369  	159      	181     	0.5     	0.779392	0.828868	0.0506191       	0.188982	0.343003	1  	0.132644
83 	348  	165      	181     	0.5     	0.77907 	0.828868	0.0509942       	0.188982	0.344311	1  	0.13298 
84 	375  	163      	181     	0.5     	0.780173	0.828868	0.0509077       	0.188982	0.341736	1  	0.133154
85 	372  	165      	181     	0.5     	0.779655	0.830266	0.0512626       	0.188982	0.343505	1  	0.133362
86 	368  	169      	181     	0.5     	0.780965	0.830266	0.0506628       	0.188982	0.340651	1  	0.132372
87 	368  	169      	181     	0.5     	0.77949 	0.830266	0.0513573       	0.188982	0.345345	1  	0.132586
88 	384  	170      	181     	0.5     	0.779899	0.830266	0.0515359       	0.188982	0.344792	1  	0.13297 
89 	393  	162      	181     	0.5     	0.780103	0.832527	0.0515958       	0.188982	0.344894	1  	0.132886
90 	372  	169      	181     	0.5     	0.780762	0.832527	0.0518637       	0.185695	0.343554	1  	0.133623
91 	369  	167      	181     	0.5     	0.782124	0.832527	0.051237        	0.185695	0.340312	1  	0.13262 
92 	381  	166      	181     	0.5     	0.782275	0.832527	0.0512508       	0.185695	0.340281	1  	0.132649
93 	383  	163      	181     	0.5     	0.782455	0.832527	0.0513613       	0.185695	0.340604	1  	0.132468
94 	389  	162      	181     	0.5     	0.78262 	0.832527	0.0514221       	0.185695	0.340638	1  	0.132449
95 	374  	166      	181     	0.5     	0.782742	0.832527	0.0514835       	0.185695	0.340619	1  	0.132495
96 	390  	166      	181     	0.5     	0.783258	0.832527	0.0517356       	0.185695	0.339434	1  	0.133233
97 	388  	171      	181     	0.5     	0.784438	0.837334	0.0512415       	0.185695	0.336561	1  	0.132439
98 	380  	176      	181     	0.5     	0.785105	0.837334	0.0513473       	0.185695	0.335324	1  	0.132573
99 	402  	172      	181     	0.5     	0.785354	0.837334	0.0514654       	0.182574	0.334727	1  	0.132976
100	384  	168      	181     	0.5     	0.785907	0.838224	0.0515865       	0.182574	0.333323	1  	0.13349 
101	373  	169      	181     	0.5     	0.786052	0.838224	0.0515257       	0.182574	0.333773	1  	0.133005
102	384  	159      	181     	0.5     	0.787435	0.838224	0.0510189       	0.182574	0.330244	1  	0.132395
103	393  	167      	181     	0.5     	0.787668	0.838224	0.0511514       	0.182574	0.329912	1  	0.132647
104	365  	167      	181     	0.5     	0.788224	0.838224	0.051223        	0.182574	0.328541	1  	0.132952
105	368  	170      	181     	0.5     	0.788485	0.838224	0.0513433       	0.182574	0.328312	1  	0.132993
106	384  	171      	181     	0.5     	0.78938 	0.838224	0.0507689       	0.179605	0.325953	1  	0.132047
107	371  	174      	181     	0.5     	0.789019	0.838224	0.0514834       	0.179605	0.326807	1  	0.133454
108	373  	170      	181     	0.5     	0.789122	0.838224	0.0517207       	0.179605	0.327029	1  	0.133644
109	396  	177      	181     	0.5     	0.789058	0.838224	0.0516672       	0.179605	0.327914	1  	0.133324
110	379  	168      	181     	0.5     	0.789472	0.838224	0.051353        	0.179605	0.326936	1  	0.132822
111	380  	170      	181     	0.5     	0.7897  	0.838224	0.0517662       	0.179605	0.32688 	1  	0.133558
112	377  	171      	181     	0.5     	0.790778	0.838224	0.0511256       	0.179605	0.324598	1  	0.132253
113	401  	178      	181     	0.5     	0.790042	0.838224	0.0521968       	0.179605	0.326916	1  	0.13368 
114	381  	164      	181     	0.5     	0.791258	0.840973	0.0513393       	0.179605	0.324797	1  	0.132009
115	390  	173      	181     	0.5     	0.791341	0.840973	0.0513875       	0.179605	0.324649	1  	0.132139
116	384  	171      	181     	0.5     	0.791518	0.840973	0.0514076       	0.179605	0.324767	1  	0.132033
117	389  	171      	181     	0.5     	0.791718	0.840973	0.0515058       	0.179605	0.324766	1  	0.132034
118	372  	168      	181     	0.5     	0.791835	0.840973	0.051574        	0.179605	0.324778	1  	0.131999
119	382  	170      	181     	0.5     	0.79202 	0.840973	0.0516384       	0.179605	0.324688	1  	0.132065
120	370  	167      	181     	0.5     	0.791897	0.840973	0.0517672       	0.179605	0.325545	1  	0.131962
121	372  	168      	181     	0.5     	0.792263	0.840973	0.0517538       	0.176777	0.324957	1  	0.131844
122	354  	167      	181     	0.5     	0.792345	0.840973	0.0518026       	0.176777	0.325087	1  	0.131742
123	385  	171      	181     	0.5     	0.79244 	0.840973	0.0518508       	0.176777	0.324917	1  	0.131855
124	390  	172      	181     	0.5     	0.79282 	0.840973	0.0520175       	0.176777	0.324121	1  	0.132341
125	386  	170      	181     	0.5     	0.793517	0.841616	0.0521859       	0.176777	0.322769	1  	0.132735
126	376  	172      	181     	0.5     	0.793477	0.841616	0.0522213       	0.176777	0.323319	1  	0.132673
127	368  	165      	181     	0.5     	0.794507	0.841616	0.0520497       	0.176777	0.320874	1  	0.132435
128	386  	167      	181     	0.5     	0.793989	0.843969	0.0524069       	0.176777	0.322735	1  	0.132564
129	379  	169      	181     	0.5     	0.793739	0.843969	0.0523684       	0.179605	0.323991	1  	0.132227
130	380  	167      	181     	0.5     	0.794513	0.843969	0.0525085       	0.179605	0.322199	1  	0.132671
131	390  	167      	181     	0.5     	0.794489	0.843969	0.0525657       	0.179605	0.322591	1  	0.132581
132	385  	165      	181     	0.5     	0.795555	0.843969	0.0520613       	0.179605	0.320266	1  	0.131586
133	365  	167      	181     	0.5     	0.795919	0.843969	0.0519065       	0.179605	0.319512	1  	0.131212
134	393  	171      	181     	0.5     	0.796069	0.843969	0.0519607       	0.179605	0.319531	1  	0.131197
135	388  	171      	181     	0.5     	0.796195	0.843969	0.0520173       	0.179605	0.319595	1  	0.131149
136	381  	171      	181     	0.5     	0.796357	0.843969	0.0520713       	0.179605	0.319535	1  	0.131187
137	378  	164      	181     	0.5     	0.796507	0.844801	0.0521381       	0.179605	0.319351	1  	0.131328
138	386  	173      	181     	0.5     	0.796601	0.845436	0.0521311       	0.179605	0.319515	1  	0.131203
139	380  	170      	181     	0.5     	0.796545	0.849434	0.0523472       	0.179605	0.320172	1  	0.131289
140	379  	165      	181     	0.5     	0.796322	0.849434	0.0528333       	0.179605	0.321122	1  	0.132141
141	378  	167      	181     	0.5     	0.797147	0.850328	0.0523714       	0.179605	0.319458	1  	0.131245
142	402  	169      	181     	0.5     	0.797252	0.850328	0.0524382       	0.179605	0.31946 	1  	0.131244
143	373  	172      	181     	0.5     	0.796919	0.850328	0.0530072       	0.179605	0.320538	1  	0.132219
144	372  	172      	181     	0.5     	0.797445	0.850328	0.0525444       	0.179605	0.31966 	1  	0.131072
145	361  	171      	181     	0.5     	0.796343	0.850328	0.053666        	0.179605	0.322429	1  	0.132478
146	377  	168      	181     	0.5     	0.796653	0.850328	0.0535969       	0.179605	0.321852	1  	0.132335
147	397  	170      	181     	0.5     	0.797299	0.850328	0.0528127       	0.179605	0.320584	1  	0.131313
148	373  	168      	181     	0.5     	0.796329	0.850328	0.0537858       	0.179605	0.322985	1  	0.132328
149	379  	167      	181     	0.5     	0.797106	0.850328	0.0529944       	0.179605	0.321521	1  	0.131246

CURRENT HALLS OF FAME

PARETO FRONT
Number of solutions = 17
(0.8503280252573645, 0.20851441405707477) 22 features: [0_age_at_initial_pathologic_diagnosis, 0_race_WHITE, 1_hsa.miR.103a.2.5p, 1_hsa.miR.1251.5p, 1_hsa.miR.1307.3p, 1_hsa.miR.130b.5p, 1_hsa.miR.135b.3p, 1_hsa.miR.1468.5p, 1_hsa.miR.150.5p, 1_hsa.miR.196b.3p, 1_hsa.miR.301a.3p, 1_hsa.miR.339.3p, 1_hsa.miR.455.5p, 1_hsa.miR.4661.5p, 1_hsa.miR.4662a.5p, 1_hsa.miR.551a, 1_hsa.miR.592, 1_hsa.miR.6511b.3p, 1_hsa.miR.744.3p, 1_hsa.miR.371a.5p, 1_hsa.miR.512.3p, 1_hsa.miR.885.3p]
(0.8439685230665432, 0.24253562503633297) 16 features: [0_age_at_initial_pathologic_diagnosis, 0_race_WHITE, 1_hsa.miR.1307.3p, 1_hsa.miR.135b.3p, 1_hsa.miR.1468.5p, 1_hsa.miR.150.5p, 1_hsa.miR.301a.3p, 1_hsa.miR.339.3p, 1_hsa.miR.454.3p, 1_hsa.miR.4662a.5p, 1_hsa.miR.4668.3p, 1_hsa.miR.551a, 1_hsa.miR.592, 1_hsa.miR.6511b.3p, 1_hsa.miR.371a.5p, 1_hsa.miR.512.3p]
(0.8349890700995486, 0.25) 15 features: [0_age_at_initial_pathologic_diagnosis, 0_race_WHITE, 1_hsa.miR.1307.3p, 1_hsa.miR.135b.3p, 1_hsa.miR.1468.5p, 1_hsa.miR.150.5p, 1_hsa.miR.301a.3p, 1_hsa.miR.339.3p, 1_hsa.miR.4662a.5p, 1_hsa.miR.4668.3p, 1_hsa.miR.551a, 1_hsa.miR.592, 1_hsa.miR.6511b.3p, 1_hsa.miR.371a.5p, 1_hsa.miR.512.3p]
(0.8282172896655421, 0.2581988897471611) 14 features: [0_age_at_initial_pathologic_diagnosis, 0_race_WHITE, 1_hsa.miR.130b.5p, 1_hsa.miR.1468.5p, 1_hsa.miR.210.3p, 1_hsa.miR.301a.3p, 1_hsa.miR.339.3p, 1_hsa.miR.4521, 1_hsa.miR.4662a.5p, 1_hsa.miR.592, 1_hsa.miR.6511b.3p, 1_hsa.miR.708.3p, 1_hsa.miR.371a.5p, 1_hsa.miR.512.3p]
(0.8264603428739684, 0.2672612419124244) 13 features: [0_age_at_initial_pathologic_diagnosis, 0_race_WHITE, 1_hsa.miR.135b.3p, 1_hsa.miR.150.5p, 1_hsa.miR.301a.3p, 1_hsa.miR.339.3p, 1_hsa.miR.3648, 1_hsa.miR.4662a.5p, 1_hsa.miR.551a, 1_hsa.miR.592, 1_hsa.miR.6511b.3p, 1_hsa.miR.371a.5p, 1_hsa.miR.512.3p]
(0.826134821577254, 0.28867513459481287) 11 features: [0_age_at_initial_pathologic_diagnosis, 1_hsa.miR.1343.3p, 1_hsa.miR.1468.5p, 1_hsa.miR.210.3p, 1_hsa.miR.301a.3p, 1_hsa.miR.339.3p, 1_hsa.miR.454.3p, 1_hsa.miR.592, 1_hsa.miR.6511b.3p, 1_hsa.miR.371a.5p, 1_hsa.miR.512.3p]
(0.8177675853861803, 0.30151134457776363) 10 features: [0_age_at_initial_pathologic_diagnosis, 1_hsa.miR.1468.5p, 1_hsa.miR.210.3p, 1_hsa.miR.301a.3p, 1_hsa.miR.339.3p, 1_hsa.miR.454.3p, 1_hsa.miR.592, 1_hsa.miR.6511b.3p, 1_hsa.miR.371a.5p, 1_hsa.miR.512.3p]
(0.8072672312088013, 0.31622776601683794) 9 features: [0_age_at_initial_pathologic_diagnosis, 0_race_WHITE, 1_hsa.miR.1468.5p, 1_hsa.miR.150.5p, 1_hsa.miR.20a.3p, 1_hsa.miR.219a.1.3p, 1_hsa.miR.3648, 1_hsa.miR.592, 1_hsa.miR.512.3p]
(0.8032173682148839, 0.3333333333333333) 8 features: [0_age_at_initial_pathologic_diagnosis, 0_race_WHITE, 1_hsa.miR.150.5p, 1_hsa.miR.4449, 1_hsa.miR.4521, 1_hsa.miR.4662a.5p, 1_hsa.miR.592, 1_hsa.miR.518f.3p]
(0.7965354546400635, 0.3535533905932738) 7 features: [0_age_at_initial_pathologic_diagnosis, 0_race_WHITE, 1_hsa.miR.150.5p, 1_hsa.miR.4521, 1_hsa.miR.592, 1_hsa.miR.940, 1_hsa.miR.512.3p]
(0.7863154606970193, 0.3779644730092272) 6 features: [0_age_at_initial_pathologic_diagnosis, 0_race_WHITE, 1_hsa.miR.150.5p, 1_hsa.miR.3648, 1_hsa.miR.592, 1_hsa.miR.940]
(0.7694580794346089, 0.408248290463863) 5 features: [0_age_at_initial_pathologic_diagnosis, 0_race_WHITE, 1_hsa.miR.150.5p, 1_hsa.miR.3648, 1_hsa.miR.940]
(0.7562330890480865, 0.4472135954999579) 4 features: [0_race_WHITE, 1_hsa.miR.20a.3p, 1_hsa.miR.3648, 1_hsa.miR.3677.3p]
(0.7420296624116007, 0.5) [0_race_WHITE, 1_hsa.miR.3648, 1_hsa.miR.3677.3p]
(0.7082374790906462, 0.5773502691896257) [0_race_WHITE, 1_hsa.miR.20a.3p]
(0.6759274673454355, 0.7071067811865476) [1_hsa.miR.92a.3p]
(0.5, 1.0) []
Features in hall of fame by prevalence:
36 features: [0_race_WHITE, 0_age_at_initial_pathologic_diagnosis, 1_hsa.miR.592, 1_hsa.miR.150.5p, 1_hsa.miR.512.3p, 1_hsa.miR.1468.5p, 1_hsa.miR.301a.3p, 1_hsa.miR.339.3p, 1_hsa.miR.6511b.3p, 1_hsa.miR.371a.5p, 1_hsa.miR.3648, 1_hsa.miR.4662a.5p, 1_hsa.miR.135b.3p, 1_hsa.miR.551a, 1_hsa.miR.1307.3p, 1_hsa.miR.20a.3p, 1_hsa.miR.210.3p, 1_hsa.miR.4521, 1_hsa.miR.454.3p, 1_hsa.miR.940, 1_hsa.miR.130b.5p, 1_hsa.miR.3677.3p, 1_hsa.miR.4668.3p, 1_hsa.miR.103a.2.5p, 1_hsa.miR.1251.5p, 1_hsa.miR.1343.3p, 1_hsa.miR.196b.3p, 1_hsa.miR.219a.1.3p, 1_hsa.miR.4449, 1_hsa.miR.455.5p, 1_hsa.miR.4661.5p, 1_hsa.miR.708.3p, 1_hsa.miR.744.3p, 1_hsa.miR.92a.3p, 1_hsa.miR.518f.3p, 1_hsa.miR.885.3p]

LAST POPULATION
Number of solutions = 500
Features in hall of fame by prevalence:
146 features: [0_race_WHITE, 0_age_at_initial_pathologic_diagnosis, 1_hsa.miR.592, 1_hsa.miR.512.3p, 1_hsa.miR.150.5p, 1_hsa.miR.1468.5p, 1_hsa.miR.301a.3p, 1_hsa.miR.339.3p, 1_hsa.miR.6511b.3p, 1_hsa.miR.4662a.5p, 1_hsa.miR.551a, 1_hsa.miR.135b.3p, 1_hsa.miR.371a.5p, 1_hsa.miR.130b.5p, 1_hsa.miR.1307.3p, 1_hsa.miR.3648, 1_hsa.miR.196b.3p, 1_hsa.miR.210.3p, 1_hsa.miR.4521, 1_hsa.miR.454.3p, 1_hsa.miR.4668.3p, 1_hsa.miR.151a.5p, 1_hsa.miR.103a.2.5p, 1_hsa.miR.3687, 1_hsa.miR.708.5p, 1_hsa.miR.940, 1_hsa.miR.744.3p, 1_hsa.miR.301b, 1_hsa.miR.20a.3p, 1_hsa.miR.766.3p, 1_hsa.miR.197.3p, 1_hsa.miR.371a.3p, 1_hsa.miR.1343.3p, 1_hsa.miR.885.3p, 1_hsa.miR.520f.3p, 1_hsa.miR.219a.1.3p, 1_hsa.miR.4661.5p, 1_hsa.miR.1251.5p, 1_hsa.miR.92a.1.5p, 1_hsa.miR.3917, 1_hsa.miR.1301.3p, 1_hsa.miR.3677.3p, 1_hsa.miR.760, 1_hsa.miR.744.5p, 1_hsa.miR.4449, 1_hsa.miR.515.3p, 1_hsa.miR.505.3p, 1_hsa.miR.887.3p, 1_hsa.miR.1226.3p, 1_hsa.miR.421, 1_hsa.miR.520b, 1_hsa.miR.155.3p, 1_hsa.miR.103a.3p, 1_hsa.miR.138.5p, 1_hsa.miR.135a.5p, 1_hsa.miR.24.3p, 1_hsa.miR.455.3p, 1_hsa.miR.526b.3p, 1_hsa.miR.32.3p, 1_hsa.let.7e.3p, 1_hsa.miR.1271.5p, 1_hsa.miR.708.3p, 1_hsa.miR.92a.3p, 1_hsa.miR.518f.3p, 1_hsa.miR.1277.3p, 1_hsa.miR.33a.5p, 1_hsa.miR.425.5p, 1_hsa.miR.520e, 1_hsa.miR.130b.3p, 1_hsa.miR.181c.3p, 1_hsa.miR.19a.3p, 1_hsa.miR.3170, 1_hsa.miR.365a.3p, 1_hsa.miR.365b.3p, 1_hsa.miR.3681.5p, 1_hsa.miR.423.3p, 1_hsa.miR.519c.3p, 1_hsa.miR.135b.5p, 1_hsa.miR.17.3p, 1_hsa.miR.17.5p, 1_hsa.miR.181b.3p, 1_hsa.miR.19b.3p, 1_hsa.miR.3922.3p, 1_hsa.miR.455.5p, 1_hsa.miR.520h, 1_hsa.miR.105.5p, 1_hsa.miR.1296.5p, 1_hsa.miR.183.5p, 1_hsa.miR.188.3p, 1_hsa.miR.210.5p, 1_hsa.miR.484, 1_hsa.miR.7.1.3p, 1_hsa.miR.767.3p, 1_hsa.miR.7706, 1_hsa.miR.520g.3p, 1_hsa.miR.125a.3p, 1_hsa.miR.138.1.3p, 1_hsa.miR.18a.3p, 1_hsa.miR.301a.5p, 1_hsa.miR.3200.3p, ...]

BEST SUMS WITH SIZE 50
Number of solutions = 50
Features in hall of fame by prevalence:
49 features: [1_hsa.miR.103a.2.5p, 1_hsa.miR.1226.3p, 1_hsa.miR.1301.3p, 1_hsa.miR.1306.3p, 1_hsa.miR.1306.5p, 1_hsa.miR.1468.5p, 1_hsa.miR.148b.5p, 1_hsa.miR.151a.5p, 1_hsa.miR.15b.3p, 1_hsa.miR.16.2.3p, 1_hsa.miR.17.3p, 1_hsa.miR.17.5p, 1_hsa.miR.181b.3p, 1_hsa.miR.18a.3p, 1_hsa.miR.18a.5p, 1_hsa.miR.193a.3p, 1_hsa.miR.197.3p, 1_hsa.miR.19a.3p, 1_hsa.miR.19b.3p, 1_hsa.miR.20a.3p, 1_hsa.miR.20a.5p, 1_hsa.miR.210.3p, 1_hsa.miR.29c.3p, 1_hsa.miR.301a.3p, 1_hsa.miR.301a.5p, 1_hsa.miR.301b, 1_hsa.miR.3170, 1_hsa.miR.3200.3p, 1_hsa.miR.324.3p, 1_hsa.miR.324.5p, 1_hsa.miR.33a.5p, 1_hsa.miR.3605.3p, 1_hsa.miR.3648, 1_hsa.miR.3677.3p, 1_hsa.miR.3687, 1_hsa.miR.421, 1_hsa.miR.4326, 1_hsa.miR.455.3p, 1_hsa.miR.455.5p, 1_hsa.miR.4668.3p, 1_hsa.miR.505.3p, 1_hsa.miR.589.3p, 1_hsa.miR.592, 1_hsa.miR.744.3p, 1_hsa.miR.760, 1_hsa.miR.7706, 1_hsa.miR.887.3p, 1_hsa.miR.92a.3p, 1_hsa.miR.940]

BEST SUMS WITH SIZE 100
Number of solutions = 100
Features in hall of fame by prevalence:
98 features: [0_race_WHITE, 1_hsa.miR.20a.3p, 0_age_at_initial_pathologic_diagnosis, 1_hsa.let.7a.2.3p, 1_hsa.let.7a.3p, 1_hsa.let.7g.3p, 1_hsa.let.7g.5p, 1_hsa.miR.103a.2.5p, 1_hsa.miR.103a.3p, 1_hsa.miR.106b.5p, 1_hsa.miR.1226.3p, 1_hsa.miR.125b.1.3p, 1_hsa.miR.1269a, 1_hsa.miR.1296.5p, 1_hsa.miR.1301.3p, 1_hsa.miR.1306.3p, 1_hsa.miR.1306.5p, 1_hsa.miR.1307.3p, 1_hsa.miR.1343.3p, 1_hsa.miR.135a.3p, 1_hsa.miR.135a.5p, 1_hsa.miR.138.5p, 1_hsa.miR.1468.5p, 1_hsa.miR.146b.3p, 1_hsa.miR.146b.5p, 1_hsa.miR.148b.5p, 1_hsa.miR.150.5p, 1_hsa.miR.151a.5p, 1_hsa.miR.155.3p, 1_hsa.miR.15b.3p, 1_hsa.miR.16.2.3p, 1_hsa.miR.17.3p, 1_hsa.miR.17.5p, 1_hsa.miR.181a.3p, 1_hsa.miR.181b.3p, 1_hsa.miR.186.5p, 1_hsa.miR.18a.3p, 1_hsa.miR.18a.5p, 1_hsa.miR.193a.3p, 1_hsa.miR.196b.3p, 1_hsa.miR.197.3p, 1_hsa.miR.19a.3p, 1_hsa.miR.19b.3p, 1_hsa.miR.20a.5p, 1_hsa.miR.210.3p, 1_hsa.miR.219a.1.3p, 1_hsa.miR.29c.3p, 1_hsa.miR.301a.3p, 1_hsa.miR.301a.5p, 1_hsa.miR.301b, 1_hsa.miR.3074.5p, 1_hsa.miR.3170, 1_hsa.miR.3200.3p, 1_hsa.miR.32.3p, 1_hsa.miR.324.3p, 1_hsa.miR.324.5p, 1_hsa.miR.33a.5p, 1_hsa.miR.340.3p, 1_hsa.miR.3605.3p, 1_hsa.miR.3615, 1_hsa.miR.361.5p, 1_hsa.miR.3648, 1_hsa.miR.3677.3p, 1_hsa.miR.3687, 1_hsa.miR.421, 1_hsa.miR.423.3p, 1_hsa.miR.4326, 1_hsa.miR.4521, 1_hsa.miR.454.3p, 1_hsa.miR.455.3p, 1_hsa.miR.455.5p, 1_hsa.miR.4668.3p, 1_hsa.miR.484, 1_hsa.miR.503.3p, 1_hsa.miR.505.3p, 1_hsa.miR.514a.3p, 1_hsa.miR.551a, 1_hsa.miR.551b.3p, 1_hsa.miR.589.3p, 1_hsa.miR.590.5p, 1_hsa.miR.592, 1_hsa.miR.652.5p, 1_hsa.miR.708.3p, 1_hsa.miR.744.3p, 1_hsa.miR.760, 1_hsa.miR.766.3p, 1_hsa.miR.767.3p, 1_hsa.miR.767.5p, 1_hsa.miR.7706, 1_hsa.miR.877.5p, 1_hsa.miR.885.5p, 1_hsa.miR.887.3p, 1_hsa.miR.92a.1.5p, 1_hsa.miR.92a.3p, 1_hsa.miR.93.3p, 1_hsa.miR.940, 1_hsa.miR.99b.3p, 1_hsa.miR.512.3p]
Optimization on fold finished in 00-00:28:03

FEATURE SETS SELECTED

PARETO FRONT
Number of solutions = 17
(0.8503280252573645, 0.20851441405707477) 22 features: [0_age_at_initial_pathologic_diagnosis, 0_race_WHITE, 1_hsa.miR.103a.2.5p, 1_hsa.miR.1251.5p, 1_hsa.miR.1307.3p, 1_hsa.miR.130b.5p, 1_hsa.miR.135b.3p, 1_hsa.miR.1468.5p, 1_hsa.miR.150.5p, 1_hsa.miR.196b.3p, 1_hsa.miR.301a.3p, 1_hsa.miR.339.3p, 1_hsa.miR.455.5p, 1_hsa.miR.4661.5p, 1_hsa.miR.4662a.5p, 1_hsa.miR.551a, 1_hsa.miR.592, 1_hsa.miR.6511b.3p, 1_hsa.miR.744.3p, 1_hsa.miR.371a.5p, 1_hsa.miR.512.3p, 1_hsa.miR.885.3p]
(0.8439685230665432, 0.24253562503633297) 16 features: [0_age_at_initial_pathologic_diagnosis, 0_race_WHITE, 1_hsa.miR.1307.3p, 1_hsa.miR.135b.3p, 1_hsa.miR.1468.5p, 1_hsa.miR.150.5p, 1_hsa.miR.301a.3p, 1_hsa.miR.339.3p, 1_hsa.miR.454.3p, 1_hsa.miR.4662a.5p, 1_hsa.miR.4668.3p, 1_hsa.miR.551a, 1_hsa.miR.592, 1_hsa.miR.6511b.3p, 1_hsa.miR.371a.5p, 1_hsa.miR.512.3p]
(0.8349890700995486, 0.25) 15 features: [0_age_at_initial_pathologic_diagnosis, 0_race_WHITE, 1_hsa.miR.1307.3p, 1_hsa.miR.135b.3p, 1_hsa.miR.1468.5p, 1_hsa.miR.150.5p, 1_hsa.miR.301a.3p, 1_hsa.miR.339.3p, 1_hsa.miR.4662a.5p, 1_hsa.miR.4668.3p, 1_hsa.miR.551a, 1_hsa.miR.592, 1_hsa.miR.6511b.3p, 1_hsa.miR.371a.5p, 1_hsa.miR.512.3p]
(0.8282172896655421, 0.2581988897471611) 14 features: [0_age_at_initial_pathologic_diagnosis, 0_race_WHITE, 1_hsa.miR.130b.5p, 1_hsa.miR.1468.5p, 1_hsa.miR.210.3p, 1_hsa.miR.301a.3p, 1_hsa.miR.339.3p, 1_hsa.miR.4521, 1_hsa.miR.4662a.5p, 1_hsa.miR.592, 1_hsa.miR.6511b.3p, 1_hsa.miR.708.3p, 1_hsa.miR.371a.5p, 1_hsa.miR.512.3p]
(0.8264603428739684, 0.2672612419124244) 13 features: [0_age_at_initial_pathologic_diagnosis, 0_race_WHITE, 1_hsa.miR.135b.3p, 1_hsa.miR.150.5p, 1_hsa.miR.301a.3p, 1_hsa.miR.339.3p, 1_hsa.miR.3648, 1_hsa.miR.4662a.5p, 1_hsa.miR.551a, 1_hsa.miR.592, 1_hsa.miR.6511b.3p, 1_hsa.miR.371a.5p, 1_hsa.miR.512.3p]
(0.826134821577254, 0.28867513459481287) 11 features: [0_age_at_initial_pathologic_diagnosis, 1_hsa.miR.1343.3p, 1_hsa.miR.1468.5p, 1_hsa.miR.210.3p, 1_hsa.miR.301a.3p, 1_hsa.miR.339.3p, 1_hsa.miR.454.3p, 1_hsa.miR.592, 1_hsa.miR.6511b.3p, 1_hsa.miR.371a.5p, 1_hsa.miR.512.3p]
(0.8177675853861803, 0.30151134457776363) 10 features: [0_age_at_initial_pathologic_diagnosis, 1_hsa.miR.1468.5p, 1_hsa.miR.210.3p, 1_hsa.miR.301a.3p, 1_hsa.miR.339.3p, 1_hsa.miR.454.3p, 1_hsa.miR.592, 1_hsa.miR.6511b.3p, 1_hsa.miR.371a.5p, 1_hsa.miR.512.3p]
(0.8072672312088013, 0.31622776601683794) 9 features: [0_age_at_initial_pathologic_diagnosis, 0_race_WHITE, 1_hsa.miR.1468.5p, 1_hsa.miR.150.5p, 1_hsa.miR.20a.3p, 1_hsa.miR.219a.1.3p, 1_hsa.miR.3648, 1_hsa.miR.592, 1_hsa.miR.512.3p]
(0.8032173682148839, 0.3333333333333333) 8 features: [0_age_at_initial_pathologic_diagnosis, 0_race_WHITE, 1_hsa.miR.150.5p, 1_hsa.miR.4449, 1_hsa.miR.4521, 1_hsa.miR.4662a.5p, 1_hsa.miR.592, 1_hsa.miR.518f.3p]
(0.7965354546400635, 0.3535533905932738) 7 features: [0_age_at_initial_pathologic_diagnosis, 0_race_WHITE, 1_hsa.miR.150.5p, 1_hsa.miR.4521, 1_hsa.miR.592, 1_hsa.miR.940, 1_hsa.miR.512.3p]
(0.7863154606970193, 0.3779644730092272) 6 features: [0_age_at_initial_pathologic_diagnosis, 0_race_WHITE, 1_hsa.miR.150.5p, 1_hsa.miR.3648, 1_hsa.miR.592, 1_hsa.miR.940]
(0.7694580794346089, 0.408248290463863) 5 features: [0_age_at_initial_pathologic_diagnosis, 0_race_WHITE, 1_hsa.miR.150.5p, 1_hsa.miR.3648, 1_hsa.miR.940]
(0.7562330890480865, 0.4472135954999579) 4 features: [0_race_WHITE, 1_hsa.miR.20a.3p, 1_hsa.miR.3648, 1_hsa.miR.3677.3p]
(0.7420296624116007, 0.5) [0_race_WHITE, 1_hsa.miR.3648, 1_hsa.miR.3677.3p]
(0.7082374790906462, 0.5773502691896257) [0_race_WHITE, 1_hsa.miR.20a.3p]
(0.6759274673454355, 0.7071067811865476) [1_hsa.miR.92a.3p]
(0.5, 1.0) []
Features in hall of fame by prevalence:
36 features: [0_race_WHITE, 0_age_at_initial_pathologic_diagnosis, 1_hsa.miR.592, 1_hsa.miR.150.5p, 1_hsa.miR.512.3p, 1_hsa.miR.1468.5p, 1_hsa.miR.301a.3p, 1_hsa.miR.339.3p, 1_hsa.miR.6511b.3p, 1_hsa.miR.371a.5p, 1_hsa.miR.3648, 1_hsa.miR.4662a.5p, 1_hsa.miR.135b.3p, 1_hsa.miR.551a, 1_hsa.miR.1307.3p, 1_hsa.miR.20a.3p, 1_hsa.miR.210.3p, 1_hsa.miR.4521, 1_hsa.miR.454.3p, 1_hsa.miR.940, 1_hsa.miR.130b.5p, 1_hsa.miR.3677.3p, 1_hsa.miR.4668.3p, 1_hsa.miR.103a.2.5p, 1_hsa.miR.1251.5p, 1_hsa.miR.1343.3p, 1_hsa.miR.196b.3p, 1_hsa.miR.219a.1.3p, 1_hsa.miR.4449, 1_hsa.miR.455.5p, 1_hsa.miR.4661.5p, 1_hsa.miR.708.3p, 1_hsa.miR.744.3p, 1_hsa.miR.92a.3p, 1_hsa.miR.518f.3p, 1_hsa.miR.885.3p]

LAST POPULATION
Number of solutions = 500
Features in hall of fame by prevalence:
146 features: [0_race_WHITE, 0_age_at_initial_pathologic_diagnosis, 1_hsa.miR.592, 1_hsa.miR.512.3p, 1_hsa.miR.150.5p, 1_hsa.miR.1468.5p, 1_hsa.miR.301a.3p, 1_hsa.miR.339.3p, 1_hsa.miR.6511b.3p, 1_hsa.miR.4662a.5p, 1_hsa.miR.551a, 1_hsa.miR.135b.3p, 1_hsa.miR.371a.5p, 1_hsa.miR.130b.5p, 1_hsa.miR.1307.3p, 1_hsa.miR.3648, 1_hsa.miR.196b.3p, 1_hsa.miR.210.3p, 1_hsa.miR.4521, 1_hsa.miR.454.3p, 1_hsa.miR.4668.3p, 1_hsa.miR.151a.5p, 1_hsa.miR.103a.2.5p, 1_hsa.miR.3687, 1_hsa.miR.708.5p, 1_hsa.miR.940, 1_hsa.miR.744.3p, 1_hsa.miR.301b, 1_hsa.miR.20a.3p, 1_hsa.miR.766.3p, 1_hsa.miR.197.3p, 1_hsa.miR.371a.3p, 1_hsa.miR.1343.3p, 1_hsa.miR.885.3p, 1_hsa.miR.520f.3p, 1_hsa.miR.219a.1.3p, 1_hsa.miR.4661.5p, 1_hsa.miR.1251.5p, 1_hsa.miR.92a.1.5p, 1_hsa.miR.3917, 1_hsa.miR.1301.3p, 1_hsa.miR.3677.3p, 1_hsa.miR.760, 1_hsa.miR.744.5p, 1_hsa.miR.4449, 1_hsa.miR.515.3p, 1_hsa.miR.505.3p, 1_hsa.miR.887.3p, 1_hsa.miR.1226.3p, 1_hsa.miR.421, 1_hsa.miR.520b, 1_hsa.miR.155.3p, 1_hsa.miR.103a.3p, 1_hsa.miR.138.5p, 1_hsa.miR.135a.5p, 1_hsa.miR.24.3p, 1_hsa.miR.455.3p, 1_hsa.miR.526b.3p, 1_hsa.miR.32.3p, 1_hsa.let.7e.3p, 1_hsa.miR.1271.5p, 1_hsa.miR.708.3p, 1_hsa.miR.92a.3p, 1_hsa.miR.518f.3p, 1_hsa.miR.1277.3p, 1_hsa.miR.33a.5p, 1_hsa.miR.425.5p, 1_hsa.miR.520e, 1_hsa.miR.130b.3p, 1_hsa.miR.181c.3p, 1_hsa.miR.19a.3p, 1_hsa.miR.3170, 1_hsa.miR.365a.3p, 1_hsa.miR.365b.3p, 1_hsa.miR.3681.5p, 1_hsa.miR.423.3p, 1_hsa.miR.519c.3p, 1_hsa.miR.135b.5p, 1_hsa.miR.17.3p, 1_hsa.miR.17.5p, 1_hsa.miR.181b.3p, 1_hsa.miR.19b.3p, 1_hsa.miR.3922.3p, 1_hsa.miR.455.5p, 1_hsa.miR.520h, 1_hsa.miR.105.5p, 1_hsa.miR.1296.5p, 1_hsa.miR.183.5p, 1_hsa.miR.188.3p, 1_hsa.miR.210.5p, 1_hsa.miR.484, 1_hsa.miR.7.1.3p, 1_hsa.miR.767.3p, 1_hsa.miR.7706, 1_hsa.miR.520g.3p, 1_hsa.miR.125a.3p, 1_hsa.miR.138.1.3p, 1_hsa.miR.18a.3p, 1_hsa.miR.301a.5p, 1_hsa.miR.3200.3p, ...]

BEST SUMS WITH SIZE 50
Number of solutions = 50
Features in hall of fame by prevalence:
49 features: [1_hsa.miR.103a.2.5p, 1_hsa.miR.1226.3p, 1_hsa.miR.1301.3p, 1_hsa.miR.1306.3p, 1_hsa.miR.1306.5p, 1_hsa.miR.1468.5p, 1_hsa.miR.148b.5p, 1_hsa.miR.151a.5p, 1_hsa.miR.15b.3p, 1_hsa.miR.16.2.3p, 1_hsa.miR.17.3p, 1_hsa.miR.17.5p, 1_hsa.miR.181b.3p, 1_hsa.miR.18a.3p, 1_hsa.miR.18a.5p, 1_hsa.miR.193a.3p, 1_hsa.miR.197.3p, 1_hsa.miR.19a.3p, 1_hsa.miR.19b.3p, 1_hsa.miR.20a.3p, 1_hsa.miR.20a.5p, 1_hsa.miR.210.3p, 1_hsa.miR.29c.3p, 1_hsa.miR.301a.3p, 1_hsa.miR.301a.5p, 1_hsa.miR.301b, 1_hsa.miR.3170, 1_hsa.miR.3200.3p, 1_hsa.miR.324.3p, 1_hsa.miR.324.5p, 1_hsa.miR.33a.5p, 1_hsa.miR.3605.3p, 1_hsa.miR.3648, 1_hsa.miR.3677.3p, 1_hsa.miR.3687, 1_hsa.miR.421, 1_hsa.miR.4326, 1_hsa.miR.455.3p, 1_hsa.miR.455.5p, 1_hsa.miR.4668.3p, 1_hsa.miR.505.3p, 1_hsa.miR.589.3p, 1_hsa.miR.592, 1_hsa.miR.744.3p, 1_hsa.miR.760, 1_hsa.miR.7706, 1_hsa.miR.887.3p, 1_hsa.miR.92a.3p, 1_hsa.miR.940]

BEST SUMS WITH SIZE 100
Number of solutions = 100
Features in hall of fame by prevalence:
98 features: [0_race_WHITE, 1_hsa.miR.20a.3p, 0_age_at_initial_pathologic_diagnosis, 1_hsa.let.7a.2.3p, 1_hsa.let.7a.3p, 1_hsa.let.7g.3p, 1_hsa.let.7g.5p, 1_hsa.miR.103a.2.5p, 1_hsa.miR.103a.3p, 1_hsa.miR.106b.5p, 1_hsa.miR.1226.3p, 1_hsa.miR.125b.1.3p, 1_hsa.miR.1269a, 1_hsa.miR.1296.5p, 1_hsa.miR.1301.3p, 1_hsa.miR.1306.3p, 1_hsa.miR.1306.5p, 1_hsa.miR.1307.3p, 1_hsa.miR.1343.3p, 1_hsa.miR.135a.3p, 1_hsa.miR.135a.5p, 1_hsa.miR.138.5p, 1_hsa.miR.1468.5p, 1_hsa.miR.146b.3p, 1_hsa.miR.146b.5p, 1_hsa.miR.148b.5p, 1_hsa.miR.150.5p, 1_hsa.miR.151a.5p, 1_hsa.miR.155.3p, 1_hsa.miR.15b.3p, 1_hsa.miR.16.2.3p, 1_hsa.miR.17.3p, 1_hsa.miR.17.5p, 1_hsa.miR.181a.3p, 1_hsa.miR.181b.3p, 1_hsa.miR.186.5p, 1_hsa.miR.18a.3p, 1_hsa.miR.18a.5p, 1_hsa.miR.193a.3p, 1_hsa.miR.196b.3p, 1_hsa.miR.197.3p, 1_hsa.miR.19a.3p, 1_hsa.miR.19b.3p, 1_hsa.miR.20a.5p, 1_hsa.miR.210.3p, 1_hsa.miR.219a.1.3p, 1_hsa.miR.29c.3p, 1_hsa.miR.301a.3p, 1_hsa.miR.301a.5p, 1_hsa.miR.301b, 1_hsa.miR.3074.5p, 1_hsa.miR.3170, 1_hsa.miR.3200.3p, 1_hsa.miR.32.3p, 1_hsa.miR.324.3p, 1_hsa.miR.324.5p, 1_hsa.miR.33a.5p, 1_hsa.miR.340.3p, 1_hsa.miR.3605.3p, 1_hsa.miR.3615, 1_hsa.miR.361.5p, 1_hsa.miR.3648, 1_hsa.miR.3677.3p, 1_hsa.miR.3687, 1_hsa.miR.421, 1_hsa.miR.423.3p, 1_hsa.miR.4326, 1_hsa.miR.4521, 1_hsa.miR.454.3p, 1_hsa.miR.455.3p, 1_hsa.miR.455.5p, 1_hsa.miR.4668.3p, 1_hsa.miR.484, 1_hsa.miR.503.3p, 1_hsa.miR.505.3p, 1_hsa.miR.514a.3p, 1_hsa.miR.551a, 1_hsa.miR.551b.3p, 1_hsa.miR.589.3p, 1_hsa.miR.590.5p, 1_hsa.miR.592, 1_hsa.miR.652.5p, 1_hsa.miR.708.3p, 1_hsa.miR.744.3p, 1_hsa.miR.760, 1_hsa.miR.766.3p, 1_hsa.miR.767.3p, 1_hsa.miR.767.5p, 1_hsa.miR.7706, 1_hsa.miR.877.5p, 1_hsa.miR.885.5p, 1_hsa.miR.887.3p, 1_hsa.miR.92a.1.5p, 1_hsa.miR.92a.3p, 1_hsa.miR.93.3p, 1_hsa.miR.940, 1_hsa.miR.99b.3p, 1_hsa.miR.512.3p]
