
OPTIMIZING ON FOLD NUMBER 3
Number of workers = 96

COMPUTING LOCAL ACTIVE FEATURES
Computing active features for view clinic
Existing features: 7
Applying union strategy for feature selection using composite feature selector with
categorical: feature selector any na and anova
survival: feature selector Cox

Computing active features for outcome survival
Features selected for this outcome: 3
Features active in total: 3
Computing active features for view log_mirna
Existing features: 739
Applying union strategy for feature selection using composite feature selector with
categorical: feature selector any na and anova
survival: feature selector Cox

Computing active features for outcome survival
Features selected for this outcome: 124
Features active in total: 124
Computing feature importance
Running optimizer

STARTING 2-STEPS GENETIC ALGORITHM

CREATING INNER FOLDS

ASSIGNING STRATA FOR MULTI-OUTCOME DATA SARC_MV
Assigning strata for outcome named survival of type survival
Counts:
censored 0: 24
censored 1: 75
deceased 0: 28
deceased 1: 28

STARTING SWEEP NUMBER 1
folds_creator_seed = 4107908117

ASSIGNING STRATA FOR MULTI-OUTCOME DATA SARC_MV
Assigning strata for outcome named survival of type survival
Counts:
censored 0: 24
censored 1: 75
deceased 0: 28
deceased 1: 28
ga_runner_seed = 3091794638
VIEW: CLINIC
   	     	         	        	   survival SKSurv Cox model concordance index   	             root leanness              
   	     	         	        	-------------------------------------------------	----------------------------------------
gen	evals	gen_feats	explored	min	avg     	max     	std                  	min	avg     	max	std     
0  	500  	3        	3       	0.5	0.568046	0.672984	0.0485883            	0.5	0.69691 	1  	0.193604
1  	294  	3        	3       	0.5	0.582585	0.672984	0.0480833            	0.5	0.669542	1  	0.145077
2  	349  	3        	3       	0.5	0.582585	0.672984	0.0480833            	0.5	0.669542	1  	0.145077
3  	332  	3        	3       	0.5	0.582609	0.672984	0.0480907            	0.5	0.669387	1  	0.145216
4  	339  	3        	3       	0.5	0.582576	0.672984	0.0480821            	0.5	0.669801	1  	0.145028
5  	323  	3        	3       	0.5	0.582585	0.672984	0.0480833            	0.5	0.669542	1  	0.145077
6  	347  	3        	3       	0.5	0.582576	0.672984	0.0480821            	0.5	0.669801	1  	0.145028
7  	347  	3        	3       	0.5	0.582609	0.672984	0.0480907            	0.5	0.669387	1  	0.145216
8  	324  	3        	3       	0.5	0.582585	0.672984	0.0480833            	0.5	0.669542	1  	0.145077
9  	337  	3        	3       	0.5	0.582609	0.672984	0.0480907            	0.5	0.669387	1  	0.145216
10 	338  	3        	3       	0.5	0.582576	0.672984	0.0480821            	0.5	0.669801	1  	0.145028
11 	322  	3        	3       	0.5	0.582609	0.672984	0.0480907            	0.5	0.669387	1  	0.145216
12 	348  	3        	3       	0.5	0.582576	0.672984	0.0480821            	0.5	0.669801	1  	0.145028
13 	349  	3        	3       	0.5	0.582585	0.672984	0.0480833            	0.5	0.669542	1  	0.145077
14 	336  	3        	3       	0.5	0.582609	0.672984	0.0480907            	0.5	0.669387	1  	0.145216
15 	331  	3        	3       	0.5	0.582609	0.672984	0.0480907            	0.5	0.669387	1  	0.145216
16 	341  	3        	3       	0.5	0.582609	0.672984	0.0480907            	0.5	0.669387	1  	0.145216
17 	333  	3        	3       	0.5	0.582576	0.672984	0.0480821            	0.5	0.669801	1  	0.145028
18 	334  	3        	3       	0.5	0.582585	0.672984	0.0480833            	0.5	0.669542	1  	0.145077
19 	328  	3        	3       	0.5	0.582609	0.672984	0.0480907            	0.5	0.669387	1  	0.145216
20 	354  	3        	3       	0.5	0.582609	0.672984	0.0480907            	0.5	0.669387	1  	0.145216
21 	335  	3        	3       	0.5	0.582576	0.672984	0.0480821            	0.5	0.669801	1  	0.145028
22 	327  	3        	3       	0.5	0.582609	0.672984	0.0480907            	0.5	0.669387	1  	0.145216
23 	344  	3        	3       	0.5	0.582585	0.672984	0.0480833            	0.5	0.669542	1  	0.145077
24 	339  	3        	3       	0.5	0.582609	0.672984	0.0480907            	0.5	0.669387	1  	0.145216
25 	329  	3        	3       	0.5	0.582576	0.672984	0.0480821            	0.5	0.669801	1  	0.145028
26 	317  	3        	3       	0.5	0.582609	0.672984	0.0480907            	0.5	0.669387	1  	0.145216
27 	344  	3        	3       	0.5	0.582576	0.672984	0.0480821            	0.5	0.669801	1  	0.145028
28 	313  	3        	3       	0.5	0.582576	0.672984	0.0480821            	0.5	0.669801	1  	0.145028
29 	348  	3        	3       	0.5	0.582585	0.672984	0.0480833            	0.5	0.669542	1  	0.145077
30 	351  	3        	3       	0.5	0.582576	0.672984	0.0480821            	0.5	0.669801	1  	0.145028
31 	340  	3        	3       	0.5	0.582576	0.672984	0.0480821            	0.5	0.669801	1  	0.145028
32 	332  	3        	3       	0.5	0.582609	0.672984	0.0480907            	0.5	0.669387	1  	0.145216
33 	353  	3        	3       	0.5	0.582585	0.672984	0.0480833            	0.5	0.669542	1  	0.145077
34 	349  	3        	3       	0.5	0.582609	0.672984	0.0480907            	0.5	0.669387	1  	0.145216
35 	333  	3        	3       	0.5	0.582609	0.672984	0.0480907            	0.5	0.669387	1  	0.145216
36 	325  	3        	3       	0.5	0.582609	0.672984	0.0480907            	0.5	0.669387	1  	0.145216
37 	340  	3        	3       	0.5	0.582585	0.672984	0.0480833            	0.5	0.669542	1  	0.145077
38 	331  	3        	3       	0.5	0.582585	0.672984	0.0480833            	0.5	0.669542	1  	0.145077
39 	336  	3        	3       	0.5	0.582576	0.672984	0.0480821            	0.5	0.669801	1  	0.145028
40 	347  	3        	3       	0.5	0.582585	0.672984	0.0480833            	0.5	0.669542	1  	0.145077
41 	340  	3        	3       	0.5	0.582609	0.672984	0.0480907            	0.5	0.669387	1  	0.145216
42 	350  	3        	3       	0.5	0.582585	0.672984	0.0480833            	0.5	0.669542	1  	0.145077
43 	358  	3        	3       	0.5	0.582585	0.672984	0.0480833            	0.5	0.669542	1  	0.145077
44 	365  	3        	3       	0.5	0.582609	0.672984	0.0480907            	0.5	0.669387	1  	0.145216
45 	315  	3        	3       	0.5	0.582609	0.672984	0.0480907            	0.5	0.669387	1  	0.145216
46 	349  	3        	3       	0.5	0.582585	0.672984	0.0480833            	0.5	0.669542	1  	0.145077
47 	352  	3        	3       	0.5	0.582576	0.672984	0.0480821            	0.5	0.669801	1  	0.145028
48 	350  	3        	3       	0.5	0.582576	0.672984	0.0480821            	0.5	0.669801	1  	0.145028
49 	345  	3        	3       	0.5	0.582576	0.672984	0.0480821            	0.5	0.669801	1  	0.145028
50 	317  	3        	3       	0.5	0.582576	0.672984	0.0480821            	0.5	0.669801	1  	0.145028
51 	346  	3        	3       	0.5	0.582609	0.672984	0.0480907            	0.5	0.669387	1  	0.145216
52 	355  	3        	3       	0.5	0.582609	0.672984	0.0480907            	0.5	0.669387	1  	0.145216
53 	334  	3        	3       	0.5	0.582576	0.672984	0.0480821            	0.5	0.669801	1  	0.145028
54 	350  	3        	3       	0.5	0.582576	0.672984	0.0480821            	0.5	0.669801	1  	0.145028
55 	354  	3        	3       	0.5	0.582585	0.672984	0.0480833            	0.5	0.669542	1  	0.145077
56 	355  	3        	3       	0.5	0.582576	0.672984	0.0480821            	0.5	0.669801	1  	0.145028
57 	329  	3        	3       	0.5	0.582576	0.672984	0.0480821            	0.5	0.669801	1  	0.145028
58 	353  	3        	3       	0.5	0.582585	0.672984	0.0480833            	0.5	0.669542	1  	0.145077
59 	341  	3        	3       	0.5	0.582576	0.672984	0.0480821            	0.5	0.669801	1  	0.145028
60 	341  	3        	3       	0.5	0.582585	0.672984	0.0480833            	0.5	0.669542	1  	0.145077
61 	329  	3        	3       	0.5	0.582576	0.672984	0.0480821            	0.5	0.669801	1  	0.145028
62 	344  	3        	3       	0.5	0.582609	0.672984	0.0480907            	0.5	0.669387	1  	0.145216
63 	345  	3        	3       	0.5	0.582609	0.672984	0.0480907            	0.5	0.669387	1  	0.145216
64 	349  	3        	3       	0.5	0.582576	0.672984	0.0480821            	0.5	0.669801	1  	0.145028
65 	339  	3        	3       	0.5	0.582576	0.672984	0.0480821            	0.5	0.669801	1  	0.145028
66 	328  	3        	3       	0.5	0.582609	0.672984	0.0480907            	0.5	0.669387	1  	0.145216
67 	329  	3        	3       	0.5	0.582576	0.672984	0.0480821            	0.5	0.669801	1  	0.145028
68 	306  	3        	3       	0.5	0.582576	0.672984	0.0480821            	0.5	0.669801	1  	0.145028
69 	336  	3        	3       	0.5	0.582576	0.672984	0.0480821            	0.5	0.669801	1  	0.145028
70 	327  	3        	3       	0.5	0.582609	0.672984	0.0480907            	0.5	0.669387	1  	0.145216
71 	346  	3        	3       	0.5	0.582576	0.672984	0.0480821            	0.5	0.669801	1  	0.145028
72 	341  	3        	3       	0.5	0.582585	0.672984	0.0480833            	0.5	0.669542	1  	0.145077
73 	352  	3        	3       	0.5	0.582585	0.672984	0.0480833            	0.5	0.669542	1  	0.145077
74 	326  	3        	3       	0.5	0.582585	0.672984	0.0480833            	0.5	0.669542	1  	0.145077
75 	338  	3        	3       	0.5	0.582609	0.672984	0.0480907            	0.5	0.669387	1  	0.145216
76 	339  	3        	3       	0.5	0.582585	0.672984	0.0480833            	0.5	0.669542	1  	0.145077
77 	340  	3        	3       	0.5	0.582609	0.672984	0.0480907            	0.5	0.669387	1  	0.145216
78 	328  	3        	3       	0.5	0.582609	0.672984	0.0480907            	0.5	0.669387	1  	0.145216
79 	350  	3        	3       	0.5	0.582585	0.672984	0.0480833            	0.5	0.669542	1  	0.145077
80 	340  	3        	3       	0.5	0.582576	0.672984	0.0480821            	0.5	0.669801	1  	0.145028
81 	332  	3        	3       	0.5	0.582576	0.672984	0.0480821            	0.5	0.669801	1  	0.145028
82 	360  	3        	3       	0.5	0.582609	0.672984	0.0480907            	0.5	0.669387	1  	0.145216
83 	343  	3        	3       	0.5	0.582585	0.672984	0.0480833            	0.5	0.669542	1  	0.145077
84 	324  	3        	3       	0.5	0.582585	0.672984	0.0480833            	0.5	0.669542	1  	0.145077
85 	330  	3        	3       	0.5	0.582585	0.672984	0.0480833            	0.5	0.669542	1  	0.145077
86 	324  	3        	3       	0.5	0.582609	0.672984	0.0480907            	0.5	0.669387	1  	0.145216
87 	342  	3        	3       	0.5	0.582576	0.672984	0.0480821            	0.5	0.669801	1  	0.145028
88 	331  	3        	3       	0.5	0.582576	0.672984	0.0480821            	0.5	0.669801	1  	0.145028
89 	345  	3        	3       	0.5	0.582609	0.672984	0.0480907            	0.5	0.669387	1  	0.145216
90 	337  	3        	3       	0.5	0.582585	0.672984	0.0480833            	0.5	0.669542	1  	0.145077
91 	340  	3        	3       	0.5	0.582585	0.672984	0.0480833            	0.5	0.669542	1  	0.145077
92 	357  	3        	3       	0.5	0.582609	0.672984	0.0480907            	0.5	0.669387	1  	0.145216
93 	338  	3        	3       	0.5	0.582585	0.672984	0.0480833            	0.5	0.669542	1  	0.145077
94 	351  	3        	3       	0.5	0.582576	0.672984	0.0480821            	0.5	0.669801	1  	0.145028
95 	350  	3        	3       	0.5	0.582585	0.672984	0.0480833            	0.5	0.669542	1  	0.145077
96 	344  	3        	3       	0.5	0.582576	0.672984	0.0480821            	0.5	0.669801	1  	0.145028
97 	342  	3        	3       	0.5	0.582609	0.672984	0.0480907            	0.5	0.669387	1  	0.145216
98 	345  	3        	3       	0.5	0.582576	0.672984	0.0480821            	0.5	0.669801	1  	0.145028
99 	350  	3        	3       	0.5	0.582609	0.672984	0.0480907            	0.5	0.669387	1  	0.145216
100	322  	3        	3       	0.5	0.582609	0.672984	0.0480907            	0.5	0.669387	1  	0.145216
101	353  	3        	3       	0.5	0.582609	0.672984	0.0480907            	0.5	0.669387	1  	0.145216
102	348  	3        	3       	0.5	0.582576	0.672984	0.0480821            	0.5	0.669801	1  	0.145028
103	340  	3        	3       	0.5	0.582609	0.672984	0.0480907            	0.5	0.669387	1  	0.145216
104	343  	3        	3       	0.5	0.582585	0.672984	0.0480833            	0.5	0.669542	1  	0.145077
105	352  	3        	3       	0.5	0.582576	0.672984	0.0480821            	0.5	0.669801	1  	0.145028
106	340  	3        	3       	0.5	0.582609	0.672984	0.0480907            	0.5	0.669387	1  	0.145216
107	337  	3        	3       	0.5	0.582576	0.672984	0.0480821            	0.5	0.669801	1  	0.145028
108	331  	3        	3       	0.5	0.582585	0.672984	0.0480833            	0.5	0.669542	1  	0.145077
109	344  	3        	3       	0.5	0.582609	0.672984	0.0480907            	0.5	0.669387	1  	0.145216
110	358  	3        	3       	0.5	0.582609	0.672984	0.0480907            	0.5	0.669387	1  	0.145216
111	328  	3        	3       	0.5	0.582576	0.672984	0.0480821            	0.5	0.669801	1  	0.145028
112	335  	3        	3       	0.5	0.582609	0.672984	0.0480907            	0.5	0.669387	1  	0.145216
113	337  	3        	3       	0.5	0.582609	0.672984	0.0480907            	0.5	0.669387	1  	0.145216
114	349  	3        	3       	0.5	0.582609	0.672984	0.0480907            	0.5	0.669387	1  	0.145216
115	337  	3        	3       	0.5	0.582609	0.672984	0.0480907            	0.5	0.669387	1  	0.145216
116	327  	3        	3       	0.5	0.582585	0.672984	0.0480833            	0.5	0.669542	1  	0.145077
117	335  	3        	3       	0.5	0.582576	0.672984	0.0480821            	0.5	0.669801	1  	0.145028
118	335  	3        	3       	0.5	0.582585	0.672984	0.0480833            	0.5	0.669542	1  	0.145077
119	331  	3        	3       	0.5	0.582576	0.672984	0.0480821            	0.5	0.669801	1  	0.145028
120	345  	3        	3       	0.5	0.582609	0.672984	0.0480907            	0.5	0.669387	1  	0.145216
121	337  	3        	3       	0.5	0.582609	0.672984	0.0480907            	0.5	0.669387	1  	0.145216
122	352  	3        	3       	0.5	0.582576	0.672984	0.0480821            	0.5	0.669801	1  	0.145028
123	341  	3        	3       	0.5	0.582609	0.672984	0.0480907            	0.5	0.669387	1  	0.145216
124	328  	3        	3       	0.5	0.582609	0.672984	0.0480907            	0.5	0.669387	1  	0.145216
125	357  	3        	3       	0.5	0.582609	0.672984	0.0480907            	0.5	0.669387	1  	0.145216
126	356  	3        	3       	0.5	0.582609	0.672984	0.0480907            	0.5	0.669387	1  	0.145216
127	346  	3        	3       	0.5	0.582609	0.672984	0.0480907            	0.5	0.669387	1  	0.145216
128	371  	3        	3       	0.5	0.582609	0.672984	0.0480907            	0.5	0.669387	1  	0.145216
129	327  	3        	3       	0.5	0.582585	0.672984	0.0480833            	0.5	0.669542	1  	0.145077
130	340  	3        	3       	0.5	0.582609	0.672984	0.0480907            	0.5	0.669387	1  	0.145216
131	353  	3        	3       	0.5	0.582609	0.672984	0.0480907            	0.5	0.669387	1  	0.145216
132	331  	3        	3       	0.5	0.582576	0.672984	0.0480821            	0.5	0.669801	1  	0.145028
133	350  	3        	3       	0.5	0.582585	0.672984	0.0480833            	0.5	0.669542	1  	0.145077
134	334  	3        	3       	0.5	0.582585	0.672984	0.0480833            	0.5	0.669542	1  	0.145077
135	340  	3        	3       	0.5	0.582576	0.672984	0.0480821            	0.5	0.669801	1  	0.145028
136	344  	3        	3       	0.5	0.582576	0.672984	0.0480821            	0.5	0.669801	1  	0.145028
137	342  	3        	3       	0.5	0.582585	0.672984	0.0480833            	0.5	0.669542	1  	0.145077
138	341  	3        	3       	0.5	0.582585	0.672984	0.0480833            	0.5	0.669542	1  	0.145077
139	333  	3        	3       	0.5	0.582609	0.672984	0.0480907            	0.5	0.669387	1  	0.145216
140	338  	3        	3       	0.5	0.582576	0.672984	0.0480821            	0.5	0.669801	1  	0.145028
141	357  	3        	3       	0.5	0.582576	0.672984	0.0480821            	0.5	0.669801	1  	0.145028
142	336  	3        	3       	0.5	0.582576	0.672984	0.0480821            	0.5	0.669801	1  	0.145028
143	333  	3        	3       	0.5	0.582576	0.672984	0.0480821            	0.5	0.669801	1  	0.145028
144	332  	3        	3       	0.5	0.582585	0.672984	0.0480833            	0.5	0.669542	1  	0.145077
145	313  	3        	3       	0.5	0.582585	0.672984	0.0480833            	0.5	0.669542	1  	0.145077
146	337  	3        	3       	0.5	0.582585	0.672984	0.0480833            	0.5	0.669542	1  	0.145077
147	347  	3        	3       	0.5	0.582576	0.672984	0.0480821            	0.5	0.669801	1  	0.145028
148	341  	3        	3       	0.5	0.582585	0.672984	0.0480833            	0.5	0.669542	1  	0.145077
149	347  	3        	3       	0.5	0.582609	0.672984	0.0480907            	0.5	0.669387	1  	0.145216

ASSIGNING STRATA FOR MULTI-OUTCOME DATA SARC_MV
Assigning strata for outcome named survival of type survival
Counts:
censored 0: 24
censored 1: 75
deceased 0: 28
deceased 1: 28
VIEW: LOG_MIRNA
   	     	         	        	       survival SKSurv Cox model concordance index       	                 root leanness                  
   	     	         	        	---------------------------------------------------------	------------------------------------------------
gen	evals	gen_feats	explored	min     	avg     	max     	std             	min     	avg     	max	std     
0  	500  	27       	27      	0.465253	0.595048	0.720308	0.0428727       	0.188982	0.261315	1  	0.133965
1  	374  	119      	119     	0.451786	0.622512	0.723069	0.0417982       	0.182574	0.289918	1  	0.110178
2  	395  	121      	124     	0.451786	0.639398	0.72643 	0.0412051       	0.185695	0.327358	1  	0.112639
3  	386  	119      	124     	0.477435	0.656422	0.726789	0.0372985       	0.185695	0.362549	1  	0.114763
4  	372  	124      	124     	0.477435	0.665407	0.726789	0.0374251       	0.185695	0.384885	1  	0.121411
5  	387  	120      	124     	0.498578	0.674301	0.72904 	0.0358967       	0.2     	0.390377	1  	0.123437
6  	368  	124      	124     	0.498578	0.677974	0.729224	0.0383684       	0.2     	0.401224	1  	0.126565
7  	367  	120      	124     	0.498578	0.680681	0.732777	0.0410093       	0.2     	0.40643 	1  	0.132534
8  	358  	124      	124     	0.485461	0.681298	0.732777	0.044064        	0.2     	0.414655	1  	0.133467
9  	394  	119      	124     	0.485461	0.684394	0.733531	0.04493         	0.204124	0.41848 	1  	0.133089
10 	383  	120      	124     	0.5     	0.686371	0.733896	0.0447605       	0.204124	0.423752	1  	0.132178
11 	380  	121      	124     	0.5     	0.689164	0.736271	0.0437102       	0.204124	0.423277	1  	0.130993
12 	374  	121      	124     	0.5     	0.692704	0.736271	0.0413202       	0.204124	0.417875	1  	0.131209
13 	373  	118      	124     	0.5     	0.69481 	0.736271	0.0410015       	0.204124	0.418078	1  	0.13098 
14 	366  	119      	124     	0.5     	0.697061	0.736271	0.0402723       	0.204124	0.415385	1  	0.130991
15 	366  	123      	124     	0.5     	0.698287	0.751716	0.0405055       	0.204124	0.415948	1  	0.130427
16 	373  	122      	124     	0.5     	0.699787	0.751716	0.0400846       	0.204124	0.416257	1  	0.130344
17 	370  	116      	124     	0.5     	0.700541	0.751716	0.0407191       	0.229416	0.417139	1  	0.130898
18 	377  	122      	124     	0.5     	0.701826	0.751716	0.0405928       	0.229416	0.415276	1  	0.130936
19 	371  	120      	124     	0.5     	0.70274 	0.752989	0.0408957       	0.229416	0.414956	1  	0.131058
20 	396  	118      	124     	0.5     	0.703425	0.752989	0.0410343       	0.235702	0.415995	1  	0.130217
21 	374  	121      	124     	0.5     	0.704387	0.752989	0.0413491       	0.235702	0.415073	1  	0.130683
22 	381  	118      	124     	0.5     	0.704939	0.752989	0.0417522       	0.235702	0.41582 	1  	0.130686
23 	387  	120      	124     	0.5     	0.705652	0.755826	0.0420793       	0.235702	0.41563 	1  	0.130828
24 	368  	120      	124     	0.5     	0.706899	0.756504	0.0418179       	0.235702	0.412581	1  	0.131083
25 	352  	118      	124     	0.5     	0.707119	0.756504	0.0424765       	0.235702	0.413093	1  	0.131965
26 	348  	118      	124     	0.5     	0.708358	0.762481	0.0423512       	0.242536	0.410898	1  	0.131717
27 	386  	118      	124     	0.5     	0.708708	0.762481	0.0427408       	0.242536	0.412379	1  	0.131386
28 	364  	121      	124     	0.5     	0.709472	0.762481	0.0431282       	0.235702	0.410796	1  	0.132724
29 	363  	121      	124     	0.5     	0.711347	0.762481	0.0425791       	0.235702	0.405759	1  	0.1325  
30 	386  	120      	124     	0.5     	0.712032	0.762481	0.0428375       	0.229416	0.404899	1  	0.133251
31 	390  	121      	124     	0.5     	0.713685	0.762481	0.0428296       	0.229416	0.400779	1  	0.133851
32 	372  	119      	124     	0.5     	0.715121	0.762481	0.0425564       	0.229416	0.397154	1  	0.133776
33 	373  	119      	124     	0.5     	0.716193	0.762481	0.042524        	0.229416	0.395718	1  	0.133145
34 	378  	116      	124     	0.5     	0.717703	0.762481	0.0423503       	0.223607	0.39083 	1  	0.133975
35 	403  	121      	124     	0.5     	0.719764	0.76371 	0.0417409       	0.223607	0.385479	1  	0.133131
36 	386  	121      	124     	0.5     	0.720574	0.76371 	0.0421991       	0.223607	0.384999	1  	0.133515
37 	372  	121      	124     	0.5     	0.721245	0.76371 	0.0425158       	0.223607	0.385101	1  	0.133303
38 	375  	122      	124     	0.5     	0.722578	0.7798  	0.0423676       	0.223607	0.382794	1  	0.132528
39 	370  	122      	124     	0.5     	0.723035	0.7798  	0.0426215       	0.223607	0.382503	1  	0.132739
40 	386  	120      	124     	0.5     	0.722876	0.7798  	0.0434504       	0.218218	0.385444	1  	0.13322 
41 	370  	121      	124     	0.5     	0.723363	0.7798  	0.0437276       	0.218218	0.385099	1  	0.133556
42 	380  	124      	124     	0.5     	0.724638	0.7798  	0.0434301       	0.223607	0.383002	1  	0.132353
43 	380  	120      	124     	0.5     	0.724181	0.7798  	0.0441579       	0.223607	0.386199	1  	0.132667
44 	380  	123      	124     	0.5     	0.724704	0.7798  	0.044422        	0.223607	0.385576	1  	0.132976
45 	374  	120      	124     	0.5     	0.726044	0.7798  	0.0442279       	0.229416	0.382578	1  	0.132723
46 	385  	121      	124     	0.5     	0.726785	0.7798  	0.0445214       	0.223607	0.380613	1  	0.133608
47 	394  	120      	124     	0.5     	0.727977	0.7798  	0.0442245       	0.213201	0.37792 	1  	0.133275
48 	386  	121      	124     	0.5     	0.728108	0.7798  	0.044324        	0.213201	0.378578	1  	0.133104
49 	381  	120      	124     	0.5     	0.728722	0.7798  	0.044507        	0.213201	0.377136	1  	0.133531
50 	374  	120      	124     	0.5     	0.729612	0.7798  	0.0441247       	0.213201	0.375137	1  	0.132965
51 	396  	121      	124     	0.5     	0.730631	0.7798  	0.0443128       	0.213201	0.372404	1  	0.133641
52 	385  	121      	124     	0.5     	0.731341	0.782156	0.04399         	0.218218	0.37146 	1  	0.132873
53 	377  	122      	124     	0.5     	0.731894	0.782156	0.0442712       	0.218218	0.371329	1  	0.132955
54 	386  	123      	124     	0.5     	0.732323	0.782156	0.0445075       	0.218218	0.370568	1  	0.133423
55 	350  	119      	124     	0.5     	0.732549	0.782156	0.0446355       	0.218218	0.370393	1  	0.133574
56 	382  	118      	124     	0.5     	0.732897	0.782156	0.0448446       	0.218218	0.370452	1  	0.133571
57 	369  	121      	124     	0.5     	0.733576	0.782156	0.045025        	0.218218	0.369104	1  	0.133782
58 	386  	121      	124     	0.5     	0.73403 	0.782156	0.04503         	0.218218	0.368167	1  	0.133822
59 	376  	121      	124     	0.5     	0.734605	0.782156	0.0449414       	0.213201	0.367651	1  	0.133381
60 	374  	120      	124     	0.5     	0.735367	0.782156	0.0451911       	0.213201	0.365483	1  	0.134216
61 	377  	122      	124     	0.5     	0.736306	0.782156	0.0447975       	0.213201	0.363353	1  	0.133488
62 	381  	121      	124     	0.5     	0.736886	0.782156	0.0451163       	0.213201	0.362616	1  	0.133937
63 	373  	120      	124     	0.5     	0.737431	0.782156	0.045266        	0.213201	0.361425	1  	0.134205
64 	370  	121      	124     	0.5     	0.738297	0.782156	0.0450131       	0.213201	0.359668	1  	0.133673
65 	395  	119      	124     	0.5     	0.738756	0.782156	0.0450183       	0.213201	0.35915 	1  	0.133266
66 	369  	116      	124     	0.5     	0.739454	0.782156	0.0451061       	0.213201	0.35748 	1  	0.133414
67 	374  	120      	124     	0.5     	0.739605	0.782156	0.0454001       	0.213201	0.358199	1  	0.133529
68 	388  	121      	124     	0.5     	0.740628	0.785147	0.0449045       	0.213201	0.355806	1  	0.132467
69 	392  	120      	124     	0.5     	0.74089 	0.785147	0.0450273       	0.213201	0.355551	1  	0.132595
70 	378  	119      	124     	0.5     	0.74126 	0.785147	0.0452206       	0.213201	0.354936	1  	0.13297 
71 	383  	120      	124     	0.5     	0.741503	0.78616 	0.0453721       	0.213201	0.354971	1  	0.133057
72 	385  	123      	124     	0.5     	0.74072 	0.78616 	0.0462018       	0.213201	0.358258	1  	0.133872
73 	376  	121      	124     	0.5     	0.740791	0.78616 	0.0462481       	0.213201	0.359207	1  	0.133218
74 	392  	124      	124     	0.5     	0.740741	0.78616 	0.0465249       	0.213201	0.359996	1  	0.13336 
75 	381  	119      	124     	0.5     	0.741211	0.78616 	0.0464307       	0.213201	0.359389	1  	0.133082
76 	395  	120      	124     	0.5     	0.740365	0.78616 	0.0472068       	0.213201	0.362104	1  	0.134119
77 	381  	123      	124     	0.5     	0.740804	0.78616 	0.0473289       	0.213201	0.361685	1  	0.134173
78 	388  	122      	124     	0.5     	0.741816	0.78616 	0.0467486       	0.213201	0.359304	1  	0.133134
79 	390  	123      	124     	0.5     	0.741991	0.78616 	0.046837        	0.213201	0.359354	1  	0.13313 
80 	384  	122      	124     	0.5     	0.74211 	0.78616 	0.0468543       	0.213201	0.359271	1  	0.133184
81 	393  	118      	124     	0.5     	0.742272	0.78616 	0.0469466       	0.213201	0.359174	1  	0.133236
82 	388  	120      	124     	0.5     	0.742563	0.78616 	0.0471172       	0.208514	0.358715	1  	0.133595
83 	381  	121      	124     	0.5     	0.742827	0.78616 	0.0472771       	0.208514	0.358199	1  	0.13395 
84 	380  	122      	124     	0.5     	0.743143	0.78616 	0.047337        	0.208514	0.358019	1  	0.13368 
85 	380  	120      	124     	0.5     	0.743839	0.78616 	0.0475179       	0.208514	0.356513	1  	0.133916
86 	392  	121      	124     	0.5     	0.744474	0.78616 	0.0470694       	0.208514	0.355373	1  	0.132899
87 	392  	122      	124     	0.5     	0.744934	0.787414	0.0471683       	0.208514	0.354434	1  	0.132999
88 	366  	120      	124     	0.5     	0.745071	0.787414	0.0472453       	0.208514	0.354375	1  	0.133057
89 	376  	121      	124     	0.5     	0.745184	0.789451	0.0473221       	0.208514	0.354741	1  	0.132751
90 	382  	120      	124     	0.5     	0.745338	0.789451	0.0474178       	0.208514	0.354797	1  	0.132714
91 	372  	120      	124     	0.5     	0.745432	0.789451	0.0474393       	0.208514	0.35532 	1  	0.132327
92 	385  	117      	124     	0.5     	0.7456  	0.790435	0.0475457       	0.208514	0.355412	1  	0.132274
93 	378  	120      	124     	0.5     	0.745775	0.790435	0.0476572       	0.208514	0.355224	1  	0.132374
94 	376  	120      	124     	0.5     	0.74588 	0.790435	0.0477074       	0.208514	0.355393	1  	0.132252
95 	379  	121      	124     	0.5     	0.745937	0.791195	0.0477532       	0.208514	0.355762	1  	0.131993
96 	387  	122      	124     	0.5     	0.746048	0.791195	0.047819        	0.208514	0.35593 	1  	0.131883
97 	368  	120      	124     	0.5     	0.746129	0.791195	0.0478672       	0.208514	0.355942	1  	0.131881
98 	377  	122      	124     	0.5     	0.746209	0.791195	0.0478975       	0.208514	0.355925	1  	0.131894
99 	379  	123      	124     	0.5     	0.746389	0.791195	0.0479922       	0.208514	0.355965	1  	0.131867
100	382  	120      	124     	0.5     	0.746523	0.791195	0.0480796       	0.208514	0.355686	1  	0.132087
101	378  	122      	124     	0.5     	0.746716	0.791195	0.04817         	0.208514	0.355624	1  	0.13206 
102	383  	121      	124     	0.5     	0.746807	0.791195	0.0482138       	0.208514	0.355872	1  	0.131939
103	382  	122      	124     	0.5     	0.746983	0.791195	0.0483035       	0.208514	0.355301	1  	0.132277
104	377  	120      	124     	0.5     	0.747033	0.791195	0.0483106       	0.208514	0.355192	1  	0.132256
105	390  	119      	124     	0.5     	0.747217	0.791195	0.0483548       	0.208514	0.354805	1  	0.132339
106	379  	118      	124     	0.5     	0.748245	0.791195	0.047787        	0.208514	0.352244	1  	0.131236
107	375  	120      	124     	0.5     	0.748378	0.791195	0.047861        	0.208514	0.352029	1  	0.131376
108	387  	115      	124     	0.5     	0.748381	0.791195	0.0478375       	0.208514	0.352332	1  	0.131322
109	380  	118      	124     	0.5     	0.748525	0.791195	0.0478649       	0.208514	0.35207 	1  	0.131341
110	378  	121      	124     	0.5     	0.748862	0.791195	0.0477657       	0.208514	0.351258	1  	0.131186
111	370  	121      	124     	0.5     	0.748942	0.791195	0.0478198       	0.208514	0.351256	1  	0.131195
112	366  	118      	124     	0.5     	0.74898 	0.791195	0.0478383       	0.208514	0.351357	1  	0.131105
113	367  	121      	124     	0.5     	0.74906 	0.791195	0.0478402       	0.208514	0.351278	1  	0.131173
114	390  	117      	124     	0.5     	0.748022	0.791195	0.0486585       	0.208514	0.354723	1  	0.131886
115	374  	120      	124     	0.5     	0.748059	0.794114	0.0486161       	0.208514	0.35539 	1  	0.131417
116	387  	121      	124     	0.5     	0.748079	0.794114	0.0486363       	0.208514	0.355585	1  	0.131386
117	370  	118      	124     	0.5     	0.748115	0.794114	0.0486321       	0.208514	0.355779	1  	0.131226
118	397  	117      	124     	0.5     	0.748236	0.794114	0.0486548       	0.208514	0.355609	1  	0.13136 
119	389  	119      	124     	0.5     	0.748326	0.794114	0.0487093       	0.208514	0.355562	1  	0.131409
120	386  	119      	124     	0.5     	0.748415	0.794114	0.0487551       	0.208514	0.355504	1  	0.131455
121	375  	121      	124     	0.5     	0.748515	0.794114	0.0488076       	0.208514	0.355414	1  	0.131537
122	382  	117      	124     	0.5     	0.748603	0.794114	0.0488522       	0.208514	0.355394	1  	0.13155 
123	369  	118      	124     	0.5     	0.748869	0.796319	0.0489639       	0.208514	0.354729	1  	0.131993
124	382  	121      	124     	0.5     	0.748951	0.796319	0.0490041       	0.208514	0.354988	1  	0.131819
125	391  	119      	124     	0.5     	0.748995	0.796319	0.0490299       	0.208514	0.354988	1  	0.131819
126	368  	119      	124     	0.5     	0.749804	0.796319	0.0486652       	0.208514	0.352846	1  	0.131377
127	360  	118      	124     	0.5     	0.749119	0.796319	0.0493998       	0.208514	0.3551  	1  	0.131847
128	392  	119      	124     	0.5     	0.749238	0.796319	0.0494015       	0.208514	0.355311	1  	0.131667
129	382  	117      	124     	0.5     	0.749394	0.796319	0.0492955       	0.208514	0.355265	1  	0.131703
130	372  	119      	124     	0.5     	0.749502	0.796319	0.0493564       	0.208514	0.355284	1  	0.131701
131	393  	118      	124     	0.5     	0.749621	0.7964  	0.0494323       	0.208514	0.355449	1  	0.131534
132	382  	118      	124     	0.5     	0.749712	0.7964  	0.0494872       	0.208514	0.355416	1  	0.13156 
133	377  	121      	124     	0.5     	0.749824	0.7964  	0.0495588       	0.204124	0.355399	1  	0.131607
134	375  	116      	124     	0.5     	0.749862	0.7964  	0.0495817       	0.204124	0.355536	1  	0.131487
135	379  	116      	124     	0.5     	0.749898	0.7964  	0.0496022       	0.204124	0.3556  	1  	0.131427
136	376  	122      	124     	0.5     	0.750003	0.7964  	0.0496724       	0.204124	0.355536	1  	0.131495
137	381  	122      	124     	0.5     	0.750069	0.7964  	0.0497063       	0.204124	0.35547 	1  	0.131562
138	380  	118      	124     	0.5     	0.75015 	0.7964  	0.0497568       	0.204124	0.355427	1  	0.131598
139	374  	119      	124     	0.5     	0.750252	0.797284	0.0498168       	0.204124	0.355352	1  	0.131661
140	380  	121      	124     	0.5     	0.750292	0.797284	0.049836        	0.204124	0.355369	1  	0.131648
141	379  	120      	124     	0.5     	0.750444	0.79799 	0.0499153       	0.204124	0.354998	1  	0.131961
142	382  	121      	124     	0.5     	0.750642	0.79799 	0.0500096       	0.204124	0.354367	1  	0.132332
143	375  	118      	124     	0.5     	0.75117 	0.79799 	0.0499189       	0.204124	0.353075	1  	0.132222
144	373  	121      	124     	0.5     	0.751957	0.79799 	0.049485        	0.204124	0.351133	1  	0.131577
145	361  	120      	124     	0.5     	0.75135 	0.800459	0.0502421       	0.204124	0.352972	1  	0.132505
146	374  	120      	124     	0.5     	0.75206 	0.800459	0.0495522       	0.204124	0.351351	1  	0.13137 
147	374  	119      	124     	0.5     	0.752092	0.800459	0.0495752       	0.204124	0.351292	1  	0.131426
148	376  	120      	124     	0.5     	0.752113	0.800459	0.0495897       	0.204124	0.351318	1  	0.13141 
149	376  	117      	124     	0.5     	0.752263	0.800459	0.0496947       	0.2     	0.351018	1  	0.131675

STARTING MASTER RUNNER LEAN CONCATENATED MASTER

LEAN CONCATENATED MASTER WITH SYMMETRIC FLIP
MASTER
   	     	         	        	       survival SKSurv Cox model concordance index       	                 root leanness                  
   	     	         	        	---------------------------------------------------------	------------------------------------------------
gen	evals	gen_feats	explored	min     	avg     	max     	std             	min     	avg     	max	std     
0  	500  	89       	89      	0.487192	0.63493 	0.753053	0.0498519       	0.213201	0.450572	1  	0.15411 
1  	352  	119      	121     	0.481846	0.657619	0.753053	0.0368082       	0.213201	0.41301 	1  	0.120395
2  	373  	124      	126     	0.481846	0.668524	0.753053	0.0387673       	0.218218	0.414689	1  	0.124906
3  	380  	124      	127     	0.480444	0.675598	0.753053	0.0416068       	0.218218	0.416909	1  	0.13048 
4  	370  	125      	127     	0.480444	0.680457	0.753053	0.0449032       	0.235702	0.42222 	1  	0.134687
5  	380  	123      	127     	0.5     	0.68799 	0.758681	0.0415487       	0.229416	0.416547	1  	0.134943
6  	369  	125      	127     	0.5     	0.692223	0.758681	0.0412815       	0.218218	0.416732	1  	0.134677
7  	378  	124      	127     	0.5     	0.696071	0.758681	0.0415251       	0.229416	0.414624	1  	0.135887
8  	371  	124      	127     	0.5     	0.701018	0.758681	0.0397203       	0.229416	0.404669	1  	0.135317
9  	380  	124      	127     	0.5     	0.704058	0.764283	0.0401728       	0.235702	0.401073	1  	0.135563
10 	373  	124      	127     	0.5     	0.706996	0.764283	0.0395569       	0.235702	0.396738	1  	0.134055
11 	356  	122      	127     	0.5     	0.708895	0.764283	0.0402849       	0.223607	0.397639	1  	0.133675
12 	370  	124      	127     	0.5     	0.711023	0.764283	0.0408504       	0.218218	0.397903	1  	0.133308
13 	360  	123      	127     	0.5     	0.71288 	0.771515	0.0413841       	0.218218	0.396599	1  	0.133698
14 	377  	122      	127     	0.5     	0.715853	0.771515	0.0410102       	0.218218	0.391014	1  	0.133056
15 	369  	125      	127     	0.5     	0.71765 	0.771515	0.0409106       	0.229416	0.388976	1  	0.13231 
16 	381  	125      	127     	0.5     	0.718805	0.771515	0.0414421       	0.229416	0.38945 	1  	0.131986
17 	391  	125      	127     	0.5     	0.719176	0.771515	0.0424004       	0.229416	0.390741	1  	0.133037
18 	384  	123      	127     	0.5     	0.721424	0.771515	0.0416805       	0.229416	0.385441	1  	0.132474
19 	370  	126      	127     	0.5     	0.723511	0.771515	0.0415315       	0.229416	0.383174	1  	0.131572
20 	369  	125      	127     	0.5     	0.724235	0.771515	0.0419794       	0.229416	0.383435	1  	0.131996
21 	386  	121      	127     	0.5     	0.724907	0.771515	0.0429145       	0.229416	0.384581	1  	0.132986
22 	375  	125      	127     	0.5     	0.726264	0.771515	0.0425231       	0.223607	0.382108	1  	0.1323  
23 	377  	124      	127     	0.5     	0.727137	0.771515	0.0427404       	0.223607	0.381851	1  	0.132583
24 	377  	122      	127     	0.5     	0.72864 	0.771515	0.0425129       	0.223607	0.378543	1  	0.132249
25 	383  	124      	127     	0.5     	0.729224	0.772276	0.0428119       	0.223607	0.378708	1  	0.132167
26 	371  	125      	127     	0.5     	0.729693	0.772276	0.0429835       	0.223607	0.379865	1  	0.131865
27 	380  	121      	127     	0.5     	0.730461	0.773301	0.0434549       	0.223607	0.380311	1  	0.132152
28 	370  	125      	127     	0.5     	0.731214	0.773301	0.0436837       	0.223607	0.379492	1  	0.13221 
29 	374  	122      	127     	0.5     	0.731742	0.773301	0.0436962       	0.229416	0.379382	1  	0.131596
30 	371  	125      	127     	0.5     	0.733202	0.773314	0.043391        	0.229416	0.376409	1  	0.13169 
31 	376  	123      	127     	0.5     	0.733779	0.779873	0.0434645       	0.229416	0.37654 	1  	0.13145 
32 	377  	124      	127     	0.5     	0.734496	0.779873	0.0436831       	0.229416	0.37592 	1  	0.131331
33 	381  	123      	127     	0.5     	0.734852	0.779873	0.043743        	0.229416	0.376228	1  	0.131205
34 	371  	125      	127     	0.5     	0.73538 	0.779873	0.0438173       	0.229416	0.375601	1  	0.131604
35 	392  	125      	127     	0.5     	0.736122	0.779873	0.0440842       	0.223607	0.374812	1  	0.132111
36 	382  	122      	127     	0.5     	0.735505	0.779873	0.0448338       	0.229416	0.37812 	1  	0.132262
37 	370  	121      	127     	0.5     	0.736485	0.779873	0.0441447       	0.229416	0.377168	1  	0.131097
38 	393  	125      	127     	0.5     	0.737212	0.779873	0.0443968       	0.223607	0.376111	1  	0.131237
39 	366  	124      	127     	0.5     	0.736763	0.781271	0.0452066       	0.223607	0.378972	1  	0.131925
40 	386  	126      	127     	0.5     	0.737997	0.781271	0.0447893       	0.218218	0.376148	1  	0.131264
41 	385  	126      	127     	0.5     	0.73775 	0.781271	0.0453739       	0.218218	0.377783	1  	0.132117
42 	371  	124      	127     	0.5     	0.738221	0.781271	0.0455588       	0.218218	0.376831	1  	0.132499
43 	378  	124      	127     	0.5     	0.738649	0.784329	0.0451837       	0.218218	0.37687 	1  	0.131823
44 	398  	123      	127     	0.5     	0.739264	0.784329	0.0451786       	0.218218	0.375408	1  	0.131817
45 	371  	122      	127     	0.5     	0.739687	0.784329	0.0453439       	0.218218	0.375044	1  	0.132128
46 	400  	125      	127     	0.5     	0.740927	0.785365	0.0449963       	0.218218	0.372211	1  	0.131741
47 	379  	126      	127     	0.5     	0.741088	0.785365	0.0452453       	0.218218	0.372781	1  	0.131672
48 	397  	127      	127     	0.5     	0.741675	0.786268	0.0452604       	0.218218	0.371846	1  	0.13168 
49 	372  	123      	127     	0.5     	0.742272	0.786268	0.045261        	0.218218	0.370611	1  	0.131794
50 	380  	126      	127     	0.5     	0.742178	0.786268	0.0454632       	0.2     	0.371725	1  	0.131837
51 	369  	124      	127     	0.5     	0.742659	0.786453	0.0456694       	0.2     	0.370443	1  	0.132505
52 	383  	123      	127     	0.5     	0.743759	0.786453	0.0452122       	0.2     	0.367995	1  	0.131683
53 	372  	125      	127     	0.5     	0.744537	0.786453	0.0454923       	0.2     	0.365253	1  	0.132886
54 	375  	124      	127     	0.5     	0.745221	0.786453	0.045018        	0.2     	0.364234	1  	0.131992
55 	376  	123      	127     	0.5     	0.746016	0.793423	0.0451001       	0.2     	0.362204	1  	0.132272
56 	353  	124      	127     	0.5     	0.745941	0.793423	0.0453599       	0.2     	0.363278	1  	0.132309
57 	368  	126      	127     	0.5     	0.746463	0.793423	0.0455331       	0.2     	0.362097	1  	0.132784
58 	385  	123      	127     	0.5     	0.747596	0.793423	0.0450698       	0.2     	0.359257	1  	0.132152
59 	368  	124      	127     	0.5     	0.747891	0.793423	0.0452081       	0.2     	0.358985	1  	0.13225 
60 	364  	125      	127     	0.5     	0.748098	0.793423	0.0453021       	0.2     	0.358785	1  	0.132419
61 	377  	123      	127     	0.5     	0.748375	0.793423	0.0454368       	0.2     	0.358837	1  	0.132328
62 	377  	126      	127     	0.5     	0.749029	0.793423	0.0454757       	0.196116	0.357516	1  	0.132229
63 	357  	126      	127     	0.5     	0.748758	0.793423	0.0457078       	0.208514	0.358952	1  	0.13215 
64 	375  	124      	127     	0.5     	0.748875	0.793423	0.0457592       	0.208514	0.35982 	1  	0.131557
65 	384  	125      	127     	0.5     	0.74914 	0.793423	0.0457997       	0.208514	0.359349	1  	0.13192 
66 	364  	124      	127     	0.5     	0.750117	0.793423	0.0454777       	0.208514	0.356503	1  	0.131829
67 	393  	121      	127     	0.5     	0.749858	0.798392	0.0461417       	0.208514	0.357881	1  	0.132877
68 	379  	125      	127     	0.5     	0.750089	0.798392	0.0462798       	0.208514	0.357862	1  	0.132879
69 	348  	124      	127     	0.5     	0.750907	0.798392	0.0458392       	0.208514	0.355472	1  	0.132293
70 	375  	124      	127     	0.5     	0.750831	0.798392	0.0463738       	0.208514	0.35648 	1  	0.132726
71 	380  	121      	127     	0.5     	0.751516	0.798392	0.0458567       	0.208514	0.354934	1  	0.13193 
72 	376  	123      	127     	0.5     	0.751881	0.801006	0.0460484       	0.208514	0.354421	1  	0.132281
73 	367  	124      	127     	0.5     	0.752128	0.801006	0.0461566       	0.208514	0.354109	1  	0.132515
74 	374  	122      	127     	0.5     	0.752697	0.801006	0.0463044       	0.204124	0.352445	1  	0.132935
75 	375  	124      	127     	0.5     	0.753592	0.801006	0.0457173       	0.204124	0.350622	1  	0.131637
76 	368  	126      	127     	0.5     	0.753204	0.801006	0.0463206       	0.204124	0.352181	1  	0.132294
77 	373  	125      	127     	0.5     	0.753934	0.801006	0.045838        	0.204124	0.350928	1  	0.13141 
78 	366  	125      	127     	0.5     	0.754094	0.801006	0.0459195       	0.204124	0.350998	1  	0.131381
79 	376  	122      	127     	0.5     	0.754256	0.801006	0.0459911       	0.204124	0.351034	1  	0.131347
80 	391  	125      	127     	0.5     	0.754438	0.801006	0.0460862       	0.2     	0.35076 	1  	0.13158 
81 	392  	124      	127     	0.5     	0.754534	0.801006	0.0461393       	0.2     	0.350701	1  	0.131625
82 	398  	121      	127     	0.5     	0.754738	0.801006	0.0462247       	0.196116	0.350461	1  	0.131828
83 	376  	123      	127     	0.5     	0.755074	0.801006	0.0463545       	0.196116	0.34964 	1  	0.132268
84 	396  	124      	127     	0.5     	0.755495	0.801006	0.0464661       	0.196116	0.348697	1  	0.132496
85 	387  	124      	127     	0.5     	0.755496	0.801006	0.0465401       	0.2     	0.349295	1  	0.132429
86 	377  	126      	127     	0.5     	0.75637 	0.801006	0.0459554       	0.2     	0.347034	1  	0.131424
87 	386  	123      	127     	0.5     	0.756691	0.801006	0.0459895       	0.2     	0.346492	1  	0.131428
88 	384  	123      	127     	0.5     	0.75703 	0.801006	0.0461213       	0.2     	0.34598 	1  	0.131526
89 	385  	123      	127     	0.5     	0.757265	0.801006	0.0462514       	0.2     	0.345681	1  	0.131745
90 	379  	125      	127     	0.5     	0.757433	0.801006	0.0463359       	0.2     	0.345595	1  	0.131802
91 	367  	120      	127     	0.5     	0.757529	0.801006	0.0463993       	0.2     	0.345886	1  	0.131612
92 	386  	123      	127     	0.5     	0.75764 	0.801006	0.046457        	0.2     	0.345752	1  	0.131763
93 	380  	126      	127     	0.5     	0.757759	0.801006	0.0465132       	0.2     	0.345785	1  	0.131772
94 	384  	123      	127     	0.5     	0.758013	0.801006	0.0466274       	0.2     	0.345236	1  	0.131995
95 	364  	125      	127     	0.5     	0.758102	0.801006	0.0466965       	0.2     	0.34575 	1  	0.131797
96 	391  	125      	127     	0.5     	0.758274	0.801006	0.0467532       	0.2     	0.345622	1  	0.131879
97 	380  	123      	127     	0.5     	0.758437	0.801006	0.0468504       	0.2     	0.345411	1  	0.132024
98 	377  	121      	127     	0.5     	0.759849	0.801006	0.0463048       	0.2     	0.341311	1  	0.131357
99 	366  	123      	127     	0.5     	0.760037	0.801006	0.0463873       	0.2     	0.341094	1  	0.131536
100	366  	123      	127     	0.5     	0.760092	0.801006	0.0464133       	0.2     	0.341174	1  	0.131473
101	388  	124      	127     	0.5     	0.76009 	0.803547	0.0465242       	0.2     	0.341464	1  	0.131787
102	377  	125      	127     	0.5     	0.760323	0.804857	0.0466624       	0.2     	0.341043	1  	0.13215 
103	385  	122      	127     	0.5     	0.760213	0.804857	0.0466332       	0.2     	0.341912	1  	0.131605
104	367  	124      	127     	0.5     	0.760401	0.804857	0.0467366       	0.2     	0.341865	1  	0.131645
105	364  	125      	127     	0.5     	0.760604	0.804857	0.0468518       	0.204124	0.341767	1  	0.13168 
106	374  	125      	127     	0.5     	0.760711	0.806774	0.0469199       	0.204124	0.341993	1  	0.131506
107	364  	125      	127     	0.5     	0.760455	0.806774	0.0471963       	0.204124	0.34286 	1  	0.131704
108	386  	122      	127     	0.5     	0.76086 	0.806774	0.0470305       	0.204124	0.342166	1  	0.131381
109	383  	123      	127     	0.5     	0.76097 	0.807048	0.0470913       	0.204124	0.342239	1  	0.131337
110	396  	123      	127     	0.5     	0.759829	0.807048	0.0479508       	0.204124	0.345964	1  	0.132184
111	380  	125      	127     	0.5     	0.759827	0.807048	0.0479608       	0.204124	0.346285	1  	0.131986
112	382  	122      	127     	0.5     	0.760769	0.807048	0.0478139       	0.204124	0.343598	1  	0.132024
113	357  	126      	127     	0.5     	0.760224	0.807048	0.0480791       	0.204124	0.345632	1  	0.13209 
114	376  	125      	127     	0.5     	0.760661	0.807048	0.047922        	0.204124	0.344737	1  	0.131962
115	382  	123      	127     	0.5     	0.760384	0.807048	0.0481503       	0.204124	0.34579 	1  	0.132197
116	370  	121      	127     	0.5     	0.76155 	0.807048	0.0474521       	0.204124	0.342826	1  	0.130986
117	372  	123      	127     	0.5     	0.761605	0.807048	0.0474813       	0.204124	0.342803	1  	0.131006
118	397  	127      	127     	0.5     	0.761683	0.808286	0.0475219       	0.204124	0.342824	1  	0.130986
119	376  	123      	127     	0.5     	0.761946	0.808286	0.0476646       	0.204124	0.3424  	1  	0.131289
120	395  	125      	127     	0.5     	0.762016	0.808286	0.0477117       	0.204124	0.342378	1  	0.131339
121	379  	123      	127     	0.5     	0.76216 	0.808286	0.0477749       	0.204124	0.342061	1  	0.131512
122	376  	122      	127     	0.5     	0.762376	0.808286	0.0475784       	0.204124	0.341871	1  	0.130811
123	354  	120      	127     	0.5     	0.762354	0.808286	0.0479582       	0.204124	0.341923	1  	0.131541
124	387  	125      	127     	0.5     	0.762769	0.808286	0.0477844       	0.204124	0.34123 	1  	0.131258
125	398  	125      	127     	0.5     	0.762752	0.808286	0.0479833       	0.204124	0.341211	1  	0.131581
126	368  	123      	127     	0.5     	0.762662	0.808286	0.0480639       	0.204124	0.342137	1  	0.131426
127	363  	124      	127     	0.5     	0.762681	0.808286	0.0480737       	0.204124	0.342276	1  	0.13136 
128	386  	122      	127     	0.5     	0.762782	0.808286	0.0481139       	0.204124	0.342192	1  	0.131378
129	380  	121      	127     	0.5     	0.762746	0.808286	0.0480992       	0.204124	0.342609	1  	0.131108
130	375  	126      	127     	0.5     	0.762815	0.808286	0.0481246       	0.204124	0.34269 	1  	0.131053
131	400  	124      	127     	0.5     	0.762847	0.808286	0.048148        	0.204124	0.342746	1  	0.131034
132	364  	123      	127     	0.5     	0.762962	0.808286	0.048207        	0.204124	0.34271 	1  	0.131034
133	357  	124      	127     	0.5     	0.763038	0.809387	0.0482615       	0.204124	0.342688	1  	0.131054
134	390  	124      	127     	0.5     	0.76307 	0.809387	0.0482815       	0.204124	0.342721	1  	0.131024
135	396  	123      	127     	0.5     	0.763349	0.809387	0.0483812       	0.204124	0.342008	1  	0.131249
136	373  	124      	127     	0.5     	0.763553	0.809387	0.0485444       	0.2     	0.341331	1  	0.131796
137	373  	124      	127     	0.5     	0.763563	0.809387	0.0485411       	0.2     	0.341512	1  	0.131653
138	397  	125      	127     	0.5     	0.76377 	0.809387	0.0485153       	0.2     	0.341061	1  	0.131505
139	382  	125      	127     	0.5     	0.763961	0.809387	0.0485918       	0.2     	0.340558	1  	0.131738
140	387  	123      	127     	0.5     	0.76455 	0.809387	0.0481467       	0.2     	0.339389	1  	0.130968
141	371  	125      	127     	0.5     	0.764699	0.809387	0.0480453       	0.2     	0.339125	1  	0.130698
142	381  	121      	127     	0.5     	0.765161	0.809387	0.0480369       	0.2     	0.337804	1  	0.130766
143	374  	125      	127     	0.5     	0.765212	0.809387	0.0480684       	0.2     	0.337765	1  	0.130803
144	383  	125      	127     	0.5     	0.765324	0.809387	0.048124        	0.2     	0.337618	1  	0.130903
145	383  	119      	127     	0.5     	0.765342	0.809387	0.0481298       	0.2     	0.337731	1  	0.130813
146	364  	122      	127     	0.5     	0.765396	0.809387	0.0481614       	0.2     	0.337799	1  	0.130755
147	394  	123      	127     	0.5     	0.765502	0.811981	0.0482275       	0.2     	0.337691	1  	0.130843
148	376  	121      	127     	0.5     	0.76557 	0.811981	0.0482629       	0.2     	0.337642	1  	0.130857
149	382  	122      	127     	0.5     	0.765709	0.811981	0.0483483       	0.2     	0.337499	1  	0.130968

CURRENT HALLS OF FAME

PARETO FRONT
Number of solutions = 20
(0.8119807800138265, 0.2041241452319315) 23 features: [0_race_WHITE, 1_hsa.let.7a.2.3p, 1_hsa.let.7c.3p, 1_hsa.miR.1269a, 1_hsa.miR.1306.3p, 1_hsa.miR.130b.5p, 1_hsa.miR.15b.3p, 1_hsa.miR.18a.5p, 1_hsa.miR.19b.3p, 1_hsa.miR.301a.3p, 1_hsa.miR.3170, 1_hsa.miR.33a.3p, 1_hsa.miR.340.3p, 1_hsa.miR.345.5p, 1_hsa.miR.3648, 1_hsa.miR.4662a.5p, 1_hsa.miR.4668.3p, 1_hsa.miR.552.5p, 1_hsa.miR.512.3p, 1_hsa.miR.518a.3p, 1_hsa.miR.518c.5p, 1_hsa.miR.520e, 1_hsa.miR.520g.3p]
(0.8093865369573244, 0.22360679774997896) 19 features: [0_race_WHITE, 1_hsa.let.7c.3p, 1_hsa.miR.106b.5p, 1_hsa.miR.1306.3p, 1_hsa.miR.15b.3p, 1_hsa.miR.301a.3p, 1_hsa.miR.3170, 1_hsa.miR.340.3p, 1_hsa.miR.345.5p, 1_hsa.miR.3648, 1_hsa.miR.4662a.5p, 1_hsa.miR.4668.3p, 1_hsa.miR.552.5p, 1_hsa.miR.512.3p, 1_hsa.miR.517a.3p, 1_hsa.miR.517b.3p, 1_hsa.miR.518a.3p, 1_hsa.miR.518c.5p, 1_hsa.miR.520e]
(0.8069802971240226, 0.22941573387056177) 18 features: [0_race_WHITE, 1_hsa.let.7c.3p, 1_hsa.miR.106b.5p, 1_hsa.miR.1306.3p, 1_hsa.miR.130b.5p, 1_hsa.miR.15b.3p, 1_hsa.miR.301a.3p, 1_hsa.miR.3170, 1_hsa.miR.340.3p, 1_hsa.miR.3648, 1_hsa.miR.4662a.5p, 1_hsa.miR.4668.3p, 1_hsa.miR.552.5p, 1_hsa.miR.512.3p, 1_hsa.miR.517b.3p, 1_hsa.miR.518a.3p, 1_hsa.miR.518c.5p, 1_hsa.miR.520e]
(0.8057452421887055, 0.23570226039551584) 17 features: [0_race_WHITE, 1_hsa.let.7c.3p, 1_hsa.miR.106b.5p, 1_hsa.miR.1306.3p, 1_hsa.miR.15b.3p, 1_hsa.miR.301a.3p, 1_hsa.miR.3170, 1_hsa.miR.340.3p, 1_hsa.miR.345.5p, 1_hsa.miR.3648, 1_hsa.miR.4662a.5p, 1_hsa.miR.4668.3p, 1_hsa.miR.552.5p, 1_hsa.miR.512.3p, 1_hsa.miR.518a.3p, 1_hsa.miR.518c.5p, 1_hsa.miR.520e]
(0.8039574315452617, 0.24253562503633297) 16 features: [0_race_WHITE, 1_hsa.let.7c.3p, 1_hsa.miR.106b.5p, 1_hsa.miR.130b.5p, 1_hsa.miR.15b.3p, 1_hsa.miR.301a.3p, 1_hsa.miR.3170, 1_hsa.miR.340.3p, 1_hsa.miR.345.5p, 1_hsa.miR.3648, 1_hsa.miR.4662a.5p, 1_hsa.miR.4668.3p, 1_hsa.miR.552.5p, 1_hsa.miR.512.3p, 1_hsa.miR.518a.3p, 1_hsa.miR.520e]
(0.7990277162820805, 0.25) 15 features: [0_race_WHITE, 1_hsa.miR.106b.5p, 1_hsa.miR.130b.5p, 1_hsa.miR.15b.3p, 1_hsa.miR.197.3p, 1_hsa.miR.301a.3p, 1_hsa.miR.3170, 1_hsa.miR.340.3p, 1_hsa.miR.3648, 1_hsa.miR.4662a.5p, 1_hsa.miR.4668.3p, 1_hsa.miR.552.5p, 1_hsa.miR.512.3p, 1_hsa.miR.518a.3p, 1_hsa.miR.520e]
(0.7952199659376196, 0.2672612419124244) 13 features: [0_race_WHITE, 1_hsa.miR.17.3p, 1_hsa.miR.301a.3p, 1_hsa.miR.340.3p, 1_hsa.miR.423.3p, 1_hsa.miR.4449, 1_hsa.miR.4662a.5p, 1_hsa.miR.4668.3p, 1_hsa.miR.552.5p, 1_hsa.miR.1323, 1_hsa.miR.512.3p, 1_hsa.miR.518a.3p, 1_hsa.miR.520e]
(0.7904662621634566, 0.2773500981126146) 12 features: [0_race_WHITE, 1_hsa.miR.301a.3p, 1_hsa.miR.340.3p, 1_hsa.miR.3687, 1_hsa.miR.423.3p, 1_hsa.miR.4449, 1_hsa.miR.4662a.5p, 1_hsa.miR.4668.3p, 1_hsa.miR.552.5p, 1_hsa.miR.512.3p, 1_hsa.miR.518a.3p, 1_hsa.miR.520e]
(0.7889609833353188, 0.28867513459481287) 11 features: [0_race_WHITE, 1_hsa.miR.301a.3p, 1_hsa.miR.340.3p, 1_hsa.miR.423.3p, 1_hsa.miR.4449, 1_hsa.miR.4662a.5p, 1_hsa.miR.4668.3p, 1_hsa.miR.552.5p, 1_hsa.miR.512.3p, 1_hsa.miR.518a.3p, 1_hsa.miR.520e]
(0.7877205180668065, 0.30151134457776363) 10 features: [0_race_WHITE, 1_hsa.miR.301a.3p, 1_hsa.miR.340.3p, 1_hsa.miR.4449, 1_hsa.miR.4662a.5p, 1_hsa.miR.4668.3p, 1_hsa.miR.552.5p, 1_hsa.miR.512.3p, 1_hsa.miR.518a.3p, 1_hsa.miR.520e]
(0.781396915943787, 0.31622776601683794) 9 features: [0_race_WHITE, 1_hsa.miR.24.3p, 1_hsa.miR.3170, 1_hsa.miR.340.3p, 1_hsa.miR.3648, 1_hsa.miR.4449, 1_hsa.miR.548v, 1_hsa.miR.7974, 1_hsa.miR.512.3p]
(0.7783809479543162, 0.3333333333333333) 8 features: [0_race_WHITE, 1_hsa.miR.106b.5p, 1_hsa.miR.3170, 1_hsa.miR.340.3p, 1_hsa.miR.3607.5p, 1_hsa.miR.3648, 1_hsa.miR.548v, 1_hsa.miR.512.3p]
(0.7714718119356939, 0.3535533905932738) 7 features: [0_race_WHITE, 1_hsa.miR.3170, 1_hsa.miR.340.3p, 1_hsa.miR.3648, 1_hsa.miR.4449, 1_hsa.miR.548v, 1_hsa.miR.512.3p]
(0.7657760895196072, 0.3779644730092272) 6 features: [0_race_WHITE, 1_hsa.miR.3170, 1_hsa.miR.340.3p, 1_hsa.miR.3648, 1_hsa.miR.548v, 1_hsa.miR.512.3p]
(0.75588482937068, 0.408248290463863) 5 features: [0_race_WHITE, 1_hsa.let.7c.3p, 1_hsa.miR.3170, 1_hsa.miR.3648, 1_hsa.miR.548v]
(0.7438782460491423, 0.4472135954999579) 4 features: [0_race_WHITE, 1_hsa.miR.3170, 1_hsa.miR.3648, 1_hsa.miR.548v]
(0.7270078317383565, 0.5) [0_race_WHITE, 1_hsa.miR.3170, 1_hsa.miR.518f.3p]
(0.7007056608585569, 0.5773502691896257) [0_race_WHITE, 1_hsa.miR.3170]
(0.6482837831715053, 0.7071067811865476) [1_hsa.miR.3648]
(0.5, 1.0) []
Features in hall of fame by prevalence:
37 features: [0_race_WHITE, 1_hsa.miR.3170, 1_hsa.miR.340.3p, 1_hsa.miR.512.3p, 1_hsa.miR.3648, 1_hsa.miR.301a.3p, 1_hsa.miR.4662a.5p, 1_hsa.miR.4668.3p, 1_hsa.miR.552.5p, 1_hsa.miR.518a.3p, 1_hsa.miR.520e, 1_hsa.let.7c.3p, 1_hsa.miR.106b.5p, 1_hsa.miR.15b.3p, 1_hsa.miR.4449, 1_hsa.miR.548v, 1_hsa.miR.1306.3p, 1_hsa.miR.130b.5p, 1_hsa.miR.345.5p, 1_hsa.miR.518c.5p, 1_hsa.miR.423.3p, 1_hsa.miR.517b.3p, 1_hsa.let.7a.2.3p, 1_hsa.miR.1269a, 1_hsa.miR.17.3p, 1_hsa.miR.18a.5p, 1_hsa.miR.197.3p, 1_hsa.miR.19b.3p, 1_hsa.miR.24.3p, 1_hsa.miR.33a.3p, 1_hsa.miR.3607.5p, 1_hsa.miR.3687, 1_hsa.miR.7974, 1_hsa.miR.1323, 1_hsa.miR.517a.3p, 1_hsa.miR.518f.3p, 1_hsa.miR.520g.3p]

LAST POPULATION
Number of solutions = 500
Features in hall of fame by prevalence:
107 features: [0_race_WHITE, 1_hsa.miR.3648, 1_hsa.miR.512.3p, 1_hsa.miR.3170, 1_hsa.miR.340.3p, 1_hsa.miR.518a.3p, 1_hsa.miR.552.5p, 1_hsa.miR.4662a.5p, 1_hsa.miR.4668.3p, 1_hsa.miR.301a.3p, 1_hsa.miR.520e, 1_hsa.miR.15b.3p, 1_hsa.let.7c.3p, 1_hsa.miR.548v, 1_hsa.miR.106b.5p, 1_hsa.miR.4449, 1_hsa.miR.197.3p, 1_hsa.miR.130b.5p, 1_hsa.miR.1306.3p, 1_hsa.miR.518c.5p, 1_hsa.miR.345.5p, 1_hsa.miR.517a.3p, 1_hsa.miR.520g.3p, 1_hsa.miR.24.3p, 1_hsa.miR.93.3p, 1_hsa.miR.517b.3p, 1_hsa.miR.3607.5p, 1_hsa.miR.3687, 1_hsa.miR.7706, 1_hsa.let.7a.2.3p, 1_hsa.miR.301b, 1_hsa.miR.423.3p, 1_hsa.miR.512.5p, 1_hsa.miR.518f.3p, 1_hsa.miR.486.3p, 1_hsa.miR.196b.3p, 1_hsa.miR.33a.3p, 1_hsa.miR.1229.3p, 1_hsa.miR.18a.3p, 1_hsa.miR.499a.5p, 1_hsa.miR.551a, 1_hsa.miR.1269a, 0_age_at_initial_pathologic_diagnosis, 1_hsa.miR.155.3p, 1_hsa.miR.491.3p, 1_hsa.miR.520h, 1_hsa.miR.24.2.5p, 1_hsa.miR.7.1.3p, 1_hsa.miR.518c.3p, 1_hsa.miR.18a.5p, 1_hsa.miR.19b.3p, 1_hsa.miR.221.5p, 1_hsa.miR.301a.5p, 1_hsa.miR.3651, 1_hsa.miR.1323, 1_hsa.miR.519d.3p, 1_hsa.miR.20a.3p, 1_hsa.miR.3074.5p, 1_hsa.miR.30c.1.3p, 1_hsa.miR.590.5p, 1_hsa.miR.7974, 1_hsa.miR.99b.3p, 1_hsa.miR.92a.1.5p, 1_hsa.miR.525.5p, 1_hsa.miR.1343.3p, 1_hsa.miR.16.2.3p, 1_hsa.miR.17.3p, 1_hsa.miR.33a.5p, 1_hsa.miR.92a.3p, 1_hsa.miR.518f.5p, 1_hsa.miR.520d.5p, 1_hsa.miR.523.3p, 1_hsa.miR.103a.2.5p, 1_hsa.miR.106b.3p, 1_hsa.miR.151a.5p, 1_hsa.miR.17.5p, 1_hsa.miR.3161, 1_hsa.miR.3187.3p, 1_hsa.miR.324.3p, 1_hsa.miR.324.5p, 1_hsa.miR.3605.3p, 1_hsa.miR.3610, 1_hsa.miR.3677.3p, 1_hsa.miR.4661.5p, 1_hsa.miR.519c.3p, 1_hsa.miR.522.3p, 1_hsa.miR.1197, 1_hsa.miR.181b.3p, 1_hsa.miR.195.5p, 1_hsa.miR.21.3p, 1_hsa.miR.29c.3p, 1_hsa.miR.455.3p, 1_hsa.miR.515.3p, 1_hsa.miR.515.5p, 1_hsa.miR.518a.5p, 1_hsa.miR.520b, 1_hsa.miR.526b.5p, 1_hsa.miR.130b.3p, 1_hsa.miR.135a.3p, 1_hsa.miR.20a.5p, ...]

BEST SUMS WITH SIZE 50
Number of solutions = 50
Features in hall of fame by prevalence:
49 features: [0_age_at_initial_pathologic_diagnosis, 0_race_WHITE, 1_hsa.miR.103a.2.5p, 1_hsa.miR.106b.5p, 1_hsa.miR.1226.3p, 1_hsa.miR.1229.3p, 1_hsa.miR.1269a, 1_hsa.miR.1306.3p, 1_hsa.miR.130b.3p, 1_hsa.miR.155.3p, 1_hsa.miR.15b.3p, 1_hsa.miR.16.2.3p, 1_hsa.miR.17.5p, 1_hsa.miR.195.5p, 1_hsa.miR.197.3p, 1_hsa.miR.19a.3p, 1_hsa.miR.19b.3p, 1_hsa.miR.20a.3p, 1_hsa.miR.210.3p, 1_hsa.miR.21.3p, 1_hsa.miR.221.5p, 1_hsa.miR.28.5p, 1_hsa.miR.29c.3p, 1_hsa.miR.301a.3p, 1_hsa.miR.301a.5p, 1_hsa.miR.301b, 1_hsa.miR.3074.5p, 1_hsa.miR.3170, 1_hsa.miR.3200.3p, 1_hsa.miR.324.3p, 1_hsa.miR.324.5p, 1_hsa.miR.33a.5p, 1_hsa.miR.3605.3p, 1_hsa.miR.3648, 1_hsa.miR.3677.3p, 1_hsa.miR.3687, 1_hsa.miR.455.3p, 1_hsa.miR.4668.3p, 1_hsa.miR.486.3p, 1_hsa.miR.499a.5p, 1_hsa.miR.503.3p, 1_hsa.miR.548v, 1_hsa.miR.552.5p, 1_hsa.miR.590.5p, 1_hsa.miR.744.3p, 1_hsa.miR.7706, 1_hsa.miR.887.3p, 1_hsa.miR.92a.3p, 1_hsa.miR.940]

BEST SUMS WITH SIZE 100
Number of solutions = 100
Features in hall of fame by prevalence:
89 features: [0_race_WHITE, 1_hsa.miR.301a.3p, 0_age_at_initial_pathologic_diagnosis, 1_hsa.miR.1306.3p, 1_hsa.miR.196b.3p, 1_hsa.miR.20a.3p, 1_hsa.miR.221.5p, 1_hsa.miR.301b, 1_hsa.miR.3170, 1_hsa.miR.3648, 1_hsa.miR.3677.3p, 1_hsa.miR.7706, 1_hsa.let.7a.2.3p, 1_hsa.let.7c.3p, 1_hsa.miR.103a.2.5p, 1_hsa.miR.106b.3p, 1_hsa.miR.106b.5p, 1_hsa.miR.1226.3p, 1_hsa.miR.1229.3p, 1_hsa.miR.1269a, 1_hsa.miR.1301.3p, 1_hsa.miR.130b.3p, 1_hsa.miR.130b.5p, 1_hsa.miR.1343.3p, 1_hsa.miR.135a.3p, 1_hsa.miR.138.5p, 1_hsa.miR.151a.5p, 1_hsa.miR.155.3p, 1_hsa.miR.15b.3p, 1_hsa.miR.16.2.3p, 1_hsa.miR.17.3p, 1_hsa.miR.17.5p, 1_hsa.miR.181b.3p, 1_hsa.miR.18a.3p, 1_hsa.miR.18a.5p, 1_hsa.miR.195.5p, 1_hsa.miR.197.3p, 1_hsa.miR.19a.3p, 1_hsa.miR.19b.3p, 1_hsa.miR.20a.5p, 1_hsa.miR.210.3p, 1_hsa.miR.21.3p, 1_hsa.miR.24.2.5p, 1_hsa.miR.24.3p, 1_hsa.miR.28.5p, 1_hsa.miR.29c.3p, 1_hsa.miR.301a.5p, 1_hsa.miR.3074.5p, 1_hsa.miR.3187.3p, 1_hsa.miR.3200.3p, 1_hsa.miR.324.3p, 1_hsa.miR.324.5p, 1_hsa.miR.33a.3p, 1_hsa.miR.33a.5p, 1_hsa.miR.340.3p, 1_hsa.miR.345.5p, 1_hsa.miR.3605.3p, 1_hsa.miR.3607.5p, 1_hsa.miR.3610, 1_hsa.miR.3651, 1_hsa.miR.3687, 1_hsa.miR.3917, 1_hsa.miR.421, 1_hsa.miR.423.3p, 1_hsa.miR.455.3p, 1_hsa.miR.4661.5p, 1_hsa.miR.4662a.5p, 1_hsa.miR.4668.3p, 1_hsa.miR.486.3p, 1_hsa.miR.491.3p, 1_hsa.miR.499a.5p, 1_hsa.miR.503.3p, 1_hsa.miR.548v, 1_hsa.miR.551a, 1_hsa.miR.552.5p, 1_hsa.miR.590.5p, 1_hsa.miR.7.1.3p, 1_hsa.miR.744.3p, 1_hsa.miR.7974, 1_hsa.miR.877.5p, 1_hsa.miR.887.3p, 1_hsa.miR.92a.1.5p, 1_hsa.miR.92a.3p, 1_hsa.miR.93.3p, 1_hsa.miR.940, 1_hsa.miR.99b.3p, 1_hsa.miR.512.3p, 1_hsa.miR.518c.5p, 1_hsa.miR.520e]
Optimization on fold finished in 00-00:28:02

FEATURE SETS SELECTED

PARETO FRONT
Number of solutions = 20
(0.8119807800138265, 0.2041241452319315) 23 features: [0_race_WHITE, 1_hsa.let.7a.2.3p, 1_hsa.let.7c.3p, 1_hsa.miR.1269a, 1_hsa.miR.1306.3p, 1_hsa.miR.130b.5p, 1_hsa.miR.15b.3p, 1_hsa.miR.18a.5p, 1_hsa.miR.19b.3p, 1_hsa.miR.301a.3p, 1_hsa.miR.3170, 1_hsa.miR.33a.3p, 1_hsa.miR.340.3p, 1_hsa.miR.345.5p, 1_hsa.miR.3648, 1_hsa.miR.4662a.5p, 1_hsa.miR.4668.3p, 1_hsa.miR.552.5p, 1_hsa.miR.512.3p, 1_hsa.miR.518a.3p, 1_hsa.miR.518c.5p, 1_hsa.miR.520e, 1_hsa.miR.520g.3p]
(0.8093865369573244, 0.22360679774997896) 19 features: [0_race_WHITE, 1_hsa.let.7c.3p, 1_hsa.miR.106b.5p, 1_hsa.miR.1306.3p, 1_hsa.miR.15b.3p, 1_hsa.miR.301a.3p, 1_hsa.miR.3170, 1_hsa.miR.340.3p, 1_hsa.miR.345.5p, 1_hsa.miR.3648, 1_hsa.miR.4662a.5p, 1_hsa.miR.4668.3p, 1_hsa.miR.552.5p, 1_hsa.miR.512.3p, 1_hsa.miR.517a.3p, 1_hsa.miR.517b.3p, 1_hsa.miR.518a.3p, 1_hsa.miR.518c.5p, 1_hsa.miR.520e]
(0.8069802971240226, 0.22941573387056177) 18 features: [0_race_WHITE, 1_hsa.let.7c.3p, 1_hsa.miR.106b.5p, 1_hsa.miR.1306.3p, 1_hsa.miR.130b.5p, 1_hsa.miR.15b.3p, 1_hsa.miR.301a.3p, 1_hsa.miR.3170, 1_hsa.miR.340.3p, 1_hsa.miR.3648, 1_hsa.miR.4662a.5p, 1_hsa.miR.4668.3p, 1_hsa.miR.552.5p, 1_hsa.miR.512.3p, 1_hsa.miR.517b.3p, 1_hsa.miR.518a.3p, 1_hsa.miR.518c.5p, 1_hsa.miR.520e]
(0.8057452421887055, 0.23570226039551584) 17 features: [0_race_WHITE, 1_hsa.let.7c.3p, 1_hsa.miR.106b.5p, 1_hsa.miR.1306.3p, 1_hsa.miR.15b.3p, 1_hsa.miR.301a.3p, 1_hsa.miR.3170, 1_hsa.miR.340.3p, 1_hsa.miR.345.5p, 1_hsa.miR.3648, 1_hsa.miR.4662a.5p, 1_hsa.miR.4668.3p, 1_hsa.miR.552.5p, 1_hsa.miR.512.3p, 1_hsa.miR.518a.3p, 1_hsa.miR.518c.5p, 1_hsa.miR.520e]
(0.8039574315452617, 0.24253562503633297) 16 features: [0_race_WHITE, 1_hsa.let.7c.3p, 1_hsa.miR.106b.5p, 1_hsa.miR.130b.5p, 1_hsa.miR.15b.3p, 1_hsa.miR.301a.3p, 1_hsa.miR.3170, 1_hsa.miR.340.3p, 1_hsa.miR.345.5p, 1_hsa.miR.3648, 1_hsa.miR.4662a.5p, 1_hsa.miR.4668.3p, 1_hsa.miR.552.5p, 1_hsa.miR.512.3p, 1_hsa.miR.518a.3p, 1_hsa.miR.520e]
(0.7990277162820805, 0.25) 15 features: [0_race_WHITE, 1_hsa.miR.106b.5p, 1_hsa.miR.130b.5p, 1_hsa.miR.15b.3p, 1_hsa.miR.197.3p, 1_hsa.miR.301a.3p, 1_hsa.miR.3170, 1_hsa.miR.340.3p, 1_hsa.miR.3648, 1_hsa.miR.4662a.5p, 1_hsa.miR.4668.3p, 1_hsa.miR.552.5p, 1_hsa.miR.512.3p, 1_hsa.miR.518a.3p, 1_hsa.miR.520e]
(0.7952199659376196, 0.2672612419124244) 13 features: [0_race_WHITE, 1_hsa.miR.17.3p, 1_hsa.miR.301a.3p, 1_hsa.miR.340.3p, 1_hsa.miR.423.3p, 1_hsa.miR.4449, 1_hsa.miR.4662a.5p, 1_hsa.miR.4668.3p, 1_hsa.miR.552.5p, 1_hsa.miR.1323, 1_hsa.miR.512.3p, 1_hsa.miR.518a.3p, 1_hsa.miR.520e]
(0.7904662621634566, 0.2773500981126146) 12 features: [0_race_WHITE, 1_hsa.miR.301a.3p, 1_hsa.miR.340.3p, 1_hsa.miR.3687, 1_hsa.miR.423.3p, 1_hsa.miR.4449, 1_hsa.miR.4662a.5p, 1_hsa.miR.4668.3p, 1_hsa.miR.552.5p, 1_hsa.miR.512.3p, 1_hsa.miR.518a.3p, 1_hsa.miR.520e]
(0.7889609833353188, 0.28867513459481287) 11 features: [0_race_WHITE, 1_hsa.miR.301a.3p, 1_hsa.miR.340.3p, 1_hsa.miR.423.3p, 1_hsa.miR.4449, 1_hsa.miR.4662a.5p, 1_hsa.miR.4668.3p, 1_hsa.miR.552.5p, 1_hsa.miR.512.3p, 1_hsa.miR.518a.3p, 1_hsa.miR.520e]
(0.7877205180668065, 0.30151134457776363) 10 features: [0_race_WHITE, 1_hsa.miR.301a.3p, 1_hsa.miR.340.3p, 1_hsa.miR.4449, 1_hsa.miR.4662a.5p, 1_hsa.miR.4668.3p, 1_hsa.miR.552.5p, 1_hsa.miR.512.3p, 1_hsa.miR.518a.3p, 1_hsa.miR.520e]
(0.781396915943787, 0.31622776601683794) 9 features: [0_race_WHITE, 1_hsa.miR.24.3p, 1_hsa.miR.3170, 1_hsa.miR.340.3p, 1_hsa.miR.3648, 1_hsa.miR.4449, 1_hsa.miR.548v, 1_hsa.miR.7974, 1_hsa.miR.512.3p]
(0.7783809479543162, 0.3333333333333333) 8 features: [0_race_WHITE, 1_hsa.miR.106b.5p, 1_hsa.miR.3170, 1_hsa.miR.340.3p, 1_hsa.miR.3607.5p, 1_hsa.miR.3648, 1_hsa.miR.548v, 1_hsa.miR.512.3p]
(0.7714718119356939, 0.3535533905932738) 7 features: [0_race_WHITE, 1_hsa.miR.3170, 1_hsa.miR.340.3p, 1_hsa.miR.3648, 1_hsa.miR.4449, 1_hsa.miR.548v, 1_hsa.miR.512.3p]
(0.7657760895196072, 0.3779644730092272) 6 features: [0_race_WHITE, 1_hsa.miR.3170, 1_hsa.miR.340.3p, 1_hsa.miR.3648, 1_hsa.miR.548v, 1_hsa.miR.512.3p]
(0.75588482937068, 0.408248290463863) 5 features: [0_race_WHITE, 1_hsa.let.7c.3p, 1_hsa.miR.3170, 1_hsa.miR.3648, 1_hsa.miR.548v]
(0.7438782460491423, 0.4472135954999579) 4 features: [0_race_WHITE, 1_hsa.miR.3170, 1_hsa.miR.3648, 1_hsa.miR.548v]
(0.7270078317383565, 0.5) [0_race_WHITE, 1_hsa.miR.3170, 1_hsa.miR.518f.3p]
(0.7007056608585569, 0.5773502691896257) [0_race_WHITE, 1_hsa.miR.3170]
(0.6482837831715053, 0.7071067811865476) [1_hsa.miR.3648]
(0.5, 1.0) []
Features in hall of fame by prevalence:
37 features: [0_race_WHITE, 1_hsa.miR.3170, 1_hsa.miR.340.3p, 1_hsa.miR.512.3p, 1_hsa.miR.3648, 1_hsa.miR.301a.3p, 1_hsa.miR.4662a.5p, 1_hsa.miR.4668.3p, 1_hsa.miR.552.5p, 1_hsa.miR.518a.3p, 1_hsa.miR.520e, 1_hsa.let.7c.3p, 1_hsa.miR.106b.5p, 1_hsa.miR.15b.3p, 1_hsa.miR.4449, 1_hsa.miR.548v, 1_hsa.miR.1306.3p, 1_hsa.miR.130b.5p, 1_hsa.miR.345.5p, 1_hsa.miR.518c.5p, 1_hsa.miR.423.3p, 1_hsa.miR.517b.3p, 1_hsa.let.7a.2.3p, 1_hsa.miR.1269a, 1_hsa.miR.17.3p, 1_hsa.miR.18a.5p, 1_hsa.miR.197.3p, 1_hsa.miR.19b.3p, 1_hsa.miR.24.3p, 1_hsa.miR.33a.3p, 1_hsa.miR.3607.5p, 1_hsa.miR.3687, 1_hsa.miR.7974, 1_hsa.miR.1323, 1_hsa.miR.517a.3p, 1_hsa.miR.518f.3p, 1_hsa.miR.520g.3p]

LAST POPULATION
Number of solutions = 500
Features in hall of fame by prevalence:
107 features: [0_race_WHITE, 1_hsa.miR.3648, 1_hsa.miR.512.3p, 1_hsa.miR.3170, 1_hsa.miR.340.3p, 1_hsa.miR.518a.3p, 1_hsa.miR.552.5p, 1_hsa.miR.4662a.5p, 1_hsa.miR.4668.3p, 1_hsa.miR.301a.3p, 1_hsa.miR.520e, 1_hsa.miR.15b.3p, 1_hsa.let.7c.3p, 1_hsa.miR.548v, 1_hsa.miR.106b.5p, 1_hsa.miR.4449, 1_hsa.miR.197.3p, 1_hsa.miR.130b.5p, 1_hsa.miR.1306.3p, 1_hsa.miR.518c.5p, 1_hsa.miR.345.5p, 1_hsa.miR.517a.3p, 1_hsa.miR.520g.3p, 1_hsa.miR.24.3p, 1_hsa.miR.93.3p, 1_hsa.miR.517b.3p, 1_hsa.miR.3607.5p, 1_hsa.miR.3687, 1_hsa.miR.7706, 1_hsa.let.7a.2.3p, 1_hsa.miR.301b, 1_hsa.miR.423.3p, 1_hsa.miR.512.5p, 1_hsa.miR.518f.3p, 1_hsa.miR.486.3p, 1_hsa.miR.196b.3p, 1_hsa.miR.33a.3p, 1_hsa.miR.1229.3p, 1_hsa.miR.18a.3p, 1_hsa.miR.499a.5p, 1_hsa.miR.551a, 1_hsa.miR.1269a, 0_age_at_initial_pathologic_diagnosis, 1_hsa.miR.155.3p, 1_hsa.miR.491.3p, 1_hsa.miR.520h, 1_hsa.miR.24.2.5p, 1_hsa.miR.7.1.3p, 1_hsa.miR.518c.3p, 1_hsa.miR.18a.5p, 1_hsa.miR.19b.3p, 1_hsa.miR.221.5p, 1_hsa.miR.301a.5p, 1_hsa.miR.3651, 1_hsa.miR.1323, 1_hsa.miR.519d.3p, 1_hsa.miR.20a.3p, 1_hsa.miR.3074.5p, 1_hsa.miR.30c.1.3p, 1_hsa.miR.590.5p, 1_hsa.miR.7974, 1_hsa.miR.99b.3p, 1_hsa.miR.92a.1.5p, 1_hsa.miR.525.5p, 1_hsa.miR.1343.3p, 1_hsa.miR.16.2.3p, 1_hsa.miR.17.3p, 1_hsa.miR.33a.5p, 1_hsa.miR.92a.3p, 1_hsa.miR.518f.5p, 1_hsa.miR.520d.5p, 1_hsa.miR.523.3p, 1_hsa.miR.103a.2.5p, 1_hsa.miR.106b.3p, 1_hsa.miR.151a.5p, 1_hsa.miR.17.5p, 1_hsa.miR.3161, 1_hsa.miR.3187.3p, 1_hsa.miR.324.3p, 1_hsa.miR.324.5p, 1_hsa.miR.3605.3p, 1_hsa.miR.3610, 1_hsa.miR.3677.3p, 1_hsa.miR.4661.5p, 1_hsa.miR.519c.3p, 1_hsa.miR.522.3p, 1_hsa.miR.1197, 1_hsa.miR.181b.3p, 1_hsa.miR.195.5p, 1_hsa.miR.21.3p, 1_hsa.miR.29c.3p, 1_hsa.miR.455.3p, 1_hsa.miR.515.3p, 1_hsa.miR.515.5p, 1_hsa.miR.518a.5p, 1_hsa.miR.520b, 1_hsa.miR.526b.5p, 1_hsa.miR.130b.3p, 1_hsa.miR.135a.3p, 1_hsa.miR.20a.5p, ...]

BEST SUMS WITH SIZE 50
Number of solutions = 50
Features in hall of fame by prevalence:
49 features: [0_age_at_initial_pathologic_diagnosis, 0_race_WHITE, 1_hsa.miR.103a.2.5p, 1_hsa.miR.106b.5p, 1_hsa.miR.1226.3p, 1_hsa.miR.1229.3p, 1_hsa.miR.1269a, 1_hsa.miR.1306.3p, 1_hsa.miR.130b.3p, 1_hsa.miR.155.3p, 1_hsa.miR.15b.3p, 1_hsa.miR.16.2.3p, 1_hsa.miR.17.5p, 1_hsa.miR.195.5p, 1_hsa.miR.197.3p, 1_hsa.miR.19a.3p, 1_hsa.miR.19b.3p, 1_hsa.miR.20a.3p, 1_hsa.miR.210.3p, 1_hsa.miR.21.3p, 1_hsa.miR.221.5p, 1_hsa.miR.28.5p, 1_hsa.miR.29c.3p, 1_hsa.miR.301a.3p, 1_hsa.miR.301a.5p, 1_hsa.miR.301b, 1_hsa.miR.3074.5p, 1_hsa.miR.3170, 1_hsa.miR.3200.3p, 1_hsa.miR.324.3p, 1_hsa.miR.324.5p, 1_hsa.miR.33a.5p, 1_hsa.miR.3605.3p, 1_hsa.miR.3648, 1_hsa.miR.3677.3p, 1_hsa.miR.3687, 1_hsa.miR.455.3p, 1_hsa.miR.4668.3p, 1_hsa.miR.486.3p, 1_hsa.miR.499a.5p, 1_hsa.miR.503.3p, 1_hsa.miR.548v, 1_hsa.miR.552.5p, 1_hsa.miR.590.5p, 1_hsa.miR.744.3p, 1_hsa.miR.7706, 1_hsa.miR.887.3p, 1_hsa.miR.92a.3p, 1_hsa.miR.940]

BEST SUMS WITH SIZE 100
Number of solutions = 100
Features in hall of fame by prevalence:
89 features: [0_race_WHITE, 1_hsa.miR.301a.3p, 0_age_at_initial_pathologic_diagnosis, 1_hsa.miR.1306.3p, 1_hsa.miR.196b.3p, 1_hsa.miR.20a.3p, 1_hsa.miR.221.5p, 1_hsa.miR.301b, 1_hsa.miR.3170, 1_hsa.miR.3648, 1_hsa.miR.3677.3p, 1_hsa.miR.7706, 1_hsa.let.7a.2.3p, 1_hsa.let.7c.3p, 1_hsa.miR.103a.2.5p, 1_hsa.miR.106b.3p, 1_hsa.miR.106b.5p, 1_hsa.miR.1226.3p, 1_hsa.miR.1229.3p, 1_hsa.miR.1269a, 1_hsa.miR.1301.3p, 1_hsa.miR.130b.3p, 1_hsa.miR.130b.5p, 1_hsa.miR.1343.3p, 1_hsa.miR.135a.3p, 1_hsa.miR.138.5p, 1_hsa.miR.151a.5p, 1_hsa.miR.155.3p, 1_hsa.miR.15b.3p, 1_hsa.miR.16.2.3p, 1_hsa.miR.17.3p, 1_hsa.miR.17.5p, 1_hsa.miR.181b.3p, 1_hsa.miR.18a.3p, 1_hsa.miR.18a.5p, 1_hsa.miR.195.5p, 1_hsa.miR.197.3p, 1_hsa.miR.19a.3p, 1_hsa.miR.19b.3p, 1_hsa.miR.20a.5p, 1_hsa.miR.210.3p, 1_hsa.miR.21.3p, 1_hsa.miR.24.2.5p, 1_hsa.miR.24.3p, 1_hsa.miR.28.5p, 1_hsa.miR.29c.3p, 1_hsa.miR.301a.5p, 1_hsa.miR.3074.5p, 1_hsa.miR.3187.3p, 1_hsa.miR.3200.3p, 1_hsa.miR.324.3p, 1_hsa.miR.324.5p, 1_hsa.miR.33a.3p, 1_hsa.miR.33a.5p, 1_hsa.miR.340.3p, 1_hsa.miR.345.5p, 1_hsa.miR.3605.3p, 1_hsa.miR.3607.5p, 1_hsa.miR.3610, 1_hsa.miR.3651, 1_hsa.miR.3687, 1_hsa.miR.3917, 1_hsa.miR.421, 1_hsa.miR.423.3p, 1_hsa.miR.455.3p, 1_hsa.miR.4661.5p, 1_hsa.miR.4662a.5p, 1_hsa.miR.4668.3p, 1_hsa.miR.486.3p, 1_hsa.miR.491.3p, 1_hsa.miR.499a.5p, 1_hsa.miR.503.3p, 1_hsa.miR.548v, 1_hsa.miR.551a, 1_hsa.miR.552.5p, 1_hsa.miR.590.5p, 1_hsa.miR.7.1.3p, 1_hsa.miR.744.3p, 1_hsa.miR.7974, 1_hsa.miR.877.5p, 1_hsa.miR.887.3p, 1_hsa.miR.92a.1.5p, 1_hsa.miR.92a.3p, 1_hsa.miR.93.3p, 1_hsa.miR.940, 1_hsa.miR.99b.3p, 1_hsa.miR.512.3p, 1_hsa.miR.518c.5p, 1_hsa.miR.520e]
