
OPTIMIZING ON FOLD NUMBER 4
Number of workers = 96

COMPUTING LOCAL ACTIVE FEATURES
Computing active features for view clinic
Existing features: 7
Applying union strategy for feature selection using composite feature selector with
categorical: feature selector any na and anova
survival: feature selector Cox

Computing active features for outcome survival
Features selected for this outcome: 2
Features active in total: 2
Computing active features for view log_mirna
Existing features: 739
Applying union strategy for feature selection using composite feature selector with
categorical: feature selector any na and anova
survival: feature selector Cox

Computing active features for outcome survival
Features selected for this outcome: 172
Features active in total: 172
Computing feature importance
Running optimizer

STARTING 2-STEPS GENETIC ALGORITHM

CREATING INNER FOLDS

ASSIGNING STRATA FOR MULTI-OUTCOME DATA SARC_MV
Assigning strata for outcome named survival of type survival
Counts:
censored 0: 24
censored 1: 76
deceased 0: 28
deceased 1: 28

STARTING SWEEP NUMBER 1
folds_creator_seed = 4107908117

ASSIGNING STRATA FOR MULTI-OUTCOME DATA SARC_MV
Assigning strata for outcome named survival of type survival
Counts:
censored 0: 24
censored 1: 76
deceased 0: 28
deceased 1: 28
ga_runner_seed = 3091794638
VIEW: CLINIC
   	     	         	        	   survival SKSurv Cox model concordance index   	             root leanness              
   	     	         	        	-------------------------------------------------	----------------------------------------
gen	evals	gen_feats	explored	min	avg     	max     	std                  	min    	avg     	max	std     
0  	500  	2        	2       	0.5	0.575761	0.644097	0.059515             	0.57735	0.764583	1  	0.176296
1  	295  	2        	2       	0.5	0.577999	0.644097	0.0522712            	0.57735	0.747891	1  	0.154895
2  	310  	2        	2       	0.5	0.577999	0.644097	0.0522712            	0.57735	0.747891	1  	0.154895
3  	302  	2        	2       	0.5	0.577999	0.644097	0.0522712            	0.57735	0.747891	1  	0.154895
4  	324  	2        	2       	0.5	0.577999	0.644097	0.0522712            	0.57735	0.747891	1  	0.154895
5  	321  	2        	2       	0.5	0.577999	0.644097	0.0522712            	0.57735	0.747891	1  	0.154895
6  	307  	2        	2       	0.5	0.577999	0.644097	0.0522712            	0.57735	0.747891	1  	0.154895
7  	298  	2        	2       	0.5	0.577999	0.644097	0.0522712            	0.57735	0.747891	1  	0.154895
8  	300  	2        	2       	0.5	0.577999	0.644097	0.0522712            	0.57735	0.747891	1  	0.154895
9  	306  	2        	2       	0.5	0.577999	0.644097	0.0522712            	0.57735	0.747891	1  	0.154895
10 	290  	2        	2       	0.5	0.577999	0.644097	0.0522712            	0.57735	0.747891	1  	0.154895
11 	318  	2        	2       	0.5	0.577999	0.644097	0.0522712            	0.57735	0.747891	1  	0.154895
12 	305  	2        	2       	0.5	0.577999	0.644097	0.0522712            	0.57735	0.747891	1  	0.154895
13 	301  	2        	2       	0.5	0.577999	0.644097	0.0522712            	0.57735	0.747891	1  	0.154895
14 	316  	2        	2       	0.5	0.577999	0.644097	0.0522712            	0.57735	0.747891	1  	0.154895
15 	304  	2        	2       	0.5	0.577999	0.644097	0.0522712            	0.57735	0.747891	1  	0.154895
16 	323  	2        	2       	0.5	0.577999	0.644097	0.0522712            	0.57735	0.747891	1  	0.154895
17 	297  	2        	2       	0.5	0.577999	0.644097	0.0522712            	0.57735	0.747891	1  	0.154895
18 	302  	2        	2       	0.5	0.577999	0.644097	0.0522712            	0.57735	0.747891	1  	0.154895
19 	313  	2        	2       	0.5	0.577999	0.644097	0.0522712            	0.57735	0.747891	1  	0.154895
20 	320  	2        	2       	0.5	0.577999	0.644097	0.0522712            	0.57735	0.747891	1  	0.154895
21 	308  	2        	2       	0.5	0.577999	0.644097	0.0522712            	0.57735	0.747891	1  	0.154895
22 	308  	2        	2       	0.5	0.577999	0.644097	0.0522712            	0.57735	0.747891	1  	0.154895
23 	307  	2        	2       	0.5	0.577999	0.644097	0.0522712            	0.57735	0.747891	1  	0.154895
24 	296  	2        	2       	0.5	0.577999	0.644097	0.0522712            	0.57735	0.747891	1  	0.154895
25 	306  	2        	2       	0.5	0.577999	0.644097	0.0522712            	0.57735	0.747891	1  	0.154895
26 	305  	2        	2       	0.5	0.577999	0.644097	0.0522712            	0.57735	0.747891	1  	0.154895
27 	317  	2        	2       	0.5	0.577999	0.644097	0.0522712            	0.57735	0.747891	1  	0.154895
28 	319  	2        	2       	0.5	0.577999	0.644097	0.0522712            	0.57735	0.747891	1  	0.154895
29 	318  	2        	2       	0.5	0.577999	0.644097	0.0522712            	0.57735	0.747891	1  	0.154895
30 	295  	2        	2       	0.5	0.577999	0.644097	0.0522712            	0.57735	0.747891	1  	0.154895
31 	324  	2        	2       	0.5	0.577999	0.644097	0.0522712            	0.57735	0.747891	1  	0.154895
32 	306  	2        	2       	0.5	0.577999	0.644097	0.0522712            	0.57735	0.747891	1  	0.154895
33 	280  	2        	2       	0.5	0.577999	0.644097	0.0522712            	0.57735	0.747891	1  	0.154895
34 	298  	2        	2       	0.5	0.577999	0.644097	0.0522712            	0.57735	0.747891	1  	0.154895
35 	290  	2        	2       	0.5	0.577999	0.644097	0.0522712            	0.57735	0.747891	1  	0.154895
36 	308  	2        	2       	0.5	0.577999	0.644097	0.0522712            	0.57735	0.747891	1  	0.154895
37 	312  	2        	2       	0.5	0.577999	0.644097	0.0522712            	0.57735	0.747891	1  	0.154895
38 	311  	2        	2       	0.5	0.577999	0.644097	0.0522712            	0.57735	0.747891	1  	0.154895
39 	303  	2        	2       	0.5	0.577999	0.644097	0.0522712            	0.57735	0.747891	1  	0.154895
40 	300  	2        	2       	0.5	0.577999	0.644097	0.0522712            	0.57735	0.747891	1  	0.154895
41 	284  	2        	2       	0.5	0.577999	0.644097	0.0522712            	0.57735	0.747891	1  	0.154895
42 	303  	2        	2       	0.5	0.577999	0.644097	0.0522712            	0.57735	0.747891	1  	0.154895
43 	313  	2        	2       	0.5	0.577999	0.644097	0.0522712            	0.57735	0.747891	1  	0.154895
44 	281  	2        	2       	0.5	0.577999	0.644097	0.0522712            	0.57735	0.747891	1  	0.154895
45 	328  	2        	2       	0.5	0.577999	0.644097	0.0522712            	0.57735	0.747891	1  	0.154895
46 	283  	2        	2       	0.5	0.577999	0.644097	0.0522712            	0.57735	0.747891	1  	0.154895
47 	315  	2        	2       	0.5	0.577999	0.644097	0.0522712            	0.57735	0.747891	1  	0.154895
48 	301  	2        	2       	0.5	0.577999	0.644097	0.0522712            	0.57735	0.747891	1  	0.154895
49 	308  	2        	2       	0.5	0.577999	0.644097	0.0522712            	0.57735	0.747891	1  	0.154895
50 	309  	2        	2       	0.5	0.577999	0.644097	0.0522712            	0.57735	0.747891	1  	0.154895
51 	298  	2        	2       	0.5	0.577999	0.644097	0.0522712            	0.57735	0.747891	1  	0.154895
52 	304  	2        	2       	0.5	0.577999	0.644097	0.0522712            	0.57735	0.747891	1  	0.154895
53 	301  	2        	2       	0.5	0.577999	0.644097	0.0522712            	0.57735	0.747891	1  	0.154895
54 	295  	2        	2       	0.5	0.577999	0.644097	0.0522712            	0.57735	0.747891	1  	0.154895
55 	317  	2        	2       	0.5	0.577999	0.644097	0.0522712            	0.57735	0.747891	1  	0.154895
56 	311  	2        	2       	0.5	0.577999	0.644097	0.0522712            	0.57735	0.747891	1  	0.154895
57 	295  	2        	2       	0.5	0.577999	0.644097	0.0522712            	0.57735	0.747891	1  	0.154895
58 	298  	2        	2       	0.5	0.577999	0.644097	0.0522712            	0.57735	0.747891	1  	0.154895
59 	326  	2        	2       	0.5	0.577999	0.644097	0.0522712            	0.57735	0.747891	1  	0.154895
60 	309  	2        	2       	0.5	0.577999	0.644097	0.0522712            	0.57735	0.747891	1  	0.154895
61 	324  	2        	2       	0.5	0.577999	0.644097	0.0522712            	0.57735	0.747891	1  	0.154895
62 	313  	2        	2       	0.5	0.577999	0.644097	0.0522712            	0.57735	0.747891	1  	0.154895
63 	315  	2        	2       	0.5	0.577999	0.644097	0.0522712            	0.57735	0.747891	1  	0.154895
64 	322  	2        	2       	0.5	0.577999	0.644097	0.0522712            	0.57735	0.747891	1  	0.154895
65 	325  	2        	2       	0.5	0.577999	0.644097	0.0522712            	0.57735	0.747891	1  	0.154895
66 	298  	2        	2       	0.5	0.577999	0.644097	0.0522712            	0.57735	0.747891	1  	0.154895
67 	337  	2        	2       	0.5	0.577999	0.644097	0.0522712            	0.57735	0.747891	1  	0.154895
68 	289  	2        	2       	0.5	0.577999	0.644097	0.0522712            	0.57735	0.747891	1  	0.154895
69 	333  	2        	2       	0.5	0.577999	0.644097	0.0522712            	0.57735	0.747891	1  	0.154895
70 	289  	2        	2       	0.5	0.577999	0.644097	0.0522712            	0.57735	0.747891	1  	0.154895
71 	293  	2        	2       	0.5	0.577999	0.644097	0.0522712            	0.57735	0.747891	1  	0.154895
72 	320  	2        	2       	0.5	0.577999	0.644097	0.0522712            	0.57735	0.747891	1  	0.154895
73 	293  	2        	2       	0.5	0.577999	0.644097	0.0522712            	0.57735	0.747891	1  	0.154895
74 	322  	2        	2       	0.5	0.577999	0.644097	0.0522712            	0.57735	0.747891	1  	0.154895
75 	308  	2        	2       	0.5	0.577999	0.644097	0.0522712            	0.57735	0.747891	1  	0.154895
76 	297  	2        	2       	0.5	0.577999	0.644097	0.0522712            	0.57735	0.747891	1  	0.154895
77 	315  	2        	2       	0.5	0.577999	0.644097	0.0522712            	0.57735	0.747891	1  	0.154895
78 	328  	2        	2       	0.5	0.577999	0.644097	0.0522712            	0.57735	0.747891	1  	0.154895
79 	319  	2        	2       	0.5	0.577999	0.644097	0.0522712            	0.57735	0.747891	1  	0.154895
80 	325  	2        	2       	0.5	0.577999	0.644097	0.0522712            	0.57735	0.747891	1  	0.154895
81 	326  	2        	2       	0.5	0.577999	0.644097	0.0522712            	0.57735	0.747891	1  	0.154895
82 	314  	2        	2       	0.5	0.577999	0.644097	0.0522712            	0.57735	0.747891	1  	0.154895
83 	293  	2        	2       	0.5	0.577999	0.644097	0.0522712            	0.57735	0.747891	1  	0.154895
84 	311  	2        	2       	0.5	0.577999	0.644097	0.0522712            	0.57735	0.747891	1  	0.154895
85 	287  	2        	2       	0.5	0.577999	0.644097	0.0522712            	0.57735	0.747891	1  	0.154895
86 	299  	2        	2       	0.5	0.577999	0.644097	0.0522712            	0.57735	0.747891	1  	0.154895
87 	306  	2        	2       	0.5	0.577999	0.644097	0.0522712            	0.57735	0.747891	1  	0.154895
88 	309  	2        	2       	0.5	0.577999	0.644097	0.0522712            	0.57735	0.747891	1  	0.154895
89 	322  	2        	2       	0.5	0.577999	0.644097	0.0522712            	0.57735	0.747891	1  	0.154895
90 	323  	2        	2       	0.5	0.577999	0.644097	0.0522712            	0.57735	0.747891	1  	0.154895
91 	317  	2        	2       	0.5	0.577999	0.644097	0.0522712            	0.57735	0.747891	1  	0.154895
92 	317  	2        	2       	0.5	0.577999	0.644097	0.0522712            	0.57735	0.747891	1  	0.154895
93 	301  	2        	2       	0.5	0.577999	0.644097	0.0522712            	0.57735	0.747891	1  	0.154895
94 	302  	2        	2       	0.5	0.577999	0.644097	0.0522712            	0.57735	0.747891	1  	0.154895
95 	317  	2        	2       	0.5	0.577999	0.644097	0.0522712            	0.57735	0.747891	1  	0.154895
96 	311  	2        	2       	0.5	0.577999	0.644097	0.0522712            	0.57735	0.747891	1  	0.154895
97 	327  	2        	2       	0.5	0.577999	0.644097	0.0522712            	0.57735	0.747891	1  	0.154895
98 	307  	2        	2       	0.5	0.577999	0.644097	0.0522712            	0.57735	0.747891	1  	0.154895
99 	313  	2        	2       	0.5	0.577999	0.644097	0.0522712            	0.57735	0.747891	1  	0.154895
100	311  	2        	2       	0.5	0.577999	0.644097	0.0522712            	0.57735	0.747891	1  	0.154895
101	306  	2        	2       	0.5	0.577999	0.644097	0.0522712            	0.57735	0.747891	1  	0.154895
102	318  	2        	2       	0.5	0.577999	0.644097	0.0522712            	0.57735	0.747891	1  	0.154895
103	301  	2        	2       	0.5	0.577999	0.644097	0.0522712            	0.57735	0.747891	1  	0.154895
104	333  	2        	2       	0.5	0.577999	0.644097	0.0522712            	0.57735	0.747891	1  	0.154895
105	319  	2        	2       	0.5	0.577999	0.644097	0.0522712            	0.57735	0.747891	1  	0.154895
106	310  	2        	2       	0.5	0.577999	0.644097	0.0522712            	0.57735	0.747891	1  	0.154895
107	281  	2        	2       	0.5	0.577999	0.644097	0.0522712            	0.57735	0.747891	1  	0.154895
108	308  	2        	2       	0.5	0.577999	0.644097	0.0522712            	0.57735	0.747891	1  	0.154895
109	305  	2        	2       	0.5	0.577999	0.644097	0.0522712            	0.57735	0.747891	1  	0.154895
110	324  	2        	2       	0.5	0.577999	0.644097	0.0522712            	0.57735	0.747891	1  	0.154895
111	289  	2        	2       	0.5	0.577999	0.644097	0.0522712            	0.57735	0.747891	1  	0.154895
112	296  	2        	2       	0.5	0.577999	0.644097	0.0522712            	0.57735	0.747891	1  	0.154895
113	302  	2        	2       	0.5	0.577999	0.644097	0.0522712            	0.57735	0.747891	1  	0.154895
114	306  	2        	2       	0.5	0.577999	0.644097	0.0522712            	0.57735	0.747891	1  	0.154895
115	294  	2        	2       	0.5	0.577999	0.644097	0.0522712            	0.57735	0.747891	1  	0.154895
116	291  	2        	2       	0.5	0.577999	0.644097	0.0522712            	0.57735	0.747891	1  	0.154895
117	294  	2        	2       	0.5	0.577999	0.644097	0.0522712            	0.57735	0.747891	1  	0.154895
118	308  	2        	2       	0.5	0.577999	0.644097	0.0522712            	0.57735	0.747891	1  	0.154895
119	324  	2        	2       	0.5	0.577999	0.644097	0.0522712            	0.57735	0.747891	1  	0.154895
120	317  	2        	2       	0.5	0.577999	0.644097	0.0522712            	0.57735	0.747891	1  	0.154895
121	312  	2        	2       	0.5	0.577999	0.644097	0.0522712            	0.57735	0.747891	1  	0.154895
122	313  	2        	2       	0.5	0.577999	0.644097	0.0522712            	0.57735	0.747891	1  	0.154895
123	307  	2        	2       	0.5	0.577999	0.644097	0.0522712            	0.57735	0.747891	1  	0.154895
124	319  	2        	2       	0.5	0.577999	0.644097	0.0522712            	0.57735	0.747891	1  	0.154895
125	307  	2        	2       	0.5	0.577999	0.644097	0.0522712            	0.57735	0.747891	1  	0.154895
126	324  	2        	2       	0.5	0.577999	0.644097	0.0522712            	0.57735	0.747891	1  	0.154895
127	301  	2        	2       	0.5	0.577999	0.644097	0.0522712            	0.57735	0.747891	1  	0.154895
128	297  	2        	2       	0.5	0.577999	0.644097	0.0522712            	0.57735	0.747891	1  	0.154895
129	316  	2        	2       	0.5	0.577999	0.644097	0.0522712            	0.57735	0.747891	1  	0.154895
130	312  	2        	2       	0.5	0.577999	0.644097	0.0522712            	0.57735	0.747891	1  	0.154895
131	321  	2        	2       	0.5	0.577999	0.644097	0.0522712            	0.57735	0.747891	1  	0.154895
132	308  	2        	2       	0.5	0.577999	0.644097	0.0522712            	0.57735	0.747891	1  	0.154895
133	309  	2        	2       	0.5	0.577999	0.644097	0.0522712            	0.57735	0.747891	1  	0.154895
134	295  	2        	2       	0.5	0.577999	0.644097	0.0522712            	0.57735	0.747891	1  	0.154895
135	280  	2        	2       	0.5	0.577999	0.644097	0.0522712            	0.57735	0.747891	1  	0.154895
136	310  	2        	2       	0.5	0.577999	0.644097	0.0522712            	0.57735	0.747891	1  	0.154895
137	325  	2        	2       	0.5	0.577999	0.644097	0.0522712            	0.57735	0.747891	1  	0.154895
138	305  	2        	2       	0.5	0.577999	0.644097	0.0522712            	0.57735	0.747891	1  	0.154895
139	301  	2        	2       	0.5	0.577999	0.644097	0.0522712            	0.57735	0.747891	1  	0.154895
140	319  	2        	2       	0.5	0.577999	0.644097	0.0522712            	0.57735	0.747891	1  	0.154895
141	298  	2        	2       	0.5	0.577999	0.644097	0.0522712            	0.57735	0.747891	1  	0.154895
142	292  	2        	2       	0.5	0.577999	0.644097	0.0522712            	0.57735	0.747891	1  	0.154895
143	296  	2        	2       	0.5	0.577999	0.644097	0.0522712            	0.57735	0.747891	1  	0.154895
144	296  	2        	2       	0.5	0.577999	0.644097	0.0522712            	0.57735	0.747891	1  	0.154895
145	307  	2        	2       	0.5	0.577999	0.644097	0.0522712            	0.57735	0.747891	1  	0.154895
146	287  	2        	2       	0.5	0.577999	0.644097	0.0522712            	0.57735	0.747891	1  	0.154895
147	311  	2        	2       	0.5	0.577999	0.644097	0.0522712            	0.57735	0.747891	1  	0.154895
148	272  	2        	2       	0.5	0.577999	0.644097	0.0522712            	0.57735	0.747891	1  	0.154895
149	315  	2        	2       	0.5	0.577999	0.644097	0.0522712            	0.57735	0.747891	1  	0.154895

ASSIGNING STRATA FOR MULTI-OUTCOME DATA SARC_MV
Assigning strata for outcome named survival of type survival
Counts:
censored 0: 24
censored 1: 76
deceased 0: 28
deceased 1: 28
VIEW: LOG_MIRNA
   	     	         	        	       survival SKSurv Cox model concordance index       	                 root leanness                  
   	     	         	        	---------------------------------------------------------	------------------------------------------------
gen	evals	gen_feats	explored	min     	avg     	max     	std             	min     	avg     	max	std     
0  	500  	40       	40      	0.443782	0.641874	0.849943	0.126553        	0.156174	0.259656	1  	0.16199 
1  	378  	156      	156     	0.5     	0.728404	0.849943	0.0627416       	0.162221	0.295666	1  	0.129207
2  	365  	154      	168     	0.5     	0.748601	0.849943	0.0601214       	0.185695	0.329591	1  	0.127481
3  	378  	158      	172     	0.5     	0.760227	0.849943	0.0575353       	0.188982	0.334361	1  	0.128702
4  	390  	161      	172     	0.5     	0.764404	0.852867	0.0601105       	0.188982	0.34545 	1  	0.132498
5  	363  	159      	172     	0.5     	0.768742	0.854022	0.0609334       	0.196116	0.348681	1  	0.133364
6  	390  	156      	172     	0.5     	0.773095	0.854022	0.059254        	0.19245 	0.349695	1  	0.133158
7  	394  	156      	172     	0.5     	0.775297	0.854022	0.060117        	0.19245 	0.353458	1  	0.133174
8  	383  	164      	172     	0.5     	0.778617	0.854444	0.0607716       	0.19245 	0.354262	1  	0.132732
9  	383  	154      	172     	0.5     	0.782209	0.859116	0.0606527       	0.19245 	0.353674	1  	0.133058
10 	374  	161      	172     	0.5     	0.78467 	0.859116	0.0609105       	0.19245 	0.354069	1  	0.132849
11 	394  	157      	172     	0.5     	0.786461	0.859116	0.061494        	0.19245 	0.355732	1  	0.133548
12 	384  	162      	172     	0.5     	0.789515	0.859116	0.0613599       	0.19245 	0.35365 	1  	0.133031
13 	389  	158      	172     	0.5     	0.791432	0.859116	0.0613296       	0.196116	0.354636	1  	0.132285
14 	390  	163      	172     	0.5     	0.792883	0.859123	0.0618          	0.196116	0.354607	1  	0.132316
15 	366  	158      	172     	0.5     	0.794677	0.859123	0.0617397       	0.196116	0.353254	1  	0.132488
16 	364  	161      	172     	0.5     	0.796379	0.864239	0.0624192       	0.204124	0.352705	1  	0.132997
17 	381  	166      	172     	0.5     	0.798121	0.864239	0.0620792       	0.204124	0.351475	1  	0.132441
18 	397  	166      	172     	0.5     	0.799648	0.864239	0.0618272       	0.204124	0.350031	1  	0.132273
19 	384  	169      	172     	0.5     	0.801456	0.864239	0.0620102       	0.2     	0.348323	1  	0.132401
20 	382  	164      	172     	0.5     	0.801404	0.864239	0.0622762       	0.2     	0.350158	1  	0.132115
21 	382  	162      	172     	0.5     	0.801211	0.864239	0.0633212       	0.196116	0.351741	1  	0.132965
22 	385  	156      	172     	0.5     	0.802585	0.864239	0.0626806       	0.196116	0.350492	1  	0.131922
23 	366  	160      	172     	0.5     	0.803231	0.864239	0.0627453       	0.196116	0.350529	1  	0.1319  
24 	387  	160      	172     	0.5     	0.805515	0.86477 	0.0629803       	0.196116	0.347433	1  	0.132349
25 	386  	158      	172     	0.5     	0.806906	0.871594	0.0627672       	0.2     	0.345961	1  	0.131732
26 	396  	158      	172     	0.5     	0.807431	0.871594	0.0629645       	0.2     	0.346105	1  	0.131598
27 	357  	157      	172     	0.5     	0.806863	0.871594	0.0640138       	0.2     	0.348707	1  	0.13257 
28 	364  	152      	172     	0.5     	0.808385	0.871594	0.0633696       	0.2     	0.346894	1  	0.131208
29 	375  	158      	172     	0.5     	0.808742	0.871594	0.063941        	0.2     	0.347064	1  	0.131634
30 	375  	162      	172     	0.5     	0.809588	0.871594	0.0638824       	0.2     	0.346171	1  	0.131512
31 	386  	151      	172     	0.5     	0.81015 	0.871594	0.0641713       	0.2     	0.346331	1  	0.131339
32 	389  	162      	172     	0.5     	0.811033	0.871594	0.0644076       	0.2     	0.345284	1  	0.131881
33 	394  	158      	172     	0.5     	0.811764	0.871594	0.0645708       	0.2     	0.344565	1  	0.132194
34 	365  	157      	172     	0.5     	0.811642	0.871594	0.064594        	0.2     	0.345986	1  	0.131592
35 	386  	158      	172     	0.5     	0.809905	0.872743	0.0653894       	0.2     	0.350552	1  	0.131732
36 	383  	152      	172     	0.5     	0.810795	0.872743	0.0656457       	0.2     	0.349273	1  	0.13244 
37 	380  	158      	172     	0.5     	0.8112  	0.873326	0.0657921       	0.2     	0.348938	1  	0.132582
38 	378  	165      	172     	0.5     	0.812862	0.873326	0.0648596       	0.204124	0.346299	1  	0.13138 
39 	373  	158      	172     	0.5     	0.813227	0.873326	0.0650118       	0.204124	0.346181	1  	0.131485
40 	387  	156      	172     	0.5     	0.813417	0.873326	0.0651202       	0.204124	0.345984	1  	0.131649
41 	377  	156      	172     	0.5     	0.813679	0.873326	0.065193        	0.204124	0.346129	1  	0.131522
42 	375  	162      	172     	0.5     	0.813976	0.873326	0.065312        	0.204124	0.345972	1  	0.131635
43 	379  	164      	172     	0.5     	0.8142  	0.876636	0.0653938       	0.204124	0.346209	1  	0.131431
44 	371  	150      	172     	0.5     	0.81442 	0.876636	0.0655177       	0.204124	0.346148	1  	0.131474
45 	380  	157      	172     	0.5     	0.81505 	0.880066	0.0656342       	0.204124	0.345271	1  	0.13158 
46 	365  	155      	172     	0.5     	0.815242	0.880066	0.065746        	0.204124	0.345093	1  	0.131901
47 	376  	159      	172     	0.5     	0.815205	0.880066	0.0659066       	0.204124	0.345675	1  	0.131798
48 	387  	158      	172     	0.5     	0.815203	0.880066	0.065849        	0.204124	0.34644 	1  	0.13129 
49 	379  	164      	172     	0.5     	0.815434	0.880066	0.0659787       	0.204124	0.346717	1  	0.13106 
50 	381  	158      	172     	0.5     	0.814749	0.880066	0.0663953       	0.204124	0.348718	1  	0.131159
51 	384  	150      	172     	0.5     	0.815993	0.880066	0.0662992       	0.204124	0.346771	1  	0.131025
52 	388  	157      	172     	0.5     	0.816202	0.880066	0.0663894       	0.208514	0.34676 	1  	0.131029
53 	380  	153      	172     	0.5     	0.815758	0.880066	0.0670657       	0.204124	0.347998	1  	0.131902
54 	388  	157      	172     	0.5     	0.814469	0.880066	0.0672109       	0.204124	0.350949	1  	0.131543
55 	363  	157      	172     	0.5     	0.814665	0.880066	0.0673224       	0.204124	0.351134	1  	0.131384
56 	383  	154      	172     	0.5     	0.814848	0.880066	0.0674081       	0.204124	0.351156	1  	0.13137 
57 	372  	156      	172     	0.5     	0.815008	0.880066	0.0675093       	0.204124	0.351134	1  	0.131385
58 	374  	157      	172     	0.5     	0.815221	0.880764	0.0675411       	0.204124	0.351063	1  	0.131451
59 	365  	157      	172     	0.5     	0.815348	0.880764	0.067604        	0.204124	0.351024	1  	0.131484
60 	379  	162      	172     	0.5     	0.815513	0.880764	0.0675758       	0.204124	0.350891	1  	0.131613
61 	405  	154      	172     	0.5     	0.81574 	0.883009	0.0676846       	0.208514	0.350859	1  	0.131586
62 	367  	157      	172     	0.5     	0.815929	0.883009	0.0677548       	0.208514	0.350958	1  	0.131496
63 	394  	160      	172     	0.5     	0.816189	0.883033	0.067895        	0.204124	0.350402	1  	0.131961
64 	390  	155      	172     	0.5     	0.816356	0.883033	0.0679841       	0.204124	0.350476	1  	0.131948
65 	376  	158      	172     	0.5     	0.816431	0.883033	0.0680113       	0.204124	0.350595	1  	0.131846
66 	389  	152      	172     	0.5     	0.817553	0.883577	0.0676973       	0.204124	0.34854 	1  	0.131611
67 	376  	161      	172     	0.5     	0.817693	0.883577	0.068134        	0.204124	0.34843 	1  	0.132342
68 	381  	153      	172     	0.5     	0.817681	0.883577	0.0683492       	0.208514	0.348738	1  	0.132376
69 	376  	155      	172     	0.5     	0.818692	0.883577	0.0679119       	0.208514	0.347143	1  	0.131727
70 	398  	160      	172     	0.5     	0.817967	0.883577	0.0679777       	0.208514	0.348811	1  	0.131506
71 	371  	157      	172     	0.5     	0.81946 	0.883577	0.0678438       	0.204124	0.346073	1  	0.131648
72 	391  	156      	172     	0.5     	0.819613	0.883577	0.0679233       	0.204124	0.345758	1  	0.131899
73 	358  	161      	172     	0.5     	0.820091	0.883577	0.0680251       	0.204124	0.344649	1  	0.132425
74 	383  	159      	172     	0.5     	0.821735	0.883577	0.0674172       	0.204124	0.341297	1  	0.13182 
75 	368  	154      	172     	0.5     	0.822081	0.883577	0.0674661       	0.204124	0.340794	1  	0.131882
76 	381  	161      	172     	0.5     	0.822161	0.883577	0.0675172       	0.196116	0.340976	1  	0.131723
77 	391  	160      	172     	0.5     	0.822116	0.883577	0.0675215       	0.204124	0.341439	1  	0.131388
78 	365  	157      	172     	0.5     	0.822335	0.883577	0.067635        	0.204124	0.341067	1  	0.131623
79 	379  	156      	172     	0.5     	0.822382	0.883577	0.0676649       	0.204124	0.34119 	1  	0.131521
80 	385  	160      	172     	0.5     	0.822545	0.883577	0.0677609       	0.204124	0.340721	1  	0.131844
81 	372  	159      	172     	0.5     	0.822539	0.883577	0.0677688       	0.204124	0.341153	1  	0.131517
82 	364  	157      	172     	0.5     	0.823944	0.883577	0.0671023       	0.2     	0.338437	1  	0.130589
83 	373  	158      	172     	0.5     	0.822552	0.883577	0.0680002       	0.2     	0.341159	1  	0.131531
84 	386  	158      	172     	0.5     	0.822773	0.883577	0.0680027       	0.2     	0.340987	1  	0.131656
85 	387  	159      	172     	0.5     	0.822794	0.883577	0.0680119       	0.204124	0.341202	1  	0.131478
86 	371  	154      	172     	0.5     	0.823274	0.883577	0.0680597       	0.204124	0.340258	1  	0.131826
87 	372  	162      	172     	0.5     	0.823321	0.883577	0.068147        	0.204124	0.340511	1  	0.131737
88 	353  	152      	172     	0.5     	0.824608	0.883577	0.0679702       	0.204124	0.338168	1  	0.131601
89 	356  	160      	172     	0.5     	0.823646	0.88696 	0.0685114       	0.204124	0.340069	1  	0.131887
90 	381  	158      	172     	0.5     	0.824384	0.88696 	0.068358        	0.204124	0.338853	1  	0.131963
91 	373  	159      	172     	0.5     	0.825596	0.88696 	0.0675924       	0.204124	0.336772	1  	0.130861
92 	366  	154      	172     	0.5     	0.825628	0.88696 	0.0676051       	0.204124	0.336814	1  	0.13083 
93 	387  	161      	172     	0.5     	0.825675	0.88696 	0.0676424       	0.204124	0.336881	1  	0.130772
94 	380  	158      	172     	0.5     	0.825822	0.888088	0.0676691       	0.204124	0.336925	1  	0.130734
95 	394  	159      	172     	0.5     	0.825839	0.888088	0.0676755       	0.204124	0.336974	1  	0.130694
96 	375  	159      	172     	0.5     	0.825934	0.888088	0.067744        	0.204124	0.336772	1  	0.13086 
97 	389  	166      	172     	0.5     	0.826025	0.888088	0.0677923       	0.2     	0.336717	1  	0.130914
98 	375  	161      	172     	0.5     	0.826087	0.888088	0.0678292       	0.2     	0.336814	1  	0.130822
99 	365  	157      	172     	0.5     	0.826176	0.888088	0.0678962       	0.2     	0.33674 	1  	0.130881
100	364  	152      	172     	0.5     	0.826239	0.888088	0.067946        	0.2     	0.336721	1  	0.130899
101	382  	153      	172     	0.5     	0.825869	0.891493	0.0680798       	0.2     	0.337473	1  	0.130884
102	396  	161      	172     	0.5     	0.825532	0.891493	0.0685824       	0.2     	0.338271	1  	0.131641
103	370  	160      	172     	0.5     	0.825598	0.891493	0.0688331       	0.2     	0.338217	1  	0.131962
104	386  	154      	172     	0.5     	0.826547	0.891493	0.0680611       	0.2     	0.336754	1  	0.130877
105	380  	163      	172     	0.5     	0.826615	0.891493	0.0680927       	0.2     	0.336795	1  	0.130846
106	384  	159      	172     	0.5     	0.826618	0.891493	0.0680954       	0.2     	0.336975	1  	0.130708
107	382  	158      	172     	0.5     	0.826699	0.891493	0.0680804       	0.204124	0.337128	1  	0.130568
108	364  	150      	172     	0.5     	0.825974	0.891493	0.0687359       	0.204124	0.338574	1  	0.131472
109	362  	158      	172     	0.5     	0.826769	0.891493	0.0681169       	0.204124	0.337182	1  	0.130527
110	378  	161      	172     	0.5     	0.826822	0.891493	0.0681533       	0.204124	0.337163	1  	0.130545
111	371  	157      	172     	0.5     	0.826839	0.891493	0.0681646       	0.204124	0.337163	1  	0.130545
112	381  	158      	172     	0.5     	0.826896	0.891493	0.0682009       	0.204124	0.337194	1  	0.130524
113	376  	158      	172     	0.5     	0.826963	0.892072	0.0682561       	0.204124	0.337121	1  	0.130589
114	381  	157      	172     	0.5     	0.827129	0.892072	0.0683452       	0.2     	0.336904	1  	0.130771
115	367  	156      	172     	0.5     	0.827248	0.892072	0.0684314       	0.2     	0.336728	1  	0.130908
116	387  	152      	172     	0.5     	0.827318	0.892072	0.0684234       	0.2     	0.336691	1  	0.130934
117	351  	150      	172     	0.5     	0.827514	0.892072	0.0684576       	0.2     	0.336451	1  	0.130968
118	388  	159      	172     	0.5     	0.827777	0.892072	0.0685065       	0.2     	0.335893	1  	0.131122
119	384  	159      	172     	0.5     	0.828199	0.892072	0.0682921       	0.2     	0.33522 	1  	0.130759
120	368  	158      	172     	0.5     	0.828089	0.892072	0.0681025       	0.2     	0.335386	1  	0.130209
121	393  	158      	172     	0.5     	0.827807	0.892072	0.0685468       	0.2     	0.336098	1  	0.130871
122	395  	155      	172     	0.5     	0.828398	0.892072	0.0684245       	0.2     	0.335161	1  	0.13086 
123	394  	157      	172     	0.5     	0.828882	0.892072	0.0678573       	0.2     	0.334265	1  	0.129861
124	375  	157      	172     	0.5     	0.828941	0.892072	0.0682039       	0.2     	0.334141	1  	0.130555
125	371  	153      	172     	0.5     	0.828412	0.892072	0.0687423       	0.2     	0.335261	1  	0.131318
126	373  	156      	172     	0.5     	0.828805	0.892072	0.0680065       	0.2     	0.334687	1  	0.130319
127	373  	153      	172     	0.5     	0.829362	0.892072	0.0678616       	0.2     	0.333725	1  	0.130114
128	376  	156      	172     	0.5     	0.828877	0.894909	0.0683911       	0.2     	0.334628	1  	0.130543
129	383  	157      	172     	0.5     	0.828772	0.894909	0.0689261       	0.2     	0.334942	1  	0.131614
130	358  	154      	172     	0.5     	0.829631	0.894909	0.0681212       	0.2     	0.333447	1  	0.130424
131	383  	157      	172     	0.5     	0.828798	0.894909	0.0686074       	0.2     	0.335095	1  	0.131054
132	390  	149      	172     	0.5     	0.829627	0.894909	0.0679906       	0.2     	0.333664	1  	0.13007 
133	377  	151      	172     	0.5     	0.828422	0.894911	0.0689167       	0.2     	0.336127	1  	0.131311
134	374  	148      	172     	0.5     	0.828761	0.894911	0.0690155       	0.2     	0.335611	1  	0.131526
135	402  	158      	172     	0.5     	0.828733	0.894911	0.0689715       	0.2     	0.335727	1  	0.131395
136	375  	157      	172     	0.5     	0.828568	0.894911	0.0689912       	0.2     	0.336117	1  	0.13132 
137	376  	158      	172     	0.5     	0.828568	0.894911	0.0689934       	0.2     	0.336267	1  	0.131222
138	373  	158      	172     	0.5     	0.828505	0.894911	0.0689639       	0.2     	0.33652 	1  	0.131081
139	366  	149      	172     	0.5     	0.82861 	0.894911	0.0690317       	0.2     	0.336356	1  	0.131187
140	375  	160      	172     	0.5     	0.82899 	0.894911	0.0691124       	0.2     	0.335718	1  	0.131386
141	378  	160      	172     	0.5     	0.828851	0.894911	0.0691256       	0.2     	0.336059	1  	0.131335
142	391  	160      	172     	0.5     	0.828583	0.894911	0.06901         	0.2     	0.336749	1  	0.13093 
143	374  	153      	172     	0.5     	0.828756	0.894911	0.0690973       	0.2     	0.336518	1  	0.131055
144	374  	153      	172     	0.5     	0.82887 	0.894911	0.0691678       	0.2     	0.336379	1  	0.131152
145	375  	153      	172     	0.5     	0.829635	0.894911	0.069338        	0.2     	0.335078	1  	0.131499
146	380  	153      	172     	0.5     	0.829285	0.894911	0.0694121       	0.2     	0.335868	1  	0.131395
147	377  	151      	172     	0.5     	0.831127	0.894911	0.0685586       	0.196116	0.332525	1  	0.130195
148	394  	160      	172     	0.5     	0.831453	0.894911	0.068675        	0.196116	0.331996	1  	0.130418
149	370  	160      	172     	0.5     	0.83149 	0.894911	0.0686966       	0.196116	0.331956	1  	0.130453

STARTING MASTER RUNNER LEAN CONCATENATED MASTER

LEAN CONCATENATED MASTER WITH SYMMETRIC FLIP
MASTER
   	     	         	        	       survival SKSurv Cox model concordance index       	                 root leanness                  
   	     	         	        	---------------------------------------------------------	------------------------------------------------
gen	evals	gen_feats	explored	min     	avg     	max     	std             	min     	avg     	max	std     
0  	500  	93       	93      	0.461626	0.692294	0.850312	0.0775947       	0.218218	0.449587	1  	0.178931
1  	361  	149      	154     	0.457111	0.728946	0.850312	0.0541226       	0.218218	0.39875 	1  	0.127706
2  	368  	159      	172     	0.457559	0.73999 	0.850312	0.0582778       	0.213201	0.396431	1  	0.136653
3  	375  	162      	174     	0.5     	0.752629	0.850959	0.0546684       	0.213201	0.383673	1  	0.134238
4  	381  	160      	174     	0.5     	0.759056	0.851901	0.0554216       	0.218218	0.38104 	1  	0.133479
5  	371  	163      	174     	0.5     	0.76402 	0.851901	0.0560387       	0.213201	0.378457	1  	0.132934
6  	362  	159      	174     	0.5     	0.769112	0.851901	0.0564674       	0.213201	0.375395	1  	0.132375
7  	364  	159      	174     	0.5     	0.773656	0.851901	0.0570469       	0.213201	0.371663	1  	0.132077
8  	375  	160      	174     	0.5     	0.777734	0.851901	0.0572611       	0.213201	0.36797 	1  	0.1319  
9  	392  	164      	174     	0.5     	0.780124	0.851901	0.0582023       	0.213201	0.367195	1  	0.132489
10 	382  	157      	174     	0.5     	0.781301	0.851901	0.0585795       	0.213201	0.367941	1  	0.131943
11 	390  	159      	174     	0.5     	0.782972	0.852657	0.0592962       	0.213201	0.367952	1  	0.131913
12 	379  	167      	174     	0.5     	0.785263	0.852657	0.0593409       	0.213201	0.365788	1  	0.131633
13 	375  	158      	174     	0.5     	0.786314	0.854385	0.0603185       	0.213201	0.365752	1  	0.132265
14 	382  	156      	174     	0.5     	0.788629	0.854385	0.0601056       	0.208514	0.363111	1  	0.132314
15 	379  	162      	174     	0.5     	0.791206	0.854385	0.0599742       	0.208514	0.35942 	1  	0.132013
16 	385  	155      	174     	0.5     	0.793635	0.855755	0.0598224       	0.213201	0.355126	1  	0.131871
17 	375  	161      	174     	0.5     	0.795654	0.860446	0.0600851       	0.208514	0.352029	1  	0.132372
18 	382  	164      	174     	0.5     	0.796971	0.860446	0.0599368       	0.208514	0.350996	1  	0.131433
19 	370  	159      	174     	0.5     	0.797608	0.867829	0.0602809       	0.208514	0.350632	1  	0.131742
20 	386  	164      	174     	0.5     	0.798042	0.867829	0.0605075       	0.208514	0.350801	1  	0.131586
21 	361  	158      	174     	0.5     	0.798183	0.867829	0.0608274       	0.204124	0.351332	1  	0.131813
22 	373  	167      	174     	0.5     	0.79881 	0.867829	0.0609322       	0.204124	0.350829	1  	0.131569
23 	366  	161      	174     	0.5     	0.799349	0.867829	0.061193        	0.208514	0.35096 	1  	0.131421
24 	378  	154      	174     	0.5     	0.799752	0.867829	0.0613012       	0.208514	0.351021	1  	0.131385
25 	379  	161      	174     	0.5     	0.800233	0.867829	0.0616272       	0.208514	0.351062	1  	0.131352
26 	385  	164      	174     	0.5     	0.801082	0.867829	0.0618805       	0.208514	0.350111	1  	0.131648
27 	377  	161      	174     	0.5     	0.802422	0.867969	0.0614769       	0.208514	0.347979	1  	0.130641
28 	374  	162      	174     	0.5     	0.801567	0.867969	0.0622267       	0.208514	0.351052	1  	0.13137 
29 	390  	158      	174     	0.5     	0.802095	0.870301	0.0625276       	0.208514	0.351074	1  	0.131355
30 	394  	162      	174     	0.5     	0.802284	0.870301	0.0626701       	0.208514	0.351715	1  	0.131653
31 	382  	161      	174     	0.5     	0.80275 	0.870301	0.0628954       	0.208514	0.351513	1  	0.131784
32 	384  	156      	174     	0.5     	0.802061	0.873264	0.0637672       	0.208514	0.353681	1  	0.132471
33 	381  	158      	174     	0.5     	0.803163	0.873264	0.0631353       	0.208514	0.351912	1  	0.131479
34 	388  	157      	174     	0.5     	0.803357	0.873264	0.0631832       	0.208514	0.351995	1  	0.131409
35 	376  	161      	174     	0.5     	0.80402 	0.873264	0.0631405       	0.208514	0.350932	1  	0.13143 
36 	364  	153      	174     	0.5     	0.804756	0.873264	0.0629485       	0.208514	0.349652	1  	0.131085
37 	385  	162      	174     	0.5     	0.805646	0.873264	0.0632174       	0.208514	0.348319	1  	0.13153 
38 	365  	162      	174     	0.5     	0.806403	0.873264	0.0631887       	0.196116	0.347237	1  	0.131425
39 	378  	160      	174     	0.5     	0.8071  	0.873264	0.0631859       	0.196116	0.346051	1  	0.131531
40 	378  	164      	174     	0.5     	0.806998	0.873611	0.0635198       	0.196116	0.34709 	1  	0.131568
41 	369  	162      	174     	0.5     	0.80772 	0.874633	0.0638597       	0.19245 	0.346201	1  	0.132043
42 	390  	160      	174     	0.5     	0.807564	0.874633	0.0638136       	0.19245 	0.347223	1  	0.131449
43 	370  	155      	174     	0.5     	0.807821	0.874633	0.0640172       	0.19245 	0.346912	1  	0.131711
44 	345  	162      	174     	0.5     	0.807864	0.874633	0.0640424       	0.19245 	0.347214	1  	0.131459
45 	369  	159      	174     	0.5     	0.808746	0.87787 	0.0641012       	0.19245 	0.345734	1  	0.131658
46 	374  	166      	174     	0.5     	0.809632	0.87787 	0.064106        	0.19245 	0.344057	1  	0.131653
47 	381  	164      	174     	0.5     	0.810627	0.87787 	0.0639499       	0.19245 	0.342247	1  	0.131497
48 	378  	159      	174     	0.5     	0.810801	0.883349	0.0640216       	0.188982	0.342392	1  	0.13138 
49 	389  	164      	174     	0.5     	0.810977	0.883349	0.064129        	0.2     	0.342453	1  	0.131312
50 	362  	163      	174     	0.5     	0.811459	0.883349	0.0642354       	0.2     	0.341564	1  	0.131504
51 	368  	151      	174     	0.5     	0.811476	0.884604	0.0645207       	0.2     	0.341702	1  	0.131845
52 	375  	163      	174     	0.5     	0.811809	0.884604	0.0646312       	0.2     	0.341658	1  	0.131711
53 	373  	155      	174     	0.5     	0.812314	0.884604	0.064693        	0.2     	0.341181	1  	0.131587
54 	373  	156      	174     	0.5     	0.813166	0.889932	0.0647035       	0.2     	0.339854	1  	0.131365
55 	392  	159      	174     	0.5     	0.814009	0.889932	0.0646513       	0.2     	0.338383	1  	0.131241
56 	377  	160      	174     	0.5     	0.813473	0.889932	0.0652931       	0.2     	0.339856	1  	0.132123
57 	393  	157      	174     	0.5     	0.814158	0.889932	0.0649559       	0.196116	0.338655	1  	0.131451
58 	394  	159      	174     	0.5     	0.815263	0.889932	0.0651192       	0.196116	0.336996	1  	0.131632
59 	392  	165      	174     	0.5     	0.815435	0.889932	0.0652497       	0.19245 	0.336885	1  	0.131738
60 	385  	155      	174     	0.5     	0.815534	0.889932	0.0653293       	0.19245 	0.336846	1  	0.131774
61 	386  	159      	174     	0.5     	0.815695	0.889932	0.0654307       	0.19245 	0.336749	1  	0.131865
62 	355  	163      	174     	0.5     	0.814982	0.889932	0.0664463       	0.196116	0.338352	1  	0.13282 
63 	368  	161      	174     	0.5     	0.816246	0.889932	0.0656612       	0.196116	0.336407	1  	0.131803
64 	385  	165      	174     	0.5     	0.816214	0.889932	0.065801        	0.19245 	0.336744	1  	0.131846
65 	381  	164      	174     	0.5     	0.816215	0.889932	0.0658501       	0.19245 	0.337034	1  	0.131697
66 	373  	164      	174     	0.5     	0.81638 	0.889932	0.0659773       	0.19245 	0.337078	1  	0.131658
67 	368  	161      	174     	0.5     	0.816593	0.893346	0.0661697       	0.19245 	0.337119	1  	0.131621
68 	372  	158      	174     	0.5     	0.815639	0.893346	0.0668658       	0.19245 	0.339108	1  	0.132725
69 	375  	164      	174     	0.5     	0.817003	0.893346	0.0663786       	0.19245 	0.337015	1  	0.131676
70 	387  	163      	174     	0.5     	0.815547	0.893346	0.0667796       	0.19245 	0.340164	1  	0.13207 
71 	387  	168      	174     	0.5     	0.81493 	0.893346	0.0670063       	0.19245 	0.341543	1  	0.132044
72 	380  	162      	174     	0.5     	0.815525	0.893346	0.066913        	0.19245 	0.340828	1  	0.131962
73 	380  	163      	174     	0.5     	0.815708	0.893346	0.0670818       	0.19245 	0.340773	1  	0.131985
74 	372  	163      	174     	0.5     	0.815853	0.893346	0.0670965       	0.19245 	0.340753	1  	0.131888
75 	357  	160      	174     	0.5     	0.815629	0.893346	0.0672439       	0.19245 	0.341438	1  	0.131983
76 	388  	158      	174     	0.5     	0.816652	0.893346	0.0674909       	0.19245 	0.339811	1  	0.132386
77 	372  	158      	174     	0.5     	0.816511	0.893346	0.0676925       	0.188982	0.34024 	1  	0.132625
78 	384  	160      	174     	0.5     	0.817527	0.893346	0.0672588       	0.188982	0.338489	1  	0.131796
79 	375  	160      	174     	0.5     	0.817831	0.893346	0.0672938       	0.188982	0.338173	1  	0.131691
80 	376  	164      	174     	0.5     	0.817202	0.893346	0.0678766       	0.188982	0.339512	1  	0.132573
81 	381  	163      	174     	0.5     	0.816589	0.893346	0.0677885       	0.188982	0.34077 	1  	0.132346
82 	350  	153      	174     	0.5     	0.816339	0.893346	0.0677014       	0.188982	0.341324	1  	0.132073
83 	377  	161      	174     	0.5     	0.817044	0.893346	0.0674863       	0.188982	0.340078	1  	0.131666
84 	365  	157      	174     	0.5     	0.817134	0.893346	0.0677953       	0.185695	0.340095	1  	0.13229 
85 	374  	153      	174     	0.5     	0.817274	0.893346	0.0680657       	0.185695	0.340087	1  	0.132594
86 	382  	163      	174     	0.5     	0.817789	0.893346	0.0679875       	0.185695	0.339286	1  	0.132553
87 	389  	162      	174     	0.5     	0.818529	0.893346	0.0680391       	0.185695	0.338198	1  	0.13266 
88 	373  	160      	174     	0.5     	0.819265	0.893346	0.067639        	0.185695	0.336849	1  	0.131933
89 	380  	162      	174     	0.5     	0.819745	0.893346	0.0678671       	0.185695	0.335999	1  	0.132425
90 	368  	154      	174     	0.5     	0.820402	0.893346	0.0674108       	0.185695	0.334777	1  	0.131523
91 	370  	158      	174     	0.5     	0.819727	0.893346	0.0679874       	0.185695	0.335898	1  	0.132595
92 	395  	161      	174     	0.5     	0.820063	0.893346	0.068074        	0.182574	0.335568	1  	0.13267 
93 	366  	161      	174     	0.5     	0.819718	0.893346	0.0679372       	0.179605	0.336481	1  	0.132204
94 	366  	163      	174     	0.5     	0.819784	0.893346	0.0679784       	0.179605	0.336466	1  	0.132213
95 	363  	165      	174     	0.5     	0.820523	0.893346	0.0681534       	0.179605	0.335202	1  	0.132617
96 	373  	169      	174     	0.5     	0.820892	0.893346	0.0681623       	0.179605	0.334522	1  	0.132539
97 	363  	155      	174     	0.5     	0.821372	0.893346	0.0683999       	0.179605	0.333822	1  	0.133004
98 	376  	159      	174     	0.5     	0.822465	0.893346	0.0677649       	0.179605	0.331769	1  	0.131958
99 	365  	155      	174     	0.5     	0.822728	0.893346	0.0677981       	0.179605	0.331373	1  	0.132026
100	376  	156      	174     	0.5     	0.82279 	0.893346	0.0677946       	0.179605	0.331331	1  	0.132067
101	383  	163      	174     	0.5     	0.822821	0.893346	0.0677937       	0.179605	0.33125 	1  	0.132137
102	382  	161      	174     	0.5     	0.82285 	0.893346	0.067786        	0.179605	0.331272	1  	0.132119
103	365  	162      	174     	0.5     	0.822901	0.893346	0.0678272       	0.179605	0.331248	1  	0.132138
104	381  	153      	174     	0.5     	0.822951	0.893346	0.0678679       	0.179605	0.331252	1  	0.132131
105	367  	163      	174     	0.5     	0.822988	0.893346	0.0678986       	0.179605	0.331221	1  	0.132163
106	359  	165      	174     	0.5     	0.82301 	0.893346	0.0679155       	0.179605	0.331245	1  	0.132143
107	388  	165      	174     	0.5     	0.823114	0.893346	0.0679828       	0.179605	0.331003	1  	0.132344
108	368  	160      	174     	0.5     	0.823704	0.894611	0.0680995       	0.179605	0.329904	1  	0.132607
109	381  	161      	174     	0.5     	0.824586	0.894611	0.0679657       	0.179605	0.328239	1  	0.132468
110	380  	160      	174     	0.5     	0.825368	0.894611	0.0675296       	0.179605	0.326915	1  	0.131576
111	369  	160      	174     	0.5     	0.825342	0.894611	0.0680688       	0.179605	0.327094	1  	0.132525
112	389  	162      	174     	0.5     	0.825893	0.894611	0.0676273       	0.179605	0.326142	1  	0.131676
113	363  	165      	174     	0.5     	0.826582	0.894611	0.0676276       	0.179605	0.324949	1  	0.131724
114	373  	160      	174     	0.5     	0.826668	0.894611	0.0676838       	0.179605	0.324898	1  	0.13177 
115	382  	161      	174     	0.5     	0.826789	0.894611	0.067736        	0.179605	0.324669	1  	0.13194 
116	384  	164      	174     	0.5     	0.826781	0.894611	0.0677137       	0.179605	0.324993	1  	0.131684
117	387  	166      	174     	0.5     	0.826887	0.894611	0.0677668       	0.179605	0.32477 	1  	0.13187 
118	360  	161      	174     	0.5     	0.827067	0.894611	0.0678695       	0.179605	0.3244  	1  	0.132141
119	390  	158      	174     	0.5     	0.827149	0.894611	0.0679007       	0.179605	0.324297	1  	0.132193
120	380  	160      	174     	0.5     	0.827764	0.894611	0.0677369       	0.179605	0.323133	1  	0.132013
121	381  	160      	174     	0.5     	0.827071	0.898256	0.0679353       	0.179605	0.324603	1  	0.132009
122	385  	166      	174     	0.5     	0.827949	0.898256	0.0682491       	0.179605	0.323124	1  	0.132651
123	380  	159      	174     	0.5     	0.828648	0.898256	0.0675971       	0.179605	0.321782	1  	0.13148 
124	366  	157      	174     	0.5     	0.829045	0.898256	0.0674776       	0.179605	0.321165	1  	0.131191
125	385  	162      	174     	0.5     	0.829939	0.898256	0.0675162       	0.179605	0.319596	1  	0.131383
126	374  	156      	174     	0.5     	0.83017 	0.898256	0.0676044       	0.179605	0.319399	1  	0.131431
127	383  	159      	174     	0.5     	0.830508	0.898256	0.067782        	0.179605	0.318925	1  	0.131694
128	397  	162      	174     	0.5     	0.830795	0.898256	0.0677327       	0.179605	0.31851 	1  	0.131624
129	370  	160      	174     	0.5     	0.831126	0.898256	0.0676965       	0.179605	0.318061	1  	0.131437
130	368  	159      	174     	0.5     	0.831316	0.898256	0.0679628       	0.179605	0.317852	1  	0.131749
131	379  	161      	174     	0.5     	0.832611	0.898256	0.0678371       	0.179605	0.31553 	1  	0.131709
132	360  	161      	174     	0.5     	0.831518	0.898256	0.0680459       	0.179605	0.317609	1  	0.131701
133	380  	167      	174     	0.5     	0.831156	0.898256	0.0682158       	0.179605	0.318469	1  	0.131872
134	370  	162      	174     	0.5     	0.832153	0.898256	0.0681286       	0.179605	0.316955	1  	0.131954
135	392  	161      	174     	0.5     	0.83324 	0.898256	0.067384        	0.179605	0.314902	1  	0.130553
136	370  	167      	174     	0.5     	0.833551	0.898256	0.0674197       	0.179605	0.31463 	1  	0.130461
137	381  	166      	174     	0.5     	0.8336  	0.898512	0.0674547       	0.179605	0.314654	1  	0.13044 
138	392  	162      	174     	0.5     	0.833635	0.898512	0.0674834       	0.179605	0.314568	1  	0.130512
139	382  	162      	174     	0.5     	0.83374 	0.900937	0.0675716       	0.179605	0.314394	1  	0.130654
140	380  	157      	174     	0.5     	0.83416 	0.900937	0.0677437       	0.179605	0.31362 	1  	0.131045
141	370  	163      	174     	0.5     	0.834685	0.900937	0.0676302       	0.179605	0.312575	1  	0.130914
142	367  	160      	174     	0.5     	0.835331	0.900937	0.0671709       	0.179605	0.311313	1  	0.130162
143	386  	165      	174     	0.5     	0.834338	0.900937	0.0680084       	0.179605	0.313083	1  	0.131453
144	379  	162      	174     	0.5     	0.834367	0.900937	0.0680066       	0.179605	0.313239	1  	0.131398
145	370  	159      	174     	0.5     	0.835056	0.900937	0.0680981       	0.179605	0.312135	1  	0.13169 
146	387  	159      	174     	0.5     	0.835312	0.900937	0.0680172       	0.179605	0.311856	1  	0.131395
147	368  	163      	174     	0.5     	0.83532 	0.900937	0.0682724       	0.179605	0.311918	1  	0.131704
148	369  	168      	174     	0.5     	0.837186	0.900937	0.0673245       	0.179605	0.308661	1  	0.13006 
149	380  	161      	174     	0.5     	0.837216	0.900937	0.0673455       	0.179605	0.308716	1  	0.130014

CURRENT HALLS OF FAME

PARETO FRONT
Number of solutions = 23
Features in hall of fame by prevalence:
42 features: [1_hsa.miR.3678.5p, 1_hsa.miR.3648, 1_hsa.miR.150.5p, 1_hsa.miR.374b.3p, 1_hsa.miR.3605.3p, 1_hsa.let.7d.3p, 1_hsa.miR.1468.5p, 1_hsa.miR.16.2.3p, 1_hsa.miR.301a.3p, 1_hsa.miR.1307.3p, 1_hsa.miR.195.5p, 1_hsa.miR.512.3p, 1_hsa.miR.3677.3p, 0_race_WHITE, 1_hsa.miR.1271.5p, 1_hsa.miR.3687, 1_hsa.miR.17.3p, 1_hsa.miR.3170, 1_hsa.miR.188.5p, 1_hsa.miR.4661.5p, 1_hsa.miR.1251.5p, 1_hsa.miR.138.1.3p, 1_hsa.miR.18a.5p, 1_hsa.miR.21.3p, 1_hsa.miR.324.5p, 1_hsa.miR.3615, 1_hsa.miR.3622a.3p, 0_age_at_initial_pathologic_diagnosis, 1_hsa.miR.30d.3p, 1_hsa.miR.93.5p, 1_hsa.miR.1197, 1_hsa.miR.138.5p, 1_hsa.miR.17.5p, 1_hsa.miR.19a.3p, 1_hsa.miR.219a.1.3p, 1_hsa.miR.3127.5p, 1_hsa.miR.335.3p, 1_hsa.miR.3681.5p, 1_hsa.miR.454.3p, 1_hsa.miR.532.5p, 1_hsa.miR.590.5p, 1_hsa.miR.519c.3p]

LAST POPULATION
Number of solutions = 500
Features in hall of fame by prevalence:
134 features: [1_hsa.miR.3678.5p, 1_hsa.miR.3648, 1_hsa.miR.150.5p, 1_hsa.miR.374b.3p, 1_hsa.miR.3605.3p, 1_hsa.let.7d.3p, 1_hsa.miR.1468.5p, 1_hsa.miR.1307.3p, 1_hsa.miR.301a.3p, 1_hsa.miR.195.5p, 1_hsa.miR.16.2.3p, 1_hsa.miR.3677.3p, 1_hsa.miR.512.3p, 1_hsa.miR.3687, 1_hsa.miR.4661.5p, 1_hsa.miR.1271.5p, 1_hsa.miR.188.5p, 1_hsa.miR.3170, 1_hsa.miR.3622a.3p, 1_hsa.miR.324.5p, 1_hsa.miR.21.3p, 1_hsa.miR.18a.5p, 1_hsa.miR.3615, 1_hsa.miR.138.1.3p, 1_hsa.miR.30d.3p, 1_hsa.miR.1251.5p, 1_hsa.miR.17.3p, 1_hsa.miR.138.5p, 0_race_WHITE, 1_hsa.miR.20a.5p, 1_hsa.miR.744.3p, 0_age_at_initial_pathologic_diagnosis, 1_hsa.miR.219a.1.3p, 1_hsa.miR.335.3p, 1_hsa.miR.532.5p, 1_hsa.miR.1254, 1_hsa.miR.17.5p, 1_hsa.miR.1306.5p, 1_hsa.miR.183.5p, 1_hsa.miR.3127.5p, 1_hsa.miR.153.5p, 1_hsa.miR.7974, 1_hsa.miR.93.5p, 1_hsa.miR.505.3p, 1_hsa.miR.3681.5p, 1_hsa.miR.590.5p, 1_hsa.miR.1306.3p, 1_hsa.miR.19b.3p, 1_hsa.miR.186.5p, 1_hsa.miR.361.3p, 1_hsa.miR.421, 1_hsa.miR.937.3p, 1_hsa.miR.193a.3p, 1_hsa.miR.362.3p, 1_hsa.miR.518a.5p, 1_hsa.miR.518f.3p, 1_hsa.miR.3200.3p, 1_hsa.miR.374a.3p, 1_hsa.miR.454.3p, 1_hsa.miR.148b.5p, 1_hsa.miR.769.5p, 1_hsa.miR.99b.3p, 1_hsa.let.7e.3p, 1_hsa.miR.103a.2.5p, 1_hsa.miR.15b.3p, 1_hsa.miR.3074.5p, 1_hsa.miR.766.3p, 1_hsa.miR.519c.3p, 1_hsa.miR.19a.3p, 1_hsa.miR.20a.3p, 1_hsa.miR.221.5p, 1_hsa.miR.301a.5p, 1_hsa.miR.3187.3p, 1_hsa.miR.455.3p, 1_hsa.miR.484, 1_hsa.miR.548v, 1_hsa.miR.526b.3p, 1_hsa.miR.527, 1_hsa.miR.1287.3p, 1_hsa.miR.155.3p, 1_hsa.miR.33a.3p, 1_hsa.miR.93.3p, 1_hsa.miR.520b, 1_hsa.let.7a.3p, 1_hsa.let.7g.3p, 1_hsa.miR.1250.5p, 1_hsa.miR.1296.5p, 1_hsa.miR.130b.5p, 1_hsa.miR.33a.5p, 1_hsa.miR.361.5p, 1_hsa.miR.424.3p, 1_hsa.miR.4326, 1_hsa.miR.4662a.5p, 1_hsa.miR.500b.3p, 1_hsa.miR.503.3p, 1_hsa.miR.532.3p, 1_hsa.miR.551a, 1_hsa.miR.6087, 1_hsa.miR.767.5p, 1_hsa.miR.99b.5p, ...]

BEST SUMS WITH SIZE 50
Number of solutions = 50
Features in hall of fame by prevalence:
49 features: [1_hsa.miR.103a.2.5p, 1_hsa.miR.1226.3p, 1_hsa.miR.1301.3p, 1_hsa.miR.1306.3p, 1_hsa.miR.1306.5p, 1_hsa.miR.130b.3p, 1_hsa.miR.130b.5p, 1_hsa.miR.1468.5p, 1_hsa.miR.148b.5p, 1_hsa.miR.151a.5p, 1_hsa.miR.15b.3p, 1_hsa.miR.16.2.3p, 1_hsa.miR.17.5p, 1_hsa.miR.186.5p, 1_hsa.miR.18a.3p, 1_hsa.miR.197.3p, 1_hsa.miR.19a.3p, 1_hsa.miR.19b.3p, 1_hsa.miR.20a.3p, 1_hsa.miR.20a.5p, 1_hsa.miR.210.3p, 1_hsa.miR.29c.3p, 1_hsa.miR.301a.3p, 1_hsa.miR.301a.5p, 1_hsa.miR.301b, 1_hsa.miR.3074.5p, 1_hsa.miR.3170, 1_hsa.miR.3200.3p, 1_hsa.miR.324.3p, 1_hsa.miR.33a.3p, 1_hsa.miR.33a.5p, 1_hsa.miR.3605.3p, 1_hsa.miR.3648, 1_hsa.miR.3677.3p, 1_hsa.miR.3678.5p, 1_hsa.miR.3687, 1_hsa.miR.374a.3p, 1_hsa.miR.454.3p, 1_hsa.miR.455.3p, 1_hsa.miR.505.3p, 1_hsa.miR.589.3p, 1_hsa.miR.590.5p, 1_hsa.miR.629.5p, 1_hsa.miR.744.3p, 1_hsa.miR.7706, 1_hsa.miR.887.3p, 1_hsa.miR.92a.3p, 1_hsa.miR.93.5p, 1_hsa.miR.937.3p]

BEST SUMS WITH SIZE 100
Number of solutions = 100
Features in hall of fame by prevalence:
96 features: [1_hsa.miR.3648, 1_hsa.miR.301a.3p, 1_hsa.miR.3605.3p, 1_hsa.miR.3677.3p, 1_hsa.miR.3678.5p, 0_age_at_initial_pathologic_diagnosis, 1_hsa.let.7a.2.3p, 1_hsa.let.7a.3p, 1_hsa.let.7d.3p, 1_hsa.miR.103a.2.5p, 1_hsa.miR.1226.3p, 1_hsa.miR.1254, 1_hsa.miR.1269a, 1_hsa.miR.1296.5p, 1_hsa.miR.1301.3p, 1_hsa.miR.1306.3p, 1_hsa.miR.1306.5p, 1_hsa.miR.1307.3p, 1_hsa.miR.130b.3p, 1_hsa.miR.130b.5p, 1_hsa.miR.1468.5p, 1_hsa.miR.148b.5p, 1_hsa.miR.150.5p, 1_hsa.miR.151a.5p, 1_hsa.miR.15b.3p, 1_hsa.miR.15b.5p, 1_hsa.miR.16.2.3p, 1_hsa.miR.17.5p, 1_hsa.miR.181b.3p, 1_hsa.miR.186.5p, 1_hsa.miR.18a.3p, 1_hsa.miR.18a.5p, 1_hsa.miR.193a.3p, 1_hsa.miR.195.5p, 1_hsa.miR.197.3p, 1_hsa.miR.19a.3p, 1_hsa.miR.19b.3p, 1_hsa.miR.20a.3p, 1_hsa.miR.20a.5p, 1_hsa.miR.210.3p, 1_hsa.miR.21.3p, 1_hsa.miR.221.5p, 1_hsa.miR.25.3p, 1_hsa.miR.29c.3p, 1_hsa.miR.301a.5p, 1_hsa.miR.301b, 1_hsa.miR.3065.5p, 1_hsa.miR.3074.5p, 1_hsa.miR.30e.5p, 1_hsa.miR.3127.5p, 1_hsa.miR.3170, 1_hsa.miR.3200.3p, 1_hsa.miR.324.3p, 1_hsa.miR.324.5p, 1_hsa.miR.335.3p, 1_hsa.miR.339.3p, 1_hsa.miR.339.5p, 1_hsa.miR.33a.3p, 1_hsa.miR.33a.5p, 1_hsa.miR.345.5p, 1_hsa.miR.3615, 1_hsa.miR.361.5p, 1_hsa.miR.3687, 1_hsa.miR.374a.3p, 1_hsa.miR.374a.5p, 1_hsa.miR.374b.3p, 1_hsa.miR.424.3p, 1_hsa.miR.454.3p, 1_hsa.miR.455.3p, 1_hsa.miR.455.5p, 1_hsa.miR.4661.5p, 1_hsa.miR.484, 1_hsa.miR.500a.5p, 1_hsa.miR.500b.5p, 1_hsa.miR.503.3p, 1_hsa.miR.503.5p, 1_hsa.miR.505.3p, 1_hsa.miR.548v, 1_hsa.miR.574.3p, 1_hsa.miR.576.5p, 1_hsa.miR.589.3p, 1_hsa.miR.590.5p, 1_hsa.miR.625.3p, 1_hsa.miR.629.5p, 1_hsa.miR.671.5p, 1_hsa.miR.744.3p, 1_hsa.miR.760, 1_hsa.miR.769.5p, 1_hsa.miR.7706, 1_hsa.miR.887.3p, 1_hsa.miR.92a.1.5p, 1_hsa.miR.92a.3p, 1_hsa.miR.93.3p, 1_hsa.miR.93.5p, 1_hsa.miR.937.3p, 1_hsa.miR.940]
Optimization on fold finished in 00-00:28:15

FEATURE SETS SELECTED

PARETO FRONT
Number of solutions = 23
Features in hall of fame by prevalence:
42 features: [1_hsa.miR.3678.5p, 1_hsa.miR.3648, 1_hsa.miR.150.5p, 1_hsa.miR.374b.3p, 1_hsa.miR.3605.3p, 1_hsa.let.7d.3p, 1_hsa.miR.1468.5p, 1_hsa.miR.16.2.3p, 1_hsa.miR.301a.3p, 1_hsa.miR.1307.3p, 1_hsa.miR.195.5p, 1_hsa.miR.512.3p, 1_hsa.miR.3677.3p, 0_race_WHITE, 1_hsa.miR.1271.5p, 1_hsa.miR.3687, 1_hsa.miR.17.3p, 1_hsa.miR.3170, 1_hsa.miR.188.5p, 1_hsa.miR.4661.5p, 1_hsa.miR.1251.5p, 1_hsa.miR.138.1.3p, 1_hsa.miR.18a.5p, 1_hsa.miR.21.3p, 1_hsa.miR.324.5p, 1_hsa.miR.3615, 1_hsa.miR.3622a.3p, 0_age_at_initial_pathologic_diagnosis, 1_hsa.miR.30d.3p, 1_hsa.miR.93.5p, 1_hsa.miR.1197, 1_hsa.miR.138.5p, 1_hsa.miR.17.5p, 1_hsa.miR.19a.3p, 1_hsa.miR.219a.1.3p, 1_hsa.miR.3127.5p, 1_hsa.miR.335.3p, 1_hsa.miR.3681.5p, 1_hsa.miR.454.3p, 1_hsa.miR.532.5p, 1_hsa.miR.590.5p, 1_hsa.miR.519c.3p]

LAST POPULATION
Number of solutions = 500
Features in hall of fame by prevalence:
134 features: [1_hsa.miR.3678.5p, 1_hsa.miR.3648, 1_hsa.miR.150.5p, 1_hsa.miR.374b.3p, 1_hsa.miR.3605.3p, 1_hsa.let.7d.3p, 1_hsa.miR.1468.5p, 1_hsa.miR.1307.3p, 1_hsa.miR.301a.3p, 1_hsa.miR.195.5p, 1_hsa.miR.16.2.3p, 1_hsa.miR.3677.3p, 1_hsa.miR.512.3p, 1_hsa.miR.3687, 1_hsa.miR.4661.5p, 1_hsa.miR.1271.5p, 1_hsa.miR.188.5p, 1_hsa.miR.3170, 1_hsa.miR.3622a.3p, 1_hsa.miR.324.5p, 1_hsa.miR.21.3p, 1_hsa.miR.18a.5p, 1_hsa.miR.3615, 1_hsa.miR.138.1.3p, 1_hsa.miR.30d.3p, 1_hsa.miR.1251.5p, 1_hsa.miR.17.3p, 1_hsa.miR.138.5p, 0_race_WHITE, 1_hsa.miR.20a.5p, 1_hsa.miR.744.3p, 0_age_at_initial_pathologic_diagnosis, 1_hsa.miR.219a.1.3p, 1_hsa.miR.335.3p, 1_hsa.miR.532.5p, 1_hsa.miR.1254, 1_hsa.miR.17.5p, 1_hsa.miR.1306.5p, 1_hsa.miR.183.5p, 1_hsa.miR.3127.5p, 1_hsa.miR.153.5p, 1_hsa.miR.7974, 1_hsa.miR.93.5p, 1_hsa.miR.505.3p, 1_hsa.miR.3681.5p, 1_hsa.miR.590.5p, 1_hsa.miR.1306.3p, 1_hsa.miR.19b.3p, 1_hsa.miR.186.5p, 1_hsa.miR.361.3p, 1_hsa.miR.421, 1_hsa.miR.937.3p, 1_hsa.miR.193a.3p, 1_hsa.miR.362.3p, 1_hsa.miR.518a.5p, 1_hsa.miR.518f.3p, 1_hsa.miR.3200.3p, 1_hsa.miR.374a.3p, 1_hsa.miR.454.3p, 1_hsa.miR.148b.5p, 1_hsa.miR.769.5p, 1_hsa.miR.99b.3p, 1_hsa.let.7e.3p, 1_hsa.miR.103a.2.5p, 1_hsa.miR.15b.3p, 1_hsa.miR.3074.5p, 1_hsa.miR.766.3p, 1_hsa.miR.519c.3p, 1_hsa.miR.19a.3p, 1_hsa.miR.20a.3p, 1_hsa.miR.221.5p, 1_hsa.miR.301a.5p, 1_hsa.miR.3187.3p, 1_hsa.miR.455.3p, 1_hsa.miR.484, 1_hsa.miR.548v, 1_hsa.miR.526b.3p, 1_hsa.miR.527, 1_hsa.miR.1287.3p, 1_hsa.miR.155.3p, 1_hsa.miR.33a.3p, 1_hsa.miR.93.3p, 1_hsa.miR.520b, 1_hsa.let.7a.3p, 1_hsa.let.7g.3p, 1_hsa.miR.1250.5p, 1_hsa.miR.1296.5p, 1_hsa.miR.130b.5p, 1_hsa.miR.33a.5p, 1_hsa.miR.361.5p, 1_hsa.miR.424.3p, 1_hsa.miR.4326, 1_hsa.miR.4662a.5p, 1_hsa.miR.500b.3p, 1_hsa.miR.503.3p, 1_hsa.miR.532.3p, 1_hsa.miR.551a, 1_hsa.miR.6087, 1_hsa.miR.767.5p, 1_hsa.miR.99b.5p, ...]

BEST SUMS WITH SIZE 50
Number of solutions = 50
Features in hall of fame by prevalence:
49 features: [1_hsa.miR.103a.2.5p, 1_hsa.miR.1226.3p, 1_hsa.miR.1301.3p, 1_hsa.miR.1306.3p, 1_hsa.miR.1306.5p, 1_hsa.miR.130b.3p, 1_hsa.miR.130b.5p, 1_hsa.miR.1468.5p, 1_hsa.miR.148b.5p, 1_hsa.miR.151a.5p, 1_hsa.miR.15b.3p, 1_hsa.miR.16.2.3p, 1_hsa.miR.17.5p, 1_hsa.miR.186.5p, 1_hsa.miR.18a.3p, 1_hsa.miR.197.3p, 1_hsa.miR.19a.3p, 1_hsa.miR.19b.3p, 1_hsa.miR.20a.3p, 1_hsa.miR.20a.5p, 1_hsa.miR.210.3p, 1_hsa.miR.29c.3p, 1_hsa.miR.301a.3p, 1_hsa.miR.301a.5p, 1_hsa.miR.301b, 1_hsa.miR.3074.5p, 1_hsa.miR.3170, 1_hsa.miR.3200.3p, 1_hsa.miR.324.3p, 1_hsa.miR.33a.3p, 1_hsa.miR.33a.5p, 1_hsa.miR.3605.3p, 1_hsa.miR.3648, 1_hsa.miR.3677.3p, 1_hsa.miR.3678.5p, 1_hsa.miR.3687, 1_hsa.miR.374a.3p, 1_hsa.miR.454.3p, 1_hsa.miR.455.3p, 1_hsa.miR.505.3p, 1_hsa.miR.589.3p, 1_hsa.miR.590.5p, 1_hsa.miR.629.5p, 1_hsa.miR.744.3p, 1_hsa.miR.7706, 1_hsa.miR.887.3p, 1_hsa.miR.92a.3p, 1_hsa.miR.93.5p, 1_hsa.miR.937.3p]

BEST SUMS WITH SIZE 100
Number of solutions = 100
Features in hall of fame by prevalence:
96 features: [1_hsa.miR.3648, 1_hsa.miR.301a.3p, 1_hsa.miR.3605.3p, 1_hsa.miR.3677.3p, 1_hsa.miR.3678.5p, 0_age_at_initial_pathologic_diagnosis, 1_hsa.let.7a.2.3p, 1_hsa.let.7a.3p, 1_hsa.let.7d.3p, 1_hsa.miR.103a.2.5p, 1_hsa.miR.1226.3p, 1_hsa.miR.1254, 1_hsa.miR.1269a, 1_hsa.miR.1296.5p, 1_hsa.miR.1301.3p, 1_hsa.miR.1306.3p, 1_hsa.miR.1306.5p, 1_hsa.miR.1307.3p, 1_hsa.miR.130b.3p, 1_hsa.miR.130b.5p, 1_hsa.miR.1468.5p, 1_hsa.miR.148b.5p, 1_hsa.miR.150.5p, 1_hsa.miR.151a.5p, 1_hsa.miR.15b.3p, 1_hsa.miR.15b.5p, 1_hsa.miR.16.2.3p, 1_hsa.miR.17.5p, 1_hsa.miR.181b.3p, 1_hsa.miR.186.5p, 1_hsa.miR.18a.3p, 1_hsa.miR.18a.5p, 1_hsa.miR.193a.3p, 1_hsa.miR.195.5p, 1_hsa.miR.197.3p, 1_hsa.miR.19a.3p, 1_hsa.miR.19b.3p, 1_hsa.miR.20a.3p, 1_hsa.miR.20a.5p, 1_hsa.miR.210.3p, 1_hsa.miR.21.3p, 1_hsa.miR.221.5p, 1_hsa.miR.25.3p, 1_hsa.miR.29c.3p, 1_hsa.miR.301a.5p, 1_hsa.miR.301b, 1_hsa.miR.3065.5p, 1_hsa.miR.3074.5p, 1_hsa.miR.30e.5p, 1_hsa.miR.3127.5p, 1_hsa.miR.3170, 1_hsa.miR.3200.3p, 1_hsa.miR.324.3p, 1_hsa.miR.324.5p, 1_hsa.miR.335.3p, 1_hsa.miR.339.3p, 1_hsa.miR.339.5p, 1_hsa.miR.33a.3p, 1_hsa.miR.33a.5p, 1_hsa.miR.345.5p, 1_hsa.miR.3615, 1_hsa.miR.361.5p, 1_hsa.miR.3687, 1_hsa.miR.374a.3p, 1_hsa.miR.374a.5p, 1_hsa.miR.374b.3p, 1_hsa.miR.424.3p, 1_hsa.miR.454.3p, 1_hsa.miR.455.3p, 1_hsa.miR.455.5p, 1_hsa.miR.4661.5p, 1_hsa.miR.484, 1_hsa.miR.500a.5p, 1_hsa.miR.500b.5p, 1_hsa.miR.503.3p, 1_hsa.miR.503.5p, 1_hsa.miR.505.3p, 1_hsa.miR.548v, 1_hsa.miR.574.3p, 1_hsa.miR.576.5p, 1_hsa.miR.589.3p, 1_hsa.miR.590.5p, 1_hsa.miR.625.3p, 1_hsa.miR.629.5p, 1_hsa.miR.671.5p, 1_hsa.miR.744.3p, 1_hsa.miR.760, 1_hsa.miR.769.5p, 1_hsa.miR.7706, 1_hsa.miR.887.3p, 1_hsa.miR.92a.1.5p, 1_hsa.miR.92a.3p, 1_hsa.miR.93.3p, 1_hsa.miR.93.5p, 1_hsa.miR.937.3p, 1_hsa.miR.940]
