
OPTIMIZING ON FOLD NUMBER 1
Number of workers = 80

COMPUTING LOCAL ACTIVE FEATURES
Computing active features for view clinic
Existing features: 7
Applying union strategy for feature selection using composite feature selector with
categorical: feature selector any na and anova
survival: feature selector Cox

Computing active features for outcome survival
Features selected for this outcome: 2
Features active in total: 2
Computing active features for view log_mirna
Existing features: 739
Applying union strategy for feature selection using composite feature selector with
categorical: feature selector any na and anova
survival: feature selector Cox

Computing active features for outcome survival
Features selected for this outcome: 179
Features active in total: 179
Computing feature importance
Running optimizer

STARTING 2-STEPS GENETIC ALGORITHM

CREATING INNER FOLDS

ASSIGNING STRATA FOR MULTI-OUTCOME DATA SARC_MV
Assigning strata for outcome named survival of type survival
Counts:
censored 0: 24
censored 1: 75
deceased 0: 28
deceased 1: 28

STARTING SWEEP NUMBER 1
folds_creator_seed = 4107908117

ASSIGNING STRATA FOR MULTI-OUTCOME DATA SARC_MV
Assigning strata for outcome named survival of type survival
Counts:
censored 0: 24
censored 1: 75
deceased 0: 28
deceased 1: 28
ga_runner_seed = 3091794638
VIEW: CLINIC
   	     	         	        	   survival SKSurv Cox model concordance index   	             root leanness              
   	     	         	        	-------------------------------------------------	----------------------------------------
gen	evals	gen_feats	explored	min	avg     	max     	std                  	min    	avg     	max	std     
0  	500  	2        	2       	0.5	0.571769	0.638057	0.0555857            	0.57735	0.759377	1  	0.174201
1  	278  	2        	2       	0.5	0.572703	0.638057	0.0489488            	0.57735	0.747891	1  	0.154895
2  	305  	2        	2       	0.5	0.572703	0.638057	0.0489488            	0.57735	0.747891	1  	0.154895
3  	314  	2        	2       	0.5	0.572703	0.638057	0.0489488            	0.57735	0.747891	1  	0.154895
4  	314  	2        	2       	0.5	0.572703	0.638057	0.0489488            	0.57735	0.747891	1  	0.154895
5  	304  	2        	2       	0.5	0.572703	0.638057	0.0489488            	0.57735	0.747891	1  	0.154895
6  	326  	2        	2       	0.5	0.572703	0.638057	0.0489488            	0.57735	0.747891	1  	0.154895
7  	308  	2        	2       	0.5	0.572703	0.638057	0.0489488            	0.57735	0.747891	1  	0.154895
8  	311  	2        	2       	0.5	0.572703	0.638057	0.0489488            	0.57735	0.747891	1  	0.154895
9  	321  	2        	2       	0.5	0.572703	0.638057	0.0489488            	0.57735	0.747891	1  	0.154895
10 	319  	2        	2       	0.5	0.572703	0.638057	0.0489488            	0.57735	0.747891	1  	0.154895
11 	310  	2        	2       	0.5	0.572703	0.638057	0.0489488            	0.57735	0.747891	1  	0.154895
12 	309  	2        	2       	0.5	0.572703	0.638057	0.0489488            	0.57735	0.747891	1  	0.154895
13 	304  	2        	2       	0.5	0.572703	0.638057	0.0489488            	0.57735	0.747891	1  	0.154895
14 	300  	2        	2       	0.5	0.572703	0.638057	0.0489488            	0.57735	0.747891	1  	0.154895
15 	323  	2        	2       	0.5	0.572703	0.638057	0.0489488            	0.57735	0.747891	1  	0.154895
16 	336  	2        	2       	0.5	0.572703	0.638057	0.0489488            	0.57735	0.747891	1  	0.154895
17 	298  	2        	2       	0.5	0.572703	0.638057	0.0489488            	0.57735	0.747891	1  	0.154895
18 	301  	2        	2       	0.5	0.572703	0.638057	0.0489488            	0.57735	0.747891	1  	0.154895
19 	305  	2        	2       	0.5	0.572703	0.638057	0.0489488            	0.57735	0.747891	1  	0.154895
20 	312  	2        	2       	0.5	0.572703	0.638057	0.0489488            	0.57735	0.747891	1  	0.154895
21 	292  	2        	2       	0.5	0.572703	0.638057	0.0489488            	0.57735	0.747891	1  	0.154895
22 	297  	2        	2       	0.5	0.572703	0.638057	0.0489488            	0.57735	0.747891	1  	0.154895
23 	321  	2        	2       	0.5	0.572703	0.638057	0.0489488            	0.57735	0.747891	1  	0.154895
24 	314  	2        	2       	0.5	0.572703	0.638057	0.0489488            	0.57735	0.747891	1  	0.154895
25 	318  	2        	2       	0.5	0.572703	0.638057	0.0489488            	0.57735	0.747891	1  	0.154895
26 	319  	2        	2       	0.5	0.572703	0.638057	0.0489488            	0.57735	0.747891	1  	0.154895
27 	325  	2        	2       	0.5	0.572703	0.638057	0.0489488            	0.57735	0.747891	1  	0.154895
28 	312  	2        	2       	0.5	0.572703	0.638057	0.0489488            	0.57735	0.747891	1  	0.154895
29 	304  	2        	2       	0.5	0.572703	0.638057	0.0489488            	0.57735	0.747891	1  	0.154895
30 	309  	2        	2       	0.5	0.572703	0.638057	0.0489488            	0.57735	0.747891	1  	0.154895
31 	311  	2        	2       	0.5	0.572703	0.638057	0.0489488            	0.57735	0.747891	1  	0.154895
32 	297  	2        	2       	0.5	0.572703	0.638057	0.0489488            	0.57735	0.747891	1  	0.154895
33 	301  	2        	2       	0.5	0.572703	0.638057	0.0489488            	0.57735	0.747891	1  	0.154895
34 	299  	2        	2       	0.5	0.572703	0.638057	0.0489488            	0.57735	0.747891	1  	0.154895
35 	320  	2        	2       	0.5	0.572703	0.638057	0.0489488            	0.57735	0.747891	1  	0.154895
36 	277  	2        	2       	0.5	0.572703	0.638057	0.0489488            	0.57735	0.747891	1  	0.154895
37 	293  	2        	2       	0.5	0.572703	0.638057	0.0489488            	0.57735	0.747891	1  	0.154895
38 	306  	2        	2       	0.5	0.572703	0.638057	0.0489488            	0.57735	0.747891	1  	0.154895
39 	304  	2        	2       	0.5	0.572703	0.638057	0.0489488            	0.57735	0.747891	1  	0.154895
40 	296  	2        	2       	0.5	0.572703	0.638057	0.0489488            	0.57735	0.747891	1  	0.154895
41 	323  	2        	2       	0.5	0.572703	0.638057	0.0489488            	0.57735	0.747891	1  	0.154895
42 	332  	2        	2       	0.5	0.572703	0.638057	0.0489488            	0.57735	0.747891	1  	0.154895
43 	304  	2        	2       	0.5	0.572703	0.638057	0.0489488            	0.57735	0.747891	1  	0.154895
44 	310  	2        	2       	0.5	0.572703	0.638057	0.0489488            	0.57735	0.747891	1  	0.154895
45 	299  	2        	2       	0.5	0.572703	0.638057	0.0489488            	0.57735	0.747891	1  	0.154895
46 	280  	2        	2       	0.5	0.572703	0.638057	0.0489488            	0.57735	0.747891	1  	0.154895
47 	312  	2        	2       	0.5	0.572703	0.638057	0.0489488            	0.57735	0.747891	1  	0.154895
48 	318  	2        	2       	0.5	0.572703	0.638057	0.0489488            	0.57735	0.747891	1  	0.154895
49 	318  	2        	2       	0.5	0.572703	0.638057	0.0489488            	0.57735	0.747891	1  	0.154895

ASSIGNING STRATA FOR MULTI-OUTCOME DATA SARC_MV
Assigning strata for outcome named survival of type survival
Counts:
censored 0: 24
censored 1: 75
deceased 0: 28
deceased 1: 28
VIEW: LOG_MIRNA
   	     	         	        	       survival SKSurv Cox model concordance index       	                 root leanness                  
   	     	         	        	---------------------------------------------------------	------------------------------------------------
gen	evals	gen_feats	explored	min     	avg     	max     	std             	min     	avg     	max	std     
0  	500  	54       	54      	0.39011 	0.57851 	0.758598	0.0654125       	0.140028	0.253746	1  	0.146642
1  	371  	154      	154     	0.426732	0.621226	0.758598	0.0437991       	0.144338	0.285779	1  	0.131742
2  	383  	170      	176     	0.5     	0.643762	0.758598	0.0376498       	0.149071	0.305049	1  	0.139931
3  	379  	169      	179     	0.5     	0.656453	0.758598	0.0365455       	0.154303	0.309895	1  	0.148447
4  	380  	168      	179     	0.5     	0.665541	0.758598	0.0364673       	0.154303	0.313888	1  	0.149709
5  	374  	172      	179     	0.5     	0.674456	0.758598	0.0340191       	0.154303	0.310711	1  	0.146428
6  	375  	175      	179     	0.5     	0.681111	0.776827	0.0341552       	0.158114	0.314034	1  	0.148136
7  	382  	170      	179     	0.5     	0.687088	0.776827	0.0328609       	0.158114	0.314807	1  	0.146076
8  	377  	169      	179     	0.5     	0.691734	0.776827	0.0332606       	0.158114	0.316571	1  	0.146087
9  	381  	165      	179     	0.5     	0.69659 	0.776827	0.0319907       	0.164399	0.314387	1  	0.142757
10 	390  	171      	179     	0.5     	0.699281	0.788   	0.0323765       	0.164399	0.318125	1  	0.141708
11 	379  	171      	179     	0.5     	0.703474	0.788   	0.032716        	0.164399	0.318358	1  	0.143218
12 	363  	171      	179     	0.5     	0.706263	0.788   	0.0332174       	0.164399	0.321371	1  	0.142822
13 	378  	174      	179     	0.5     	0.709308	0.788   	0.0330035       	0.164399	0.323329	1  	0.142223
14 	385  	168      	179     	0.5     	0.711892	0.788639	0.0339535       	0.164399	0.323701	1  	0.142116
15 	363  	177      	179     	0.5     	0.716022	0.788639	0.0340412       	0.164399	0.318855	1  	0.141369
16 	378  	170      	179     	0.5     	0.717864	0.788639	0.0345683       	0.164399	0.32208 	1  	0.139747
17 	378  	176      	179     	0.5     	0.71979 	0.788639	0.0347949       	0.164399	0.324051	1  	0.138493
18 	373  	174      	179     	0.5     	0.721075	0.793265	0.0361458       	0.164399	0.328703	1  	0.139595
19 	380  	173      	179     	0.5     	0.723284	0.793265	0.0368336       	0.164399	0.329685	1  	0.138978
20 	366  	169      	179     	0.5     	0.725395	0.793265	0.0372827       	0.164399	0.329752	1  	0.138794
21 	388  	172      	179     	0.5     	0.727059	0.801439	0.0379991       	0.164399	0.331899	1  	0.137847
22 	384  	171      	179     	0.5     	0.728961	0.801439	0.038236        	0.164399	0.333378	1  	0.137387
23 	370  	173      	179     	0.5     	0.731465	0.801439	0.0391257       	0.166667	0.332474	1  	0.137307
24 	379  	170      	179     	0.5     	0.732409	0.801439	0.0393077       	0.176777	0.334389	1  	0.136875
25 	369  	166      	179     	0.5     	0.735561	0.8044  	0.038969        	0.176777	0.330005	1  	0.136396
26 	383  	169      	179     	0.5     	0.737786	0.8044  	0.0393915       	0.174078	0.328165	1  	0.136632
27 	388  	175      	179     	0.5     	0.740051	0.8044  	0.0388876       	0.174078	0.325926	1  	0.135242
28 	383  	167      	179     	0.5     	0.742422	0.8044  	0.0394          	0.174078	0.324446	1  	0.136015
29 	371  	168      	179     	0.5     	0.743981	0.8044  	0.0396486       	0.174078	0.324204	1  	0.136173
30 	377  	169      	179     	0.5     	0.745484	0.8044  	0.0400076       	0.176777	0.324496	1  	0.135913
31 	380  	168      	179     	0.5     	0.748107	0.816734	0.0405245       	0.174078	0.321036	1  	0.136689
32 	389  	166      	179     	0.5     	0.750036	0.816734	0.0404569       	0.174078	0.318935	1  	0.135382
33 	378  	170      	179     	0.5     	0.750971	0.816734	0.0408093       	0.174078	0.319344	1  	0.135222
34 	379  	171      	179     	0.5     	0.750971	0.816734	0.0417253       	0.176777	0.321976	1  	0.135272
35 	385  	174      	179     	0.5     	0.752007	0.816734	0.0408885       	0.176777	0.321778	1  	0.133712
36 	384  	170      	179     	0.5     	0.752885	0.816734	0.0413218       	0.176777	0.322223	1  	0.133693
37 	384  	173      	179     	0.5     	0.752607	0.816734	0.0426587       	0.176777	0.325729	1  	0.135374
38 	377  	173      	179     	0.5     	0.753752	0.816734	0.0428306       	0.176777	0.325476	1  	0.135431
39 	394  	171      	179     	0.5     	0.75606 	0.816734	0.0424841       	0.176777	0.321538	1  	0.134199
40 	368  	171      	179     	0.5     	0.756989	0.816734	0.0428318       	0.176777	0.321134	1  	0.134454
41 	397  	172      	179     	0.5     	0.75684 	0.816734	0.044016        	0.179605	0.324286	1  	0.135363
42 	380  	177      	179     	0.5     	0.759322	0.817342	0.0438358       	0.179605	0.319802	1  	0.13461 
43 	364  	166      	179     	0.5     	0.761245	0.817342	0.0435752       	0.179605	0.316503	1  	0.133305
44 	371  	171      	179     	0.5     	0.762258	0.817342	0.0440326       	0.179605	0.315848	1  	0.133451
45 	388  	165      	179     	0.5     	0.762985	0.817342	0.0444171       	0.179605	0.315992	1  	0.133477
46 	384  	168      	179     	0.5     	0.763443	0.817498	0.0446242       	0.179605	0.317166	1  	0.132843
47 	393  	171      	179     	0.5     	0.764524	0.823083	0.0450778       	0.179605	0.317148	1  	0.132926
48 	387  	169      	179     	0.5     	0.765501	0.823083	0.0452876       	0.179605	0.316149	1  	0.132808
49 	368  	169      	179     	0.5     	0.766277	0.823083	0.0454275       	0.179605	0.31577 	1  	0.132494

STARTING MASTER RUNNER RESAMPLING
Generations completed = 6
Generations completed = 15
Generations completed = 24
Generations completed = 33
Generations completed = 42
MASTER
   	     	         	        	       survival SKSurv Cox model concordance index       	                 root leanness                  
   	     	         	        	---------------------------------------------------------	------------------------------------------------
gen	evals	gen_feats	explored	min     	avg     	max     	std             	min     	avg     	max	std     
0  	500  	143      	143     	0.392981	0.669808	0.791526	0.0482054       	0.176777	0.296217	1  	0.116806
1  	418  	138      	146     	0.5     	0.688529	0.791526	0.037476        	0.179605	0.325454	1  	0.118151
2  	400  	134      	148     	0.5     	0.702351	0.791526	0.034559        	0.179605	0.353298	1  	0.117983
3  	420  	130      	148     	0.5     	0.711325	0.791526	0.0319969       	0.179605	0.374791	1  	0.113939
4  	414  	133      	150     	0.5     	0.716008	0.791526	0.0321259       	0.19245 	0.390771	1  	0.113728
5  	414  	130      	150     	0.5     	0.717793	0.791526	0.0310987       	0.19245 	0.394784	1  	0.114709
6  	399  	131      	150     	0.5     	0.7193  	0.791526	0.0305007       	0.19245 	0.395681	1  	0.11607 
7  	403  	129      	150     	0.5     	0.720733	0.791526	0.0299408       	0.19245 	0.394895	1  	0.115627
8  	398  	123      	150     	0.5     	0.721251	0.791526	0.0301619       	0.19245 	0.395857	1  	0.11612 
9  	411  	131      	151     	0.5     	0.721343	0.791526	0.0308998       	0.19245 	0.397873	1  	0.117397
10 	390  	135      	151     	0.5     	0.721484	0.791526	0.0310561       	0.19245 	0.39948 	1  	0.118862
11 	407  	134      	151     	0.5     	0.721823	0.791526	0.0311159       	0.19245 	0.399464	1  	0.119505
12 	413  	132      	151     	0.5     	0.721759	0.791526	0.0312009       	0.19245 	0.400199	1  	0.11963 
13 	418  	137      	151     	0.5     	0.721802	0.791526	0.0311201       	0.19245 	0.400248	1  	0.119616
14 	405  	133      	151     	0.5     	0.721905	0.791526	0.0311167       	0.19245 	0.399813	1  	0.119841
15 	387  	134      	151     	0.5     	0.722011	0.791526	0.0311547       	0.19245 	0.399591	1  	0.119983
16 	410  	133      	151     	0.5     	0.722034	0.791526	0.0310809       	0.19245 	0.399669	1  	0.120001
17 	408  	130      	151     	0.5     	0.722207	0.791526	0.0310982       	0.19245 	0.399224	1  	0.119956
18 	399  	135      	151     	0.5     	0.722402	0.791526	0.0309118       	0.19245 	0.398776	1  	0.119708
19 	403  	130      	151     	0.5     	0.722471	0.791526	0.0309143       	0.19245 	0.398508	1  	0.119881
20 	402  	129      	151     	0.5     	0.722471	0.791526	0.0309143       	0.19245 	0.398508	1  	0.119881
21 	398  	130      	151     	0.5     	0.722534	0.791526	0.0309444       	0.19245 	0.398803	1  	0.119585
22 	406  	133      	151     	0.5     	0.722556	0.791526	0.030939        	0.19245 	0.398803	1  	0.119585
23 	402  	132      	151     	0.5     	0.722556	0.791526	0.030939        	0.19245 	0.398803	1  	0.119585
24 	390  	137      	151     	0.5     	0.722556	0.791526	0.030939        	0.19245 	0.398803	1  	0.119585
25 	409  	135      	151     	0.5     	0.722294	0.791526	0.0312432       	0.19245 	0.400226	1  	0.120433
26 	412  	135      	151     	0.5     	0.722528	0.791526	0.0311576       	0.19245 	0.399704	1  	0.12023 
27 	405  	137      	151     	0.5     	0.722528	0.791526	0.0311576       	0.19245 	0.399704	1  	0.12023 
28 	409  	132      	151     	0.5     	0.722528	0.791526	0.0311576       	0.19245 	0.399704	1  	0.12023 
29 	407  	131      	151     	0.5     	0.722528	0.791526	0.0311576       	0.19245 	0.399704	1  	0.12023 
30 	409  	130      	151     	0.5     	0.722528	0.791526	0.0311576       	0.19245 	0.399704	1  	0.12023 
31 	404  	128      	151     	0.5     	0.722528	0.791526	0.0311576       	0.19245 	0.399704	1  	0.12023 
32 	409  	121      	151     	0.5     	0.722561	0.791526	0.0311707       	0.19245 	0.399793	1  	0.120164
33 	424  	135      	151     	0.5     	0.722561	0.791526	0.0311707       	0.19245 	0.399793	1  	0.120164
34 	407  	130      	151     	0.5     	0.722561	0.791526	0.0311707       	0.19245 	0.399793	1  	0.120164
35 	406  	131      	151     	0.5     	0.722561	0.791526	0.0311707       	0.19245 	0.399793	1  	0.120164
36 	411  	129      	151     	0.5     	0.722561	0.791526	0.0311707       	0.19245 	0.399793	1  	0.120164
37 	402  	134      	151     	0.5     	0.722561	0.791526	0.0311707       	0.19245 	0.399793	1  	0.120164
38 	390  	131      	151     	0.5     	0.722561	0.791526	0.0311707       	0.19245 	0.399793	1  	0.120164
39 	398  	130      	151     	0.5     	0.722561	0.791526	0.0311707       	0.19245 	0.399793	1  	0.120164
40 	391  	134      	151     	0.5     	0.722561	0.791526	0.0311707       	0.19245 	0.399793	1  	0.120164
41 	412  	130      	151     	0.5     	0.722561	0.791526	0.0311707       	0.19245 	0.399793	1  	0.120164
42 	397  	130      	151     	0.5     	0.722561	0.791526	0.0311707       	0.19245 	0.399793	1  	0.120164
43 	400  	134      	151     	0.5     	0.722561	0.791526	0.0311707       	0.19245 	0.399793	1  	0.120164
44 	395  	129      	151     	0.5     	0.722561	0.791526	0.0311707       	0.19245 	0.399793	1  	0.120164
45 	395  	136      	151     	0.5     	0.722561	0.791526	0.0311707       	0.19245 	0.399793	1  	0.120164
46 	397  	130      	151     	0.5     	0.722561	0.791526	0.0311707       	0.19245 	0.399793	1  	0.120164
47 	395  	131      	151     	0.5     	0.722561	0.791526	0.0311707       	0.19245 	0.399793	1  	0.120164
48 	418  	129      	151     	0.5     	0.722561	0.791526	0.0311707       	0.19245 	0.399793	1  	0.120164
49 	405  	136      	151     	0.5     	0.722561	0.791526	0.0311707       	0.19245 	0.399793	1  	0.120164

CURRENT HALLS OF FAME

PARETO FRONT
Number of solutions = 10
(0.791526372733106, 0.30151134457776363) 10 features: [0_age_at_initial_pathologic_diagnosis, 0_race_WHITE, 1_hsa.miR.106b.5p, 1_hsa.miR.1307.3p, 1_hsa.miR.1468.5p, 1_hsa.miR.17.5p, 1_hsa.miR.301a.3p, 1_hsa.miR.3648, 1_hsa.miR.3677.3p, 1_hsa.miR.371a.5p]
(0.7707324447190572, 0.31622776601683794) 9 features: [0_race_WHITE, 1_hsa.miR.106b.5p, 1_hsa.miR.1307.3p, 1_hsa.miR.1468.5p, 1_hsa.miR.17.5p, 1_hsa.miR.301a.3p, 1_hsa.miR.3648, 1_hsa.miR.3677.3p, 1_hsa.miR.371a.5p]
(0.7662199036593926, 0.3535533905932738) 7 features: [0_race_WHITE, 1_hsa.miR.106b.5p, 1_hsa.miR.1468.5p, 1_hsa.miR.210.3p, 1_hsa.miR.301a.3p, 1_hsa.miR.99b.3p, 1_hsa.miR.512.3p]
(0.7534571232486623, 0.3779644730092272) 6 features: [0_age_at_initial_pathologic_diagnosis, 0_race_WHITE, 1_hsa.miR.1468.5p, 1_hsa.miR.210.3p, 1_hsa.miR.887.3p, 1_hsa.miR.512.3p]
(0.7484411354118196, 0.408248290463863) 5 features: [0_race_WHITE, 1_hsa.miR.1468.5p, 1_hsa.miR.210.3p, 1_hsa.miR.887.3p, 1_hsa.miR.512.3p]
(0.746918881229099, 0.4472135954999579) 4 features: [0_race_WHITE, 1_hsa.miR.1468.5p, 1_hsa.miR.20a.3p, 1_hsa.miR.210.3p]
(0.7307436480994619, 0.5) [0_race_WHITE, 1_hsa.miR.20a.3p, 1_hsa.miR.3677.3p]
(0.7082374790906462, 0.5773502691896257) [0_race_WHITE, 1_hsa.miR.20a.3p]
(0.6759274673454355, 0.7071067811865476) [1_hsa.miR.92a.3p]
(0.5, 1.0) []
Features in hall of fame by prevalence:
16 features: [0_race_WHITE, 1_hsa.miR.1468.5p, 1_hsa.miR.210.3p, 1_hsa.miR.106b.5p, 1_hsa.miR.20a.3p, 1_hsa.miR.301a.3p, 1_hsa.miR.3677.3p, 1_hsa.miR.512.3p, 0_age_at_initial_pathologic_diagnosis, 1_hsa.miR.1307.3p, 1_hsa.miR.17.5p, 1_hsa.miR.3648, 1_hsa.miR.887.3p, 1_hsa.miR.371a.5p, 1_hsa.miR.92a.3p, 1_hsa.miR.99b.3p]

LAST POPULATION
Number of solutions = 500
Features in hall of fame by prevalence:
101 features: [1_hsa.miR.1468.5p, 1_hsa.miR.210.3p, 0_race_WHITE, 1_hsa.miR.512.3p, 0_age_at_initial_pathologic_diagnosis, 1_hsa.miR.301a.3p, 1_hsa.miR.3677.3p, 1_hsa.miR.4521, 1_hsa.miR.345.5p, 1_hsa.miR.887.3p, 1_hsa.miR.1307.3p, 1_hsa.miR.30d.3p, 1_hsa.miR.3607.5p, 1_hsa.miR.3648, 1_hsa.miR.125a.3p, 1_hsa.miR.20a.3p, 1_hsa.miR.99b.3p, 1_hsa.miR.505.3p, 1_hsa.miR.374c.5p, 1_hsa.miR.518a.3p, 1_hsa.miR.106b.5p, 1_hsa.miR.1251.5p, 1_hsa.miR.15b.3p, 1_hsa.miR.17.5p, 1_hsa.miR.301a.5p, 1_hsa.miR.491.3p, 1_hsa.miR.149.5p, 1_hsa.miR.183.5p, 1_hsa.miR.708.5p, 1_hsa.miR.18a.3p, 1_hsa.miR.124.3p, 1_hsa.miR.7706, 1_hsa.miR.520g.3p, 1_hsa.miR.4661.5p, 1_hsa.miR.4668.3p, 1_hsa.miR.155.3p, 1_hsa.miR.103a.2.5p, 1_hsa.miR.1343.3p, 1_hsa.miR.190b, 1_hsa.miR.1229.3p, 1_hsa.miR.19b.3p, 1_hsa.miR.423.3p, 1_hsa.miR.92a.3p, 1_hsa.miR.371a.5p, 1_hsa.let.7g.3p, 1_hsa.miR.33a.3p, 1_hsa.miR.3605.3p, 1_hsa.miR.371a.3p, 1_hsa.miR.1197, 1_hsa.miR.181b.3p, 1_hsa.miR.20a.5p, 1_hsa.miR.30b.3p, 1_hsa.miR.130b.3p, 1_hsa.miR.181a.3p, 1_hsa.miR.3065.5p, 1_hsa.miR.3615, 1_hsa.miR.365a.3p, 1_hsa.miR.514a.3p, 1_hsa.miR.589.3p, 1_hsa.miR.520b, 1_hsa.miR.527, 1_hsa.let.7e.3p, 1_hsa.miR.1226.3p, 1_hsa.miR.1306.3p, 1_hsa.miR.130a.3p, 1_hsa.miR.148b.5p, 1_hsa.miR.186.5p, 1_hsa.miR.3200.3p, 1_hsa.miR.3937, 1_hsa.miR.421, 1_hsa.miR.4326, 1_hsa.miR.708.3p, 1_hsa.miR.372.5p, 1_hsa.miR.520c.3p, 1_hsa.miR.138.1.3p, 1_hsa.miR.16.2.3p, 1_hsa.miR.17.3p, 1_hsa.miR.191.5p, 1_hsa.miR.30c.1.3p, 1_hsa.miR.885.5p, 1_hsa.miR.885.3p, 1_hsa.miR.103a.3p, 1_hsa.miR.1301.3p, 1_hsa.miR.18a.5p, 1_hsa.miR.3922.3p, 1_hsa.miR.551b.3p, 1_hsa.miR.518f.3p, 1_hsa.miR.520e, 1_hsa.miR.1269a, 1_hsa.miR.15b.5p, 1_hsa.miR.196b.3p, 1_hsa.miR.219a.1.3p, 1_hsa.miR.3170, 1_hsa.miR.339.3p, 1_hsa.miR.33a.5p, 1_hsa.miR.365b.3p, 1_hsa.miR.454.3p, 1_hsa.miR.652.5p, 1_hsa.miR.767.3p, 1_hsa.miR.92a.1.5p, 1_hsa.miR.1251.3p]

BEST SUMS WITH SIZE 50
Number of solutions = 50
Features in hall of fame by prevalence:
25 features: [0_race_WHITE, 0_age_at_initial_pathologic_diagnosis, 1_hsa.miR.210.3p, 1_hsa.miR.301a.3p, 1_hsa.miR.887.3p, 1_hsa.miR.20a.3p, 1_hsa.miR.3648, 1_hsa.miR.7706, 1_hsa.miR.17.5p, 1_hsa.miR.3677.3p, 1_hsa.miR.421, 1_hsa.miR.92a.3p, 1_hsa.miR.1468.5p, 1_hsa.miR.20a.5p, 1_hsa.miR.3200.3p, 1_hsa.miR.589.3p, 1_hsa.miR.103a.2.5p, 1_hsa.miR.1301.3p, 1_hsa.miR.1306.3p, 1_hsa.miR.16.2.3p, 1_hsa.miR.181b.3p, 1_hsa.miR.19b.3p, 1_hsa.miR.301a.5p, 1_hsa.miR.3605.3p, 1_hsa.miR.885.3p]

BEST SUMS WITH SIZE 100
Number of solutions = 100
Features in hall of fame by prevalence:
27 features: [0_race_WHITE, 0_age_at_initial_pathologic_diagnosis, 1_hsa.miR.210.3p, 1_hsa.miR.301a.3p, 1_hsa.miR.1468.5p, 1_hsa.miR.20a.3p, 1_hsa.miR.17.5p, 1_hsa.miR.3677.3p, 1_hsa.miR.887.3p, 1_hsa.miR.7706, 1_hsa.miR.3648, 1_hsa.miR.19b.3p, 1_hsa.miR.20a.5p, 1_hsa.miR.421, 1_hsa.miR.103a.2.5p, 1_hsa.miR.1301.3p, 1_hsa.miR.181b.3p, 1_hsa.miR.301a.5p, 1_hsa.miR.3200.3p, 1_hsa.miR.3605.3p, 1_hsa.miR.92a.3p, 1_hsa.miR.1306.3p, 1_hsa.miR.16.2.3p, 1_hsa.miR.589.3p, 1_hsa.miR.512.3p, 1_hsa.miR.885.3p, 1_hsa.miR.1197]

STARTING SWEEP NUMBER 2
folds_creator_seed = 1242790880

ASSIGNING STRATA FOR MULTI-OUTCOME DATA SARC_MV
Assigning strata for outcome named survival of type survival
Counts:
censored 0: 24
censored 1: 75
deceased 0: 28
deceased 1: 28
ga_runner_seed = 3998880074
VIEW: CLINIC
   	     	         	        	   survival SKSurv Cox model concordance index   	             root leanness              
   	     	         	        	-------------------------------------------------	----------------------------------------
gen	evals	gen_feats	explored	min	avg     	max     	std                  	min    	avg     	max	std     
0  	0    	2        	2       	0.5	0.580407	0.638057	0.0490191            	0.57735	0.725921	1  	0.150684
1  	299  	2        	2       	0.5	0.572633	0.638057	0.0489447            	0.57735	0.747891	1  	0.154895
2  	307  	2        	2       	0.5	0.572633	0.638057	0.0489447            	0.57735	0.747891	1  	0.154895
3  	309  	2        	2       	0.5	0.572633	0.638057	0.0489447            	0.57735	0.747891	1  	0.154895
4  	301  	2        	2       	0.5	0.572633	0.638057	0.0489447            	0.57735	0.747891	1  	0.154895
5  	311  	2        	2       	0.5	0.572633	0.638057	0.0489447            	0.57735	0.747891	1  	0.154895
6  	302  	2        	2       	0.5	0.572633	0.638057	0.0489447            	0.57735	0.747891	1  	0.154895
7  	300  	2        	2       	0.5	0.572633	0.638057	0.0489447            	0.57735	0.747891	1  	0.154895
8  	309  	2        	2       	0.5	0.572633	0.638057	0.0489447            	0.57735	0.747891	1  	0.154895
9  	319  	2        	2       	0.5	0.572633	0.638057	0.0489447            	0.57735	0.747891	1  	0.154895
10 	317  	2        	2       	0.5	0.572633	0.638057	0.0489447            	0.57735	0.747891	1  	0.154895
11 	315  	2        	2       	0.5	0.572633	0.638057	0.0489447            	0.57735	0.747891	1  	0.154895
12 	295  	2        	2       	0.5	0.572633	0.638057	0.0489447            	0.57735	0.747891	1  	0.154895
13 	307  	2        	2       	0.5	0.572633	0.638057	0.0489447            	0.57735	0.747891	1  	0.154895
14 	309  	2        	2       	0.5	0.572633	0.638057	0.0489447            	0.57735	0.747891	1  	0.154895
15 	304  	2        	2       	0.5	0.572633	0.638057	0.0489447            	0.57735	0.747891	1  	0.154895
16 	303  	2        	2       	0.5	0.572633	0.638057	0.0489447            	0.57735	0.747891	1  	0.154895
17 	315  	2        	2       	0.5	0.572633	0.638057	0.0489447            	0.57735	0.747891	1  	0.154895
18 	308  	2        	2       	0.5	0.572633	0.638057	0.0489447            	0.57735	0.747891	1  	0.154895
19 	304  	2        	2       	0.5	0.572633	0.638057	0.0489447            	0.57735	0.747891	1  	0.154895
20 	300  	2        	2       	0.5	0.572633	0.638057	0.0489447            	0.57735	0.747891	1  	0.154895
21 	313  	2        	2       	0.5	0.572633	0.638057	0.0489447            	0.57735	0.747891	1  	0.154895
22 	291  	2        	2       	0.5	0.572633	0.638057	0.0489447            	0.57735	0.747891	1  	0.154895
23 	316  	2        	2       	0.5	0.572633	0.638057	0.0489447            	0.57735	0.747891	1  	0.154895
24 	303  	2        	2       	0.5	0.572633	0.638057	0.0489447            	0.57735	0.747891	1  	0.154895
25 	316  	2        	2       	0.5	0.572633	0.638057	0.0489447            	0.57735	0.747891	1  	0.154895
26 	322  	2        	2       	0.5	0.572633	0.638057	0.0489447            	0.57735	0.747891	1  	0.154895
27 	315  	2        	2       	0.5	0.572633	0.638057	0.0489447            	0.57735	0.747891	1  	0.154895
28 	295  	2        	2       	0.5	0.572633	0.638057	0.0489447            	0.57735	0.747891	1  	0.154895
29 	314  	2        	2       	0.5	0.572633	0.638057	0.0489447            	0.57735	0.747891	1  	0.154895
30 	310  	2        	2       	0.5	0.572633	0.638057	0.0489447            	0.57735	0.747891	1  	0.154895
31 	297  	2        	2       	0.5	0.572633	0.638057	0.0489447            	0.57735	0.747891	1  	0.154895
32 	322  	2        	2       	0.5	0.572633	0.638057	0.0489447            	0.57735	0.747891	1  	0.154895
33 	307  	2        	2       	0.5	0.572633	0.638057	0.0489447            	0.57735	0.747891	1  	0.154895
34 	325  	2        	2       	0.5	0.572633	0.638057	0.0489447            	0.57735	0.747891	1  	0.154895
35 	330  	2        	2       	0.5	0.572633	0.638057	0.0489447            	0.57735	0.747891	1  	0.154895
36 	307  	2        	2       	0.5	0.572633	0.638057	0.0489447            	0.57735	0.747891	1  	0.154895
37 	321  	2        	2       	0.5	0.572633	0.638057	0.0489447            	0.57735	0.747891	1  	0.154895
38 	309  	2        	2       	0.5	0.572633	0.638057	0.0489447            	0.57735	0.747891	1  	0.154895
39 	314  	2        	2       	0.5	0.572633	0.638057	0.0489447            	0.57735	0.747891	1  	0.154895
40 	310  	2        	2       	0.5	0.572633	0.638057	0.0489447            	0.57735	0.747891	1  	0.154895
41 	303  	2        	2       	0.5	0.572633	0.638057	0.0489447            	0.57735	0.747891	1  	0.154895
42 	317  	2        	2       	0.5	0.572633	0.638057	0.0489447            	0.57735	0.747891	1  	0.154895
43 	294  	2        	2       	0.5	0.572633	0.638057	0.0489447            	0.57735	0.747891	1  	0.154895
44 	303  	2        	2       	0.5	0.572633	0.638057	0.0489447            	0.57735	0.747891	1  	0.154895
45 	302  	2        	2       	0.5	0.572633	0.638057	0.0489447            	0.57735	0.747891	1  	0.154895
46 	317  	2        	2       	0.5	0.572633	0.638057	0.0489447            	0.57735	0.747891	1  	0.154895
47 	304  	2        	2       	0.5	0.572633	0.638057	0.0489447            	0.57735	0.747891	1  	0.154895
48 	304  	2        	2       	0.5	0.572633	0.638057	0.0489447            	0.57735	0.747891	1  	0.154895
49 	302  	2        	2       	0.5	0.572633	0.638057	0.0489447            	0.57735	0.747891	1  	0.154895

ASSIGNING STRATA FOR MULTI-OUTCOME DATA SARC_MV
Assigning strata for outcome named survival of type survival
Counts:
censored 0: 24
censored 1: 75
deceased 0: 28
deceased 1: 28
VIEW: LOG_MIRNA
   	     	         	        	       survival SKSurv Cox model concordance index       	                 root leanness                  
   	     	         	        	---------------------------------------------------------	------------------------------------------------
gen	evals	gen_feats	explored	min     	avg     	max     	std             	min     	avg     	max	std     
0  	0    	99       	99      	0.5     	0.724021	0.813121	0.0471477       	0.2     	0.440797	1  	0.141636
1  	381  	157      	162     	0.472222	0.70436 	0.813121	0.0478371       	0.2     	0.412842	1  	0.117994
2  	392  	169      	172     	0.486772	0.71223 	0.813121	0.0466831       	0.2     	0.42015 	1  	0.124499
3  	386  	161      	175     	0.486772	0.717028	0.813121	0.0475373       	0.2     	0.410916	1  	0.131814
4  	377  	175      	179     	0.5     	0.720294	0.813121	0.0460412       	0.2     	0.405958	1  	0.134759
5  	381  	167      	179     	0.5     	0.722951	0.813121	0.0442002       	0.196116	0.402133	1  	0.13474 
6  	394  	159      	179     	0.5     	0.724693	0.813121	0.044255        	0.196116	0.399896	1  	0.135456
7  	372  	159      	179     	0.5     	0.726817	0.813121	0.0438395       	0.19245 	0.396321	1  	0.1361  
8  	372  	165      	179     	0.5     	0.73003 	0.813121	0.042625        	0.19245 	0.387287	1  	0.136263
9  	370  	171      	179     	0.5     	0.732104	0.813121	0.0422182       	0.19245 	0.381297	1  	0.136969
10 	384  	169      	179     	0.5     	0.732873	0.813121	0.0423359       	0.19245 	0.381807	1  	0.136699
11 	379  	161      	179     	0.5     	0.735375	0.813121	0.0415234       	0.19245 	0.374597	1  	0.136669
12 	372  	168      	179     	0.5     	0.736753	0.813121	0.04094         	0.19245 	0.371881	1  	0.135639
13 	381  	162      	179     	0.5     	0.737577	0.813121	0.0413607       	0.19245 	0.372169	1  	0.135274
14 	368  	160      	179     	0.5     	0.738199	0.813121	0.0416324       	0.19245 	0.371272	1  	0.135922
15 	376  	170      	179     	0.5     	0.739613	0.813121	0.0412319       	0.19245 	0.367304	1  	0.13589 
16 	357  	171      	179     	0.5     	0.740844	0.813121	0.0409448       	0.196116	0.364034	1  	0.135588
17 	371  	171      	179     	0.5     	0.742509	0.813121	0.0405787       	0.196116	0.358815	1  	0.135564
18 	394  	169      	179     	0.5     	0.743675	0.813121	0.0406044       	0.19245 	0.356404	1  	0.136068
19 	375  	162      	179     	0.5     	0.744682	0.813121	0.0406367       	0.19245 	0.355184	1  	0.135777
20 	369  	166      	179     	0.5     	0.745955	0.813121	0.0402231       	0.19245 	0.351735	1  	0.134902
21 	397  	168      	179     	0.5     	0.747   	0.813121	0.0403077       	0.19245 	0.349051	1  	0.135064
22 	383  	166      	179     	0.5     	0.747775	0.813121	0.0400831       	0.19245 	0.347871	1  	0.134227
23 	375  	163      	179     	0.5     	0.747348	0.813121	0.0411679       	0.19245 	0.350505	1  	0.135711
24 	378  	171      	179     	0.5     	0.748792	0.813121	0.0406355       	0.19245 	0.346434	1  	0.135245
25 	381  	170      	179     	0.5     	0.749036	0.813121	0.0407635       	0.19245 	0.346775	1  	0.134929
26 	374  	170      	179     	0.5     	0.749795	0.813121	0.0408653       	0.19245 	0.345329	1  	0.134717
27 	379  	171      	179     	0.5     	0.750826	0.813121	0.0405087       	0.19245 	0.343443	1  	0.133874
28 	388  	166      	179     	0.5     	0.75242 	0.813121	0.0402264       	0.19245 	0.339203	1  	0.133189
29 	356  	165      	179     	0.5     	0.752677	0.813121	0.0404024       	0.19245 	0.339397	1  	0.133058
30 	390  	172      	179     	0.5     	0.753531	0.813121	0.0405488       	0.19245 	0.33825 	1  	0.132796
31 	381  	165      	179     	0.5     	0.75357 	0.813121	0.040834        	0.19245 	0.340175	1  	0.132415
32 	383  	169      	179     	0.5     	0.754045	0.813121	0.0410671       	0.19245 	0.339547	1  	0.132866
33 	375  	162      	179     	0.5     	0.75423 	0.813121	0.0411442       	0.19245 	0.339779	1  	0.132647
34 	398  	167      	179     	0.5     	0.754523	0.813121	0.0412688       	0.19245 	0.339828	1  	0.132601
35 	394  	169      	179     	0.5     	0.754017	0.813121	0.0422414       	0.19245 	0.342654	1  	0.133762
36 	395  	173      	179     	0.5     	0.754473	0.813121	0.0423361       	0.19245 	0.342102	1  	0.133629
37 	375  	169      	179     	0.5     	0.754504	0.813121	0.0424889       	0.19245 	0.342685	1  	0.133739
38 	388  	166      	179     	0.5     	0.755694	0.813121	0.041839        	0.19245 	0.33995 	1  	0.132471
39 	380  	167      	179     	0.5     	0.755651	0.813121	0.0423362       	0.19245 	0.340857	1  	0.133423
40 	384  	172      	179     	0.5     	0.756161	0.813121	0.0419727       	0.19245 	0.340189	1  	0.132254
41 	373  	165      	179     	0.5     	0.756434	0.813121	0.0421418       	0.19245 	0.340145	1  	0.132256
42 	370  	167      	179     	0.5     	0.756707	0.813121	0.0423291       	0.19245 	0.340334	1  	0.132095
43 	366  	166      	179     	0.5     	0.756904	0.813121	0.0424772       	0.19245 	0.340696	1  	0.131821
44 	383  	162      	179     	0.5     	0.757103	0.813121	0.0425833       	0.19245 	0.340746	1  	0.131805
45 	369  	163      	179     	0.5     	0.757156	0.813121	0.0425999       	0.19245 	0.34097 	1  	0.13162 
46 	370  	162      	179     	0.5     	0.756393	0.813121	0.0435641       	0.19245 	0.343569	1  	0.132838
47 	366  	161      	179     	0.5     	0.757248	0.813121	0.0432701       	0.19245 	0.342064	1  	0.132417
48 	385  	163      	179     	0.5     	0.757253	0.813121	0.0432727       	0.19245 	0.342594	1  	0.132087
49 	383  	165      	179     	0.5     	0.75753 	0.813121	0.0433797       	0.19245 	0.342348	1  	0.132221

STARTING MASTER RUNNER RESAMPLING
Generations completed = 8
Generations completed = 19
Generations completed = 30
Generations completed = 41
MASTER
   	     	         	        	       survival SKSurv Cox model concordance index       	                     root leanness                      
   	     	         	        	---------------------------------------------------------	--------------------------------------------------------
gen	evals	gen_feats	explored	min     	avg     	max     	std             	min     	avg     	max     	std     
0  	500  	135      	135     	0.563773	0.715808	0.810085	0.0393346       	0.188982	0.3151  	0.707107	0.102262
1  	410  	125      	139     	0.576462	0.729155	0.810085	0.0333549       	0.2     	0.347938	0.707107	0.103612
2  	411  	117      	139     	0.576462	0.731026	0.810085	0.0349774       	0.2     	0.364583	0.707107	0.113474
3  	415  	132      	143     	0.576462	0.734039	0.810085	0.0338061       	0.196116	0.365662	0.707107	0.115818
4  	411  	124      	144     	0.576462	0.736614	0.810085	0.0338471       	0.196116	0.365834	0.707107	0.119054
5  	416  	122      	144     	0.576462	0.737442	0.810085	0.0342021       	0.196116	0.370166	0.707107	0.119051
6  	392  	123      	145     	0.576462	0.73834 	0.810085	0.0344893       	0.196116	0.371413	0.707107	0.120426
7  	394  	123      	145     	0.576462	0.738765	0.810085	0.0345807       	0.196116	0.372201	0.707107	0.120753
8  	415  	119      	145     	0.576462	0.738579	0.810085	0.0352892       	0.196116	0.374749	0.707107	0.123348
9  	407  	119      	145     	0.5     	0.738538	0.810085	0.0368271       	0.196116	0.375406	1       	0.1267  
10 	415  	123      	145     	0.5     	0.738673	0.810085	0.0371157       	0.196116	0.376024	1       	0.127605
11 	416  	127      	145     	0.5     	0.738842	0.810085	0.0370486       	0.196116	0.376005	1       	0.127683
12 	408  	122      	145     	0.5     	0.739412	0.810085	0.036968        	0.196116	0.374836	1       	0.12753 
13 	396  	129      	145     	0.5     	0.739509	0.810085	0.0370289       	0.2     	0.374807	1       	0.127545
14 	384  	124      	145     	0.5     	0.739441	0.810085	0.0374692       	0.2     	0.375098	1       	0.128757
15 	393  	119      	145     	0.5     	0.739591	0.810085	0.0375837       	0.2     	0.375423	1       	0.128556
16 	389  	123      	145     	0.5     	0.739347	0.810085	0.037895        	0.2     	0.376165	1       	0.129436
17 	420  	127      	145     	0.5     	0.73936 	0.810085	0.0378735       	0.2     	0.376165	1       	0.129436
18 	400  	115      	145     	0.5     	0.73936 	0.810085	0.0378735       	0.2     	0.376165	1       	0.129436
19 	394  	118      	145     	0.5     	0.739363	0.810085	0.0378675       	0.2     	0.376165	1       	0.129436
20 	410  	128      	145     	0.5     	0.739363	0.810085	0.0378675       	0.2     	0.376165	1       	0.129436
21 	401  	119      	145     	0.5     	0.739393	0.810085	0.037838        	0.2     	0.376165	1       	0.129436
22 	402  	121      	145     	0.5     	0.739549	0.810085	0.0378458       	0.2     	0.375697	1       	0.129602
23 	410  	122      	145     	0.5     	0.739459	0.810085	0.0378592       	0.2     	0.376015	1       	0.129582
24 	407  	121      	145     	0.5     	0.739023	0.810085	0.0384274       	0.2     	0.377544	1       	0.131213
25 	411  	121      	145     	0.5     	0.739275	0.810085	0.0383498       	0.2     	0.376466	1       	0.131302
26 	400  	121      	145     	0.5     	0.739189	0.810085	0.0384429       	0.2     	0.376766	1       	0.13156 
27 	416  	129      	145     	0.5     	0.739147	0.810085	0.038462        	0.2     	0.376954	1       	0.131594
28 	404  	117      	145     	0.5     	0.739152	0.810085	0.0384611       	0.2     	0.376954	1       	0.131594
29 	396  	121      	145     	0.5     	0.739152	0.810085	0.0384611       	0.2     	0.376954	1       	0.131594
30 	396  	119      	145     	0.5     	0.739152	0.810085	0.0384611       	0.2     	0.376954	1       	0.131594
31 	412  	124      	145     	0.5     	0.739006	0.810085	0.0387046       	0.2     	0.377473	1       	0.132381
32 	392  	127      	145     	0.5     	0.738986	0.810085	0.0387174       	0.2     	0.377551	1       	0.132411
33 	405  	120      	145     	0.5     	0.739015	0.810085	0.0387047       	0.2     	0.377473	1       	0.132381
34 	402  	127      	145     	0.5     	0.739105	0.810085	0.0387103       	0.2     	0.377324	1       	0.132389
35 	406  	126      	145     	0.5     	0.739105	0.810085	0.0387103       	0.2     	0.377324	1       	0.132389
36 	416  	119      	145     	0.5     	0.739105	0.810085	0.0387103       	0.2     	0.377324	1       	0.132389
37 	412  	126      	145     	0.5     	0.739136	0.810085	0.0386851       	0.2     	0.37714 	1       	0.132282
38 	410  	121      	145     	0.5     	0.739185	0.810085	0.038617        	0.2     	0.376985	1       	0.132093
39 	405  	126      	145     	0.5     	0.739267	0.810085	0.0387381       	0.2     	0.37675 	1       	0.132477
40 	399  	124      	145     	0.5     	0.739326	0.810085	0.0386549       	0.2     	0.376595	1       	0.132288
41 	396  	125      	145     	0.5     	0.739275	0.810085	0.0387246       	0.2     	0.37675 	1       	0.132477
42 	404  	121      	145     	0.5     	0.73931 	0.810085	0.0386723       	0.2     	0.376595	1       	0.132288
43 	410  	120      	145     	0.5     	0.739315	0.810085	0.038667        	0.2     	0.376595	1       	0.132288
44 	432  	129      	145     	0.5     	0.739264	0.810085	0.0387434       	0.2     	0.37675 	1       	0.132477
45 	403  	127      	145     	0.5     	0.739324	0.810085	0.0386565       	0.2     	0.376595	1       	0.132288
46 	414  	118      	145     	0.5     	0.739324	0.810085	0.0386565       	0.2     	0.376595	1       	0.132288
47 	415  	123      	145     	0.5     	0.739273	0.810085	0.0387273       	0.2     	0.37675 	1       	0.132477
48 	412  	119      	145     	0.5     	0.73931 	0.810085	0.0386723       	0.2     	0.376595	1       	0.132288
49 	413  	122      	145     	0.5     	0.739316	0.810085	0.0386661       	0.2     	0.376595	1       	0.132288

CURRENT HALLS OF FAME

PARETO FRONT
Number of solutions = 11
(0.8100850044946254, 0.28867513459481287) 11 features: [0_age_at_initial_pathologic_diagnosis, 0_race_WHITE, 1_hsa.miR.106b.5p, 1_hsa.miR.1307.3p, 1_hsa.miR.1468.5p, 1_hsa.miR.150.5p, 1_hsa.miR.17.5p, 1_hsa.miR.301a.3p, 1_hsa.miR.3648, 1_hsa.miR.3677.3p, 1_hsa.miR.4668.3p]
(0.8030242009560192, 0.30151134457776363) 10 features: [0_race_WHITE, 1_hsa.miR.106b.5p, 1_hsa.miR.1307.3p, 1_hsa.miR.1468.5p, 1_hsa.miR.150.5p, 1_hsa.miR.17.5p, 1_hsa.miR.301a.3p, 1_hsa.miR.3648, 1_hsa.miR.3677.3p, 1_hsa.miR.4668.3p]
(0.7803878580543501, 0.31622776601683794) 9 features: [1_hsa.miR.106b.5p, 1_hsa.miR.1307.3p, 1_hsa.miR.1468.5p, 1_hsa.miR.150.5p, 1_hsa.miR.17.5p, 1_hsa.miR.301a.3p, 1_hsa.miR.3648, 1_hsa.miR.3677.3p, 1_hsa.miR.4668.3p]
(0.7754680402606094, 0.3333333333333333) 8 features: [0_age_at_initial_pathologic_diagnosis, 1_hsa.miR.106b.5p, 1_hsa.miR.1307.3p, 1_hsa.miR.1468.5p, 1_hsa.miR.17.5p, 1_hsa.miR.301a.3p, 1_hsa.miR.3648, 1_hsa.miR.3677.3p]
(0.769205746887859, 0.3779644730092272) 6 features: [0_age_at_initial_pathologic_diagnosis, 0_race_WHITE, 1_hsa.miR.1468.5p, 1_hsa.miR.150.5p, 1_hsa.miR.3648, 1_hsa.miR.3677.3p]
(0.7658166666057508, 0.408248290463863) 5 features: [0_age_at_initial_pathologic_diagnosis, 0_race_WHITE, 1_hsa.miR.150.5p, 1_hsa.miR.3648, 1_hsa.miR.3677.3p]
(0.7528968388089918, 0.4472135954999579) 4 features: [0_race_WHITE, 1_hsa.miR.150.5p, 1_hsa.miR.3648, 1_hsa.miR.3677.3p]
(0.7420296624116007, 0.5) [0_race_WHITE, 1_hsa.miR.3648, 1_hsa.miR.3677.3p]
(0.7082374790906462, 0.5773502691896257) [0_race_WHITE, 1_hsa.miR.20a.3p]
(0.6759274673454355, 0.7071067811865476) [1_hsa.miR.92a.3p]
(0.5, 1.0) []
Features in hall of fame by prevalence:
13 features: [1_hsa.miR.3648, 1_hsa.miR.3677.3p, 0_race_WHITE, 1_hsa.miR.150.5p, 1_hsa.miR.1468.5p, 0_age_at_initial_pathologic_diagnosis, 1_hsa.miR.106b.5p, 1_hsa.miR.1307.3p, 1_hsa.miR.17.5p, 1_hsa.miR.301a.3p, 1_hsa.miR.4668.3p, 1_hsa.miR.20a.3p, 1_hsa.miR.92a.3p]

LAST POPULATION
Number of solutions = 500
Features in hall of fame by prevalence:
100 features: [1_hsa.miR.1468.5p, 0_race_WHITE, 1_hsa.miR.301a.3p, 1_hsa.miR.210.3p, 1_hsa.miR.3677.3p, 0_age_at_initial_pathologic_diagnosis, 1_hsa.miR.512.3p, 1_hsa.miR.3648, 1_hsa.miR.17.5p, 1_hsa.miR.345.5p, 1_hsa.miR.1307.3p, 1_hsa.miR.99b.3p, 1_hsa.miR.3607.5p, 1_hsa.miR.106b.5p, 1_hsa.miR.30d.3p, 1_hsa.miR.4521, 1_hsa.miR.505.3p, 1_hsa.miR.887.3p, 1_hsa.miR.150.5p, 1_hsa.miR.181b.3p, 1_hsa.miR.708.5p, 1_hsa.miR.708.3p, 1_hsa.miR.423.3p, 1_hsa.miR.1197, 1_hsa.miR.301a.5p, 1_hsa.miR.491.3p, 1_hsa.miR.374c.5p, 1_hsa.let.7e.3p, 1_hsa.miR.149.5p, 1_hsa.miR.190b, 1_hsa.miR.29c.3p, 1_hsa.miR.1343.3p, 1_hsa.miR.148b.5p, 1_hsa.miR.183.5p, 1_hsa.miR.19a.3p, 1_hsa.miR.103a.2.5p, 1_hsa.miR.125a.3p, 1_hsa.miR.92a.3p, 1_hsa.miR.940, 1_hsa.miR.372.5p, 1_hsa.miR.20a.3p, 1_hsa.miR.520b, 1_hsa.miR.155.3p, 1_hsa.miR.652.5p, 1_hsa.miR.7706, 1_hsa.miR.15b.3p, 1_hsa.miR.181a.3p, 1_hsa.miR.518a.3p, 1_hsa.miR.520f.3p, 1_hsa.miR.1229.3p, 1_hsa.miR.1296.5p, 1_hsa.miR.135b.3p, 1_hsa.miR.146b.5p, 1_hsa.miR.3170, 1_hsa.miR.6511b.3p, 1_hsa.miR.519c.3p, 1_hsa.miR.520e, 1_hsa.miR.146b.3p, 1_hsa.miR.18a.5p, 1_hsa.miR.339.3p, 1_hsa.miR.4668.3p, 1_hsa.miR.514a.3p, 1_hsa.miR.766.3p, 1_hsa.miR.520g.3p, 1_hsa.miR.4326, 1_hsa.miR.454.3p, 1_hsa.miR.93.3p, 1_hsa.miR.885.3p, 1_hsa.miR.1301.3p, 1_hsa.miR.19b.3p, 1_hsa.miR.3065.5p, 1_hsa.miR.421, 1_hsa.miR.760, 1_hsa.miR.520c.3p, 1_hsa.miR.124.3p, 1_hsa.miR.17.3p, 1_hsa.miR.18a.3p, 1_hsa.miR.4661.5p, 1_hsa.miR.592, 1_hsa.miR.7.1.3p, 1_hsa.miR.92a.1.5p, 1_hsa.miR.371a.5p, 1_hsa.miR.498, 1_hsa.miR.518f.3p, 1_hsa.miR.520h, 1_hsa.let.7g.3p, 1_hsa.miR.103a.3p, 1_hsa.miR.1226.3p, 1_hsa.miR.1251.5p, 1_hsa.miR.1306.3p, 1_hsa.miR.191.5p, 1_hsa.miR.3200.3p, 1_hsa.miR.551a, 1_hsa.miR.589.3p, 1_hsa.miR.744.3p, 1_hsa.miR.130b.3p, 1_hsa.miR.16.2.3p, 1_hsa.miR.3605.3p, 1_hsa.miR.3615, 1_hsa.miR.371a.3p]

BEST SUMS WITH SIZE 50
Number of solutions = 50
Features in hall of fame by prevalence:
30 features: [0_race_WHITE, 1_hsa.miR.210.3p, 1_hsa.miR.301a.3p, 1_hsa.miR.3648, 1_hsa.miR.3677.3p, 0_age_at_initial_pathologic_diagnosis, 1_hsa.miR.1468.5p, 1_hsa.miR.20a.3p, 1_hsa.miR.7706, 1_hsa.miR.887.3p, 1_hsa.miR.18a.3p, 1_hsa.miR.3170, 1_hsa.miR.421, 1_hsa.miR.744.3p, 1_hsa.miR.92a.3p, 1_hsa.miR.940, 1_hsa.miR.103a.2.5p, 1_hsa.miR.1301.3p, 1_hsa.miR.1306.3p, 1_hsa.miR.16.2.3p, 1_hsa.miR.17.5p, 1_hsa.miR.181b.3p, 1_hsa.miR.18a.5p, 1_hsa.miR.19a.3p, 1_hsa.miR.19b.3p, 1_hsa.miR.20a.5p, 1_hsa.miR.301a.5p, 1_hsa.miR.3200.3p, 1_hsa.miR.3605.3p, 1_hsa.miR.589.3p]

BEST SUMS WITH SIZE 100
Number of solutions = 100
Features in hall of fame by prevalence:
36 features: [0_race_WHITE, 0_age_at_initial_pathologic_diagnosis, 1_hsa.miR.210.3p, 1_hsa.miR.3677.3p, 1_hsa.miR.887.3p, 1_hsa.miR.1468.5p, 1_hsa.miR.17.5p, 1_hsa.miR.301a.3p, 1_hsa.miR.7706, 1_hsa.miR.20a.3p, 1_hsa.miR.3648, 1_hsa.miR.92a.3p, 1_hsa.miR.19b.3p, 1_hsa.miR.1301.3p, 1_hsa.miR.181b.3p, 1_hsa.miR.3170, 1_hsa.miR.3200.3p, 1_hsa.miR.3605.3p, 1_hsa.miR.421, 1_hsa.miR.940, 1_hsa.miR.103a.2.5p, 1_hsa.miR.1306.3p, 1_hsa.miR.18a.3p, 1_hsa.miR.18a.5p, 1_hsa.miR.19a.3p, 1_hsa.miR.20a.5p, 1_hsa.miR.301a.5p, 1_hsa.miR.589.3p, 1_hsa.miR.744.3p, 1_hsa.miR.512.3p, 1_hsa.miR.1197, 1_hsa.miR.16.2.3p, 1_hsa.miR.4521, 1_hsa.miR.551a, 1_hsa.miR.520f.3p, 1_hsa.miR.885.3p]

STARTING SWEEP NUMBER 3
folds_creator_seed = 1998323169

ASSIGNING STRATA FOR MULTI-OUTCOME DATA SARC_MV
Assigning strata for outcome named survival of type survival
Counts:
censored 0: 24
censored 1: 75
deceased 0: 28
deceased 1: 28
ga_runner_seed = 213938674
VIEW: CLINIC
   	     	         	        	survival SKSurv Cox model concordance index	             root leanness              
   	     	         	        	-----------------------------------------  	----------------------------------------
gen	evals	gen_feats	explored	min	avg    	max     	std                   	min    	avg     	max	std     
0  	0    	2        	2       	0.5	0.57554	0.638057	0.0497986             	0.57735	0.74055 	1  	0.15573 
1  	280  	2        	2       	0.5	0.57311	0.638057	0.0490018             	0.57735	0.747891	1  	0.154895
2  	313  	2        	2       	0.5	0.57311	0.638057	0.0490018             	0.57735	0.747891	1  	0.154895
3  	310  	2        	2       	0.5	0.57311	0.638057	0.0490018             	0.57735	0.747891	1  	0.154895
4  	301  	2        	2       	0.5	0.57311	0.638057	0.0490018             	0.57735	0.747891	1  	0.154895
5  	307  	2        	2       	0.5	0.57311	0.638057	0.0490018             	0.57735	0.747891	1  	0.154895
6  	293  	2        	2       	0.5	0.57311	0.638057	0.0490018             	0.57735	0.747891	1  	0.154895
7  	329  	2        	2       	0.5	0.57311	0.638057	0.0490018             	0.57735	0.747891	1  	0.154895
8  	314  	2        	2       	0.5	0.57311	0.638057	0.0490018             	0.57735	0.747891	1  	0.154895
9  	324  	2        	2       	0.5	0.57311	0.638057	0.0490018             	0.57735	0.747891	1  	0.154895
10 	316  	2        	2       	0.5	0.57311	0.638057	0.0490018             	0.57735	0.747891	1  	0.154895
11 	310  	2        	2       	0.5	0.57311	0.638057	0.0490018             	0.57735	0.747891	1  	0.154895
12 	323  	2        	2       	0.5	0.57311	0.638057	0.0490018             	0.57735	0.747891	1  	0.154895
13 	323  	2        	2       	0.5	0.57311	0.638057	0.0490018             	0.57735	0.747891	1  	0.154895
14 	307  	2        	2       	0.5	0.57311	0.638057	0.0490018             	0.57735	0.747891	1  	0.154895
15 	301  	2        	2       	0.5	0.57311	0.638057	0.0490018             	0.57735	0.747891	1  	0.154895
16 	302  	2        	2       	0.5	0.57311	0.638057	0.0490018             	0.57735	0.747891	1  	0.154895
17 	302  	2        	2       	0.5	0.57311	0.638057	0.0490018             	0.57735	0.747891	1  	0.154895
18 	307  	2        	2       	0.5	0.57311	0.638057	0.0490018             	0.57735	0.747891	1  	0.154895
19 	315  	2        	2       	0.5	0.57311	0.638057	0.0490018             	0.57735	0.747891	1  	0.154895
20 	297  	2        	2       	0.5	0.57311	0.638057	0.0490018             	0.57735	0.747891	1  	0.154895
21 	333  	2        	2       	0.5	0.57311	0.638057	0.0490018             	0.57735	0.747891	1  	0.154895
22 	303  	2        	2       	0.5	0.57311	0.638057	0.0490018             	0.57735	0.747891	1  	0.154895
23 	315  	2        	2       	0.5	0.57311	0.638057	0.0490018             	0.57735	0.747891	1  	0.154895
24 	309  	2        	2       	0.5	0.57311	0.638057	0.0490018             	0.57735	0.747891	1  	0.154895
25 	313  	2        	2       	0.5	0.57311	0.638057	0.0490018             	0.57735	0.747891	1  	0.154895
26 	306  	2        	2       	0.5	0.57311	0.638057	0.0490018             	0.57735	0.747891	1  	0.154895
27 	294  	2        	2       	0.5	0.57311	0.638057	0.0490018             	0.57735	0.747891	1  	0.154895
28 	318  	2        	2       	0.5	0.57311	0.638057	0.0490018             	0.57735	0.747891	1  	0.154895
29 	302  	2        	2       	0.5	0.57311	0.638057	0.0490018             	0.57735	0.747891	1  	0.154895
30 	313  	2        	2       	0.5	0.57311	0.638057	0.0490018             	0.57735	0.747891	1  	0.154895
31 	322  	2        	2       	0.5	0.57311	0.638057	0.0490018             	0.57735	0.747891	1  	0.154895
32 	291  	2        	2       	0.5	0.57311	0.638057	0.0490018             	0.57735	0.747891	1  	0.154895
33 	300  	2        	2       	0.5	0.57311	0.638057	0.0490018             	0.57735	0.747891	1  	0.154895
34 	308  	2        	2       	0.5	0.57311	0.638057	0.0490018             	0.57735	0.747891	1  	0.154895
35 	305  	2        	2       	0.5	0.57311	0.638057	0.0490018             	0.57735	0.747891	1  	0.154895
36 	286  	2        	2       	0.5	0.57311	0.638057	0.0490018             	0.57735	0.747891	1  	0.154895
37 	298  	2        	2       	0.5	0.57311	0.638057	0.0490018             	0.57735	0.747891	1  	0.154895
38 	307  	2        	2       	0.5	0.57311	0.638057	0.0490018             	0.57735	0.747891	1  	0.154895
39 	309  	2        	2       	0.5	0.57311	0.638057	0.0490018             	0.57735	0.747891	1  	0.154895
40 	290  	2        	2       	0.5	0.57311	0.638057	0.0490018             	0.57735	0.747891	1  	0.154895
41 	290  	2        	2       	0.5	0.57311	0.638057	0.0490018             	0.57735	0.747891	1  	0.154895
42 	298  	2        	2       	0.5	0.57311	0.638057	0.0490018             	0.57735	0.747891	1  	0.154895
43 	308  	2        	2       	0.5	0.57311	0.638057	0.0490018             	0.57735	0.747891	1  	0.154895
44 	320  	2        	2       	0.5	0.57311	0.638057	0.0490018             	0.57735	0.747891	1  	0.154895
45 	306  	2        	2       	0.5	0.57311	0.638057	0.0490018             	0.57735	0.747891	1  	0.154895
46 	304  	2        	2       	0.5	0.57311	0.638057	0.0490018             	0.57735	0.747891	1  	0.154895
47 	316  	2        	2       	0.5	0.57311	0.638057	0.0490018             	0.57735	0.747891	1  	0.154895
48 	306  	2        	2       	0.5	0.57311	0.638057	0.0490018             	0.57735	0.747891	1  	0.154895
49 	313  	2        	2       	0.5	0.57311	0.638057	0.0490018             	0.57735	0.747891	1  	0.154895

ASSIGNING STRATA FOR MULTI-OUTCOME DATA SARC_MV
Assigning strata for outcome named survival of type survival
Counts:
censored 0: 24
censored 1: 75
deceased 0: 28
deceased 1: 28
VIEW: LOG_MIRNA
   	     	         	        	   survival SKSurv Cox model concordance index   	                 root leanness                  
   	     	         	        	-------------------------------------------------	------------------------------------------------
gen	evals	gen_feats	explored	min	avg     	max     	std                  	min     	avg     	max	std     
0  	0    	98       	98      	0.5	0.736542	0.812443	0.0501497            	0.208514	0.408834	1  	0.151915
1  	378  	158      	159     	0.5	0.713085	0.812443	0.0546192            	0.2     	0.397502	1  	0.140575
2  	391  	159      	171     	0.5	0.725581	0.812443	0.0489943            	0.188982	0.386097	1  	0.143438
3  	370  	165      	177     	0.5	0.734036	0.812443	0.0452024            	0.185695	0.367163	1  	0.142363
4  	383  	170      	179     	0.5	0.740525	0.812691	0.0435206            	0.185695	0.356796	1  	0.139069
5  	369  	164      	179     	0.5	0.743362	0.812691	0.0433539            	0.2     	0.354481	1  	0.137743
6  	376  	168      	179     	0.5	0.745524	0.812691	0.0431952            	0.2     	0.352588	1  	0.136514
7  	382  	171      	179     	0.5	0.747956	0.812691	0.0429196            	0.196116	0.349094	1  	0.135738
8  	356  	171      	179     	0.5	0.748376	0.812691	0.0431192            	0.208514	0.351364	1  	0.134391
9  	385  	170      	179     	0.5	0.750296	0.812691	0.0428441            	0.204124	0.349056	1  	0.132791
10 	394  	168      	179     	0.5	0.751807	0.812691	0.0425643            	0.204124	0.346327	1  	0.131931
11 	388  	164      	179     	0.5	0.752077	0.814821	0.0435183            	0.204124	0.348458	1  	0.132604
12 	379  	166      	179     	0.5	0.753768	0.818771	0.0433551            	0.204124	0.345883	1  	0.131671
13 	362  	165      	179     	0.5	0.75322 	0.818771	0.0442584            	0.204124	0.349781	1  	0.132169
14 	378  	168      	179     	0.5	0.754109	0.818771	0.0443426            	0.204124	0.348766	1  	0.131933
15 	374  	164      	179     	0.5	0.755053	0.818771	0.0446269            	0.204124	0.34792 	1  	0.132003
16 	385  	168      	179     	0.5	0.75625 	0.818771	0.0445429            	0.2     	0.346382	1  	0.131234
17 	396  	164      	179     	0.5	0.756738	0.818771	0.0448588            	0.2     	0.346362	1  	0.131254
18 	372  	165      	179     	0.5	0.756439	0.818771	0.0455175            	0.2     	0.34824 	1  	0.132122
19 	369  	168      	179     	0.5	0.75653 	0.818771	0.04587              	0.208514	0.349549	1  	0.131918
20 	382  	165      	179     	0.5	0.756548	0.818771	0.0460221            	0.208514	0.350694	1  	0.131552
21 	377  	171      	179     	0.5	0.757246	0.818771	0.0462685            	0.208514	0.349958	1  	0.131932
22 	395  	170      	179     	0.5	0.757425	0.818771	0.0463425            	0.208514	0.350427	1  	0.13154 
23 	381  	161      	179     	0.5	0.757362	0.818771	0.0464626            	0.208514	0.351128	1  	0.131264
24 	363  	160      	179     	0.5	0.75769 	0.818771	0.0465394            	0.208514	0.351033	1  	0.131169
25 	371  	165      	179     	0.5	0.756687	0.82543 	0.0473174            	0.208514	0.354473	1  	0.131899
26 	381  	167      	179     	0.5	0.757584	0.82543 	0.0474854            	0.208514	0.352942	1  	0.13178 
27 	381  	159      	179     	0.5	0.75847 	0.82543 	0.0471364            	0.208514	0.351256	1  	0.131211
28 	385  	166      	179     	0.5	0.758741	0.82543 	0.0473221            	0.208514	0.351324	1  	0.131146
29 	388  	165      	179     	0.5	0.759298	0.82543 	0.0477032            	0.208514	0.350809	1  	0.131556
30 	376  	164      	179     	0.5	0.760035	0.82543 	0.0479596            	0.208514	0.349694	1  	0.131825
31 	378  	168      	179     	0.5	0.761563	0.82543 	0.0477788            	0.208514	0.346545	1  	0.131166
32 	383  	165      	179     	0.5	0.762178	0.82543 	0.0480346            	0.208514	0.345729	1  	0.131498
33 	377  	167      	179     	0.5	0.763625	0.82543 	0.0479009            	0.208514	0.342841	1  	0.130767
34 	384  	163      	179     	0.5	0.764468	0.826058	0.048241             	0.208514	0.341745	1  	0.13103 
35 	383  	169      	179     	0.5	0.763885	0.826058	0.0490716            	0.208514	0.34432 	1  	0.132091
36 	374  	165      	179     	0.5	0.764647	0.826058	0.0490799            	0.208514	0.343063	1  	0.131659
37 	366  	161      	179     	0.5	0.765066	0.826058	0.0487787            	0.208514	0.342412	1  	0.130817
38 	397  	165      	179     	0.5	0.765423	0.826058	0.0487708            	0.208514	0.341988	1  	0.13082 
39 	369  	162      	179     	0.5	0.765581	0.826058	0.0488678            	0.2     	0.34194 	1  	0.130866
40 	383  	166      	179     	0.5	0.765816	0.826058	0.0490223            	0.2     	0.341858	1  	0.130944
41 	374  	167      	179     	0.5	0.766154	0.826058	0.0492613            	0.2     	0.341634	1  	0.131097
42 	368  	165      	179     	0.5	0.766329	0.82771 	0.0493872            	0.2     	0.34149 	1  	0.131226
43 	379  	166      	179     	0.5	0.767148	0.82771 	0.0497369            	0.2     	0.340058	1  	0.13175 
44 	377  	171      	179     	0.5	0.767059	0.82771 	0.0497895            	0.2     	0.340741	1  	0.131543
45 	373  	166      	179     	0.5	0.767742	0.82771 	0.0495233            	0.2     	0.339527	1  	0.13081 
46 	381  	169      	179     	0.5	0.767297	0.82771 	0.0502124            	0.2     	0.340745	1  	0.131673
47 	365  	167      	179     	0.5	0.767303	0.82771 	0.049916             	0.2     	0.341029	1  	0.131478
48 	398  	164      	179     	0.5	0.767962	0.82771 	0.0501667            	0.2     	0.340036	1  	0.131993
49 	395  	165      	179     	0.5	0.768262	0.82771 	0.050313             	0.2     	0.33974 	1  	0.132074

STARTING MASTER RUNNER RESAMPLING
Generations completed = 8
Generations completed = 19
Generations completed = 31
Generations completed = 42
MASTER
   	     	         	        	       survival SKSurv Cox model concordance index       	                     root leanness                      
   	     	         	        	---------------------------------------------------------	--------------------------------------------------------
gen	evals	gen_feats	explored	min     	avg     	max     	std             	min     	avg     	max     	std     
0  	500  	132      	132     	0.5579  	0.724983	0.79247 	0.0425591       	0.196116	0.317351	0.707107	0.102792
1  	412  	127      	138     	0.588042	0.741119	0.810085	0.034245        	0.196116	0.344578	0.707107	0.102331
2  	399  	125      	140     	0.610638	0.743403	0.810085	0.0349029       	0.196116	0.357645	0.707107	0.111114
3  	399  	125      	141     	0.576462	0.745655	0.810085	0.0365309       	0.196116	0.360266	0.707107	0.115895
4  	416  	129      	141     	0.5     	0.746065	0.810085	0.0386656       	0.196116	0.364554	1       	0.123024
5  	414  	125      	142     	0.5     	0.747077	0.810085	0.0381342       	0.196116	0.365945	1       	0.122592
6  	395  	122      	142     	0.5     	0.747785	0.810085	0.0385489       	0.196116	0.366377	1       	0.123506
7  	404  	121      	142     	0.5     	0.748492	0.810085	0.0390631       	0.196116	0.365899	1       	0.125497
8  	415  	126      	142     	0.5     	0.748856	0.810085	0.0395946       	0.196116	0.366061	1       	0.126799
9  	419  	131      	142     	0.5     	0.749127	0.810085	0.0396022       	0.196116	0.365871	1       	0.126788
10 	429  	118      	142     	0.5     	0.748955	0.810085	0.0399302       	0.196116	0.367245	1       	0.127459
11 	412  	115      	142     	0.5     	0.749144	0.810085	0.0400946       	0.196116	0.367239	1       	0.128511
12 	392  	131      	142     	0.5     	0.749149	0.810085	0.0400335       	0.196116	0.367917	1       	0.127975
13 	402  	127      	142     	0.5     	0.749216	0.810085	0.0407407       	0.196116	0.367745	1       	0.129278
14 	406  	122      	142     	0.5     	0.749103	0.810085	0.0407764       	0.196116	0.368168	1       	0.129364
15 	413  	127      	142     	0.5     	0.749516	0.810085	0.0406605       	0.196116	0.367116	1       	0.129015
16 	397  	118      	142     	0.5     	0.749534	0.810085	0.0406406       	0.196116	0.367116	1       	0.129015
17 	403  	126      	142     	0.5     	0.749572	0.810085	0.0406437       	0.196116	0.367116	1       	0.129015
18 	408  	120      	142     	0.5     	0.7496  	0.810085	0.040619        	0.196116	0.367116	1       	0.129015
19 	423  	123      	142     	0.5     	0.749626	0.810085	0.0406378       	0.196116	0.367044	1       	0.129098
20 	383  	115      	142     	0.5     	0.749544	0.810085	0.0406692       	0.196116	0.367516	1       	0.128971
21 	401  	121      	142     	0.5     	0.749461	0.810085	0.0407768       	0.196116	0.367777	1       	0.129262
22 	398  	123      	142     	0.5     	0.749437	0.810085	0.0410833       	0.196116	0.368085	1       	0.129787
23 	397  	122      	142     	0.5     	0.749457	0.810085	0.0410974       	0.196116	0.36813 	1       	0.129745
24 	407  	124      	142     	0.5     	0.749457	0.810085	0.0410974       	0.196116	0.36813 	1       	0.129745
25 	406  	128      	142     	0.5     	0.749279	0.810085	0.041231        	0.196116	0.368789	1       	0.129973
26 	416  	127      	142     	0.5     	0.749515	0.810085	0.0411338       	0.196116	0.368042	1       	0.129844
27 	394  	116      	142     	0.5     	0.749515	0.810085	0.0411338       	0.196116	0.368042	1       	0.129844
28 	407  	124      	142     	0.5     	0.749515	0.810085	0.0411338       	0.196116	0.368042	1       	0.129844
29 	383  	119      	142     	0.5     	0.749515	0.810085	0.0411338       	0.196116	0.368042	1       	0.129844
30 	400  	125      	142     	0.5     	0.749535	0.810085	0.0411276       	0.196116	0.368042	1       	0.129844
31 	411  	130      	142     	0.5     	0.749591	0.810085	0.0411787       	0.196116	0.367962	1       	0.129924
32 	409  	129      	142     	0.5     	0.749591	0.810085	0.0411787       	0.196116	0.367962	1       	0.129924
33 	402  	127      	142     	0.5     	0.749605	0.810085	0.0411785       	0.196116	0.367962	1       	0.129924
34 	395  	126      	142     	0.5     	0.749605	0.810085	0.0411785       	0.196116	0.367962	1       	0.129924
35 	380  	123      	142     	0.5     	0.749605	0.810085	0.0411785       	0.196116	0.367962	1       	0.129924
36 	400  	124      	142     	0.5     	0.749605	0.810085	0.0411785       	0.196116	0.367962	1       	0.129924
37 	407  	123      	142     	0.5     	0.749605	0.810085	0.0411785       	0.196116	0.367962	1       	0.129924
38 	409  	129      	142     	0.5     	0.749609	0.810085	0.0411805       	0.196116	0.367908	1       	0.129968
39 	408  	124      	142     	0.5     	0.749609	0.810085	0.0411805       	0.196116	0.367908	1       	0.129968
40 	406  	122      	142     	0.5     	0.749609	0.810085	0.0411806       	0.196116	0.367924	1       	0.129954
41 	410  	119      	142     	0.5     	0.749609	0.810085	0.0411806       	0.196116	0.367924	1       	0.129954
42 	405  	127      	142     	0.5     	0.749635	0.810085	0.0411994       	0.196116	0.367886	1       	0.129993
43 	421  	125      	142     	0.5     	0.749691	0.810085	0.0412484       	0.196116	0.367782	1       	0.130097
44 	419  	127      	142     	0.5     	0.749703	0.810085	0.0412536       	0.196116	0.367714	1       	0.130141
45 	409  	124      	142     	0.5     	0.74968 	0.810085	0.0412439       	0.196116	0.367832	1       	0.130054
46 	422  	126      	142     	0.5     	0.74968 	0.810085	0.0412439       	0.196116	0.367832	1       	0.130054
47 	390  	125      	142     	0.5     	0.749706	0.810085	0.0412549       	0.196116	0.3677  	1       	0.130154
48 	406  	124      	142     	0.5     	0.749686	0.810085	0.0412457       	0.196116	0.367832	1       	0.130054
49 	398  	127      	142     	0.5     	0.749686	0.810085	0.0412457       	0.196116	0.367832	1       	0.130054

CURRENT HALLS OF FAME

PARETO FRONT
Number of solutions = 11
(0.8100850044946254, 0.28867513459481287) 11 features: [0_age_at_initial_pathologic_diagnosis, 0_race_WHITE, 1_hsa.miR.106b.5p, 1_hsa.miR.1307.3p, 1_hsa.miR.1468.5p, 1_hsa.miR.150.5p, 1_hsa.miR.17.5p, 1_hsa.miR.301a.3p, 1_hsa.miR.3648, 1_hsa.miR.3677.3p, 1_hsa.miR.4668.3p]
(0.8030242009560192, 0.30151134457776363) 10 features: [0_race_WHITE, 1_hsa.miR.106b.5p, 1_hsa.miR.1307.3p, 1_hsa.miR.1468.5p, 1_hsa.miR.150.5p, 1_hsa.miR.17.5p, 1_hsa.miR.301a.3p, 1_hsa.miR.3648, 1_hsa.miR.3677.3p, 1_hsa.miR.4668.3p]
(0.7852016246184025, 0.31622776601683794) 9 features: [0_race_WHITE, 1_hsa.miR.1307.3p, 1_hsa.miR.1468.5p, 1_hsa.miR.301a.3p, 1_hsa.miR.3170, 1_hsa.miR.3648, 1_hsa.miR.3677.3p, 1_hsa.miR.4668.3p, 1_hsa.miR.512.3p]
(0.7754680402606094, 0.3333333333333333) 8 features: [0_age_at_initial_pathologic_diagnosis, 1_hsa.miR.106b.5p, 1_hsa.miR.1307.3p, 1_hsa.miR.1468.5p, 1_hsa.miR.17.5p, 1_hsa.miR.301a.3p, 1_hsa.miR.3648, 1_hsa.miR.3677.3p]
(0.769205746887859, 0.3779644730092272) 6 features: [0_age_at_initial_pathologic_diagnosis, 0_race_WHITE, 1_hsa.miR.1468.5p, 1_hsa.miR.150.5p, 1_hsa.miR.3648, 1_hsa.miR.3677.3p]
(0.7658166666057508, 0.408248290463863) 5 features: [0_age_at_initial_pathologic_diagnosis, 0_race_WHITE, 1_hsa.miR.150.5p, 1_hsa.miR.3648, 1_hsa.miR.3677.3p]
(0.7528968388089918, 0.4472135954999579) 4 features: [0_race_WHITE, 1_hsa.miR.150.5p, 1_hsa.miR.3648, 1_hsa.miR.3677.3p]
(0.7420296624116007, 0.5) [0_race_WHITE, 1_hsa.miR.3648, 1_hsa.miR.3677.3p]
(0.7082374790906462, 0.5773502691896257) [0_race_WHITE, 1_hsa.miR.20a.3p]
(0.6759274673454355, 0.7071067811865476) [1_hsa.miR.92a.3p]
(0.5, 1.0) []
Features in hall of fame by prevalence:
15 features: [0_race_WHITE, 1_hsa.miR.3648, 1_hsa.miR.3677.3p, 1_hsa.miR.1468.5p, 1_hsa.miR.150.5p, 0_age_at_initial_pathologic_diagnosis, 1_hsa.miR.1307.3p, 1_hsa.miR.301a.3p, 1_hsa.miR.106b.5p, 1_hsa.miR.17.5p, 1_hsa.miR.4668.3p, 1_hsa.miR.20a.3p, 1_hsa.miR.3170, 1_hsa.miR.92a.3p, 1_hsa.miR.512.3p]

LAST POPULATION
Number of solutions = 500
Features in hall of fame by prevalence:
113 features: [1_hsa.miR.1468.5p, 1_hsa.miR.301a.3p, 0_race_WHITE, 1_hsa.miR.3677.3p, 1_hsa.miR.210.3p, 1_hsa.miR.512.3p, 0_age_at_initial_pathologic_diagnosis, 1_hsa.miR.345.5p, 1_hsa.miR.99b.3p, 1_hsa.miR.505.3p, 1_hsa.miR.3648, 1_hsa.miR.1307.3p, 1_hsa.miR.708.5p, 1_hsa.miR.17.5p, 1_hsa.miR.3170, 1_hsa.miR.30d.3p, 1_hsa.miR.4521, 1_hsa.miR.887.3p, 1_hsa.miR.29c.3p, 1_hsa.miR.3607.5p, 1_hsa.miR.708.3p, 1_hsa.miR.106b.5p, 1_hsa.miR.150.5p, 1_hsa.miR.181b.3p, 1_hsa.miR.940, 1_hsa.miR.4668.3p, 1_hsa.miR.519c.3p, 1_hsa.miR.339.3p, 1_hsa.miR.181a.3p, 1_hsa.miR.374c.5p, 1_hsa.miR.149.5p, 1_hsa.miR.454.3p, 1_hsa.miR.183.5p, 1_hsa.miR.372.5p, 1_hsa.miR.190b, 1_hsa.miR.371a.3p, 1_hsa.miR.92a.3p, 1_hsa.miR.33a.3p, 1_hsa.miR.7706, 1_hsa.miR.1229.3p, 1_hsa.miR.520f.3p, 1_hsa.miR.103a.2.5p, 1_hsa.miR.125a.3p, 1_hsa.miR.1277.3p, 1_hsa.miR.26a.1.3p, 1_hsa.miR.4326, 1_hsa.miR.6511b.3p, 1_hsa.miR.520e, 1_hsa.miR.1296.5p, 1_hsa.miR.135a.3p, 1_hsa.miR.421, 1_hsa.miR.744.5p, 1_hsa.miR.498, 1_hsa.miR.518a.3p, 1_hsa.miR.520c.3p, 1_hsa.miR.146b.5p, 1_hsa.miR.148b.5p, 1_hsa.miR.151a.5p, 1_hsa.miR.18a.3p, 1_hsa.miR.191.5p, 1_hsa.miR.20a.3p, 1_hsa.miR.24.3p, 1_hsa.miR.301a.5p, 1_hsa.miR.3605.3p, 1_hsa.miR.371a.5p, 1_hsa.miR.135b.3p, 1_hsa.miR.138.5p, 1_hsa.miR.15b.3p, 1_hsa.miR.3200.3p, 1_hsa.miR.766.3p, 1_hsa.miR.518f.3p, 1_hsa.let.7g.3p, 1_hsa.miR.138.1.3p, 1_hsa.miR.155.3p, 1_hsa.miR.197.3p, 1_hsa.miR.301b, 1_hsa.miR.361.5p, 1_hsa.miR.589.3p, 1_hsa.miR.520b, 1_hsa.miR.1301.3p, 1_hsa.miR.130a.3p, 1_hsa.miR.130b.5p, 1_hsa.miR.17.3p, 1_hsa.miR.18a.5p, 1_hsa.miR.19a.3p, 1_hsa.miR.30b.5p, 1_hsa.miR.30c.1.3p, 1_hsa.miR.324.3p, 1_hsa.miR.324.5p, 1_hsa.miR.425.5p, 1_hsa.miR.455.5p, 1_hsa.miR.592, 1_hsa.miR.652.5p, 1_hsa.miR.744.3p, 1_hsa.miR.760, 1_hsa.miR.935, 1_hsa.miR.520g.3p, 1_hsa.let.7a.3p, 1_hsa.let.7e.3p, 1_hsa.miR.103a.3p, 1_hsa.miR.1197, 1_hsa.miR.16.2.3p, 1_hsa.miR.19b.3p, 1_hsa.miR.20a.5p, 1_hsa.miR.3065.5p, 1_hsa.miR.374b.3p, 1_hsa.miR.423.3p, 1_hsa.miR.501.3p, 1_hsa.miR.514a.3p, 1_hsa.miR.548v, 1_hsa.miR.7.1.3p, 1_hsa.miR.767.5p, 1_hsa.miR.520h]

BEST SUMS WITH SIZE 50
Number of solutions = 50
Features in hall of fame by prevalence:
31 features: [0_race_WHITE, 1_hsa.miR.210.3p, 1_hsa.miR.301a.3p, 1_hsa.miR.3677.3p, 0_age_at_initial_pathologic_diagnosis, 1_hsa.miR.1468.5p, 1_hsa.miR.20a.3p, 1_hsa.miR.3648, 1_hsa.miR.887.3p, 1_hsa.miR.92a.3p, 1_hsa.miR.18a.3p, 1_hsa.miR.301b, 1_hsa.miR.3170, 1_hsa.miR.421, 1_hsa.miR.7706, 1_hsa.miR.940, 1_hsa.miR.103a.2.5p, 1_hsa.miR.1301.3p, 1_hsa.miR.1306.3p, 1_hsa.miR.16.2.3p, 1_hsa.miR.17.5p, 1_hsa.miR.181b.3p, 1_hsa.miR.18a.5p, 1_hsa.miR.19a.3p, 1_hsa.miR.19b.3p, 1_hsa.miR.20a.5p, 1_hsa.miR.301a.5p, 1_hsa.miR.3200.3p, 1_hsa.miR.3605.3p, 1_hsa.miR.589.3p, 1_hsa.miR.744.3p]

BEST SUMS WITH SIZE 100
Number of solutions = 100
Features in hall of fame by prevalence:
39 features: [0_race_WHITE, 1_hsa.miR.210.3p, 1_hsa.miR.92a.3p, 0_age_at_initial_pathologic_diagnosis, 1_hsa.miR.887.3p, 1_hsa.miR.1468.5p, 1_hsa.miR.17.5p, 1_hsa.miR.301a.3p, 1_hsa.miR.3677.3p, 1_hsa.miR.20a.3p, 1_hsa.miR.3648, 1_hsa.miR.7706, 1_hsa.miR.19b.3p, 1_hsa.miR.3605.3p, 1_hsa.miR.301b, 1_hsa.miR.3170, 1_hsa.miR.3200.3p, 1_hsa.miR.421, 1_hsa.miR.940, 1_hsa.miR.103a.2.5p, 1_hsa.miR.1301.3p, 1_hsa.miR.1306.3p, 1_hsa.miR.181b.3p, 1_hsa.miR.18a.3p, 1_hsa.miR.20a.5p, 1_hsa.miR.301a.5p, 1_hsa.miR.589.3p, 1_hsa.miR.744.3p, 1_hsa.miR.512.3p, 1_hsa.miR.1197, 1_hsa.miR.16.2.3p, 1_hsa.miR.18a.5p, 1_hsa.miR.19a.3p, 1_hsa.miR.4521, 1_hsa.miR.454.3p, 1_hsa.miR.4668.3p, 1_hsa.miR.514a.3p, 1_hsa.miR.520f.3p, 1_hsa.miR.885.3p]
Optimization on fold finished in 00-08:45:15

FEATURE SETS SELECTED

PARETO FRONT
Number of solutions = 11
(0.8100850044946254, 0.28867513459481287) 11 features: [0_age_at_initial_pathologic_diagnosis, 0_race_WHITE, 1_hsa.miR.106b.5p, 1_hsa.miR.1307.3p, 1_hsa.miR.1468.5p, 1_hsa.miR.150.5p, 1_hsa.miR.17.5p, 1_hsa.miR.301a.3p, 1_hsa.miR.3648, 1_hsa.miR.3677.3p, 1_hsa.miR.4668.3p]
(0.8030242009560192, 0.30151134457776363) 10 features: [0_race_WHITE, 1_hsa.miR.106b.5p, 1_hsa.miR.1307.3p, 1_hsa.miR.1468.5p, 1_hsa.miR.150.5p, 1_hsa.miR.17.5p, 1_hsa.miR.301a.3p, 1_hsa.miR.3648, 1_hsa.miR.3677.3p, 1_hsa.miR.4668.3p]
(0.7852016246184025, 0.31622776601683794) 9 features: [0_race_WHITE, 1_hsa.miR.1307.3p, 1_hsa.miR.1468.5p, 1_hsa.miR.301a.3p, 1_hsa.miR.3170, 1_hsa.miR.3648, 1_hsa.miR.3677.3p, 1_hsa.miR.4668.3p, 1_hsa.miR.512.3p]
(0.7754680402606094, 0.3333333333333333) 8 features: [0_age_at_initial_pathologic_diagnosis, 1_hsa.miR.106b.5p, 1_hsa.miR.1307.3p, 1_hsa.miR.1468.5p, 1_hsa.miR.17.5p, 1_hsa.miR.301a.3p, 1_hsa.miR.3648, 1_hsa.miR.3677.3p]
(0.769205746887859, 0.3779644730092272) 6 features: [0_age_at_initial_pathologic_diagnosis, 0_race_WHITE, 1_hsa.miR.1468.5p, 1_hsa.miR.150.5p, 1_hsa.miR.3648, 1_hsa.miR.3677.3p]
(0.7658166666057508, 0.408248290463863) 5 features: [0_age_at_initial_pathologic_diagnosis, 0_race_WHITE, 1_hsa.miR.150.5p, 1_hsa.miR.3648, 1_hsa.miR.3677.3p]
(0.7528968388089918, 0.4472135954999579) 4 features: [0_race_WHITE, 1_hsa.miR.150.5p, 1_hsa.miR.3648, 1_hsa.miR.3677.3p]
(0.7420296624116007, 0.5) [0_race_WHITE, 1_hsa.miR.3648, 1_hsa.miR.3677.3p]
(0.7082374790906462, 0.5773502691896257) [0_race_WHITE, 1_hsa.miR.20a.3p]
(0.6759274673454355, 0.7071067811865476) [1_hsa.miR.92a.3p]
(0.5, 1.0) []
Features in hall of fame by prevalence:
15 features: [0_race_WHITE, 1_hsa.miR.3648, 1_hsa.miR.3677.3p, 1_hsa.miR.1468.5p, 1_hsa.miR.150.5p, 0_age_at_initial_pathologic_diagnosis, 1_hsa.miR.1307.3p, 1_hsa.miR.301a.3p, 1_hsa.miR.106b.5p, 1_hsa.miR.17.5p, 1_hsa.miR.4668.3p, 1_hsa.miR.20a.3p, 1_hsa.miR.3170, 1_hsa.miR.92a.3p, 1_hsa.miR.512.3p]

LAST POPULATION
Number of solutions = 500
Features in hall of fame by prevalence:
113 features: [1_hsa.miR.1468.5p, 1_hsa.miR.301a.3p, 0_race_WHITE, 1_hsa.miR.3677.3p, 1_hsa.miR.210.3p, 1_hsa.miR.512.3p, 0_age_at_initial_pathologic_diagnosis, 1_hsa.miR.345.5p, 1_hsa.miR.99b.3p, 1_hsa.miR.505.3p, 1_hsa.miR.3648, 1_hsa.miR.1307.3p, 1_hsa.miR.708.5p, 1_hsa.miR.17.5p, 1_hsa.miR.3170, 1_hsa.miR.30d.3p, 1_hsa.miR.4521, 1_hsa.miR.887.3p, 1_hsa.miR.29c.3p, 1_hsa.miR.3607.5p, 1_hsa.miR.708.3p, 1_hsa.miR.106b.5p, 1_hsa.miR.150.5p, 1_hsa.miR.181b.3p, 1_hsa.miR.940, 1_hsa.miR.4668.3p, 1_hsa.miR.519c.3p, 1_hsa.miR.339.3p, 1_hsa.miR.181a.3p, 1_hsa.miR.374c.5p, 1_hsa.miR.149.5p, 1_hsa.miR.454.3p, 1_hsa.miR.183.5p, 1_hsa.miR.372.5p, 1_hsa.miR.190b, 1_hsa.miR.371a.3p, 1_hsa.miR.92a.3p, 1_hsa.miR.33a.3p, 1_hsa.miR.7706, 1_hsa.miR.1229.3p, 1_hsa.miR.520f.3p, 1_hsa.miR.103a.2.5p, 1_hsa.miR.125a.3p, 1_hsa.miR.1277.3p, 1_hsa.miR.26a.1.3p, 1_hsa.miR.4326, 1_hsa.miR.6511b.3p, 1_hsa.miR.520e, 1_hsa.miR.1296.5p, 1_hsa.miR.135a.3p, 1_hsa.miR.421, 1_hsa.miR.744.5p, 1_hsa.miR.498, 1_hsa.miR.518a.3p, 1_hsa.miR.520c.3p, 1_hsa.miR.146b.5p, 1_hsa.miR.148b.5p, 1_hsa.miR.151a.5p, 1_hsa.miR.18a.3p, 1_hsa.miR.191.5p, 1_hsa.miR.20a.3p, 1_hsa.miR.24.3p, 1_hsa.miR.301a.5p, 1_hsa.miR.3605.3p, 1_hsa.miR.371a.5p, 1_hsa.miR.135b.3p, 1_hsa.miR.138.5p, 1_hsa.miR.15b.3p, 1_hsa.miR.3200.3p, 1_hsa.miR.766.3p, 1_hsa.miR.518f.3p, 1_hsa.let.7g.3p, 1_hsa.miR.138.1.3p, 1_hsa.miR.155.3p, 1_hsa.miR.197.3p, 1_hsa.miR.301b, 1_hsa.miR.361.5p, 1_hsa.miR.589.3p, 1_hsa.miR.520b, 1_hsa.miR.1301.3p, 1_hsa.miR.130a.3p, 1_hsa.miR.130b.5p, 1_hsa.miR.17.3p, 1_hsa.miR.18a.5p, 1_hsa.miR.19a.3p, 1_hsa.miR.30b.5p, 1_hsa.miR.30c.1.3p, 1_hsa.miR.324.3p, 1_hsa.miR.324.5p, 1_hsa.miR.425.5p, 1_hsa.miR.455.5p, 1_hsa.miR.592, 1_hsa.miR.652.5p, 1_hsa.miR.744.3p, 1_hsa.miR.760, 1_hsa.miR.935, 1_hsa.miR.520g.3p, 1_hsa.let.7a.3p, 1_hsa.let.7e.3p, 1_hsa.miR.103a.3p, 1_hsa.miR.1197, 1_hsa.miR.16.2.3p, 1_hsa.miR.19b.3p, 1_hsa.miR.20a.5p, 1_hsa.miR.3065.5p, 1_hsa.miR.374b.3p, 1_hsa.miR.423.3p, 1_hsa.miR.501.3p, 1_hsa.miR.514a.3p, 1_hsa.miR.548v, 1_hsa.miR.7.1.3p, 1_hsa.miR.767.5p, 1_hsa.miR.520h]

BEST SUMS WITH SIZE 50
Number of solutions = 50
Features in hall of fame by prevalence:
31 features: [0_race_WHITE, 1_hsa.miR.210.3p, 1_hsa.miR.301a.3p, 1_hsa.miR.3677.3p, 0_age_at_initial_pathologic_diagnosis, 1_hsa.miR.1468.5p, 1_hsa.miR.20a.3p, 1_hsa.miR.3648, 1_hsa.miR.887.3p, 1_hsa.miR.92a.3p, 1_hsa.miR.18a.3p, 1_hsa.miR.301b, 1_hsa.miR.3170, 1_hsa.miR.421, 1_hsa.miR.7706, 1_hsa.miR.940, 1_hsa.miR.103a.2.5p, 1_hsa.miR.1301.3p, 1_hsa.miR.1306.3p, 1_hsa.miR.16.2.3p, 1_hsa.miR.17.5p, 1_hsa.miR.181b.3p, 1_hsa.miR.18a.5p, 1_hsa.miR.19a.3p, 1_hsa.miR.19b.3p, 1_hsa.miR.20a.5p, 1_hsa.miR.301a.5p, 1_hsa.miR.3200.3p, 1_hsa.miR.3605.3p, 1_hsa.miR.589.3p, 1_hsa.miR.744.3p]

BEST SUMS WITH SIZE 100
Number of solutions = 100
Features in hall of fame by prevalence:
39 features: [0_race_WHITE, 1_hsa.miR.210.3p, 1_hsa.miR.92a.3p, 0_age_at_initial_pathologic_diagnosis, 1_hsa.miR.887.3p, 1_hsa.miR.1468.5p, 1_hsa.miR.17.5p, 1_hsa.miR.301a.3p, 1_hsa.miR.3677.3p, 1_hsa.miR.20a.3p, 1_hsa.miR.3648, 1_hsa.miR.7706, 1_hsa.miR.19b.3p, 1_hsa.miR.3605.3p, 1_hsa.miR.301b, 1_hsa.miR.3170, 1_hsa.miR.3200.3p, 1_hsa.miR.421, 1_hsa.miR.940, 1_hsa.miR.103a.2.5p, 1_hsa.miR.1301.3p, 1_hsa.miR.1306.3p, 1_hsa.miR.181b.3p, 1_hsa.miR.18a.3p, 1_hsa.miR.20a.5p, 1_hsa.miR.301a.5p, 1_hsa.miR.589.3p, 1_hsa.miR.744.3p, 1_hsa.miR.512.3p, 1_hsa.miR.1197, 1_hsa.miR.16.2.3p, 1_hsa.miR.18a.5p, 1_hsa.miR.19a.3p, 1_hsa.miR.4521, 1_hsa.miR.454.3p, 1_hsa.miR.4668.3p, 1_hsa.miR.514a.3p, 1_hsa.miR.520f.3p, 1_hsa.miR.885.3p]
