
OPTIMIZING ON FOLD NUMBER 4
Number of workers = 80

COMPUTING LOCAL ACTIVE FEATURES
Computing active features for view clinic
Existing features: 7
Applying union strategy for feature selection using composite feature selector with
categorical: feature selector any na and anova
survival: feature selector Cox

Computing active features for outcome survival
Features selected for this outcome: 2
Features active in total: 2
Computing active features for view log_mirna
Existing features: 739
Applying union strategy for feature selection using composite feature selector with
categorical: feature selector any na and anova
survival: feature selector Cox

Computing active features for outcome survival
Features selected for this outcome: 172
Features active in total: 172
Computing feature importance
Running optimizer

STARTING 2-STEPS GENETIC ALGORITHM

CREATING INNER FOLDS

ASSIGNING STRATA FOR MULTI-OUTCOME DATA SARC_MV
Assigning strata for outcome named survival of type survival
Counts:
censored 0: 24
censored 1: 76
deceased 0: 28
deceased 1: 28

STARTING SWEEP NUMBER 1
folds_creator_seed = 4107908117

ASSIGNING STRATA FOR MULTI-OUTCOME DATA SARC_MV
Assigning strata for outcome named survival of type survival
Counts:
censored 0: 24
censored 1: 76
deceased 0: 28
deceased 1: 28
ga_runner_seed = 3091794638
VIEW: CLINIC
   	     	         	        	   survival SKSurv Cox model concordance index   	             root leanness              
   	     	         	        	-------------------------------------------------	----------------------------------------
gen	evals	gen_feats	explored	min	avg     	max     	std                  	min    	avg     	max	std     
0  	500  	2        	2       	0.5	0.575761	0.644097	0.059515             	0.57735	0.764583	1  	0.176296
1  	295  	2        	2       	0.5	0.577999	0.644097	0.0522712            	0.57735	0.747891	1  	0.154895
2  	310  	2        	2       	0.5	0.577999	0.644097	0.0522712            	0.57735	0.747891	1  	0.154895
3  	302  	2        	2       	0.5	0.577999	0.644097	0.0522712            	0.57735	0.747891	1  	0.154895
4  	324  	2        	2       	0.5	0.577999	0.644097	0.0522712            	0.57735	0.747891	1  	0.154895
5  	321  	2        	2       	0.5	0.577999	0.644097	0.0522712            	0.57735	0.747891	1  	0.154895
6  	307  	2        	2       	0.5	0.577999	0.644097	0.0522712            	0.57735	0.747891	1  	0.154895
7  	298  	2        	2       	0.5	0.577999	0.644097	0.0522712            	0.57735	0.747891	1  	0.154895
8  	300  	2        	2       	0.5	0.577999	0.644097	0.0522712            	0.57735	0.747891	1  	0.154895
9  	306  	2        	2       	0.5	0.577999	0.644097	0.0522712            	0.57735	0.747891	1  	0.154895
10 	290  	2        	2       	0.5	0.577999	0.644097	0.0522712            	0.57735	0.747891	1  	0.154895
11 	318  	2        	2       	0.5	0.577999	0.644097	0.0522712            	0.57735	0.747891	1  	0.154895
12 	305  	2        	2       	0.5	0.577999	0.644097	0.0522712            	0.57735	0.747891	1  	0.154895
13 	301  	2        	2       	0.5	0.577999	0.644097	0.0522712            	0.57735	0.747891	1  	0.154895
14 	316  	2        	2       	0.5	0.577999	0.644097	0.0522712            	0.57735	0.747891	1  	0.154895
15 	304  	2        	2       	0.5	0.577999	0.644097	0.0522712            	0.57735	0.747891	1  	0.154895
16 	323  	2        	2       	0.5	0.577999	0.644097	0.0522712            	0.57735	0.747891	1  	0.154895
17 	297  	2        	2       	0.5	0.577999	0.644097	0.0522712            	0.57735	0.747891	1  	0.154895
18 	302  	2        	2       	0.5	0.577999	0.644097	0.0522712            	0.57735	0.747891	1  	0.154895
19 	313  	2        	2       	0.5	0.577999	0.644097	0.0522712            	0.57735	0.747891	1  	0.154895
20 	320  	2        	2       	0.5	0.577999	0.644097	0.0522712            	0.57735	0.747891	1  	0.154895
21 	308  	2        	2       	0.5	0.577999	0.644097	0.0522712            	0.57735	0.747891	1  	0.154895
22 	308  	2        	2       	0.5	0.577999	0.644097	0.0522712            	0.57735	0.747891	1  	0.154895
23 	307  	2        	2       	0.5	0.577999	0.644097	0.0522712            	0.57735	0.747891	1  	0.154895
24 	296  	2        	2       	0.5	0.577999	0.644097	0.0522712            	0.57735	0.747891	1  	0.154895
25 	306  	2        	2       	0.5	0.577999	0.644097	0.0522712            	0.57735	0.747891	1  	0.154895
26 	305  	2        	2       	0.5	0.577999	0.644097	0.0522712            	0.57735	0.747891	1  	0.154895
27 	317  	2        	2       	0.5	0.577999	0.644097	0.0522712            	0.57735	0.747891	1  	0.154895
28 	319  	2        	2       	0.5	0.577999	0.644097	0.0522712            	0.57735	0.747891	1  	0.154895
29 	318  	2        	2       	0.5	0.577999	0.644097	0.0522712            	0.57735	0.747891	1  	0.154895
30 	295  	2        	2       	0.5	0.577999	0.644097	0.0522712            	0.57735	0.747891	1  	0.154895
31 	324  	2        	2       	0.5	0.577999	0.644097	0.0522712            	0.57735	0.747891	1  	0.154895
32 	306  	2        	2       	0.5	0.577999	0.644097	0.0522712            	0.57735	0.747891	1  	0.154895
33 	280  	2        	2       	0.5	0.577999	0.644097	0.0522712            	0.57735	0.747891	1  	0.154895
34 	298  	2        	2       	0.5	0.577999	0.644097	0.0522712            	0.57735	0.747891	1  	0.154895
35 	290  	2        	2       	0.5	0.577999	0.644097	0.0522712            	0.57735	0.747891	1  	0.154895
36 	308  	2        	2       	0.5	0.577999	0.644097	0.0522712            	0.57735	0.747891	1  	0.154895
37 	312  	2        	2       	0.5	0.577999	0.644097	0.0522712            	0.57735	0.747891	1  	0.154895
38 	311  	2        	2       	0.5	0.577999	0.644097	0.0522712            	0.57735	0.747891	1  	0.154895
39 	303  	2        	2       	0.5	0.577999	0.644097	0.0522712            	0.57735	0.747891	1  	0.154895
40 	300  	2        	2       	0.5	0.577999	0.644097	0.0522712            	0.57735	0.747891	1  	0.154895
41 	284  	2        	2       	0.5	0.577999	0.644097	0.0522712            	0.57735	0.747891	1  	0.154895
42 	303  	2        	2       	0.5	0.577999	0.644097	0.0522712            	0.57735	0.747891	1  	0.154895
43 	313  	2        	2       	0.5	0.577999	0.644097	0.0522712            	0.57735	0.747891	1  	0.154895
44 	281  	2        	2       	0.5	0.577999	0.644097	0.0522712            	0.57735	0.747891	1  	0.154895
45 	328  	2        	2       	0.5	0.577999	0.644097	0.0522712            	0.57735	0.747891	1  	0.154895
46 	283  	2        	2       	0.5	0.577999	0.644097	0.0522712            	0.57735	0.747891	1  	0.154895
47 	315  	2        	2       	0.5	0.577999	0.644097	0.0522712            	0.57735	0.747891	1  	0.154895
48 	301  	2        	2       	0.5	0.577999	0.644097	0.0522712            	0.57735	0.747891	1  	0.154895
49 	308  	2        	2       	0.5	0.577999	0.644097	0.0522712            	0.57735	0.747891	1  	0.154895

ASSIGNING STRATA FOR MULTI-OUTCOME DATA SARC_MV
Assigning strata for outcome named survival of type survival
Counts:
censored 0: 24
censored 1: 76
deceased 0: 28
deceased 1: 28
VIEW: LOG_MIRNA
   	     	         	        	       survival SKSurv Cox model concordance index       	                 root leanness                  
   	     	         	        	---------------------------------------------------------	------------------------------------------------
gen	evals	gen_feats	explored	min     	avg     	max     	std             	min     	avg     	max	std     
0  	500  	40       	40      	0.443782	0.641874	0.849943	0.126553        	0.156174	0.259656	1  	0.16199 
1  	378  	156      	156     	0.5     	0.728404	0.849943	0.0627416       	0.162221	0.295666	1  	0.129207
2  	365  	154      	168     	0.5     	0.748601	0.849943	0.0601214       	0.185695	0.329591	1  	0.127481
3  	378  	158      	172     	0.5     	0.760227	0.849943	0.0575353       	0.188982	0.334361	1  	0.128702
4  	390  	161      	172     	0.5     	0.764404	0.852867	0.0601105       	0.188982	0.34545 	1  	0.132498
5  	363  	159      	172     	0.5     	0.768742	0.854022	0.0609334       	0.196116	0.348681	1  	0.133364
6  	390  	156      	172     	0.5     	0.773095	0.854022	0.059254        	0.19245 	0.349695	1  	0.133158
7  	394  	156      	172     	0.5     	0.775297	0.854022	0.060117        	0.19245 	0.353458	1  	0.133174
8  	383  	164      	172     	0.5     	0.778617	0.854444	0.0607716       	0.19245 	0.354262	1  	0.132732
9  	383  	154      	172     	0.5     	0.782209	0.859116	0.0606527       	0.19245 	0.353674	1  	0.133058
10 	374  	161      	172     	0.5     	0.78467 	0.859116	0.0609105       	0.19245 	0.354069	1  	0.132849
11 	394  	157      	172     	0.5     	0.786461	0.859116	0.061494        	0.19245 	0.355732	1  	0.133548
12 	384  	162      	172     	0.5     	0.789515	0.859116	0.0613599       	0.19245 	0.35365 	1  	0.133031
13 	389  	158      	172     	0.5     	0.791432	0.859116	0.0613296       	0.196116	0.354636	1  	0.132285
14 	390  	163      	172     	0.5     	0.792883	0.859123	0.0618          	0.196116	0.354607	1  	0.132316
15 	366  	158      	172     	0.5     	0.794677	0.859123	0.0617397       	0.196116	0.353254	1  	0.132488
16 	364  	161      	172     	0.5     	0.796379	0.864239	0.0624192       	0.204124	0.352705	1  	0.132997
17 	381  	166      	172     	0.5     	0.798121	0.864239	0.0620792       	0.204124	0.351475	1  	0.132441
18 	397  	166      	172     	0.5     	0.799648	0.864239	0.0618272       	0.204124	0.350031	1  	0.132273
19 	384  	169      	172     	0.5     	0.801456	0.864239	0.0620102       	0.2     	0.348323	1  	0.132401
20 	382  	164      	172     	0.5     	0.801404	0.864239	0.0622762       	0.2     	0.350158	1  	0.132115
21 	382  	162      	172     	0.5     	0.801211	0.864239	0.0633212       	0.196116	0.351741	1  	0.132965
22 	385  	156      	172     	0.5     	0.802585	0.864239	0.0626806       	0.196116	0.350492	1  	0.131922
23 	366  	160      	172     	0.5     	0.803231	0.864239	0.0627453       	0.196116	0.350529	1  	0.1319  
24 	387  	160      	172     	0.5     	0.805515	0.86477 	0.0629803       	0.196116	0.347433	1  	0.132349
25 	386  	158      	172     	0.5     	0.806906	0.871594	0.0627672       	0.2     	0.345961	1  	0.131732
26 	396  	158      	172     	0.5     	0.807431	0.871594	0.0629645       	0.2     	0.346105	1  	0.131598
27 	357  	157      	172     	0.5     	0.806863	0.871594	0.0640138       	0.2     	0.348707	1  	0.13257 
28 	364  	152      	172     	0.5     	0.808385	0.871594	0.0633696       	0.2     	0.346894	1  	0.131208
29 	375  	158      	172     	0.5     	0.808742	0.871594	0.063941        	0.2     	0.347064	1  	0.131634
30 	375  	162      	172     	0.5     	0.809588	0.871594	0.0638824       	0.2     	0.346171	1  	0.131512
31 	386  	151      	172     	0.5     	0.81015 	0.871594	0.0641713       	0.2     	0.346331	1  	0.131339
32 	389  	162      	172     	0.5     	0.811033	0.871594	0.0644076       	0.2     	0.345284	1  	0.131881
33 	394  	158      	172     	0.5     	0.811764	0.871594	0.0645708       	0.2     	0.344565	1  	0.132194
34 	365  	157      	172     	0.5     	0.811642	0.871594	0.064594        	0.2     	0.345986	1  	0.131592
35 	386  	158      	172     	0.5     	0.809905	0.872743	0.0653894       	0.2     	0.350552	1  	0.131732
36 	383  	152      	172     	0.5     	0.810795	0.872743	0.0656457       	0.2     	0.349273	1  	0.13244 
37 	380  	158      	172     	0.5     	0.8112  	0.873326	0.0657921       	0.2     	0.348938	1  	0.132582
38 	378  	165      	172     	0.5     	0.812862	0.873326	0.0648596       	0.204124	0.346299	1  	0.13138 
39 	373  	158      	172     	0.5     	0.813227	0.873326	0.0650118       	0.204124	0.346181	1  	0.131485
40 	387  	156      	172     	0.5     	0.813417	0.873326	0.0651202       	0.204124	0.345984	1  	0.131649
41 	377  	156      	172     	0.5     	0.813679	0.873326	0.065193        	0.204124	0.346129	1  	0.131522
42 	375  	162      	172     	0.5     	0.813976	0.873326	0.065312        	0.204124	0.345972	1  	0.131635
43 	379  	164      	172     	0.5     	0.8142  	0.876636	0.0653938       	0.204124	0.346209	1  	0.131431
44 	371  	150      	172     	0.5     	0.81442 	0.876636	0.0655177       	0.204124	0.346148	1  	0.131474
45 	380  	157      	172     	0.5     	0.81505 	0.880066	0.0656342       	0.204124	0.345271	1  	0.13158 
46 	365  	155      	172     	0.5     	0.815242	0.880066	0.065746        	0.204124	0.345093	1  	0.131901
47 	376  	159      	172     	0.5     	0.815205	0.880066	0.0659066       	0.204124	0.345675	1  	0.131798
48 	387  	158      	172     	0.5     	0.815203	0.880066	0.065849        	0.204124	0.34644 	1  	0.13129 
49 	379  	164      	172     	0.5     	0.815434	0.880066	0.0659787       	0.204124	0.346717	1  	0.13106 

STARTING MASTER RUNNER RESAMPLING
Generations completed = 7
Generations completed = 16
Generations completed = 25
Generations completed = 34
Generations completed = 43
MASTER
   	     	         	        	   survival SKSurv Cox model concordance index   	                 root leanness                  
   	     	         	        	-------------------------------------------------	------------------------------------------------
gen	evals	gen_feats	explored	min	avg     	max     	std                  	min     	avg     	max	std     
0  	500  	120      	120     	0.5	0.777985	0.855976	0.0535239            	0.2     	0.325366	1  	0.111723
1  	412  	109      	126     	0.5	0.781666	0.855976	0.0539378            	0.208514	0.349535	1  	0.112403
2  	398  	111      	129     	0.5	0.781501	0.855976	0.0567792            	0.213201	0.359288	1  	0.115816
3  	406  	108      	129     	0.5	0.782695	0.855976	0.0579896            	0.213201	0.363559	1  	0.118811
4  	417  	108      	130     	0.5	0.784354	0.855976	0.0585072            	0.218218	0.364261	1  	0.121436
5  	395  	96       	130     	0.5	0.784634	0.855976	0.0593698            	0.218218	0.366188	1  	0.122906
6  	403  	109      	130     	0.5	0.785595	0.855976	0.05918              	0.218218	0.366354	1  	0.123987
7  	416  	105      	130     	0.5	0.785912	0.855976	0.0592311            	0.218218	0.367395	1  	0.124837
8  	399  	99       	130     	0.5	0.786125	0.855976	0.0596772            	0.218218	0.368024	1  	0.125822
9  	401  	104      	130     	0.5	0.786389	0.855976	0.059895             	0.218218	0.368239	1  	0.126575
10 	400  	110      	130     	0.5	0.786328	0.855976	0.06036              	0.218218	0.368761	1  	0.127619
11 	409  	99       	130     	0.5	0.786838	0.855976	0.0600642            	0.218218	0.368106	1  	0.127387
12 	409  	107      	130     	0.5	0.786942	0.855976	0.0600419            	0.218218	0.368106	1  	0.127387
13 	401  	112      	130     	0.5	0.787093	0.855976	0.0599716            	0.218218	0.368065	1  	0.127428
14 	408  	108      	130     	0.5	0.787138	0.855976	0.0599883            	0.218218	0.368065	1  	0.127428
15 	400  	102      	130     	0.5	0.787207	0.855976	0.0599762            	0.218218	0.368065	1  	0.127428
16 	398  	111      	130     	0.5	0.787283	0.855976	0.0598477            	0.218218	0.368065	1  	0.127428
17 	404  	112      	130     	0.5	0.787386	0.855976	0.0598154            	0.218218	0.36808 	1  	0.127414
18 	394  	104      	130     	0.5	0.787455	0.855976	0.0598541            	0.218218	0.368003	1  	0.127474
19 	403  	109      	130     	0.5	0.787028	0.855976	0.0602805            	0.218218	0.36894 	1  	0.128246
20 	414  	102      	130     	0.5	0.787043	0.855976	0.0602887            	0.218218	0.368917	1  	0.128261
21 	395  	109      	130     	0.5	0.787065	0.855976	0.0603052            	0.218218	0.368821	1  	0.128347
22 	395  	101      	130     	0.5	0.787065	0.855976	0.0603052            	0.218218	0.368821	1  	0.128347
23 	411  	99       	130     	0.5	0.787045	0.855976	0.0602909            	0.218218	0.368872	1  	0.128304
24 	392  	102      	130     	0.5	0.787044	0.855976	0.0602887            	0.218218	0.368886	1  	0.12829 
25 	421  	107      	130     	0.5	0.787024	0.855976	0.0602759            	0.218218	0.36894 	1  	0.128246
26 	419  	103      	130     	0.5	0.787313	0.855976	0.060101             	0.218218	0.368282	1  	0.128027
27 	405  	107      	130     	0.5	0.787059	0.855976	0.0603404            	0.218218	0.368795	1  	0.128362
28 	399  	109      	130     	0.5	0.787001	0.855976	0.0602672            	0.218218	0.368978	1  	0.128216
29 	415  	103      	130     	0.5	0.787205	0.855976	0.0603139            	0.218218	0.368575	1  	0.128374
30 	394  	107      	130     	0.5	0.78733 	0.855976	0.0601114            	0.218218	0.368323	1  	0.127986
31 	408  	118      	130     	0.5	0.78704 	0.855976	0.0602983            	0.218218	0.368923	1  	0.128261
32 	410  	99       	130     	0.5	0.787495	0.855976	0.0601311            	0.218218	0.368023	1  	0.128068
33 	391  	98       	130     	0.5	0.787047	0.855976	0.0603058            	0.218218	0.368901	1  	0.128276
34 	416  	107      	130     	0.5	0.787066	0.855976	0.060314             	0.218218	0.368862	1  	0.128306
35 	406  	108      	130     	0.5	0.787041	0.855976	0.0602975            	0.218218	0.368923	1  	0.128261
36 	410  	114      	130     	0.5	0.787039	0.855976	0.0602911            	0.218218	0.36894 	1  	0.128246
37 	391  	95       	130     	0.5	0.787181	0.855976	0.0602985            	0.218218	0.368661	1  	0.128314
38 	405  	103      	130     	0.5	0.787149	0.855976	0.060315             	0.218218	0.368722	1  	0.128325
39 	412  	108      	130     	0.5	0.787038	0.855976	0.0602967            	0.218218	0.368917	1  	0.128261
40 	408  	103      	130     	0.5	0.78703 	0.855976	0.0602927            	0.218218	0.36894 	1  	0.128246
41 	408  	108      	130     	0.5	0.787009	0.855976	0.0602728            	0.218218	0.368978	1  	0.128216
42 	415  	109      	130     	0.5	0.787334	0.855976	0.0601135            	0.218218	0.368295	1  	0.128014
43 	417  	108      	130     	0.5	0.787062	0.855976	0.0603027            	0.218218	0.368846	1  	0.128319
44 	397  	96       	130     	0.5	0.787018	0.855976	0.0602746            	0.218218	0.368978	1  	0.128216
45 	406  	103      	130     	0.5	0.787031	0.855976	0.0602841            	0.218218	0.36894 	1  	0.128246
46 	404  	108      	130     	0.5	0.787043	0.855976	0.0602899            	0.218218	0.368923	1  	0.128261
47 	385  	99       	130     	0.5	0.787329	0.855976	0.0601107            	0.218218	0.368323	1  	0.127986
48 	397  	103      	130     	0.5	0.787059	0.855976	0.0602989            	0.218218	0.368875	1  	0.128291
49 	416  	102      	130     	0.5	0.787335	0.855976	0.0601144            	0.218218	0.368323	1  	0.127986

CURRENT HALLS OF FAME

PARETO FRONT
Number of solutions = 18
(0.8559761341220803, 0.22360679774997896) 19 features: [0_age_at_initial_pathologic_diagnosis, 1_hsa.let.7d.3p, 1_hsa.miR.1307.3p, 1_hsa.miR.1468.5p, 1_hsa.miR.150.5p, 1_hsa.miR.195.5p, 1_hsa.miR.301a.3p, 1_hsa.miR.3065.5p, 1_hsa.miR.335.3p, 1_hsa.miR.3605.3p, 1_hsa.miR.3648, 1_hsa.miR.3677.3p, 1_hsa.miR.3678.5p, 1_hsa.miR.374b.3p, 1_hsa.miR.4661.5p, 1_hsa.miR.4662a.5p, 1_hsa.miR.486.3p, 1_hsa.miR.877.5p, 1_hsa.miR.93.3p]
(0.8542706479217673, 0.22941573387056177) 18 features: [0_race_WHITE, 1_hsa.let.7d.3p, 1_hsa.miR.1307.3p, 1_hsa.miR.1468.5p, 1_hsa.miR.150.5p, 1_hsa.miR.195.5p, 1_hsa.miR.301a.3p, 1_hsa.miR.3065.5p, 1_hsa.miR.335.3p, 1_hsa.miR.3605.3p, 1_hsa.miR.3648, 1_hsa.miR.3677.3p, 1_hsa.miR.3678.5p, 1_hsa.miR.374b.3p, 1_hsa.miR.4661.5p, 1_hsa.miR.4662a.5p, 1_hsa.miR.486.3p, 1_hsa.miR.877.5p]
(0.8538642418250796, 0.24253562503633297) 16 features: [1_hsa.let.7d.3p, 1_hsa.miR.1307.3p, 1_hsa.miR.1468.5p, 1_hsa.miR.150.5p, 1_hsa.miR.195.5p, 1_hsa.miR.301a.3p, 1_hsa.miR.3065.5p, 1_hsa.miR.335.3p, 1_hsa.miR.3605.3p, 1_hsa.miR.3648, 1_hsa.miR.3677.3p, 1_hsa.miR.3678.5p, 1_hsa.miR.374b.3p, 1_hsa.miR.4662a.5p, 1_hsa.miR.486.3p, 1_hsa.miR.877.5p]
(0.8518081408102341, 0.2581988897471611) 14 features: [1_hsa.let.7d.3p, 1_hsa.miR.1307.3p, 1_hsa.miR.1468.5p, 1_hsa.miR.150.5p, 1_hsa.miR.193a.3p, 1_hsa.miR.195.5p, 1_hsa.miR.301a.3p, 1_hsa.miR.3605.3p, 1_hsa.miR.3648, 1_hsa.miR.3677.3p, 1_hsa.miR.3678.5p, 1_hsa.miR.374b.3p, 1_hsa.miR.4662a.5p, 1_hsa.miR.486.3p]
(0.8502528154628662, 0.2672612419124244) 13 features: [1_hsa.let.7d.3p, 1_hsa.miR.1307.3p, 1_hsa.miR.1468.5p, 1_hsa.miR.150.5p, 1_hsa.miR.195.5p, 1_hsa.miR.301a.3p, 1_hsa.miR.3605.3p, 1_hsa.miR.3648, 1_hsa.miR.3677.3p, 1_hsa.miR.3678.5p, 1_hsa.miR.374b.3p, 1_hsa.miR.4662a.5p, 1_hsa.miR.629.5p]
(0.8481241216920795, 0.2773500981126146) 12 features: [1_hsa.miR.1271.5p, 1_hsa.miR.1307.3p, 1_hsa.miR.1468.5p, 1_hsa.miR.150.5p, 1_hsa.miR.195.5p, 1_hsa.miR.301a.3p, 1_hsa.miR.3170, 1_hsa.miR.3605.3p, 1_hsa.miR.3648, 1_hsa.miR.3678.5p, 1_hsa.miR.374b.3p, 1_hsa.miR.512.3p]
(0.846504261954736, 0.28867513459481287) 11 features: [1_hsa.let.7d.3p, 1_hsa.miR.1307.3p, 1_hsa.miR.1468.5p, 1_hsa.miR.150.5p, 1_hsa.miR.195.5p, 1_hsa.miR.301a.3p, 1_hsa.miR.3605.3p, 1_hsa.miR.3648, 1_hsa.miR.3677.3p, 1_hsa.miR.3678.5p, 1_hsa.miR.374b.3p]
(0.8321188879975776, 0.30151134457776363) 10 features: [1_hsa.miR.1307.3p, 1_hsa.miR.150.5p, 1_hsa.miR.195.5p, 1_hsa.miR.301a.3p, 1_hsa.miR.3605.3p, 1_hsa.miR.3648, 1_hsa.miR.3677.3p, 1_hsa.miR.3678.5p, 1_hsa.miR.374b.3p, 1_hsa.miR.512.3p]
(0.8246425357430526, 0.31622776601683794) 9 features: [1_hsa.miR.1307.3p, 1_hsa.miR.1468.5p, 1_hsa.miR.150.5p, 1_hsa.miR.3605.3p, 1_hsa.miR.3648, 1_hsa.miR.3677.3p, 1_hsa.miR.3678.5p, 1_hsa.miR.374b.3p, 1_hsa.miR.512.3p]
(0.8111325755757344, 0.3333333333333333) 8 features: [1_hsa.let.7d.3p, 1_hsa.miR.1307.3p, 1_hsa.miR.150.5p, 1_hsa.miR.3605.3p, 1_hsa.miR.3648, 1_hsa.miR.3677.3p, 1_hsa.miR.3678.5p, 1_hsa.miR.374b.3p]
(0.8002579709281411, 0.3535533905932738) 7 features: [0_race_WHITE, 1_hsa.let.7d.3p, 1_hsa.miR.150.5p, 1_hsa.miR.3605.3p, 1_hsa.miR.3648, 1_hsa.miR.3678.5p, 1_hsa.miR.374b.3p]
(0.7956612954840958, 0.3779644730092272) 6 features: [0_race_WHITE, 1_hsa.miR.150.5p, 1_hsa.miR.155.3p, 1_hsa.miR.3648, 1_hsa.miR.3678.5p, 1_hsa.miR.374b.3p]
(0.7767556302173787, 0.408248290463863) 5 features: [0_race_WHITE, 1_hsa.miR.301a.3p, 1_hsa.miR.3170, 1_hsa.miR.3648, 1_hsa.miR.3678.5p]
(0.768162126686499, 0.4472135954999579) 4 features: [0_race_WHITE, 1_hsa.miR.301a.3p, 1_hsa.miR.3170, 1_hsa.miR.3678.5p]
(0.7433539191695905, 0.5) [1_hsa.miR.301a.3p, 1_hsa.miR.3170, 1_hsa.miR.3678.5p]
(0.7112224312472629, 0.5773502691896257) [1_hsa.miR.3605.3p, 1_hsa.miR.3678.5p]
(0.6744232115777313, 0.7071067811865476) [1_hsa.miR.3648]
(0.5, 1.0) []
Features in hall of fame by prevalence:
26 features: [1_hsa.miR.3678.5p, 1_hsa.miR.3648, 1_hsa.miR.150.5p, 1_hsa.miR.3605.3p, 1_hsa.miR.374b.3p, 1_hsa.miR.301a.3p, 1_hsa.miR.1307.3p, 1_hsa.miR.3677.3p, 1_hsa.let.7d.3p, 1_hsa.miR.1468.5p, 1_hsa.miR.195.5p, 0_race_WHITE, 1_hsa.miR.4662a.5p, 1_hsa.miR.3170, 1_hsa.miR.486.3p, 1_hsa.miR.3065.5p, 1_hsa.miR.335.3p, 1_hsa.miR.877.5p, 1_hsa.miR.512.3p, 1_hsa.miR.4661.5p, 0_age_at_initial_pathologic_diagnosis, 1_hsa.miR.1271.5p, 1_hsa.miR.155.3p, 1_hsa.miR.193a.3p, 1_hsa.miR.629.5p, 1_hsa.miR.93.3p]

LAST POPULATION
Number of solutions = 500
Features in hall of fame by prevalence:
71 features: [1_hsa.miR.3678.5p, 1_hsa.miR.3648, 1_hsa.miR.3605.3p, 1_hsa.miR.374b.3p, 1_hsa.miR.150.5p, 1_hsa.miR.1307.3p, 1_hsa.miR.301a.3p, 1_hsa.miR.3677.3p, 1_hsa.miR.195.5p, 0_race_WHITE, 1_hsa.miR.1468.5p, 0_age_at_initial_pathologic_diagnosis, 1_hsa.let.7d.3p, 1_hsa.miR.4661.5p, 1_hsa.miR.4662a.5p, 1_hsa.miR.486.3p, 1_hsa.miR.512.3p, 1_hsa.miR.877.5p, 1_hsa.miR.155.3p, 1_hsa.miR.3170, 1_hsa.miR.1306.3p, 1_hsa.miR.335.3p, 1_hsa.miR.1271.5p, 1_hsa.miR.93.3p, 1_hsa.miR.3065.5p, 1_hsa.miR.16.2.3p, 1_hsa.miR.188.5p, 1_hsa.miR.193a.3p, 1_hsa.miR.33a.3p, 1_hsa.miR.148b.5p, 1_hsa.miR.1226.3p, 1_hsa.miR.138.5p, 1_hsa.miR.629.5p, 1_hsa.miR.21.3p, 1_hsa.miR.767.5p, 1_hsa.miR.518a.5p, 1_hsa.miR.128.1.5p, 1_hsa.miR.3127.5p, 1_hsa.miR.3687, 1_hsa.miR.374a.3p, 1_hsa.miR.532.5p, 1_hsa.miR.548v, 1_hsa.miR.589.3p, 1_hsa.miR.744.3p, 1_hsa.miR.1197, 1_hsa.miR.138.1.3p, 1_hsa.miR.29c.3p, 1_hsa.miR.361.3p, 1_hsa.miR.361.5p, 1_hsa.miR.373.3p, 1_hsa.miR.151a.5p, 1_hsa.miR.19b.3p, 1_hsa.miR.3200.3p, 1_hsa.miR.33a.5p, 1_hsa.miR.3681.5p, 1_hsa.miR.500b.5p, 1_hsa.miR.671.5p, 1_hsa.miR.103a.2.5p, 1_hsa.miR.1251.5p, 1_hsa.miR.1306.5p, 1_hsa.miR.15b.3p, 1_hsa.miR.17.5p, 1_hsa.miR.221.5p, 1_hsa.miR.301a.5p, 1_hsa.miR.301b, 1_hsa.miR.454.3p, 1_hsa.miR.532.3p, 1_hsa.miR.625.3p, 1_hsa.miR.92a.3p, 1_hsa.miR.937.3p, 1_hsa.miR.498]

BEST SUMS WITH SIZE 50
Number of solutions = 50
Features in hall of fame by prevalence:
31 features: [1_hsa.miR.3648, 1_hsa.miR.3678.5p, 1_hsa.miR.301a.3p, 1_hsa.miR.3170, 0_race_WHITE, 1_hsa.miR.148b.5p, 1_hsa.miR.3677.3p, 0_age_at_initial_pathologic_diagnosis, 1_hsa.miR.1306.3p, 1_hsa.miR.1468.5p, 1_hsa.miR.151a.5p, 1_hsa.miR.3605.3p, 1_hsa.miR.361.5p, 1_hsa.miR.589.3p, 1_hsa.miR.744.3p, 1_hsa.miR.103a.2.5p, 1_hsa.miR.1226.3p, 1_hsa.miR.1306.5p, 1_hsa.miR.15b.3p, 1_hsa.miR.16.2.3p, 1_hsa.miR.17.5p, 1_hsa.miR.19b.3p, 1_hsa.miR.301a.5p, 1_hsa.miR.301b, 1_hsa.miR.33a.5p, 1_hsa.miR.3687, 1_hsa.miR.374b.3p, 1_hsa.miR.454.3p, 1_hsa.miR.629.5p, 1_hsa.miR.92a.3p, 1_hsa.miR.937.3p]

BEST SUMS WITH SIZE 100
Number of solutions = 100
Features in hall of fame by prevalence:
34 features: [0_race_WHITE, 1_hsa.miR.3678.5p, 1_hsa.miR.3648, 1_hsa.miR.3605.3p, 0_age_at_initial_pathologic_diagnosis, 1_hsa.miR.148b.5p, 1_hsa.miR.301a.3p, 1_hsa.miR.3170, 1_hsa.miR.3677.3p, 1_hsa.miR.1306.3p, 1_hsa.miR.744.3p, 1_hsa.miR.151a.5p, 1_hsa.miR.103a.2.5p, 1_hsa.miR.1468.5p, 1_hsa.miR.15b.3p, 1_hsa.miR.33a.5p, 1_hsa.miR.3687, 1_hsa.miR.374b.3p, 1_hsa.miR.589.3p, 1_hsa.miR.1226.3p, 1_hsa.miR.1306.5p, 1_hsa.miR.150.5p, 1_hsa.miR.16.2.3p, 1_hsa.miR.17.5p, 1_hsa.miR.19b.3p, 1_hsa.miR.301a.5p, 1_hsa.miR.301b, 1_hsa.miR.361.5p, 1_hsa.miR.454.3p, 1_hsa.miR.629.5p, 1_hsa.miR.92a.3p, 1_hsa.miR.195.5p, 1_hsa.miR.937.3p, 1_hsa.miR.512.3p]

STARTING SWEEP NUMBER 2
folds_creator_seed = 1247561625

ASSIGNING STRATA FOR MULTI-OUTCOME DATA SARC_MV
Assigning strata for outcome named survival of type survival
Counts:
censored 0: 24
censored 1: 76
deceased 0: 28
deceased 1: 28
ga_runner_seed = 1487532799
VIEW: CLINIC
   	     	         	        	   survival SKSurv Cox model concordance index   	             root leanness              
   	     	         	        	-------------------------------------------------	----------------------------------------
gen	evals	gen_feats	explored	min	avg     	max     	std                  	min    	avg     	max	std     
0  	0    	2        	2       	0.5	0.553122	0.644097	0.052627             	0.57735	0.82009 	1  	0.166689
1  	293  	2        	2       	0.5	0.57814 	0.64603 	0.0524568            	0.57735	0.747891	1  	0.154895
2  	299  	2        	2       	0.5	0.57814 	0.64603 	0.0524568            	0.57735	0.747891	1  	0.154895
3  	311  	2        	2       	0.5	0.57814 	0.64603 	0.0524568            	0.57735	0.747891	1  	0.154895
4  	323  	2        	2       	0.5	0.57814 	0.64603 	0.0524568            	0.57735	0.747891	1  	0.154895
5  	303  	2        	2       	0.5	0.57814 	0.64603 	0.0524568            	0.57735	0.747891	1  	0.154895
6  	308  	2        	2       	0.5	0.57814 	0.64603 	0.0524568            	0.57735	0.747891	1  	0.154895
7  	305  	2        	2       	0.5	0.57814 	0.64603 	0.0524568            	0.57735	0.747891	1  	0.154895
8  	301  	2        	2       	0.5	0.57814 	0.64603 	0.0524568            	0.57735	0.747891	1  	0.154895
9  	289  	2        	2       	0.5	0.57814 	0.64603 	0.0524568            	0.57735	0.747891	1  	0.154895
10 	292  	2        	2       	0.5	0.57814 	0.64603 	0.0524568            	0.57735	0.747891	1  	0.154895
11 	304  	2        	2       	0.5	0.57814 	0.64603 	0.0524568            	0.57735	0.747891	1  	0.154895
12 	298  	2        	2       	0.5	0.57814 	0.64603 	0.0524568            	0.57735	0.747891	1  	0.154895
13 	314  	2        	2       	0.5	0.57814 	0.64603 	0.0524568            	0.57735	0.747891	1  	0.154895
14 	290  	2        	2       	0.5	0.57814 	0.64603 	0.0524568            	0.57735	0.747891	1  	0.154895
15 	309  	2        	2       	0.5	0.57814 	0.64603 	0.0524568            	0.57735	0.747891	1  	0.154895
16 	300  	2        	2       	0.5	0.57814 	0.64603 	0.0524568            	0.57735	0.747891	1  	0.154895
17 	300  	2        	2       	0.5	0.57814 	0.64603 	0.0524568            	0.57735	0.747891	1  	0.154895
18 	315  	2        	2       	0.5	0.57814 	0.64603 	0.0524568            	0.57735	0.747891	1  	0.154895
19 	318  	2        	2       	0.5	0.57814 	0.64603 	0.0524568            	0.57735	0.747891	1  	0.154895
20 	294  	2        	2       	0.5	0.57814 	0.64603 	0.0524568            	0.57735	0.747891	1  	0.154895
21 	312  	2        	2       	0.5	0.57814 	0.64603 	0.0524568            	0.57735	0.747891	1  	0.154895
22 	301  	2        	2       	0.5	0.57814 	0.64603 	0.0524568            	0.57735	0.747891	1  	0.154895
23 	287  	2        	2       	0.5	0.57814 	0.64603 	0.0524568            	0.57735	0.747891	1  	0.154895
24 	313  	2        	2       	0.5	0.57814 	0.64603 	0.0524568            	0.57735	0.747891	1  	0.154895
25 	313  	2        	2       	0.5	0.57814 	0.64603 	0.0524568            	0.57735	0.747891	1  	0.154895
26 	318  	2        	2       	0.5	0.57814 	0.64603 	0.0524568            	0.57735	0.747891	1  	0.154895
27 	321  	2        	2       	0.5	0.57814 	0.64603 	0.0524568            	0.57735	0.747891	1  	0.154895
28 	312  	2        	2       	0.5	0.57814 	0.64603 	0.0524568            	0.57735	0.747891	1  	0.154895
29 	310  	2        	2       	0.5	0.57814 	0.64603 	0.0524568            	0.57735	0.747891	1  	0.154895
30 	298  	2        	2       	0.5	0.57814 	0.64603 	0.0524568            	0.57735	0.747891	1  	0.154895
31 	302  	2        	2       	0.5	0.57814 	0.64603 	0.0524568            	0.57735	0.747891	1  	0.154895
32 	316  	2        	2       	0.5	0.57814 	0.64603 	0.0524568            	0.57735	0.747891	1  	0.154895
33 	293  	2        	2       	0.5	0.57814 	0.64603 	0.0524568            	0.57735	0.747891	1  	0.154895
34 	323  	2        	2       	0.5	0.57814 	0.64603 	0.0524568            	0.57735	0.747891	1  	0.154895
35 	324  	2        	2       	0.5	0.57814 	0.64603 	0.0524568            	0.57735	0.747891	1  	0.154895
36 	312  	2        	2       	0.5	0.57814 	0.64603 	0.0524568            	0.57735	0.747891	1  	0.154895
37 	316  	2        	2       	0.5	0.57814 	0.64603 	0.0524568            	0.57735	0.747891	1  	0.154895
38 	307  	2        	2       	0.5	0.57814 	0.64603 	0.0524568            	0.57735	0.747891	1  	0.154895
39 	297  	2        	2       	0.5	0.57814 	0.64603 	0.0524568            	0.57735	0.747891	1  	0.154895
40 	292  	2        	2       	0.5	0.57814 	0.64603 	0.0524568            	0.57735	0.747891	1  	0.154895
41 	317  	2        	2       	0.5	0.57814 	0.64603 	0.0524568            	0.57735	0.747891	1  	0.154895
42 	313  	2        	2       	0.5	0.57814 	0.64603 	0.0524568            	0.57735	0.747891	1  	0.154895
43 	308  	2        	2       	0.5	0.57814 	0.64603 	0.0524568            	0.57735	0.747891	1  	0.154895
44 	306  	2        	2       	0.5	0.57814 	0.64603 	0.0524568            	0.57735	0.747891	1  	0.154895
45 	315  	2        	2       	0.5	0.57814 	0.64603 	0.0524568            	0.57735	0.747891	1  	0.154895
46 	299  	2        	2       	0.5	0.57814 	0.64603 	0.0524568            	0.57735	0.747891	1  	0.154895
47 	318  	2        	2       	0.5	0.57814 	0.64603 	0.0524568            	0.57735	0.747891	1  	0.154895
48 	318  	2        	2       	0.5	0.57814 	0.64603 	0.0524568            	0.57735	0.747891	1  	0.154895
49 	316  	2        	2       	0.5	0.57814 	0.64603 	0.0524568            	0.57735	0.747891	1  	0.154895

ASSIGNING STRATA FOR MULTI-OUTCOME DATA SARC_MV
Assigning strata for outcome named survival of type survival
Counts:
censored 0: 24
censored 1: 76
deceased 0: 28
deceased 1: 28
VIEW: LOG_MIRNA
   	     	         	        	   survival SKSurv Cox model concordance index   	                 root leanness                  
   	     	         	        	-------------------------------------------------	------------------------------------------------
gen	evals	gen_feats	explored	min     	avg     	max    	std              	min     	avg     	max	std     
0  	0    	69       	69      	0.5     	0.798222	0.87442	0.0709942        	0.229416	0.386812	1  	0.139522
1  	361  	144      	147     	0.481625	0.768798	0.87442	0.0710595        	0.218218	0.388935	1  	0.127539
2  	380  	158      	166     	0.481625	0.776029	0.87442	0.0675212        	0.218218	0.390906	1  	0.132905
3  	383  	156      	171     	0.5     	0.779696	0.87442	0.0653286        	0.218218	0.388413	1  	0.13321 
4  	373  	148      	172     	0.5     	0.782597	0.87442	0.0641871        	0.218218	0.385686	1  	0.132774
5  	395  	158      	172     	0.5     	0.785181	0.87442	0.0633462        	0.213201	0.381861	1  	0.13313 
6  	366  	157      	172     	0.5     	0.785854	0.87442	0.0632486        	0.213201	0.381684	1  	0.133224
7  	382  	160      	172     	0.5     	0.788269	0.87442	0.0628097        	0.213201	0.377451	1  	0.133618
8  	372  	158      	172     	0.5     	0.789132	0.87442	0.0629726        	0.213201	0.376941	1  	0.133753
9  	366  	157      	172     	0.5     	0.79071 	0.87442	0.0622007        	0.213201	0.374573	1  	0.132887
10 	383  	156      	172     	0.5     	0.791856	0.87442	0.0619748        	0.208514	0.372868	1  	0.132723
11 	366  	162      	172     	0.5     	0.792737	0.87442	0.0623221        	0.208514	0.37156 	1  	0.133772
12 	378  	164      	172     	0.5     	0.793484	0.87442	0.0622072        	0.208514	0.370981	1  	0.13344 
13 	390  	158      	172     	0.5     	0.793526	0.87442	0.0625952        	0.208514	0.37153 	1  	0.133846
14 	372  	147      	172     	0.5     	0.794397	0.87442	0.0622436        	0.2     	0.370048	1  	0.133546
15 	365  	161      	172     	0.5     	0.794811	0.87442	0.0624069        	0.2     	0.369558	1  	0.1339  
16 	376  	158      	172     	0.5     	0.795812	0.87442	0.0620988        	0.2     	0.367884	1  	0.133492
17 	371  	157      	172     	0.5     	0.796774	0.87442	0.0619937        	0.2     	0.365732	1  	0.133813
18 	390  	155      	172     	0.5     	0.797444	0.87442	0.0621342        	0.196116	0.364561	1  	0.1344  
19 	357  	153      	172     	0.5     	0.797497	0.87442	0.0622064        	0.196116	0.364735	1  	0.13447 
20 	371  	162      	172     	0.5     	0.798751	0.87442	0.0619197        	0.196116	0.362522	1  	0.13406 
21 	384  	156      	172     	0.5     	0.799369	0.87442	0.0618531        	0.19245 	0.361608	1  	0.13388 
22 	358  	157      	172     	0.5     	0.799535	0.87442	0.0619599        	0.19245 	0.361988	1  	0.133486
23 	387  	165      	172     	0.5     	0.799677	0.87442	0.0620406        	0.19245 	0.362119	1  	0.133382
24 	363  	159      	172     	0.5     	0.800158	0.87442	0.062198         	0.2     	0.362066	1  	0.133195
25 	383  	162      	172     	0.5     	0.800543	0.87442	0.0622894        	0.2     	0.361854	1  	0.133271
26 	382  	159      	172     	0.5     	0.800424	0.87442	0.0622713        	0.204124	0.362945	1  	0.132634
27 	364  	156      	172     	0.5     	0.800552	0.87442	0.0623565        	0.204124	0.363012	1  	0.132579
28 	386  	160      	172     	0.5     	0.80072 	0.87442	0.0624695        	0.208514	0.363175	1  	0.132412
29 	366  	153      	172     	0.5     	0.800889	0.87442	0.0625349        	0.208514	0.363053	1  	0.132518
30 	377  	157      	172     	0.5     	0.801261	0.87442	0.0627013        	0.208514	0.362693	1  	0.132695
31 	360  	157      	172     	0.5     	0.80165 	0.87442	0.062824         	0.208514	0.362273	1  	0.132667
32 	370  	152      	172     	0.5     	0.802296	0.87442	0.0625201        	0.208514	0.361094	1  	0.13209 
33 	381  	156      	172     	0.5     	0.801489	0.87442	0.0630774        	0.208514	0.362982	1  	0.132563
34 	385  	159      	172     	0.5     	0.802438	0.87442	0.0631269        	0.208514	0.361356	1  	0.133291
35 	383  	159      	172     	0.5     	0.803866	0.87442	0.062539         	0.208514	0.358733	1  	0.132527
36 	378  	158      	172     	0.5     	0.80416 	0.87442	0.0627056        	0.204124	0.358448	1  	0.132777
37 	372  	153      	172     	0.5     	0.804285	0.87442	0.0627929        	0.204124	0.358437	1  	0.132788
38 	372  	154      	172     	0.5     	0.804784	0.87442	0.0627002        	0.204124	0.357626	1  	0.132625
39 	367  	160      	172     	0.5     	0.805576	0.87442	0.0626063        	0.2     	0.356057	1  	0.132602
40 	369  	151      	172     	0.5     	0.806111	0.87442	0.0624106        	0.2     	0.355182	1  	0.132392
41 	370  	155      	172     	0.5     	0.805892	0.87442	0.0634481        	0.2     	0.355546	1  	0.134023
42 	389  	158      	172     	0.5     	0.806919	0.87442	0.0626873        	0.2     	0.353683	1  	0.13313 
43 	370  	156      	172     	0.5     	0.807775	0.87442	0.0627519        	0.2     	0.351927	1  	0.133527
44 	378  	155      	172     	0.5     	0.80819 	0.87442	0.0625841        	0.2     	0.351139	1  	0.133279
45 	383  	157      	172     	0.5     	0.808512	0.87442	0.0631941        	0.196116	0.350516	1  	0.134446
46 	378  	159      	172     	0.5     	0.809068	0.87442	0.0625801        	0.196116	0.349682	1  	0.133215
47 	364  	154      	172     	0.5     	0.80961 	0.87442	0.0625939        	0.19245 	0.348712	1  	0.1335  
48 	355  	151      	172     	0.5     	0.809798	0.87442	0.0627197        	0.19245 	0.348645	1  	0.133575
49 	389  	157      	172     	0.5     	0.810036	0.87442	0.0628446        	0.19245 	0.348279	1  	0.133881

STARTING MASTER RUNNER RESAMPLING
Generations completed = 7
Generations completed = 17
Generations completed = 27
Generations completed = 37
Generations completed = 47
MASTER
   	     	         	        	       survival SKSurv Cox model concordance index       	                     root leanness                      
   	     	         	        	---------------------------------------------------------	--------------------------------------------------------
gen	evals	gen_feats	explored	min     	avg     	max     	std             	min     	avg     	max     	std     
0  	500  	111      	111     	0.586271	0.788179	0.868398	0.05405         	0.188982	0.328179	0.707107	0.111944
1  	396  	112      	121     	0.586271	0.790062	0.868398	0.0569544       	0.188982	0.343866	0.707107	0.118199
2  	407  	108      	122     	0.586271	0.792347	0.868398	0.0567726       	0.188982	0.34837 	0.707107	0.120609
3  	406  	109      	127     	0.5     	0.794087	0.868398	0.0572581       	0.188982	0.350149	1       	0.124458
4  	402  	107      	130     	0.5     	0.795377	0.868398	0.0581423       	0.188982	0.350595	1       	0.126499
5  	410  	110      	130     	0.5     	0.796766	0.868398	0.0586647       	0.188982	0.348966	1       	0.129029
6  	405  	99       	130     	0.5     	0.79734 	0.868398	0.0586658       	0.188982	0.348925	1       	0.129047
7  	403  	111      	130     	0.5     	0.796557	0.868398	0.059409        	0.188982	0.351101	1       	0.130064
8  	401  	109      	130     	0.5     	0.796644	0.868398	0.0596383       	0.188982	0.351528	1       	0.130264
9  	405  	114      	130     	0.5     	0.796823	0.868398	0.0602074       	0.188982	0.351607	1       	0.131773
10 	408  	110      	130     	0.5     	0.79646 	0.868398	0.0612065       	0.188982	0.352742	1       	0.13373 
11 	406  	119      	130     	0.5     	0.796455	0.868398	0.0611454       	0.188982	0.352909	1       	0.133834
12 	399  	104      	130     	0.5     	0.796842	0.868398	0.061196        	0.188982	0.352186	1       	0.134126
13 	420  	108      	130     	0.5     	0.797114	0.868398	0.0610134       	0.188982	0.351644	1       	0.133869
14 	407  	105      	130     	0.5     	0.797555	0.868398	0.0609702       	0.188982	0.350784	1       	0.133867
15 	413  	109      	130     	0.5     	0.79773 	0.868398	0.0609558       	0.188982	0.350446	1       	0.133943
16 	413  	109      	130     	0.5     	0.79835 	0.868398	0.0602002       	0.19245 	0.349669	1       	0.132832
17 	412  	118      	130     	0.5     	0.798107	0.868398	0.0603221       	0.19245 	0.350176	1       	0.13301 
18 	390  	106      	130     	0.5     	0.798334	0.868398	0.0602809       	0.19245 	0.349786	1       	0.133125
19 	394  	104      	130     	0.5     	0.798295	0.868398	0.0602639       	0.19245 	0.349889	1       	0.133067
20 	398  	106      	130     	0.5     	0.79833 	0.868398	0.0601803       	0.19245 	0.349749	1       	0.132886
21 	406  	112      	130     	0.5     	0.797739	0.868398	0.0611856       	0.19245 	0.350854	1       	0.13422 
22 	416  	106      	130     	0.5     	0.798292	0.868398	0.0602104       	0.19245 	0.349858	1       	0.132912
23 	418  	109      	130     	0.5     	0.798033	0.868398	0.0605054       	0.19245 	0.35044 	1       	0.133437
24 	396  	103      	130     	0.5     	0.798035	0.868398	0.0605028       	0.19245 	0.35044 	1       	0.133437
25 	417  	109      	130     	0.5     	0.798025	0.868398	0.0610013       	0.19245 	0.350303	1       	0.133854
26 	401  	108      	130     	0.5     	0.798129	0.868398	0.0603936       	0.19245 	0.350257	1       	0.133294
27 	408  	106      	130     	0.5     	0.798217	0.868398	0.0602507       	0.19245 	0.350102	1       	0.133075
28 	424  	108      	130     	0.5     	0.798469	0.868398	0.060195        	0.19245 	0.349538	1       	0.133036
29 	417  	113      	130     	0.5     	0.798519	0.868398	0.0601718       	0.19245 	0.349429	1       	0.13301 
30 	398  	107      	130     	0.5     	0.798583	0.868398	0.0601726       	0.19245 	0.349325	1       	0.133027
31 	409  	112      	130     	0.5     	0.798469	0.868398	0.060195        	0.19245 	0.349538	1       	0.133036
32 	401  	108      	130     	0.5     	0.798504	0.868398	0.0601767       	0.19245 	0.349429	1       	0.13301 
33 	402  	109      	130     	0.5     	0.798583	0.868398	0.0601726       	0.19245 	0.349325	1       	0.133027
34 	413  	105      	130     	0.5     	0.798583	0.868398	0.0601726       	0.19245 	0.349325	1       	0.133027
35 	412  	105      	130     	0.5     	0.798462	0.868398	0.0601997       	0.19245 	0.349538	1       	0.133036
36 	410  	109      	130     	0.5     	0.798582	0.868398	0.0601723       	0.19245 	0.349325	1       	0.133027
37 	417  	107      	130     	0.5     	0.798306	0.868398	0.0604137       	0.19245 	0.349877	1       	0.133399
38 	406  	105      	130     	0.5     	0.798433	0.868398	0.0602242       	0.19245 	0.349616	1       	0.133082
39 	416  	106      	130     	0.5     	0.798525	0.868398	0.0601704       	0.19245 	0.349429	1       	0.13301 
40 	405  	112      	130     	0.5     	0.79809 	0.868398	0.0610374       	0.19245 	0.350136	1       	0.133966
41 	410  	112      	130     	0.5     	0.798524	0.868398	0.0601706       	0.19245 	0.349429	1       	0.13301 
42 	401  	115      	130     	0.5     	0.798583	0.868398	0.0601726       	0.19245 	0.349325	1       	0.133027
43 	413  	110      	130     	0.5     	0.798583	0.868398	0.0601726       	0.19245 	0.349325	1       	0.133027
44 	412  	104      	130     	0.5     	0.798469	0.868398	0.060195        	0.19245 	0.349538	1       	0.133036
45 	412  	110      	130     	0.5     	0.798584	0.868398	0.0601728       	0.19245 	0.349325	1       	0.133027
46 	414  	110      	130     	0.5     	0.798584	0.868398	0.0601728       	0.19245 	0.349325	1       	0.133027
47 	399  	108      	130     	0.5     	0.798494	0.868398	0.0601807       	0.19245 	0.349478	1       	0.133016
48 	392  	106      	130     	0.5     	0.798494	0.868398	0.0601807       	0.19245 	0.349478	1       	0.133016
49 	412  	113      	130     	0.5     	0.798394	0.868398	0.0602679       	0.19245 	0.349722	1       	0.13318 

CURRENT HALLS OF FAME

PARETO FRONT
Number of solutions = 18
(0.8683980057510761, 0.22941573387056177) 18 features: [0_age_at_initial_pathologic_diagnosis, 1_hsa.let.7d.3p, 1_hsa.miR.1307.3p, 1_hsa.miR.1468.5p, 1_hsa.miR.150.5p, 1_hsa.miR.193a.3p, 1_hsa.miR.195.5p, 1_hsa.miR.29c.3p, 1_hsa.miR.301a.3p, 1_hsa.miR.3065.5p, 1_hsa.miR.345.5p, 1_hsa.miR.3605.3p, 1_hsa.miR.3648, 1_hsa.miR.3677.3p, 1_hsa.miR.3678.5p, 1_hsa.miR.374b.3p, 1_hsa.miR.4449, 1_hsa.miR.93.5p]
(0.858013662779033, 0.23570226039551584) 17 features: [0_age_at_initial_pathologic_diagnosis, 1_hsa.let.7d.3p, 1_hsa.miR.1307.3p, 1_hsa.miR.1468.5p, 1_hsa.miR.150.5p, 1_hsa.miR.18a.5p, 1_hsa.miR.195.5p, 1_hsa.miR.301a.3p, 1_hsa.miR.3065.5p, 1_hsa.miR.335.3p, 1_hsa.miR.3605.3p, 1_hsa.miR.3648, 1_hsa.miR.3677.3p, 1_hsa.miR.3678.5p, 1_hsa.miR.374b.3p, 1_hsa.miR.486.3p, 1_hsa.miR.491.3p]
(0.8548807360487861, 0.24253562503633297) 16 features: [1_hsa.let.7d.3p, 1_hsa.miR.1307.3p, 1_hsa.miR.1468.5p, 1_hsa.miR.150.5p, 1_hsa.miR.18a.5p, 1_hsa.miR.195.5p, 1_hsa.miR.301a.3p, 1_hsa.miR.3065.5p, 1_hsa.miR.335.3p, 1_hsa.miR.3605.3p, 1_hsa.miR.3648, 1_hsa.miR.3677.3p, 1_hsa.miR.3678.5p, 1_hsa.miR.374b.3p, 1_hsa.miR.486.3p, 1_hsa.miR.491.3p]
(0.8518081408102341, 0.2581988897471611) 14 features: [1_hsa.let.7d.3p, 1_hsa.miR.1307.3p, 1_hsa.miR.1468.5p, 1_hsa.miR.150.5p, 1_hsa.miR.193a.3p, 1_hsa.miR.195.5p, 1_hsa.miR.301a.3p, 1_hsa.miR.3605.3p, 1_hsa.miR.3648, 1_hsa.miR.3677.3p, 1_hsa.miR.3678.5p, 1_hsa.miR.374b.3p, 1_hsa.miR.4662a.5p, 1_hsa.miR.486.3p]
(0.8502528154628662, 0.2672612419124244) 13 features: [1_hsa.let.7d.3p, 1_hsa.miR.1307.3p, 1_hsa.miR.1468.5p, 1_hsa.miR.150.5p, 1_hsa.miR.195.5p, 1_hsa.miR.301a.3p, 1_hsa.miR.3605.3p, 1_hsa.miR.3648, 1_hsa.miR.3677.3p, 1_hsa.miR.3678.5p, 1_hsa.miR.374b.3p, 1_hsa.miR.4662a.5p, 1_hsa.miR.629.5p]
(0.8481241216920795, 0.2773500981126146) 12 features: [1_hsa.miR.1271.5p, 1_hsa.miR.1307.3p, 1_hsa.miR.1468.5p, 1_hsa.miR.150.5p, 1_hsa.miR.195.5p, 1_hsa.miR.301a.3p, 1_hsa.miR.3170, 1_hsa.miR.3605.3p, 1_hsa.miR.3648, 1_hsa.miR.3678.5p, 1_hsa.miR.374b.3p, 1_hsa.miR.512.3p]
(0.846504261954736, 0.28867513459481287) 11 features: [1_hsa.let.7d.3p, 1_hsa.miR.1307.3p, 1_hsa.miR.1468.5p, 1_hsa.miR.150.5p, 1_hsa.miR.195.5p, 1_hsa.miR.301a.3p, 1_hsa.miR.3605.3p, 1_hsa.miR.3648, 1_hsa.miR.3677.3p, 1_hsa.miR.3678.5p, 1_hsa.miR.374b.3p]
(0.8321188879975776, 0.30151134457776363) 10 features: [1_hsa.miR.1307.3p, 1_hsa.miR.150.5p, 1_hsa.miR.195.5p, 1_hsa.miR.301a.3p, 1_hsa.miR.3605.3p, 1_hsa.miR.3648, 1_hsa.miR.3677.3p, 1_hsa.miR.3678.5p, 1_hsa.miR.374b.3p, 1_hsa.miR.512.3p]
(0.8246425357430526, 0.31622776601683794) 9 features: [1_hsa.miR.1307.3p, 1_hsa.miR.1468.5p, 1_hsa.miR.150.5p, 1_hsa.miR.3605.3p, 1_hsa.miR.3648, 1_hsa.miR.3677.3p, 1_hsa.miR.3678.5p, 1_hsa.miR.374b.3p, 1_hsa.miR.512.3p]
(0.8111325755757344, 0.3333333333333333) 8 features: [1_hsa.let.7d.3p, 1_hsa.miR.1307.3p, 1_hsa.miR.150.5p, 1_hsa.miR.3605.3p, 1_hsa.miR.3648, 1_hsa.miR.3677.3p, 1_hsa.miR.3678.5p, 1_hsa.miR.374b.3p]
(0.8071039795145746, 0.3535533905932738) 7 features: [1_hsa.let.7d.3p, 1_hsa.miR.150.5p, 1_hsa.miR.3605.3p, 1_hsa.miR.3648, 1_hsa.miR.3677.3p, 1_hsa.miR.3678.5p, 1_hsa.miR.374b.3p]
(0.8000637808366241, 0.3779644730092272) 6 features: [0_race_WHITE, 1_hsa.miR.150.5p, 1_hsa.miR.3648, 1_hsa.miR.3678.5p, 1_hsa.miR.374b.3p, 1_hsa.miR.7974]
(0.7857139426205485, 0.408248290463863) 5 features: [0_race_WHITE, 1_hsa.miR.150.5p, 1_hsa.miR.3648, 1_hsa.miR.3678.5p, 1_hsa.miR.374b.3p]
(0.770183875922779, 0.4472135954999579) 4 features: [1_hsa.miR.150.5p, 1_hsa.miR.3605.3p, 1_hsa.miR.3678.5p, 1_hsa.miR.526b.3p]
(0.7433539191695905, 0.5) [1_hsa.miR.301a.3p, 1_hsa.miR.3170, 1_hsa.miR.3678.5p]
(0.7112224312472629, 0.5773502691896257) [1_hsa.miR.3605.3p, 1_hsa.miR.3678.5p]
(0.6744232115777313, 0.7071067811865476) [1_hsa.miR.3648]
(0.5, 1.0) []
Features in hall of fame by prevalence:
30 features: [1_hsa.miR.3678.5p, 1_hsa.miR.150.5p, 1_hsa.miR.3648, 1_hsa.miR.3605.3p, 1_hsa.miR.374b.3p, 1_hsa.miR.1307.3p, 1_hsa.miR.3677.3p, 1_hsa.miR.301a.3p, 1_hsa.let.7d.3p, 1_hsa.miR.1468.5p, 1_hsa.miR.195.5p, 1_hsa.miR.3065.5p, 1_hsa.miR.486.3p, 1_hsa.miR.512.3p, 0_age_at_initial_pathologic_diagnosis, 0_race_WHITE, 1_hsa.miR.18a.5p, 1_hsa.miR.193a.3p, 1_hsa.miR.3170, 1_hsa.miR.335.3p, 1_hsa.miR.4662a.5p, 1_hsa.miR.491.3p, 1_hsa.miR.1271.5p, 1_hsa.miR.29c.3p, 1_hsa.miR.345.5p, 1_hsa.miR.4449, 1_hsa.miR.629.5p, 1_hsa.miR.7974, 1_hsa.miR.93.5p, 1_hsa.miR.526b.3p]

LAST POPULATION
Number of solutions = 500
Features in hall of fame by prevalence:
97 features: [1_hsa.miR.3678.5p, 1_hsa.miR.3648, 1_hsa.miR.3605.3p, 1_hsa.miR.374b.3p, 1_hsa.miR.150.5p, 1_hsa.miR.1307.3p, 1_hsa.miR.3677.3p, 1_hsa.miR.301a.3p, 1_hsa.miR.1468.5p, 1_hsa.miR.195.5p, 1_hsa.let.7d.3p, 0_race_WHITE, 0_age_at_initial_pathologic_diagnosis, 1_hsa.miR.486.3p, 1_hsa.miR.335.3p, 1_hsa.miR.29c.3p, 1_hsa.miR.3065.5p, 1_hsa.miR.4661.5p, 1_hsa.miR.193a.3p, 1_hsa.miR.877.5p, 1_hsa.miR.345.5p, 1_hsa.miR.4662a.5p, 1_hsa.miR.512.3p, 1_hsa.miR.3170, 1_hsa.miR.93.3p, 1_hsa.miR.4449, 1_hsa.miR.1271.5p, 1_hsa.miR.188.5p, 1_hsa.miR.155.3p, 1_hsa.miR.3065.3p, 1_hsa.miR.1306.3p, 1_hsa.miR.18a.5p, 1_hsa.miR.3607.5p, 1_hsa.miR.491.3p, 1_hsa.miR.7974, 1_hsa.miR.1226.3p, 1_hsa.miR.3200.3p, 1_hsa.miR.1306.5p, 1_hsa.miR.148b.5p, 1_hsa.miR.30d.3p, 1_hsa.miR.138.1.3p, 1_hsa.miR.33a.3p, 1_hsa.miR.574.3p, 1_hsa.miR.767.5p, 1_hsa.miR.526b.3p, 1_hsa.miR.1197, 1_hsa.miR.16.2.3p, 1_hsa.miR.518f.3p, 1_hsa.miR.128.1.5p, 1_hsa.miR.181b.3p, 1_hsa.miR.21.3p, 1_hsa.miR.33a.5p, 1_hsa.miR.374b.5p, 1_hsa.miR.589.3p, 1_hsa.miR.629.5p, 1_hsa.miR.766.3p, 1_hsa.miR.93.5p, 1_hsa.miR.518a.5p, 1_hsa.miR.25.3p, 1_hsa.miR.3127.5p, 1_hsa.miR.3615, 1_hsa.miR.548v, 1_hsa.miR.590.5p, 1_hsa.miR.671.5p, 1_hsa.miR.7.1.3p, 1_hsa.miR.373.3p, 1_hsa.miR.520c.3p, 1_hsa.miR.1262, 1_hsa.miR.138.5p, 1_hsa.miR.15b.3p, 1_hsa.miR.15b.5p, 1_hsa.miR.19b.3p, 1_hsa.miR.20a.5p, 1_hsa.miR.210.3p, 1_hsa.miR.301b, 1_hsa.miR.3074.5p, 1_hsa.miR.4326, 1_hsa.miR.454.3p, 1_hsa.miR.500a.5p, 1_hsa.miR.532.5p, 1_hsa.miR.103a.2.5p, 1_hsa.miR.151a.5p, 1_hsa.miR.17.5p, 1_hsa.miR.186.5p, 1_hsa.miR.19a.3p, 1_hsa.miR.20a.3p, 1_hsa.miR.301a.5p, 1_hsa.miR.324.5p, 1_hsa.miR.455.3p, 1_hsa.miR.501.3p, 1_hsa.miR.505.3p, 1_hsa.miR.532.3p, 1_hsa.miR.625.3p, 1_hsa.miR.744.3p, 1_hsa.miR.760, 1_hsa.miR.92a.1.5p, 1_hsa.miR.92a.3p]

BEST SUMS WITH SIZE 50
Number of solutions = 50
Features in hall of fame by prevalence:
37 features: [1_hsa.miR.3648, 1_hsa.miR.3170, 0_race_WHITE, 1_hsa.miR.301a.3p, 1_hsa.miR.3678.5p, 1_hsa.miR.1468.5p, 1_hsa.miR.148b.5p, 1_hsa.miR.151a.5p, 1_hsa.miR.3605.3p, 1_hsa.miR.361.5p, 1_hsa.miR.3677.3p, 1_hsa.miR.590.5p, 1_hsa.miR.744.3p, 0_age_at_initial_pathologic_diagnosis, 1_hsa.miR.103a.2.5p, 1_hsa.miR.1226.3p, 1_hsa.miR.1306.3p, 1_hsa.miR.1306.5p, 1_hsa.miR.15b.3p, 1_hsa.miR.17.5p, 1_hsa.miR.186.5p, 1_hsa.miR.19a.3p, 1_hsa.miR.19b.3p, 1_hsa.miR.20a.3p, 1_hsa.miR.29c.3p, 1_hsa.miR.301a.5p, 1_hsa.miR.301b, 1_hsa.miR.3200.3p, 1_hsa.miR.33a.5p, 1_hsa.miR.3687, 1_hsa.miR.454.3p, 1_hsa.miR.455.3p, 1_hsa.miR.505.3p, 1_hsa.miR.589.3p, 1_hsa.miR.629.5p, 1_hsa.miR.92a.3p, 1_hsa.miR.937.3p]

BEST SUMS WITH SIZE 100
Number of solutions = 100
Features in hall of fame by prevalence:
43 features: [0_race_WHITE, 1_hsa.miR.3648, 1_hsa.miR.3678.5p, 0_age_at_initial_pathologic_diagnosis, 1_hsa.miR.148b.5p, 1_hsa.miR.3170, 1_hsa.miR.301a.3p, 1_hsa.miR.1306.3p, 1_hsa.miR.33a.5p, 1_hsa.miR.3605.3p, 1_hsa.miR.3677.3p, 1_hsa.miR.744.3p, 1_hsa.miR.1468.5p, 1_hsa.miR.151a.5p, 1_hsa.miR.15b.3p, 1_hsa.miR.3200.3p, 1_hsa.miR.589.3p, 1_hsa.miR.590.5p, 1_hsa.miR.103a.2.5p, 1_hsa.miR.150.5p, 1_hsa.miR.186.5p, 1_hsa.miR.19b.3p, 1_hsa.miR.20a.3p, 1_hsa.miR.301a.5p, 1_hsa.miR.301b, 1_hsa.miR.361.5p, 1_hsa.miR.3687, 1_hsa.miR.629.5p, 1_hsa.miR.92a.3p, 1_hsa.miR.1226.3p, 1_hsa.miR.1269a, 1_hsa.miR.1306.5p, 1_hsa.miR.16.2.3p, 1_hsa.miR.17.5p, 1_hsa.miR.195.5p, 1_hsa.miR.19a.3p, 1_hsa.miR.210.3p, 1_hsa.miR.29c.3p, 1_hsa.miR.374b.3p, 1_hsa.miR.454.3p, 1_hsa.miR.455.3p, 1_hsa.miR.505.3p, 1_hsa.miR.937.3p]

STARTING SWEEP NUMBER 3
folds_creator_seed = 1092657578

ASSIGNING STRATA FOR MULTI-OUTCOME DATA SARC_MV
Assigning strata for outcome named survival of type survival
Counts:
censored 0: 24
censored 1: 76
deceased 0: 28
deceased 1: 28
ga_runner_seed = 1016529792
VIEW: CLINIC
   	     	         	        	   survival SKSurv Cox model concordance index   	             root leanness              
   	     	         	        	-------------------------------------------------	----------------------------------------
gen	evals	gen_feats	explored	min	avg     	max     	std                  	min    	avg     	max	std     
0  	0    	2        	2       	0.5	0.550036	0.64603 	0.0515138            	0.57735	0.830493	1  	0.164157
1  	271  	2        	2       	0.5	0.578677	0.650136	0.0531696            	0.57735	0.747891	1  	0.154895
2  	300  	2        	2       	0.5	0.578677	0.650136	0.0531696            	0.57735	0.747891	1  	0.154895
3  	309  	2        	2       	0.5	0.578677	0.650136	0.0531696            	0.57735	0.747891	1  	0.154895
4  	323  	2        	2       	0.5	0.578677	0.650136	0.0531696            	0.57735	0.747891	1  	0.154895
5  	299  	2        	2       	0.5	0.578677	0.650136	0.0531696            	0.57735	0.747891	1  	0.154895
6  	300  	2        	2       	0.5	0.578677	0.650136	0.0531696            	0.57735	0.747891	1  	0.154895
7  	322  	2        	2       	0.5	0.578677	0.650136	0.0531696            	0.57735	0.747891	1  	0.154895
8  	317  	2        	2       	0.5	0.578677	0.650136	0.0531696            	0.57735	0.747891	1  	0.154895
9  	315  	2        	2       	0.5	0.578677	0.650136	0.0531696            	0.57735	0.747891	1  	0.154895
10 	293  	2        	2       	0.5	0.578677	0.650136	0.0531696            	0.57735	0.747891	1  	0.154895
11 	296  	2        	2       	0.5	0.578677	0.650136	0.0531696            	0.57735	0.747891	1  	0.154895
12 	297  	2        	2       	0.5	0.578677	0.650136	0.0531696            	0.57735	0.747891	1  	0.154895
13 	299  	2        	2       	0.5	0.578677	0.650136	0.0531696            	0.57735	0.747891	1  	0.154895
14 	287  	2        	2       	0.5	0.578677	0.650136	0.0531696            	0.57735	0.747891	1  	0.154895
15 	320  	2        	2       	0.5	0.578677	0.650136	0.0531696            	0.57735	0.747891	1  	0.154895
16 	315  	2        	2       	0.5	0.578677	0.650136	0.0531696            	0.57735	0.747891	1  	0.154895
17 	302  	2        	2       	0.5	0.578677	0.650136	0.0531696            	0.57735	0.747891	1  	0.154895
18 	306  	2        	2       	0.5	0.578677	0.650136	0.0531696            	0.57735	0.747891	1  	0.154895
19 	311  	2        	2       	0.5	0.578677	0.650136	0.0531696            	0.57735	0.747891	1  	0.154895
20 	317  	2        	2       	0.5	0.578677	0.650136	0.0531696            	0.57735	0.747891	1  	0.154895
21 	302  	2        	2       	0.5	0.578677	0.650136	0.0531696            	0.57735	0.747891	1  	0.154895
22 	309  	2        	2       	0.5	0.578677	0.650136	0.0531696            	0.57735	0.747891	1  	0.154895
23 	312  	2        	2       	0.5	0.578677	0.650136	0.0531696            	0.57735	0.747891	1  	0.154895
24 	300  	2        	2       	0.5	0.578677	0.650136	0.0531696            	0.57735	0.747891	1  	0.154895
25 	313  	2        	2       	0.5	0.578677	0.650136	0.0531696            	0.57735	0.747891	1  	0.154895
26 	303  	2        	2       	0.5	0.578677	0.650136	0.0531696            	0.57735	0.747891	1  	0.154895
27 	320  	2        	2       	0.5	0.578677	0.650136	0.0531696            	0.57735	0.747891	1  	0.154895
28 	317  	2        	2       	0.5	0.578677	0.650136	0.0531696            	0.57735	0.747891	1  	0.154895
29 	305  	2        	2       	0.5	0.578677	0.650136	0.0531696            	0.57735	0.747891	1  	0.154895
30 	291  	2        	2       	0.5	0.578677	0.650136	0.0531696            	0.57735	0.747891	1  	0.154895
31 	293  	2        	2       	0.5	0.578677	0.650136	0.0531696            	0.57735	0.747891	1  	0.154895
32 	326  	2        	2       	0.5	0.578677	0.650136	0.0531696            	0.57735	0.747891	1  	0.154895
33 	310  	2        	2       	0.5	0.578677	0.650136	0.0531696            	0.57735	0.747891	1  	0.154895
34 	293  	2        	2       	0.5	0.578677	0.650136	0.0531696            	0.57735	0.747891	1  	0.154895
35 	303  	2        	2       	0.5	0.578677	0.650136	0.0531696            	0.57735	0.747891	1  	0.154895
36 	308  	2        	2       	0.5	0.578677	0.650136	0.0531696            	0.57735	0.747891	1  	0.154895
37 	297  	2        	2       	0.5	0.578677	0.650136	0.0531696            	0.57735	0.747891	1  	0.154895
38 	289  	2        	2       	0.5	0.578677	0.650136	0.0531696            	0.57735	0.747891	1  	0.154895
39 	306  	2        	2       	0.5	0.578677	0.650136	0.0531696            	0.57735	0.747891	1  	0.154895
40 	315  	2        	2       	0.5	0.578677	0.650136	0.0531696            	0.57735	0.747891	1  	0.154895
41 	308  	2        	2       	0.5	0.578677	0.650136	0.0531696            	0.57735	0.747891	1  	0.154895
42 	305  	2        	2       	0.5	0.578677	0.650136	0.0531696            	0.57735	0.747891	1  	0.154895
43 	308  	2        	2       	0.5	0.578677	0.650136	0.0531696            	0.57735	0.747891	1  	0.154895
44 	282  	2        	2       	0.5	0.578677	0.650136	0.0531696            	0.57735	0.747891	1  	0.154895
45 	292  	2        	2       	0.5	0.578677	0.650136	0.0531696            	0.57735	0.747891	1  	0.154895
46 	286  	2        	2       	0.5	0.578677	0.650136	0.0531696            	0.57735	0.747891	1  	0.154895
47 	288  	2        	2       	0.5	0.578677	0.650136	0.0531696            	0.57735	0.747891	1  	0.154895
48 	304  	2        	2       	0.5	0.578677	0.650136	0.0531696            	0.57735	0.747891	1  	0.154895
49 	301  	2        	2       	0.5	0.578677	0.650136	0.0531696            	0.57735	0.747891	1  	0.154895

ASSIGNING STRATA FOR MULTI-OUTCOME DATA SARC_MV
Assigning strata for outcome named survival of type survival
Counts:
censored 0: 24
censored 1: 76
deceased 0: 28
deceased 1: 28
VIEW: LOG_MIRNA
   	     	         	        	   survival SKSurv Cox model concordance index   	                 root leanness                  
   	     	         	        	-------------------------------------------------	------------------------------------------------
gen	evals	gen_feats	explored	min	avg     	max     	std                  	min     	avg     	max	std     
0  	0    	95       	95      	0.5	0.806692	0.87442 	0.0659323            	0.19245 	0.362157	1  	0.138076
1  	363  	154      	158     	0.5	0.781674	0.87442 	0.067849             	0.188982	0.368953	1  	0.135511
2  	386  	165      	172     	0.5	0.789382	0.87442 	0.065197             	0.188982	0.364944	1  	0.135763
3  	386  	160      	172     	0.5	0.79382 	0.87442 	0.0636536            	0.188982	0.359634	1  	0.134487
4  	368  	158      	172     	0.5	0.796376	0.87442 	0.0631062            	0.188982	0.356781	1  	0.134655
5  	359  	156      	172     	0.5	0.797824	0.87442 	0.0627883            	0.188982	0.355844	1  	0.134298
6  	375  	157      	172     	0.5	0.798815	0.87442 	0.0628195            	0.188982	0.356147	1  	0.133963
7  	387  	157      	172     	0.5	0.799294	0.87442 	0.0630148            	0.188982	0.356636	1  	0.133807
8  	365  	154      	172     	0.5	0.799772	0.87442 	0.0632858            	0.188982	0.356439	1  	0.134036
9  	390  	158      	172     	0.5	0.801594	0.87442 	0.062586             	0.182574	0.353728	1  	0.133262
10 	384  	163      	172     	0.5	0.802041	0.87442 	0.0627065            	0.182574	0.353687	1  	0.133304
11 	376  	158      	172     	0.5	0.802247	0.87442 	0.0627321            	0.182574	0.353857	1  	0.133156
12 	372  	162      	172     	0.5	0.80266 	0.87442 	0.0628446            	0.182574	0.353735	1  	0.13312 
13 	387  	160      	172     	0.5	0.803229	0.87442 	0.0628543            	0.182574	0.353049	1  	0.133251
14 	370  	157      	172     	0.5	0.803256	0.87442 	0.0629993            	0.182574	0.353328	1  	0.133308
15 	364  	160      	172     	0.5	0.804538	0.87442 	0.0625901            	0.182574	0.351123	1  	0.132902
16 	353  	157      	172     	0.5	0.804017	0.87442 	0.0631896            	0.182574	0.352444	1  	0.133678
17 	377  	155      	172     	0.5	0.803904	0.87442 	0.0633212            	0.182574	0.352889	1  	0.133709
18 	366  	159      	172     	0.5	0.804002	0.87442 	0.0632404            	0.182574	0.352977	1  	0.13356 
19 	387  	163      	172     	0.5	0.80442 	0.87442 	0.0633149            	0.188982	0.352752	1  	0.133588
20 	384  	156      	172     	0.5	0.804715	0.87442 	0.0633645            	0.188982	0.352491	1  	0.133682
21 	376  	160      	172     	0.5	0.804873	0.87442 	0.0633861            	0.188982	0.352552	1  	0.133707
22 	371  	160      	172     	0.5	0.804997	0.87442 	0.063419             	0.188982	0.352672	1  	0.13366 
23 	371  	156      	172     	0.5	0.806716	0.87442 	0.0627565            	0.188982	0.349406	1  	0.132825
24 	374  	157      	172     	0.5	0.806602	0.87442 	0.0627684            	0.19245 	0.349928	1  	0.13251 
25 	375  	164      	172     	0.5	0.807034	0.87442 	0.0629709            	0.19245 	0.3492  	1  	0.13296 
26 	398  	161      	172     	0.5	0.807286	0.87442 	0.0630858            	0.19245 	0.348948	1  	0.133151
27 	371  	158      	172     	0.5	0.807273	0.87442 	0.0630893            	0.19245 	0.349173	1  	0.133027
28 	363  	157      	172     	0.5	0.80847 	0.87442 	0.0628501            	0.19245 	0.3468  	1  	0.132961
29 	368  	157      	172     	0.5	0.808236	0.87442 	0.0635277            	0.19245 	0.347279	1  	0.134042
30 	369  	157      	172     	0.5	0.808794	0.87442 	0.0633988            	0.19245 	0.346219	1  	0.133762
31 	371  	153      	172     	0.5	0.808957	0.87442 	0.062824             	0.19245 	0.346087	1  	0.132796
32 	378  	161      	172     	0.5	0.810006	0.874732	0.0629267            	0.19245 	0.344289	1  	0.133088
33 	389  	160      	172     	0.5	0.810061	0.874732	0.0629632            	0.19245 	0.344426	1  	0.132959
34 	374  	160      	172     	0.5	0.81019 	0.874732	0.0630463            	0.19245 	0.344563	1  	0.132837
35 	366  	160      	172     	0.5	0.810544	0.874732	0.0632906            	0.19245 	0.344051	1  	0.133226
36 	378  	163      	172     	0.5	0.810742	0.874732	0.063366             	0.19245 	0.343763	1  	0.133424
37 	392  	162      	172     	0.5	0.811455	0.874732	0.063355             	0.19245 	0.342628	1  	0.133313
38 	379  	161      	172     	0.5	0.812076	0.874732	0.0634116            	0.19245 	0.341744	1  	0.133548
39 	382  	160      	172     	0.5	0.813209	0.874732	0.0629227            	0.19245 	0.3396  	1  	0.132793
40 	357  	162      	172     	0.5	0.813298	0.874732	0.0629855            	0.19245 	0.339616	1  	0.132781
41 	398  	165      	172     	0.5	0.813372	0.874732	0.0630411            	0.19245 	0.339384	1  	0.132995
42 	384  	159      	172     	0.5	0.81464 	0.876319	0.0631763            	0.19245 	0.336832	1  	0.133603
43 	370  	158      	172     	0.5	0.814753	0.876319	0.0632609            	0.19245 	0.336854	1  	0.133589
44 	382  	161      	172     	0.5	0.81605 	0.876483	0.0627365            	0.19245 	0.334535	1  	0.132659
45 	366  	161      	172     	0.5	0.816161	0.876483	0.062802             	0.19245 	0.334534	1  	0.13266 
46 	372  	164      	172     	0.5	0.815983	0.876483	0.0631646            	0.19245 	0.335302	1  	0.132955
47 	388  	164      	172     	0.5	0.816418	0.876483	0.0629822            	0.19245 	0.33463 	1  	0.132577
48 	385  	163      	172     	0.5	0.816537	0.877007	0.0630769            	0.19245 	0.334665	1  	0.132549
49 	390  	161      	172     	0.5	0.816634	0.877007	0.0631517            	0.19245 	0.334783	1  	0.132448

STARTING MASTER RUNNER RESAMPLING
Generations completed = 8
Generations completed = 19
Generations completed = 30
Generations completed = 41
MASTER
   	     	         	        	   survival SKSurv Cox model concordance index   	                 root leanness                  
   	     	         	        	-------------------------------------------------	------------------------------------------------
gen	evals	gen_feats	explored	min	avg     	max     	std                  	min     	avg     	max	std     
0  	500  	125      	125     	0.5	0.795799	0.874455	0.0525463            	0.188982	0.311956	1  	0.111977
1  	387  	124      	132     	0.5	0.796966	0.874455	0.0557115            	0.2     	0.330575	1  	0.114698
2  	413  	117      	136     	0.5	0.798742	0.874455	0.0560592            	0.2     	0.33479 	1  	0.118802
3  	399  	115      	139     	0.5	0.80016 	0.874455	0.056166             	0.2     	0.336827	1  	0.120798
4  	411  	122      	140     	0.5	0.800032	0.874455	0.057325             	0.2     	0.339927	1  	0.123651
5  	407  	117      	141     	0.5	0.799813	0.874919	0.0587198            	0.2     	0.342219	1  	0.126817
6  	397  	115      	141     	0.5	0.800897	0.874919	0.0589138            	0.2     	0.342011	1  	0.128358
7  	404  	113      	141     	0.5	0.799946	0.874919	0.059996             	0.2     	0.344358	1  	0.129794
8  	412  	116      	141     	0.5	0.799963	0.874919	0.0598789            	0.2     	0.345193	1  	0.129504
9  	403  	116      	141     	0.5	0.801092	0.874919	0.0597119            	0.2     	0.342988	1  	0.129657
10 	431  	120      	141     	0.5	0.800964	0.874919	0.0600093            	0.2     	0.343555	1  	0.130481
11 	410  	122      	141     	0.5	0.800889	0.874919	0.0602044            	0.2     	0.344314	1  	0.131389
12 	415  	114      	141     	0.5	0.800486	0.874919	0.060253             	0.2     	0.34542 	1  	0.131327
13 	412  	118      	141     	0.5	0.800708	0.874919	0.0603166            	0.2     	0.345117	1  	0.131599
14 	419  	117      	141     	0.5	0.80083 	0.874919	0.0601369            	0.2     	0.344856	1  	0.131267
15 	399  	113      	141     	0.5	0.801034	0.874919	0.060113             	0.2     	0.344447	1  	0.131267
16 	405  	113      	141     	0.5	0.800517	0.874919	0.0603882            	0.2     	0.345771	1  	0.132192
17 	410  	113      	141     	0.5	0.800418	0.874919	0.060569             	0.2     	0.34604 	1  	0.13251 
18 	419  	113      	141     	0.5	0.800551	0.874919	0.0603792            	0.2     	0.34578 	1  	0.132183
19 	396  	124      	141     	0.5	0.800515	0.874919	0.0604195            	0.2     	0.345886	1  	0.132285
20 	412  	116      	141     	0.5	0.800761	0.874919	0.0603627            	0.2     	0.345329	1  	0.132225
21 	400  	119      	141     	0.5	0.800277	0.874919	0.0605592            	0.2     	0.346449	1  	0.132392
22 	392  	118      	141     	0.5	0.80026 	0.874919	0.0606093            	0.2     	0.346606	1  	0.132376
23 	416  	119      	141     	0.5	0.800186	0.874919	0.0605793            	0.2     	0.346738	1  	0.13233 
24 	391  	116      	141     	0.5	0.800126	0.874919	0.0606067            	0.2     	0.346888	1  	0.132357
25 	408  	109      	141     	0.5	0.800255	0.874919	0.0605771            	0.2     	0.346675	1  	0.132344
26 	390  	109      	141     	0.5	0.800128	0.874919	0.0606429            	0.2     	0.346933	1  	0.132437
27 	393  	116      	141     	0.5	0.800179	0.874919	0.0605845            	0.2     	0.346828	1  	0.132336
28 	404  	110      	141     	0.5	0.799891	0.874919	0.0606573            	0.2     	0.347567	1  	0.132239
29 	402  	116      	141     	0.5	0.799869	0.874919	0.0606294            	0.2     	0.347616	1  	0.132218
30 	406  	124      	141     	0.5	0.799872	0.874919	0.0605957            	0.2     	0.347601	1  	0.132156
31 	402  	114      	141     	0.5	0.800052	0.874919	0.0604973            	0.2     	0.347244	1  	0.131977
32 	397  	118      	141     	0.5	0.79999 	0.874919	0.0605671            	0.2     	0.347394	1  	0.132081
33 	405  	115      	141     	0.5	0.799916	0.874919	0.060606             	0.2     	0.347566	1  	0.132194
34 	403  	117      	141     	0.5	0.799875	0.874919	0.0606145            	0.2     	0.347655	1  	0.132199
35 	411  	123      	141     	0.5	0.799855	0.874919	0.0606134            	0.2     	0.347689	1  	0.132193
36 	392  	109      	141     	0.5	0.799886	0.874919	0.0606163            	0.2     	0.347626	1  	0.132208
37 	413  	114      	141     	0.5	0.799779	0.874919	0.0606398            	0.2     	0.347839	1  	0.132219
38 	404  	113      	141     	0.5	0.799921	0.874919	0.0606294            	0.2     	0.347577	1  	0.132229
39 	413  	113      	141     	0.5	0.800129	0.874919	0.0603921            	0.2     	0.347103	1  	0.131814
40 	395  	114      	141     	0.5	0.799929	0.874919	0.0606581            	0.2     	0.347528	1  	0.132222
41 	408  	118      	141     	0.5	0.799776	0.874919	0.0606451            	0.2     	0.347839	1  	0.132219
42 	421  	119      	141     	0.5	0.799886	0.874919	0.060653             	0.2     	0.347638	1  	0.13225 
43 	406  	113      	141     	0.5	0.799954	0.874919	0.0606375            	0.2     	0.347508	1  	0.132234
44 	396  	116      	141     	0.5	0.799959	0.874919	0.0606308            	0.2     	0.347508	1  	0.132234
45 	402  	118      	141     	0.5	0.799876	0.874919	0.0606131            	0.2     	0.347655	1  	0.132199
46 	408  	118      	141     	0.5	0.799976	0.874919	0.0605242            	0.2     	0.347396	1  	0.132018
47 	397  	119      	141     	0.5	0.800036	0.874919	0.0605945            	0.2     	0.347329	1  	0.132167
48 	429  	118      	141     	0.5	0.799846	0.874919	0.060622             	0.2     	0.347689	1  	0.132193
49 	403  	113      	141     	0.5	0.799868	0.874919	0.0606225            	0.2     	0.347655	1  	0.132199

CURRENT HALLS OF FAME

PARETO FRONT
Number of solutions = 17
(0.8749186067933246, 0.23570226039551584) 17 features: [1_hsa.let.7d.3p, 1_hsa.miR.1307.3p, 1_hsa.miR.1468.5p, 1_hsa.miR.150.5p, 1_hsa.miR.188.5p, 1_hsa.miR.18a.5p, 1_hsa.miR.195.5p, 1_hsa.miR.301a.3p, 1_hsa.miR.3065.5p, 1_hsa.miR.335.3p, 1_hsa.miR.3605.3p, 1_hsa.miR.3648, 1_hsa.miR.3677.3p, 1_hsa.miR.3678.5p, 1_hsa.miR.374b.3p, 1_hsa.miR.486.3p, 1_hsa.miR.877.5p]
(0.8574644053643716, 0.24253562503633297) 16 features: [0_age_at_initial_pathologic_diagnosis, 1_hsa.let.7d.3p, 1_hsa.miR.1307.3p, 1_hsa.miR.1343.3p, 1_hsa.miR.1468.5p, 1_hsa.miR.150.5p, 1_hsa.miR.195.5p, 1_hsa.miR.25.3p, 1_hsa.miR.29c.3p, 1_hsa.miR.301a.3p, 1_hsa.miR.3605.3p, 1_hsa.miR.3648, 1_hsa.miR.3677.3p, 1_hsa.miR.3678.5p, 1_hsa.miR.374b.3p, 1_hsa.miR.4661.5p]
(0.8518081408102341, 0.2581988897471611) 14 features: [1_hsa.let.7d.3p, 1_hsa.miR.1307.3p, 1_hsa.miR.1468.5p, 1_hsa.miR.150.5p, 1_hsa.miR.193a.3p, 1_hsa.miR.195.5p, 1_hsa.miR.301a.3p, 1_hsa.miR.3605.3p, 1_hsa.miR.3648, 1_hsa.miR.3677.3p, 1_hsa.miR.3678.5p, 1_hsa.miR.374b.3p, 1_hsa.miR.4662a.5p, 1_hsa.miR.486.3p]
(0.8502528154628662, 0.2672612419124244) 13 features: [1_hsa.let.7d.3p, 1_hsa.miR.1307.3p, 1_hsa.miR.1468.5p, 1_hsa.miR.150.5p, 1_hsa.miR.195.5p, 1_hsa.miR.301a.3p, 1_hsa.miR.3605.3p, 1_hsa.miR.3648, 1_hsa.miR.3677.3p, 1_hsa.miR.3678.5p, 1_hsa.miR.374b.3p, 1_hsa.miR.4662a.5p, 1_hsa.miR.629.5p]
(0.8481241216920795, 0.2773500981126146) 12 features: [1_hsa.miR.1271.5p, 1_hsa.miR.1307.3p, 1_hsa.miR.1468.5p, 1_hsa.miR.150.5p, 1_hsa.miR.195.5p, 1_hsa.miR.301a.3p, 1_hsa.miR.3170, 1_hsa.miR.3605.3p, 1_hsa.miR.3648, 1_hsa.miR.3678.5p, 1_hsa.miR.374b.3p, 1_hsa.miR.512.3p]
(0.846504261954736, 0.28867513459481287) 11 features: [1_hsa.let.7d.3p, 1_hsa.miR.1307.3p, 1_hsa.miR.1468.5p, 1_hsa.miR.150.5p, 1_hsa.miR.195.5p, 1_hsa.miR.301a.3p, 1_hsa.miR.3605.3p, 1_hsa.miR.3648, 1_hsa.miR.3677.3p, 1_hsa.miR.3678.5p, 1_hsa.miR.374b.3p]
(0.8321188879975776, 0.30151134457776363) 10 features: [1_hsa.miR.1307.3p, 1_hsa.miR.150.5p, 1_hsa.miR.195.5p, 1_hsa.miR.301a.3p, 1_hsa.miR.3605.3p, 1_hsa.miR.3648, 1_hsa.miR.3677.3p, 1_hsa.miR.3678.5p, 1_hsa.miR.374b.3p, 1_hsa.miR.512.3p]
(0.8246425357430526, 0.31622776601683794) 9 features: [1_hsa.miR.1307.3p, 1_hsa.miR.1468.5p, 1_hsa.miR.150.5p, 1_hsa.miR.3605.3p, 1_hsa.miR.3648, 1_hsa.miR.3677.3p, 1_hsa.miR.3678.5p, 1_hsa.miR.374b.3p, 1_hsa.miR.512.3p]
(0.8111325755757344, 0.3333333333333333) 8 features: [1_hsa.let.7d.3p, 1_hsa.miR.1307.3p, 1_hsa.miR.150.5p, 1_hsa.miR.3605.3p, 1_hsa.miR.3648, 1_hsa.miR.3677.3p, 1_hsa.miR.3678.5p, 1_hsa.miR.374b.3p]
(0.8071039795145746, 0.3535533905932738) 7 features: [1_hsa.let.7d.3p, 1_hsa.miR.150.5p, 1_hsa.miR.3605.3p, 1_hsa.miR.3648, 1_hsa.miR.3677.3p, 1_hsa.miR.3678.5p, 1_hsa.miR.374b.3p]
(0.8000637808366241, 0.3779644730092272) 6 features: [0_race_WHITE, 1_hsa.miR.150.5p, 1_hsa.miR.3648, 1_hsa.miR.3678.5p, 1_hsa.miR.374b.3p, 1_hsa.miR.7974]
(0.7857139426205485, 0.408248290463863) 5 features: [0_race_WHITE, 1_hsa.miR.150.5p, 1_hsa.miR.3648, 1_hsa.miR.3678.5p, 1_hsa.miR.374b.3p]
(0.770183875922779, 0.4472135954999579) 4 features: [1_hsa.miR.150.5p, 1_hsa.miR.3605.3p, 1_hsa.miR.3678.5p, 1_hsa.miR.526b.3p]
(0.7433539191695905, 0.5) [1_hsa.miR.301a.3p, 1_hsa.miR.3170, 1_hsa.miR.3678.5p]
(0.7112224312472629, 0.5773502691896257) [1_hsa.miR.3605.3p, 1_hsa.miR.3678.5p]
(0.6744232115777313, 0.7071067811865476) [1_hsa.miR.3648]
(0.5, 1.0) []
Features in hall of fame by prevalence:
31 features: [1_hsa.miR.3678.5p, 1_hsa.miR.150.5p, 1_hsa.miR.3648, 1_hsa.miR.3605.3p, 1_hsa.miR.374b.3p, 1_hsa.miR.1307.3p, 1_hsa.miR.3677.3p, 1_hsa.miR.301a.3p, 1_hsa.let.7d.3p, 1_hsa.miR.1468.5p, 1_hsa.miR.195.5p, 1_hsa.miR.512.3p, 0_race_WHITE, 1_hsa.miR.3170, 1_hsa.miR.4662a.5p, 1_hsa.miR.486.3p, 0_age_at_initial_pathologic_diagnosis, 1_hsa.miR.1271.5p, 1_hsa.miR.1343.3p, 1_hsa.miR.188.5p, 1_hsa.miR.18a.5p, 1_hsa.miR.193a.3p, 1_hsa.miR.25.3p, 1_hsa.miR.29c.3p, 1_hsa.miR.3065.5p, 1_hsa.miR.335.3p, 1_hsa.miR.4661.5p, 1_hsa.miR.629.5p, 1_hsa.miR.7974, 1_hsa.miR.877.5p, 1_hsa.miR.526b.3p]

LAST POPULATION
Number of solutions = 500
Features in hall of fame by prevalence:
99 features: [1_hsa.miR.3678.5p, 1_hsa.miR.3648, 1_hsa.miR.3605.3p, 1_hsa.miR.374b.3p, 1_hsa.miR.150.5p, 1_hsa.miR.1307.3p, 1_hsa.miR.301a.3p, 1_hsa.miR.3677.3p, 1_hsa.miR.1468.5p, 1_hsa.miR.195.5p, 1_hsa.let.7d.3p, 0_race_WHITE, 0_age_at_initial_pathologic_diagnosis, 1_hsa.miR.486.3p, 1_hsa.miR.335.3p, 1_hsa.miR.4662a.5p, 1_hsa.miR.29c.3p, 1_hsa.miR.188.5p, 1_hsa.miR.4661.5p, 1_hsa.miR.877.5p, 1_hsa.miR.1226.3p, 1_hsa.miR.345.5p, 1_hsa.miR.512.3p, 1_hsa.miR.3065.5p, 1_hsa.miR.3170, 1_hsa.miR.18a.5p, 1_hsa.miR.30c.1.3p, 1_hsa.miR.93.3p, 1_hsa.miR.155.3p, 1_hsa.miR.1271.5p, 1_hsa.miR.1306.3p, 1_hsa.miR.766.3p, 1_hsa.miR.7974, 1_hsa.miR.503.3p, 1_hsa.miR.339.5p, 1_hsa.miR.193a.3p, 1_hsa.miR.1343.3p, 1_hsa.miR.25.3p, 1_hsa.miR.148b.5p, 1_hsa.miR.16.2.3p, 1_hsa.miR.3200.3p, 1_hsa.miR.767.5p, 1_hsa.miR.138.1.3p, 1_hsa.miR.186.5p, 1_hsa.miR.491.3p, 1_hsa.miR.1251.5p, 1_hsa.miR.33a.3p, 1_hsa.miR.526b.3p, 1_hsa.miR.629.5p, 1_hsa.miR.93.5p, 1_hsa.miR.373.3p, 1_hsa.miR.15b.3p, 1_hsa.miR.15b.5p, 1_hsa.miR.590.5p, 1_hsa.miR.151a.5p, 1_hsa.miR.21.3p, 1_hsa.miR.3065.3p, 1_hsa.miR.3127.5p, 1_hsa.miR.33a.5p, 1_hsa.miR.374b.5p, 1_hsa.miR.589.3p, 1_hsa.let.7g.3p, 1_hsa.miR.106b.3p, 1_hsa.miR.191.5p, 1_hsa.miR.210.3p, 1_hsa.miR.3622a.3p, 1_hsa.miR.4449, 1_hsa.miR.548v, 1_hsa.miR.17.3p, 1_hsa.miR.221.5p, 1_hsa.miR.301a.5p, 1_hsa.miR.3074.5p, 1_hsa.miR.421, 1_hsa.miR.99b.5p, 1_hsa.miR.518a.5p, 1_hsa.let.7e.3p, 1_hsa.miR.103a.2.5p, 1_hsa.miR.105.5p, 1_hsa.miR.128.1.5p, 1_hsa.miR.1306.5p, 1_hsa.miR.138.5p, 1_hsa.miR.17.5p, 1_hsa.miR.19a.3p, 1_hsa.miR.20a.3p, 1_hsa.miR.301b, 1_hsa.miR.361.3p, 1_hsa.miR.361.5p, 1_hsa.miR.374a.3p, 1_hsa.miR.455.3p, 1_hsa.miR.500b.5p, 1_hsa.miR.532.3p, 1_hsa.miR.532.5p, 1_hsa.miR.551a, 1_hsa.miR.625.3p, 1_hsa.miR.671.5p, 1_hsa.miR.744.3p, 1_hsa.miR.92a.1.5p, 1_hsa.miR.92a.3p, 1_hsa.miR.518f.3p]

BEST SUMS WITH SIZE 50
Number of solutions = 50
Features in hall of fame by prevalence:
38 features: [1_hsa.miR.3648, 1_hsa.miR.3170, 0_race_WHITE, 1_hsa.miR.301a.3p, 1_hsa.miR.3678.5p, 1_hsa.miR.1468.5p, 1_hsa.miR.148b.5p, 1_hsa.miR.3605.3p, 1_hsa.miR.361.5p, 1_hsa.miR.3677.3p, 1_hsa.miR.590.5p, 1_hsa.miR.744.3p, 0_age_at_initial_pathologic_diagnosis, 1_hsa.miR.103a.2.5p, 1_hsa.miR.1226.3p, 1_hsa.miR.1306.3p, 1_hsa.miR.1306.5p, 1_hsa.miR.151a.5p, 1_hsa.miR.15b.3p, 1_hsa.miR.17.5p, 1_hsa.miR.186.5p, 1_hsa.miR.19a.3p, 1_hsa.miR.19b.3p, 1_hsa.miR.20a.3p, 1_hsa.miR.210.3p, 1_hsa.miR.29c.3p, 1_hsa.miR.301a.5p, 1_hsa.miR.301b, 1_hsa.miR.3200.3p, 1_hsa.miR.33a.5p, 1_hsa.miR.3687, 1_hsa.miR.454.3p, 1_hsa.miR.455.3p, 1_hsa.miR.505.3p, 1_hsa.miR.589.3p, 1_hsa.miR.629.5p, 1_hsa.miR.92a.3p, 1_hsa.miR.937.3p]

BEST SUMS WITH SIZE 100
Number of solutions = 100
Features in hall of fame by prevalence:
44 features: [0_race_WHITE, 1_hsa.miR.3648, 1_hsa.miR.3678.5p, 0_age_at_initial_pathologic_diagnosis, 1_hsa.miR.148b.5p, 1_hsa.miR.301a.3p, 1_hsa.miR.3170, 1_hsa.miR.1306.3p, 1_hsa.miR.33a.5p, 1_hsa.miR.3605.3p, 1_hsa.miR.3677.3p, 1_hsa.miR.744.3p, 1_hsa.miR.1468.5p, 1_hsa.miR.151a.5p, 1_hsa.miR.15b.3p, 1_hsa.miR.3200.3p, 1_hsa.miR.589.3p, 1_hsa.miR.590.5p, 1_hsa.miR.150.5p, 1_hsa.miR.186.5p, 1_hsa.miR.19b.3p, 1_hsa.miR.20a.3p, 1_hsa.miR.210.3p, 1_hsa.miR.301a.5p, 1_hsa.miR.301b, 1_hsa.miR.361.5p, 1_hsa.miR.3687, 1_hsa.miR.629.5p, 1_hsa.miR.92a.3p, 1_hsa.miR.103a.2.5p, 1_hsa.miR.1226.3p, 1_hsa.miR.1269a, 1_hsa.miR.1306.5p, 1_hsa.miR.16.2.3p, 1_hsa.miR.17.5p, 1_hsa.miR.195.5p, 1_hsa.miR.19a.3p, 1_hsa.miR.29c.3p, 1_hsa.miR.374a.3p, 1_hsa.miR.374b.3p, 1_hsa.miR.454.3p, 1_hsa.miR.455.3p, 1_hsa.miR.505.3p, 1_hsa.miR.937.3p]
Optimization on fold finished in 00-08:52:09

FEATURE SETS SELECTED

PARETO FRONT
Number of solutions = 17
(0.8749186067933246, 0.23570226039551584) 17 features: [1_hsa.let.7d.3p, 1_hsa.miR.1307.3p, 1_hsa.miR.1468.5p, 1_hsa.miR.150.5p, 1_hsa.miR.188.5p, 1_hsa.miR.18a.5p, 1_hsa.miR.195.5p, 1_hsa.miR.301a.3p, 1_hsa.miR.3065.5p, 1_hsa.miR.335.3p, 1_hsa.miR.3605.3p, 1_hsa.miR.3648, 1_hsa.miR.3677.3p, 1_hsa.miR.3678.5p, 1_hsa.miR.374b.3p, 1_hsa.miR.486.3p, 1_hsa.miR.877.5p]
(0.8574644053643716, 0.24253562503633297) 16 features: [0_age_at_initial_pathologic_diagnosis, 1_hsa.let.7d.3p, 1_hsa.miR.1307.3p, 1_hsa.miR.1343.3p, 1_hsa.miR.1468.5p, 1_hsa.miR.150.5p, 1_hsa.miR.195.5p, 1_hsa.miR.25.3p, 1_hsa.miR.29c.3p, 1_hsa.miR.301a.3p, 1_hsa.miR.3605.3p, 1_hsa.miR.3648, 1_hsa.miR.3677.3p, 1_hsa.miR.3678.5p, 1_hsa.miR.374b.3p, 1_hsa.miR.4661.5p]
(0.8518081408102341, 0.2581988897471611) 14 features: [1_hsa.let.7d.3p, 1_hsa.miR.1307.3p, 1_hsa.miR.1468.5p, 1_hsa.miR.150.5p, 1_hsa.miR.193a.3p, 1_hsa.miR.195.5p, 1_hsa.miR.301a.3p, 1_hsa.miR.3605.3p, 1_hsa.miR.3648, 1_hsa.miR.3677.3p, 1_hsa.miR.3678.5p, 1_hsa.miR.374b.3p, 1_hsa.miR.4662a.5p, 1_hsa.miR.486.3p]
(0.8502528154628662, 0.2672612419124244) 13 features: [1_hsa.let.7d.3p, 1_hsa.miR.1307.3p, 1_hsa.miR.1468.5p, 1_hsa.miR.150.5p, 1_hsa.miR.195.5p, 1_hsa.miR.301a.3p, 1_hsa.miR.3605.3p, 1_hsa.miR.3648, 1_hsa.miR.3677.3p, 1_hsa.miR.3678.5p, 1_hsa.miR.374b.3p, 1_hsa.miR.4662a.5p, 1_hsa.miR.629.5p]
(0.8481241216920795, 0.2773500981126146) 12 features: [1_hsa.miR.1271.5p, 1_hsa.miR.1307.3p, 1_hsa.miR.1468.5p, 1_hsa.miR.150.5p, 1_hsa.miR.195.5p, 1_hsa.miR.301a.3p, 1_hsa.miR.3170, 1_hsa.miR.3605.3p, 1_hsa.miR.3648, 1_hsa.miR.3678.5p, 1_hsa.miR.374b.3p, 1_hsa.miR.512.3p]
(0.846504261954736, 0.28867513459481287) 11 features: [1_hsa.let.7d.3p, 1_hsa.miR.1307.3p, 1_hsa.miR.1468.5p, 1_hsa.miR.150.5p, 1_hsa.miR.195.5p, 1_hsa.miR.301a.3p, 1_hsa.miR.3605.3p, 1_hsa.miR.3648, 1_hsa.miR.3677.3p, 1_hsa.miR.3678.5p, 1_hsa.miR.374b.3p]
(0.8321188879975776, 0.30151134457776363) 10 features: [1_hsa.miR.1307.3p, 1_hsa.miR.150.5p, 1_hsa.miR.195.5p, 1_hsa.miR.301a.3p, 1_hsa.miR.3605.3p, 1_hsa.miR.3648, 1_hsa.miR.3677.3p, 1_hsa.miR.3678.5p, 1_hsa.miR.374b.3p, 1_hsa.miR.512.3p]
(0.8246425357430526, 0.31622776601683794) 9 features: [1_hsa.miR.1307.3p, 1_hsa.miR.1468.5p, 1_hsa.miR.150.5p, 1_hsa.miR.3605.3p, 1_hsa.miR.3648, 1_hsa.miR.3677.3p, 1_hsa.miR.3678.5p, 1_hsa.miR.374b.3p, 1_hsa.miR.512.3p]
(0.8111325755757344, 0.3333333333333333) 8 features: [1_hsa.let.7d.3p, 1_hsa.miR.1307.3p, 1_hsa.miR.150.5p, 1_hsa.miR.3605.3p, 1_hsa.miR.3648, 1_hsa.miR.3677.3p, 1_hsa.miR.3678.5p, 1_hsa.miR.374b.3p]
(0.8071039795145746, 0.3535533905932738) 7 features: [1_hsa.let.7d.3p, 1_hsa.miR.150.5p, 1_hsa.miR.3605.3p, 1_hsa.miR.3648, 1_hsa.miR.3677.3p, 1_hsa.miR.3678.5p, 1_hsa.miR.374b.3p]
(0.8000637808366241, 0.3779644730092272) 6 features: [0_race_WHITE, 1_hsa.miR.150.5p, 1_hsa.miR.3648, 1_hsa.miR.3678.5p, 1_hsa.miR.374b.3p, 1_hsa.miR.7974]
(0.7857139426205485, 0.408248290463863) 5 features: [0_race_WHITE, 1_hsa.miR.150.5p, 1_hsa.miR.3648, 1_hsa.miR.3678.5p, 1_hsa.miR.374b.3p]
(0.770183875922779, 0.4472135954999579) 4 features: [1_hsa.miR.150.5p, 1_hsa.miR.3605.3p, 1_hsa.miR.3678.5p, 1_hsa.miR.526b.3p]
(0.7433539191695905, 0.5) [1_hsa.miR.301a.3p, 1_hsa.miR.3170, 1_hsa.miR.3678.5p]
(0.7112224312472629, 0.5773502691896257) [1_hsa.miR.3605.3p, 1_hsa.miR.3678.5p]
(0.6744232115777313, 0.7071067811865476) [1_hsa.miR.3648]
(0.5, 1.0) []
Features in hall of fame by prevalence:
31 features: [1_hsa.miR.3678.5p, 1_hsa.miR.150.5p, 1_hsa.miR.3648, 1_hsa.miR.3605.3p, 1_hsa.miR.374b.3p, 1_hsa.miR.1307.3p, 1_hsa.miR.3677.3p, 1_hsa.miR.301a.3p, 1_hsa.let.7d.3p, 1_hsa.miR.1468.5p, 1_hsa.miR.195.5p, 1_hsa.miR.512.3p, 0_race_WHITE, 1_hsa.miR.3170, 1_hsa.miR.4662a.5p, 1_hsa.miR.486.3p, 0_age_at_initial_pathologic_diagnosis, 1_hsa.miR.1271.5p, 1_hsa.miR.1343.3p, 1_hsa.miR.188.5p, 1_hsa.miR.18a.5p, 1_hsa.miR.193a.3p, 1_hsa.miR.25.3p, 1_hsa.miR.29c.3p, 1_hsa.miR.3065.5p, 1_hsa.miR.335.3p, 1_hsa.miR.4661.5p, 1_hsa.miR.629.5p, 1_hsa.miR.7974, 1_hsa.miR.877.5p, 1_hsa.miR.526b.3p]

LAST POPULATION
Number of solutions = 500
Features in hall of fame by prevalence:
99 features: [1_hsa.miR.3678.5p, 1_hsa.miR.3648, 1_hsa.miR.3605.3p, 1_hsa.miR.374b.3p, 1_hsa.miR.150.5p, 1_hsa.miR.1307.3p, 1_hsa.miR.301a.3p, 1_hsa.miR.3677.3p, 1_hsa.miR.1468.5p, 1_hsa.miR.195.5p, 1_hsa.let.7d.3p, 0_race_WHITE, 0_age_at_initial_pathologic_diagnosis, 1_hsa.miR.486.3p, 1_hsa.miR.335.3p, 1_hsa.miR.4662a.5p, 1_hsa.miR.29c.3p, 1_hsa.miR.188.5p, 1_hsa.miR.4661.5p, 1_hsa.miR.877.5p, 1_hsa.miR.1226.3p, 1_hsa.miR.345.5p, 1_hsa.miR.512.3p, 1_hsa.miR.3065.5p, 1_hsa.miR.3170, 1_hsa.miR.18a.5p, 1_hsa.miR.30c.1.3p, 1_hsa.miR.93.3p, 1_hsa.miR.155.3p, 1_hsa.miR.1271.5p, 1_hsa.miR.1306.3p, 1_hsa.miR.766.3p, 1_hsa.miR.7974, 1_hsa.miR.503.3p, 1_hsa.miR.339.5p, 1_hsa.miR.193a.3p, 1_hsa.miR.1343.3p, 1_hsa.miR.25.3p, 1_hsa.miR.148b.5p, 1_hsa.miR.16.2.3p, 1_hsa.miR.3200.3p, 1_hsa.miR.767.5p, 1_hsa.miR.138.1.3p, 1_hsa.miR.186.5p, 1_hsa.miR.491.3p, 1_hsa.miR.1251.5p, 1_hsa.miR.33a.3p, 1_hsa.miR.526b.3p, 1_hsa.miR.629.5p, 1_hsa.miR.93.5p, 1_hsa.miR.373.3p, 1_hsa.miR.15b.3p, 1_hsa.miR.15b.5p, 1_hsa.miR.590.5p, 1_hsa.miR.151a.5p, 1_hsa.miR.21.3p, 1_hsa.miR.3065.3p, 1_hsa.miR.3127.5p, 1_hsa.miR.33a.5p, 1_hsa.miR.374b.5p, 1_hsa.miR.589.3p, 1_hsa.let.7g.3p, 1_hsa.miR.106b.3p, 1_hsa.miR.191.5p, 1_hsa.miR.210.3p, 1_hsa.miR.3622a.3p, 1_hsa.miR.4449, 1_hsa.miR.548v, 1_hsa.miR.17.3p, 1_hsa.miR.221.5p, 1_hsa.miR.301a.5p, 1_hsa.miR.3074.5p, 1_hsa.miR.421, 1_hsa.miR.99b.5p, 1_hsa.miR.518a.5p, 1_hsa.let.7e.3p, 1_hsa.miR.103a.2.5p, 1_hsa.miR.105.5p, 1_hsa.miR.128.1.5p, 1_hsa.miR.1306.5p, 1_hsa.miR.138.5p, 1_hsa.miR.17.5p, 1_hsa.miR.19a.3p, 1_hsa.miR.20a.3p, 1_hsa.miR.301b, 1_hsa.miR.361.3p, 1_hsa.miR.361.5p, 1_hsa.miR.374a.3p, 1_hsa.miR.455.3p, 1_hsa.miR.500b.5p, 1_hsa.miR.532.3p, 1_hsa.miR.532.5p, 1_hsa.miR.551a, 1_hsa.miR.625.3p, 1_hsa.miR.671.5p, 1_hsa.miR.744.3p, 1_hsa.miR.92a.1.5p, 1_hsa.miR.92a.3p, 1_hsa.miR.518f.3p]

BEST SUMS WITH SIZE 50
Number of solutions = 50
Features in hall of fame by prevalence:
38 features: [1_hsa.miR.3648, 1_hsa.miR.3170, 0_race_WHITE, 1_hsa.miR.301a.3p, 1_hsa.miR.3678.5p, 1_hsa.miR.1468.5p, 1_hsa.miR.148b.5p, 1_hsa.miR.3605.3p, 1_hsa.miR.361.5p, 1_hsa.miR.3677.3p, 1_hsa.miR.590.5p, 1_hsa.miR.744.3p, 0_age_at_initial_pathologic_diagnosis, 1_hsa.miR.103a.2.5p, 1_hsa.miR.1226.3p, 1_hsa.miR.1306.3p, 1_hsa.miR.1306.5p, 1_hsa.miR.151a.5p, 1_hsa.miR.15b.3p, 1_hsa.miR.17.5p, 1_hsa.miR.186.5p, 1_hsa.miR.19a.3p, 1_hsa.miR.19b.3p, 1_hsa.miR.20a.3p, 1_hsa.miR.210.3p, 1_hsa.miR.29c.3p, 1_hsa.miR.301a.5p, 1_hsa.miR.301b, 1_hsa.miR.3200.3p, 1_hsa.miR.33a.5p, 1_hsa.miR.3687, 1_hsa.miR.454.3p, 1_hsa.miR.455.3p, 1_hsa.miR.505.3p, 1_hsa.miR.589.3p, 1_hsa.miR.629.5p, 1_hsa.miR.92a.3p, 1_hsa.miR.937.3p]

BEST SUMS WITH SIZE 100
Number of solutions = 100
Features in hall of fame by prevalence:
44 features: [0_race_WHITE, 1_hsa.miR.3648, 1_hsa.miR.3678.5p, 0_age_at_initial_pathologic_diagnosis, 1_hsa.miR.148b.5p, 1_hsa.miR.301a.3p, 1_hsa.miR.3170, 1_hsa.miR.1306.3p, 1_hsa.miR.33a.5p, 1_hsa.miR.3605.3p, 1_hsa.miR.3677.3p, 1_hsa.miR.744.3p, 1_hsa.miR.1468.5p, 1_hsa.miR.151a.5p, 1_hsa.miR.15b.3p, 1_hsa.miR.3200.3p, 1_hsa.miR.589.3p, 1_hsa.miR.590.5p, 1_hsa.miR.150.5p, 1_hsa.miR.186.5p, 1_hsa.miR.19b.3p, 1_hsa.miR.20a.3p, 1_hsa.miR.210.3p, 1_hsa.miR.301a.5p, 1_hsa.miR.301b, 1_hsa.miR.361.5p, 1_hsa.miR.3687, 1_hsa.miR.629.5p, 1_hsa.miR.92a.3p, 1_hsa.miR.103a.2.5p, 1_hsa.miR.1226.3p, 1_hsa.miR.1269a, 1_hsa.miR.1306.5p, 1_hsa.miR.16.2.3p, 1_hsa.miR.17.5p, 1_hsa.miR.195.5p, 1_hsa.miR.19a.3p, 1_hsa.miR.29c.3p, 1_hsa.miR.374a.3p, 1_hsa.miR.374b.3p, 1_hsa.miR.454.3p, 1_hsa.miR.455.3p, 1_hsa.miR.505.3p, 1_hsa.miR.937.3p]
