
OPTIMIZING ON FOLD NUMBER 2
Number of workers = 80

COMPUTING LOCAL ACTIVE FEATURES
Computing active features for view clinic
Existing features: 7
Applying union strategy for feature selection using composite feature selector with
categorical: feature selector any na and anova
survival: feature selector Cox

Computing active features for outcome survival
Features selected for this outcome: 2
Features active in total: 2
Computing active features for view log_mirna
Existing features: 739
Applying union strategy for feature selection using composite feature selector with
categorical: feature selector any na and anova
survival: feature selector Cox

Computing active features for outcome survival
Features selected for this outcome: 110
Features active in total: 110
Computing feature importance
Running optimizer

STARTING 2-STEPS GENETIC ALGORITHM

CREATING INNER FOLDS

ASSIGNING STRATA FOR MULTI-OUTCOME DATA SARC_MV
Assigning strata for outcome named survival of type survival
Counts:
censored 0: 25
censored 1: 74
deceased 0: 28
deceased 1: 28

STARTING SWEEP NUMBER 1
folds_creator_seed = 4107908117

ASSIGNING STRATA FOR MULTI-OUTCOME DATA SARC_MV
Assigning strata for outcome named survival of type survival
Counts:
censored 0: 25
censored 1: 74
deceased 0: 28
deceased 1: 28
ga_runner_seed = 3091794638
VIEW: CLINIC
   	     	         	        	   survival SKSurv Cox model concordance index   	             root leanness              
   	     	         	        	-------------------------------------------------	----------------------------------------
gen	evals	gen_feats	explored	min	avg     	max     	std                  	min    	avg     	max	std     
0  	500  	2        	2       	0.5	0.566027	0.621978	0.0517217            	0.57735	0.764583	1  	0.176296
1  	295  	2        	2       	0.5	0.56795 	0.621978	0.0461007            	0.57735	0.747891	1  	0.154895
2  	310  	2        	2       	0.5	0.56795 	0.621978	0.0461007            	0.57735	0.747891	1  	0.154895
3  	302  	2        	2       	0.5	0.56795 	0.621978	0.0461007            	0.57735	0.747891	1  	0.154895
4  	324  	2        	2       	0.5	0.56795 	0.621978	0.0461007            	0.57735	0.747891	1  	0.154895
5  	321  	2        	2       	0.5	0.56795 	0.621978	0.0461007            	0.57735	0.747891	1  	0.154895
6  	307  	2        	2       	0.5	0.56795 	0.621978	0.0461007            	0.57735	0.747891	1  	0.154895
7  	298  	2        	2       	0.5	0.56795 	0.621978	0.0461007            	0.57735	0.747891	1  	0.154895
8  	300  	2        	2       	0.5	0.56795 	0.621978	0.0461007            	0.57735	0.747891	1  	0.154895
9  	306  	2        	2       	0.5	0.56795 	0.621978	0.0461007            	0.57735	0.747891	1  	0.154895
10 	290  	2        	2       	0.5	0.56795 	0.621978	0.0461007            	0.57735	0.747891	1  	0.154895
11 	318  	2        	2       	0.5	0.56795 	0.621978	0.0461007            	0.57735	0.747891	1  	0.154895
12 	305  	2        	2       	0.5	0.56795 	0.621978	0.0461007            	0.57735	0.747891	1  	0.154895
13 	301  	2        	2       	0.5	0.56795 	0.621978	0.0461007            	0.57735	0.747891	1  	0.154895
14 	316  	2        	2       	0.5	0.56795 	0.621978	0.0461007            	0.57735	0.747891	1  	0.154895
15 	304  	2        	2       	0.5	0.56795 	0.621978	0.0461007            	0.57735	0.747891	1  	0.154895
16 	323  	2        	2       	0.5	0.56795 	0.621978	0.0461007            	0.57735	0.747891	1  	0.154895
17 	297  	2        	2       	0.5	0.56795 	0.621978	0.0461007            	0.57735	0.747891	1  	0.154895
18 	302  	2        	2       	0.5	0.56795 	0.621978	0.0461007            	0.57735	0.747891	1  	0.154895
19 	313  	2        	2       	0.5	0.56795 	0.621978	0.0461007            	0.57735	0.747891	1  	0.154895
20 	320  	2        	2       	0.5	0.56795 	0.621978	0.0461007            	0.57735	0.747891	1  	0.154895
21 	308  	2        	2       	0.5	0.56795 	0.621978	0.0461007            	0.57735	0.747891	1  	0.154895
22 	308  	2        	2       	0.5	0.56795 	0.621978	0.0461007            	0.57735	0.747891	1  	0.154895
23 	307  	2        	2       	0.5	0.56795 	0.621978	0.0461007            	0.57735	0.747891	1  	0.154895
24 	296  	2        	2       	0.5	0.56795 	0.621978	0.0461007            	0.57735	0.747891	1  	0.154895
25 	306  	2        	2       	0.5	0.56795 	0.621978	0.0461007            	0.57735	0.747891	1  	0.154895
26 	305  	2        	2       	0.5	0.56795 	0.621978	0.0461007            	0.57735	0.747891	1  	0.154895
27 	317  	2        	2       	0.5	0.56795 	0.621978	0.0461007            	0.57735	0.747891	1  	0.154895
28 	319  	2        	2       	0.5	0.56795 	0.621978	0.0461007            	0.57735	0.747891	1  	0.154895
29 	318  	2        	2       	0.5	0.56795 	0.621978	0.0461007            	0.57735	0.747891	1  	0.154895
30 	295  	2        	2       	0.5	0.56795 	0.621978	0.0461007            	0.57735	0.747891	1  	0.154895
31 	324  	2        	2       	0.5	0.56795 	0.621978	0.0461007            	0.57735	0.747891	1  	0.154895
32 	306  	2        	2       	0.5	0.56795 	0.621978	0.0461007            	0.57735	0.747891	1  	0.154895
33 	280  	2        	2       	0.5	0.56795 	0.621978	0.0461007            	0.57735	0.747891	1  	0.154895
34 	298  	2        	2       	0.5	0.56795 	0.621978	0.0461007            	0.57735	0.747891	1  	0.154895
35 	290  	2        	2       	0.5	0.56795 	0.621978	0.0461007            	0.57735	0.747891	1  	0.154895
36 	308  	2        	2       	0.5	0.56795 	0.621978	0.0461007            	0.57735	0.747891	1  	0.154895
37 	312  	2        	2       	0.5	0.56795 	0.621978	0.0461007            	0.57735	0.747891	1  	0.154895
38 	311  	2        	2       	0.5	0.56795 	0.621978	0.0461007            	0.57735	0.747891	1  	0.154895
39 	303  	2        	2       	0.5	0.56795 	0.621978	0.0461007            	0.57735	0.747891	1  	0.154895
40 	300  	2        	2       	0.5	0.56795 	0.621978	0.0461007            	0.57735	0.747891	1  	0.154895
41 	284  	2        	2       	0.5	0.56795 	0.621978	0.0461007            	0.57735	0.747891	1  	0.154895
42 	303  	2        	2       	0.5	0.56795 	0.621978	0.0461007            	0.57735	0.747891	1  	0.154895
43 	313  	2        	2       	0.5	0.56795 	0.621978	0.0461007            	0.57735	0.747891	1  	0.154895
44 	281  	2        	2       	0.5	0.56795 	0.621978	0.0461007            	0.57735	0.747891	1  	0.154895
45 	328  	2        	2       	0.5	0.56795 	0.621978	0.0461007            	0.57735	0.747891	1  	0.154895
46 	283  	2        	2       	0.5	0.56795 	0.621978	0.0461007            	0.57735	0.747891	1  	0.154895
47 	315  	2        	2       	0.5	0.56795 	0.621978	0.0461007            	0.57735	0.747891	1  	0.154895
48 	301  	2        	2       	0.5	0.56795 	0.621978	0.0461007            	0.57735	0.747891	1  	0.154895
49 	308  	2        	2       	0.5	0.56795 	0.621978	0.0461007            	0.57735	0.747891	1  	0.154895

ASSIGNING STRATA FOR MULTI-OUTCOME DATA SARC_MV
Assigning strata for outcome named survival of type survival
Counts:
censored 0: 25
censored 1: 74
deceased 0: 28
deceased 1: 28
VIEW: LOG_MIRNA
   	     	         	        	       survival SKSurv Cox model concordance index       	                 root leanness                  
   	     	         	        	---------------------------------------------------------	------------------------------------------------
gen	evals	gen_feats	explored	min     	avg     	max     	std             	min     	avg     	max	std     
0  	500  	31       	31      	0.5     	0.628557	0.744786	0.0438921       	0.176777	0.270983	1  	0.16895 
1  	366  	106      	106     	0.496978	0.634933	0.746746	0.0514062       	0.171499	0.298338	1  	0.127508
2  	385  	107      	110     	0.48229 	0.655837	0.752471	0.0467166       	0.179605	0.350116	1  	0.121172
3  	387  	108      	110     	0.48229 	0.670187	0.752471	0.0485686       	0.204124	0.382735	1  	0.127152
4  	387  	110      	110     	0.5     	0.682498	0.752471	0.0456089       	0.213201	0.389717	1  	0.129428
5  	375  	110      	110     	0.5     	0.689006	0.752471	0.0462251       	0.213201	0.395097	1  	0.133384
6  	392  	110      	110     	0.5     	0.69686 	0.752471	0.0429711       	0.213201	0.388396	1  	0.134528
7  	385  	110      	110     	0.5     	0.702018	0.752471	0.0422766       	0.213201	0.387921	1  	0.133335
8  	375  	110      	110     	0.5     	0.705332	0.758352	0.0424644       	0.213201	0.38982 	1  	0.132177
9  	372  	108      	110     	0.5     	0.708035	0.758352	0.0428278       	0.213201	0.389484	1  	0.132142
10 	389  	109      	110     	0.5     	0.709387	0.759091	0.0439899       	0.213201	0.395701	1  	0.132562
11 	384  	104      	110     	0.5     	0.712634	0.760213	0.0434806       	0.213201	0.393495	1  	0.131536
12 	380  	106      	110     	0.5     	0.71476 	0.760213	0.0437958       	0.213201	0.391692	1  	0.132259
13 	380  	109      	110     	0.5     	0.717397	0.760851	0.0432044       	0.218218	0.388848	1  	0.132344
14 	382  	110      	110     	0.5     	0.718784	0.761474	0.0432057       	0.204124	0.389863	1  	0.132038
15 	364  	109      	110     	0.5     	0.720901	0.761474	0.0426092       	0.204124	0.386853	1  	0.131765
16 	375  	109      	110     	0.5     	0.722086	0.774972	0.0430176       	0.204124	0.386222	1  	0.132174
17 	379  	110      	110     	0.5     	0.722987	0.774972	0.0433822       	0.204124	0.387504	1  	0.131176
18 	385  	108      	110     	0.5     	0.722243	0.774972	0.0447739       	0.204124	0.393751	1  	0.131593
19 	373  	106      	110     	0.5     	0.724148	0.774972	0.0444725       	0.204124	0.390561	1  	0.131651
20 	378  	109      	110     	0.5     	0.724575	0.774972	0.045391        	0.2     	0.392435	1  	0.132139
21 	378  	109      	110     	0.5     	0.725096	0.774972	0.0455978       	0.204124	0.393608	1  	0.131756
22 	371  	107      	110     	0.5     	0.725942	0.774972	0.0459032       	0.204124	0.392848	1  	0.132161
23 	379  	109      	110     	0.5     	0.727339	0.774972	0.04563         	0.204124	0.389602	1  	0.132202
24 	379  	108      	110     	0.5     	0.728292	0.774972	0.0456998       	0.204124	0.387854	1  	0.132457
25 	371  	109      	110     	0.5     	0.729087	0.774972	0.0454257       	0.204124	0.38671 	1  	0.132057
26 	357  	105      	110     	0.5     	0.730416	0.774972	0.0450435       	0.204124	0.383796	1  	0.131577
27 	374  	109      	110     	0.5     	0.730013	0.774972	0.0458689       	0.204124	0.386881	1  	0.131752
28 	380  	107      	110     	0.5     	0.731277	0.774972	0.045346        	0.204124	0.38384 	1  	0.131328
29 	378  	107      	110     	0.5     	0.731635	0.774972	0.0455172       	0.204124	0.38383 	1  	0.131327
30 	368  	107      	110     	0.5     	0.731536	0.774972	0.0463074       	0.208514	0.386115	1  	0.131746
31 	392  	106      	110     	0.5     	0.731675	0.776926	0.0464555       	0.208514	0.387332	1  	0.131319
32 	394  	107      	110     	0.5     	0.732079	0.776926	0.0466113       	0.208514	0.387394	1  	0.131263
33 	390  	108      	110     	0.5     	0.731961	0.776926	0.0474809       	0.218218	0.389008	1  	0.131701
34 	384  	108      	110     	0.5     	0.731981	0.776926	0.0475771       	0.223607	0.390599	1  	0.131144
35 	379  	106      	110     	0.5     	0.731136	0.776926	0.0482058       	0.223607	0.39496 	1  	0.130466
36 	372  	106      	110     	0.5     	0.731426	0.776926	0.0482564       	0.223607	0.395181	1  	0.130279
37 	381  	108      	110     	0.5     	0.732803	0.776926	0.0479424       	0.223607	0.39181 	1  	0.13031 
38 	393  	108      	110     	0.5     	0.733018	0.776926	0.048041        	0.223607	0.39171 	1  	0.1304  
39 	378  	107      	110     	0.5     	0.732806	0.776926	0.0482444       	0.223607	0.393239	1  	0.130233
40 	373  	107      	110     	0.5     	0.733448	0.776926	0.0482678       	0.223607	0.391588	1  	0.130512
41 	387  	108      	110     	0.5     	0.733647	0.776926	0.04834         	0.223607	0.3919  	1  	0.13021 
42 	370  	105      	110     	0.5     	0.733696	0.778031	0.0485263       	0.223607	0.392986	1  	0.130055
43 	368  	108      	110     	0.5     	0.733536	0.778031	0.0488235       	0.223607	0.394089	1  	0.130552
44 	376  	103      	110     	0.5     	0.733847	0.778031	0.0488904       	0.223607	0.393671	1  	0.13066 
45 	368  	106      	110     	0.5     	0.733577	0.778031	0.0489561       	0.235702	0.395131	1  	0.130285
46 	376  	106      	110     	0.5     	0.73413 	0.780389	0.0490007       	0.235702	0.393792	1  	0.130581
47 	386  	107      	110     	0.5     	0.734395	0.780389	0.0490458       	0.235702	0.393459	1  	0.130505
48 	381  	106      	110     	0.5     	0.734688	0.780389	0.0488307       	0.235702	0.393035	1  	0.130061
49 	376  	105      	110     	0.5     	0.735143	0.780389	0.0488213       	0.229416	0.39192 	1  	0.130249

STARTING MASTER RUNNER RESAMPLING
Generations completed = 7
Generations completed = 16
Generations completed = 26
Generations completed = 35
Generations completed = 44
MASTER
   	     	         	        	       survival SKSurv Cox model concordance index       	                      root leanness                      
   	     	         	        	---------------------------------------------------------	---------------------------------------------------------
gen	evals	gen_feats	explored	min     	avg     	max     	std             	min     	avg     	max     	std      
0  	500  	83       	83      	0.499596	0.686719	0.768757	0.0457146       	0.223607	0.35685 	0.707107	0.101144 
1  	408  	83       	86      	0.571206	0.702606	0.768757	0.0352258       	0.229416	0.384998	0.707107	0.0975314
2  	406  	78       	88      	0.571206	0.704352	0.768757	0.0385268       	0.235702	0.399961	0.707107	0.105458 
3  	416  	80       	88      	0.571206	0.708061	0.768757	0.0370203       	0.235702	0.400047	0.707107	0.108531 
4  	401  	79       	88      	0.555954	0.709131	0.768757	0.0370027       	0.235702	0.404016	0.707107	0.109223 
5  	403  	79       	88      	0.5     	0.709583	0.768757	0.0389245       	0.235702	0.406469	1       	0.116763 
6  	414  	81       	88      	0.5     	0.710094	0.768757	0.0394135       	0.235702	0.407741	1       	0.120432 
7  	395  	77       	88      	0.5     	0.710703	0.768757	0.039452        	0.235702	0.407122	1       	0.120639 
8  	409  	82       	88      	0.5     	0.711896	0.768757	0.0391665       	0.235702	0.403974	1       	0.121155 
9  	417  	80       	88      	0.5     	0.711725	0.768757	0.0396651       	0.235702	0.405732	1       	0.122345 
10 	416  	80       	89      	0.5     	0.711929	0.768757	0.0395725       	0.235702	0.406091	1       	0.123208 
11 	406  	84       	89      	0.5     	0.712019	0.768757	0.0400586       	0.235702	0.406002	1       	0.124887 
12 	413  	78       	89      	0.5     	0.711943	0.768757	0.0402801       	0.235702	0.406543	1       	0.125739 
13 	391  	80       	89      	0.5     	0.711873	0.768757	0.040639        	0.242536	0.407413	1       	0.126328 
14 	416  	75       	89      	0.5     	0.712266	0.768757	0.0406376       	0.242536	0.406551	1       	0.126727 
15 	404  	78       	89      	0.5     	0.712469	0.768757	0.0409679       	0.242536	0.406409	1       	0.12721  
16 	402  	81       	89      	0.5     	0.712523	0.768757	0.0409005       	0.242536	0.406409	1       	0.12721  
17 	403  	83       	89      	0.5     	0.712545	0.768757	0.0409126       	0.242536	0.406438	1       	0.127188 
18 	398  	79       	89      	0.5     	0.712342	0.768757	0.0410881       	0.242536	0.40722 	1       	0.12783  
19 	396  	81       	89      	0.5     	0.712194	0.768757	0.0412753       	0.242536	0.40774 	1       	0.128519 
20 	395  	75       	89      	0.5     	0.712354	0.768757	0.041335        	0.242536	0.407066	1       	0.128946 
21 	387  	80       	89      	0.5     	0.712249	0.768757	0.041321        	0.242536	0.407933	1       	0.128531 
22 	392  	80       	89      	0.5     	0.712254	0.768757	0.041322        	0.242536	0.407933	1       	0.128531 
23 	400  	77       	89      	0.5     	0.712356	0.768757	0.041326        	0.242536	0.407749	1       	0.128596 
24 	406  	80       	89      	0.5     	0.712366	0.768757	0.0413428       	0.242536	0.407858	1       	0.128573 
25 	402  	75       	89      	0.5     	0.712366	0.768757	0.0413428       	0.242536	0.407858	1       	0.128573 
26 	409  	70       	89      	0.5     	0.712371	0.768757	0.0413386       	0.242536	0.407858	1       	0.128573 
27 	399  	80       	89      	0.5     	0.712282	0.768757	0.0413986       	0.242536	0.408197	1       	0.128796 
28 	407  	77       	89      	0.5     	0.712282	0.768757	0.0413986       	0.242536	0.408197	1       	0.128796 
29 	408  	77       	89      	0.5     	0.712282	0.768757	0.0413986       	0.242536	0.408197	1       	0.128796 
30 	416  	85       	89      	0.5     	0.712282	0.768757	0.0413986       	0.242536	0.408197	1       	0.128796 
31 	390  	75       	89      	0.5     	0.712282	0.768757	0.0413986       	0.242536	0.408197	1       	0.128796 
32 	415  	79       	89      	0.5     	0.712282	0.768757	0.0413986       	0.242536	0.408197	1       	0.128796 
33 	399  	82       	89      	0.5     	0.712308	0.768757	0.0413937       	0.242536	0.408119	1       	0.128784 
34 	424  	74       	89      	0.5     	0.712282	0.768757	0.0413986       	0.242536	0.408197	1       	0.128796 
35 	392  	74       	89      	0.5     	0.712282	0.768757	0.0413986       	0.242536	0.408197	1       	0.128796 
36 	402  	72       	89      	0.5     	0.712296	0.768757	0.0414028       	0.242536	0.408148	1       	0.128812 
37 	408  	75       	89      	0.5     	0.712278	0.768757	0.041398        	0.242536	0.408257	1       	0.128789 
38 	414  	81       	89      	0.5     	0.712292	0.768757	0.0413992       	0.242536	0.408197	1       	0.128796 
39 	411  	77       	89      	0.5     	0.712274	0.768757	0.0413962       	0.242536	0.408257	1       	0.128789 
40 	408  	84       	89      	0.5     	0.712368	0.768757	0.0413714       	0.242536	0.408013	1       	0.128731 
41 	410  	80       	89      	0.5     	0.712301	0.768757	0.0414          	0.242536	0.408197	1       	0.128796 
42 	426  	79       	89      	0.5     	0.712305	0.768757	0.0413982       	0.242536	0.408197	1       	0.128796 
43 	392  	79       	89      	0.5     	0.712289	0.768757	0.0413967       	0.242536	0.408257	1       	0.128789 
44 	402  	81       	89      	0.5     	0.712306	0.768757	0.0413975       	0.242536	0.408197	1       	0.128796 
45 	397  	79       	89      	0.5     	0.71238 	0.768757	0.0414066       	0.242536	0.40788 	1       	0.128895 
46 	406  	79       	89      	0.5     	0.71238 	0.768757	0.0414067       	0.242536	0.40788 	1       	0.128895 
47 	412  	73       	89      	0.5     	0.71238 	0.768757	0.0414067       	0.242536	0.40788 	1       	0.128895 
48 	399  	82       	89      	0.5     	0.712328	0.768757	0.0414126       	0.242536	0.408018	1       	0.1289   
49 	396  	84       	89      	0.5     	0.71233 	0.768757	0.041412        	0.242536	0.408018	1       	0.1289   

CURRENT HALLS OF FAME

PARETO FRONT
Number of solutions = 13
(0.7687568506424953, 0.25) 15 features: [0_age_at_initial_pathologic_diagnosis, 0_race_WHITE, 1_hsa.miR.105.5p, 1_hsa.miR.1269b, 1_hsa.miR.138.1.3p, 1_hsa.miR.30c.2.3p, 1_hsa.miR.3170, 1_hsa.miR.3677.3p, 1_hsa.miR.3678.5p, 1_hsa.miR.3681.5p, 1_hsa.miR.4661.5p, 1_hsa.miR.873.5p, 1_hsa.miR.512.3p, 1_hsa.miR.515.3p, 1_hsa.miR.520b]
(0.7626817203568282, 0.2672612419124244) 13 features: [0_age_at_initial_pathologic_diagnosis, 0_race_WHITE, 1_hsa.miR.135b.3p, 1_hsa.miR.138.1.3p, 1_hsa.miR.30c.2.3p, 1_hsa.miR.3677.3p, 1_hsa.miR.3678.5p, 1_hsa.miR.3681.5p, 1_hsa.miR.4661.5p, 1_hsa.miR.551a, 1_hsa.miR.767.5p, 1_hsa.miR.873.5p, 1_hsa.miR.512.3p]
(0.7626400869968495, 0.2773500981126146) 12 features: [0_age_at_initial_pathologic_diagnosis, 0_race_WHITE, 1_hsa.miR.138.1.3p, 1_hsa.miR.30c.2.3p, 1_hsa.miR.3677.3p, 1_hsa.miR.3678.5p, 1_hsa.miR.3681.5p, 1_hsa.miR.4661.5p, 1_hsa.miR.551a, 1_hsa.miR.767.5p, 1_hsa.miR.873.5p, 1_hsa.miR.512.3p]
(0.7568234950754388, 0.28867513459481287) 11 features: [0_race_WHITE, 1_hsa.miR.105.5p, 1_hsa.miR.138.1.3p, 1_hsa.miR.30c.2.3p, 1_hsa.miR.3677.3p, 1_hsa.miR.3678.5p, 1_hsa.miR.3681.5p, 1_hsa.miR.4661.5p, 1_hsa.miR.873.5p, 1_hsa.miR.512.3p, 1_hsa.miR.520c.3p]
(0.7536933934455949, 0.31622776601683794) 9 features: [0_age_at_initial_pathologic_diagnosis, 0_race_WHITE, 1_hsa.miR.1269b, 1_hsa.miR.3677.3p, 1_hsa.miR.3678.5p, 1_hsa.miR.4661.5p, 1_hsa.miR.873.5p, 1_hsa.miR.512.3p, 1_hsa.miR.520b]
(0.7518598794769785, 0.3333333333333333) 8 features: [0_age_at_initial_pathologic_diagnosis, 0_race_WHITE, 1_hsa.miR.3677.3p, 1_hsa.miR.3678.5p, 1_hsa.miR.4661.5p, 1_hsa.miR.873.5p, 1_hsa.miR.512.3p, 1_hsa.miR.520b]
(0.7499364182459635, 0.3535533905932738) 7 features: [0_race_WHITE, 1_hsa.miR.3677.3p, 1_hsa.miR.3678.5p, 1_hsa.miR.4661.5p, 1_hsa.miR.873.5p, 1_hsa.miR.512.3p, 1_hsa.miR.520b]
(0.7413362486836451, 0.3779644730092272) 6 features: [1_hsa.miR.3677.3p, 1_hsa.miR.3678.5p, 1_hsa.miR.4661.5p, 1_hsa.miR.873.5p, 1_hsa.miR.512.3p, 1_hsa.miR.520b]
(0.7315789872220839, 0.4472135954999579) 4 features: [1_hsa.miR.29c.3p, 1_hsa.miR.3677.3p, 1_hsa.miR.3678.5p, 1_hsa.miR.512.3p]
(0.7155355959603543, 0.5) [1_hsa.miR.29c.3p, 1_hsa.miR.3677.3p, 1_hsa.miR.3678.5p]
(0.694329016468319, 0.5773502691896257) [1_hsa.miR.3677.3p, 1_hsa.miR.512.3p]
(0.6626917782084053, 0.7071067811865476) [1_hsa.miR.3677.3p]
(0.5, 1.0) []
Features in hall of fame by prevalence:
20 features: [1_hsa.miR.3677.3p, 1_hsa.miR.3678.5p, 1_hsa.miR.512.3p, 1_hsa.miR.4661.5p, 1_hsa.miR.873.5p, 0_race_WHITE, 0_age_at_initial_pathologic_diagnosis, 1_hsa.miR.520b, 1_hsa.miR.138.1.3p, 1_hsa.miR.30c.2.3p, 1_hsa.miR.3681.5p, 1_hsa.miR.105.5p, 1_hsa.miR.1269b, 1_hsa.miR.29c.3p, 1_hsa.miR.551a, 1_hsa.miR.767.5p, 1_hsa.miR.135b.3p, 1_hsa.miR.3170, 1_hsa.miR.515.3p, 1_hsa.miR.520c.3p]

LAST POPULATION
Number of solutions = 500
Features in hall of fame by prevalence:
73 features: [1_hsa.miR.3677.3p, 1_hsa.miR.3678.5p, 1_hsa.miR.512.3p, 1_hsa.miR.873.5p, 0_race_WHITE, 1_hsa.miR.4661.5p, 0_age_at_initial_pathologic_diagnosis, 1_hsa.miR.138.1.3p, 1_hsa.miR.30c.2.3p, 1_hsa.miR.3170, 1_hsa.miR.3681.5p, 1_hsa.miR.1269b, 1_hsa.miR.3605.3p, 1_hsa.miR.520b, 1_hsa.miR.105.5p, 1_hsa.miR.767.3p, 1_hsa.miR.767.5p, 1_hsa.miR.520c.3p, 1_hsa.miR.29c.3p, 1_hsa.miR.421, 1_hsa.miR.551a, 1_hsa.miR.520f.3p, 1_hsa.miR.33a.5p, 1_hsa.miR.3607.5p, 1_hsa.miR.548v, 1_hsa.miR.181c.3p, 1_hsa.miR.20a.3p, 1_hsa.miR.455.5p, 1_hsa.miR.21.3p, 1_hsa.miR.301b, 1_hsa.miR.135b.3p, 1_hsa.miR.3687, 1_hsa.miR.515.3p, 1_hsa.miR.17.3p, 1_hsa.miR.19a.3p, 1_hsa.miR.24.2.5p, 1_hsa.miR.324.3p, 1_hsa.miR.130b.3p, 1_hsa.miR.15b.3p, 1_hsa.miR.374b.3p, 1_hsa.miR.518f.3p, 1_hsa.miR.1229.3p, 1_hsa.miR.30d.3p, 1_hsa.miR.503.3p, 1_hsa.miR.93.3p, 1_hsa.miR.1537.5p, 1_hsa.miR.16.2.3p, 1_hsa.miR.19b.3p, 1_hsa.miR.301a.3p, 1_hsa.miR.374a.3p, 1_hsa.miR.1251.3p, 1_hsa.miR.186.5p, 1_hsa.miR.18a.3p, 1_hsa.miR.219a.1.3p, 1_hsa.miR.3200.3p, 1_hsa.miR.3610, 1_hsa.miR.361.3p, 1_hsa.miR.4662a.5p, 1_hsa.miR.744.3p, 1_hsa.miR.887.3p, 1_hsa.miR.1306.3p, 1_hsa.miR.17.5p, 1_hsa.miR.181b.3p, 1_hsa.miR.196b.3p, 1_hsa.miR.206, 1_hsa.miR.214.3p, 1_hsa.miR.361.5p, 1_hsa.miR.383.5p, 1_hsa.miR.455.3p, 1_hsa.miR.551b.3p, 1_hsa.miR.7706, 1_hsa.miR.92a.1.5p, 1_hsa.miR.92a.3p]

BEST SUMS WITH SIZE 50
Number of solutions = 50
Features in hall of fame by prevalence:
43 features: [1_hsa.miR.3677.3p, 0_age_at_initial_pathologic_diagnosis, 1_hsa.miR.3678.5p, 1_hsa.miR.29c.3p, 1_hsa.miR.301a.3p, 1_hsa.miR.301b, 1_hsa.miR.3605.3p, 1_hsa.miR.873.5p, 1_hsa.miR.512.3p, 0_race_WHITE, 1_hsa.miR.105.5p, 1_hsa.miR.1306.3p, 1_hsa.miR.130b.3p, 1_hsa.miR.15b.3p, 1_hsa.miR.16.2.3p, 1_hsa.miR.17.3p, 1_hsa.miR.17.5p, 1_hsa.miR.181b.3p, 1_hsa.miR.19a.3p, 1_hsa.miR.19b.3p, 1_hsa.miR.20a.3p, 1_hsa.miR.21.3p, 1_hsa.miR.30c.2.3p, 1_hsa.miR.3170, 1_hsa.miR.3200.3p, 1_hsa.miR.324.3p, 1_hsa.miR.33a.5p, 1_hsa.miR.361.5p, 1_hsa.miR.3687, 1_hsa.miR.421, 1_hsa.miR.455.3p, 1_hsa.miR.455.5p, 1_hsa.miR.503.3p, 1_hsa.miR.548v, 1_hsa.miR.551a, 1_hsa.miR.551b.3p, 1_hsa.miR.744.3p, 1_hsa.miR.767.3p, 1_hsa.miR.767.5p, 1_hsa.miR.7706, 1_hsa.miR.887.3p, 1_hsa.miR.92a.1.5p, 1_hsa.miR.92a.3p]

BEST SUMS WITH SIZE 100
Number of solutions = 100
Features in hall of fame by prevalence:
49 features: [1_hsa.miR.3677.3p, 0_age_at_initial_pathologic_diagnosis, 1_hsa.miR.3170, 1_hsa.miR.873.5p, 0_race_WHITE, 1_hsa.miR.3678.5p, 1_hsa.miR.3605.3p, 1_hsa.miR.20a.3p, 1_hsa.miR.29c.3p, 1_hsa.miR.33a.5p, 1_hsa.miR.767.3p, 1_hsa.miR.130b.3p, 1_hsa.miR.17.3p, 1_hsa.miR.301a.3p, 1_hsa.miR.301b, 1_hsa.miR.3200.3p, 1_hsa.miR.551a, 1_hsa.miR.7706, 1_hsa.miR.1306.3p, 1_hsa.miR.19a.3p, 1_hsa.miR.21.3p, 1_hsa.miR.3687, 1_hsa.miR.421, 1_hsa.miR.503.3p, 1_hsa.miR.548v, 1_hsa.miR.551b.3p, 1_hsa.miR.767.5p, 1_hsa.miR.887.3p, 1_hsa.miR.92a.3p, 1_hsa.miR.512.3p, 1_hsa.miR.105.5p, 1_hsa.miR.1269b, 1_hsa.miR.15b.3p, 1_hsa.miR.16.2.3p, 1_hsa.miR.17.5p, 1_hsa.miR.181b.3p, 1_hsa.miR.196b.3p, 1_hsa.miR.19b.3p, 1_hsa.miR.206, 1_hsa.miR.214.3p, 1_hsa.miR.30c.2.3p, 1_hsa.miR.324.3p, 1_hsa.miR.361.5p, 1_hsa.miR.3681.5p, 1_hsa.miR.374a.3p, 1_hsa.miR.455.3p, 1_hsa.miR.455.5p, 1_hsa.miR.744.3p, 1_hsa.miR.92a.1.5p]

STARTING SWEEP NUMBER 2
folds_creator_seed = 3786326167

ASSIGNING STRATA FOR MULTI-OUTCOME DATA SARC_MV
Assigning strata for outcome named survival of type survival
Counts:
censored 0: 25
censored 1: 74
deceased 0: 28
deceased 1: 28
ga_runner_seed = 920314578
VIEW: CLINIC
   	     	         	        	   survival SKSurv Cox model concordance index   	             root leanness              
   	     	         	        	-------------------------------------------------	----------------------------------------
gen	evals	gen_feats	explored	min	avg     	max     	std                  	min    	avg     	max	std     
0  	0    	2        	2       	0.5	0.561491	0.621978	0.0497872            	0.57735	0.767496	1  	0.172092
1  	291  	2        	2       	0.5	0.568446	0.621978	0.0464125            	0.57735	0.747891	1  	0.154895
2  	320  	2        	2       	0.5	0.568446	0.621978	0.0464125            	0.57735	0.747891	1  	0.154895
3  	322  	2        	2       	0.5	0.568446	0.621978	0.0464125            	0.57735	0.747891	1  	0.154895
4  	293  	2        	2       	0.5	0.568446	0.621978	0.0464125            	0.57735	0.747891	1  	0.154895
5  	319  	2        	2       	0.5	0.568446	0.621978	0.0464125            	0.57735	0.747891	1  	0.154895
6  	318  	2        	2       	0.5	0.568446	0.621978	0.0464125            	0.57735	0.747891	1  	0.154895
7  	313  	2        	2       	0.5	0.568446	0.621978	0.0464125            	0.57735	0.747891	1  	0.154895
8  	314  	2        	2       	0.5	0.568446	0.621978	0.0464125            	0.57735	0.747891	1  	0.154895
9  	313  	2        	2       	0.5	0.568446	0.621978	0.0464125            	0.57735	0.747891	1  	0.154895
10 	315  	2        	2       	0.5	0.568446	0.621978	0.0464125            	0.57735	0.747891	1  	0.154895
11 	293  	2        	2       	0.5	0.568446	0.621978	0.0464125            	0.57735	0.747891	1  	0.154895
12 	313  	2        	2       	0.5	0.568446	0.621978	0.0464125            	0.57735	0.747891	1  	0.154895
13 	283  	2        	2       	0.5	0.568446	0.621978	0.0464125            	0.57735	0.747891	1  	0.154895
14 	300  	2        	2       	0.5	0.568446	0.621978	0.0464125            	0.57735	0.747891	1  	0.154895
15 	288  	2        	2       	0.5	0.568446	0.621978	0.0464125            	0.57735	0.747891	1  	0.154895
16 	304  	2        	2       	0.5	0.568446	0.621978	0.0464125            	0.57735	0.747891	1  	0.154895
17 	301  	2        	2       	0.5	0.568446	0.621978	0.0464125            	0.57735	0.747891	1  	0.154895
18 	303  	2        	2       	0.5	0.568446	0.621978	0.0464125            	0.57735	0.747891	1  	0.154895
19 	316  	2        	2       	0.5	0.568446	0.621978	0.0464125            	0.57735	0.747891	1  	0.154895
20 	302  	2        	2       	0.5	0.568446	0.621978	0.0464125            	0.57735	0.747891	1  	0.154895
21 	313  	2        	2       	0.5	0.568446	0.621978	0.0464125            	0.57735	0.747891	1  	0.154895
22 	313  	2        	2       	0.5	0.568446	0.621978	0.0464125            	0.57735	0.747891	1  	0.154895
23 	299  	2        	2       	0.5	0.568446	0.621978	0.0464125            	0.57735	0.747891	1  	0.154895
24 	308  	2        	2       	0.5	0.568446	0.621978	0.0464125            	0.57735	0.747891	1  	0.154895
25 	311  	2        	2       	0.5	0.568446	0.621978	0.0464125            	0.57735	0.747891	1  	0.154895
26 	316  	2        	2       	0.5	0.568446	0.621978	0.0464125            	0.57735	0.747891	1  	0.154895
27 	305  	2        	2       	0.5	0.568446	0.621978	0.0464125            	0.57735	0.747891	1  	0.154895
28 	299  	2        	2       	0.5	0.568446	0.621978	0.0464125            	0.57735	0.747891	1  	0.154895
29 	316  	2        	2       	0.5	0.568446	0.621978	0.0464125            	0.57735	0.747891	1  	0.154895
30 	322  	2        	2       	0.5	0.568446	0.621978	0.0464125            	0.57735	0.747891	1  	0.154895
31 	298  	2        	2       	0.5	0.568446	0.621978	0.0464125            	0.57735	0.747891	1  	0.154895
32 	278  	2        	2       	0.5	0.568446	0.621978	0.0464125            	0.57735	0.747891	1  	0.154895
33 	316  	2        	2       	0.5	0.568446	0.621978	0.0464125            	0.57735	0.747891	1  	0.154895
34 	297  	2        	2       	0.5	0.568446	0.621978	0.0464125            	0.57735	0.747891	1  	0.154895
35 	321  	2        	2       	0.5	0.568446	0.621978	0.0464125            	0.57735	0.747891	1  	0.154895
36 	291  	2        	2       	0.5	0.568446	0.621978	0.0464125            	0.57735	0.747891	1  	0.154895
37 	311  	2        	2       	0.5	0.568446	0.621978	0.0464125            	0.57735	0.747891	1  	0.154895
38 	303  	2        	2       	0.5	0.568446	0.621978	0.0464125            	0.57735	0.747891	1  	0.154895
39 	308  	2        	2       	0.5	0.568446	0.621978	0.0464125            	0.57735	0.747891	1  	0.154895
40 	324  	2        	2       	0.5	0.568446	0.621978	0.0464125            	0.57735	0.747891	1  	0.154895
41 	297  	2        	2       	0.5	0.568446	0.621978	0.0464125            	0.57735	0.747891	1  	0.154895
42 	313  	2        	2       	0.5	0.568446	0.621978	0.0464125            	0.57735	0.747891	1  	0.154895
43 	307  	2        	2       	0.5	0.568446	0.621978	0.0464125            	0.57735	0.747891	1  	0.154895
44 	307  	2        	2       	0.5	0.568446	0.621978	0.0464125            	0.57735	0.747891	1  	0.154895
45 	317  	2        	2       	0.5	0.568446	0.621978	0.0464125            	0.57735	0.747891	1  	0.154895
46 	310  	2        	2       	0.5	0.568446	0.621978	0.0464125            	0.57735	0.747891	1  	0.154895
47 	310  	2        	2       	0.5	0.568446	0.621978	0.0464125            	0.57735	0.747891	1  	0.154895
48 	301  	2        	2       	0.5	0.568446	0.621978	0.0464125            	0.57735	0.747891	1  	0.154895
49 	321  	2        	2       	0.5	0.568446	0.621978	0.0464125            	0.57735	0.747891	1  	0.154895

ASSIGNING STRATA FOR MULTI-OUTCOME DATA SARC_MV
Assigning strata for outcome named survival of type survival
Counts:
censored 0: 25
censored 1: 74
deceased 0: 28
deceased 1: 28
VIEW: LOG_MIRNA
   	     	         	        	   survival SKSurv Cox model concordance index   	                 root leanness                  
   	     	         	        	-------------------------------------------------	------------------------------------------------
gen	evals	gen_feats	explored	min	avg     	max     	std                  	min     	avg     	max	std     
0  	0    	71       	71      	0.5	0.722927	0.779708	0.0511355            	0.258199	0.43329 	1  	0.132198
1  	354  	108      	109     	0.5	0.703253	0.779708	0.0533886            	0.25    	0.428254	1  	0.126684
2  	386  	110      	110     	0.5	0.709452	0.779708	0.0515357            	0.258199	0.432638	1  	0.128938
3  	366  	110      	110     	0.5	0.711555	0.779708	0.0510265            	0.242536	0.431999	1  	0.129639
4  	371  	108      	110     	0.5	0.712843	0.779708	0.0502496            	0.258199	0.432413	1  	0.129275
5  	387  	109      	110     	0.5	0.713681	0.779708	0.0501131            	0.25    	0.432208	1  	0.129506
6  	394  	108      	110     	0.5	0.714766	0.779708	0.0495583            	0.25    	0.430632	1  	0.12952 
7  	373  	106      	110     	0.5	0.715402	0.779708	0.0494808            	0.25    	0.429804	1  	0.12944 
8  	381  	106      	110     	0.5	0.715852	0.779708	0.0496003            	0.25    	0.429884	1  	0.129358
9  	402  	110      	110     	0.5	0.716507	0.779708	0.0492481            	0.25    	0.42865 	1  	0.129136
10 	379  	108      	110     	0.5	0.716279	0.779708	0.0496173            	0.25    	0.429841	1  	0.129457
11 	379  	108      	110     	0.5	0.716775	0.779708	0.0496628            	0.25    	0.428646	1  	0.129884
12 	386  	106      	110     	0.5	0.717575	0.779708	0.0492132            	0.25    	0.427303	1  	0.129383
13 	361  	108      	110     	0.5	0.717815	0.779708	0.0492981            	0.25    	0.427622	1  	0.129183
14 	358  	107      	110     	0.5	0.718392	0.779708	0.0489747            	0.25    	0.426353	1  	0.129086
15 	369  	108      	110     	0.5	0.718566	0.779708	0.0494747            	0.25    	0.426302	1  	0.129454
16 	386  	109      	110     	0.5	0.718756	0.779708	0.0495592            	0.242536	0.426642	1  	0.12914 
17 	394  	108      	110     	0.5	0.718742	0.779708	0.0495899            	0.242536	0.427476	1  	0.129082
18 	381  	109      	110     	0.5	0.71947 	0.779708	0.0491363            	0.242536	0.425576	1  	0.128718
19 	374  	108      	110     	0.5	0.719269	0.779708	0.0496198            	0.242536	0.426194	1  	0.129394
20 	366  	107      	110     	0.5	0.719763	0.779708	0.0492469            	0.242536	0.425046	1  	0.129227
21 	376  	109      	110     	0.5	0.719937	0.779708	0.0492785            	0.242536	0.425008	1  	0.129298
22 	375  	107      	110     	0.5	0.719393	0.779708	0.0498122            	0.258199	0.427392	1  	0.129355
23 	367  	107      	110     	0.5	0.719942	0.779708	0.049497             	0.25    	0.426487	1  	0.128935
24 	359  	108      	110     	0.5	0.719704	0.779708	0.0499771            	0.25    	0.427853	1  	0.129012
25 	376  	108      	110     	0.5	0.719863	0.779708	0.050049             	0.25    	0.427598	1  	0.129265
26 	384  	109      	110     	0.5	0.719937	0.779708	0.0500856            	0.25    	0.427811	1  	0.12906 
27 	377  	109      	110     	0.5	0.719391	0.779708	0.0506733            	0.25    	0.429713	1  	0.129339
28 	364  	108      	110     	0.5	0.719413	0.779708	0.0507092            	0.25    	0.430437	1  	0.128928
29 	368  	109      	110     	0.5	0.719607	0.779708	0.050741             	0.242536	0.430226	1  	0.129153
30 	392  	107      	110     	0.5	0.719746	0.779708	0.0508127            	0.242536	0.430244	1  	0.129167
31 	382  	108      	110     	0.5	0.719907	0.779708	0.0508644            	0.242536	0.429729	1  	0.129578
32 	367  	106      	110     	0.5	0.720729	0.779708	0.0504495            	0.242536	0.427727	1  	0.129205
33 	370  	106      	110     	0.5	0.720795	0.779708	0.0504848            	0.242536	0.427688	1  	0.129233
34 	374  	110      	110     	0.5	0.721234	0.779708	0.0501158            	0.242536	0.426597	1  	0.12892 
35 	373  	109      	110     	0.5	0.721654	0.779708	0.0501024            	0.242536	0.425297	1  	0.129078
36 	374  	106      	110     	0.5	0.722501	0.779708	0.0497249            	0.242536	0.422626	1  	0.129257
37 	374  	109      	110     	0.5	0.722637	0.779708	0.0497928            	0.242536	0.422203	1  	0.129588
38 	374  	110      	110     	0.5	0.722926	0.779708	0.0499026            	0.242536	0.421591	1  	0.129859
39 	382  	106      	110     	0.5	0.723523	0.779708	0.0494478            	0.242536	0.420299	1  	0.129092
40 	391  	109      	110     	0.5	0.723748	0.779708	0.049523             	0.242536	0.419755	1  	0.129422
41 	370  	108      	110     	0.5	0.723815	0.779708	0.0495526            	0.242536	0.419593	1  	0.129569
42 	357  	107      	110     	0.5	0.723858	0.779708	0.0495786            	0.242536	0.419737	1  	0.129444
43 	381  	109      	110     	0.5	0.724059	0.779708	0.0496282            	0.242536	0.419291	1  	0.129586
44 	372  	107      	110     	0.5	0.724088	0.779708	0.0496942            	0.242536	0.419566	1  	0.129482
45 	371  	104      	110     	0.5	0.724508	0.779708	0.0496689            	0.242536	0.418106	1  	0.129769
46 	363  	109      	110     	0.5	0.724747	0.779708	0.0493427            	0.242536	0.417772	1  	0.129393
47 	381  	107      	110     	0.5	0.724817	0.779708	0.0493838            	0.242536	0.41765 	1  	0.129496
48 	397  	108      	110     	0.5	0.725091	0.779708	0.0493761            	0.242536	0.416971	1  	0.129522
49 	375  	108      	110     	0.5	0.724513	0.779708	0.0498086            	0.242536	0.418812	1  	0.129655

STARTING MASTER RUNNER RESAMPLING
Generations completed = 8
Generations completed = 19
Generations completed = 30
Generations completed = 41
MASTER
   	     	         	        	       survival SKSurv Cox model concordance index       	                     root leanness                      
   	     	         	        	---------------------------------------------------------	--------------------------------------------------------
gen	evals	gen_feats	explored	min     	avg     	max     	std             	min     	avg     	max     	std     
0  	500  	89       	89      	0.494005	0.686462	0.754064	0.0429294       	0.229416	0.38353 	0.707107	0.105302
1  	416  	90       	94      	0.573527	0.702953	0.760029	0.0354549       	0.235702	0.398906	0.707107	0.106581
2  	405  	84       	95      	0.573527	0.7073  	0.76264 	0.0371334       	0.235702	0.402647	0.707107	0.113313
3  	394  	88       	97      	0.573527	0.710046	0.76264 	0.0370166       	0.235702	0.402651	0.707107	0.115173
4  	402  	83       	97      	0.5     	0.711267	0.76264 	0.0383459       	0.235702	0.404381	1       	0.120631
5  	401  	88       	97      	0.5     	0.712122	0.766614	0.0394406       	0.235702	0.40427 	1       	0.123669
6  	404  	87       	97      	0.5     	0.712776	0.768757	0.0399253       	0.235702	0.403887	1       	0.124627
7  	408  	89       	97      	0.5     	0.712535	0.768757	0.0410477       	0.235702	0.405561	1       	0.127533
8  	417  	87       	97      	0.5     	0.712718	0.768757	0.0418079       	0.235702	0.406123	1       	0.128882
9  	402  	83       	97      	0.5     	0.712398	0.768757	0.0430611       	0.235702	0.407391	1       	0.131059
10 	410  	87       	97      	0.5     	0.712711	0.768757	0.0427521       	0.235702	0.407102	1       	0.131347
11 	423  	87       	97      	0.5     	0.712974	0.768757	0.0426041       	0.235702	0.406718	1       	0.131617
12 	415  	82       	97      	0.5     	0.713208	0.768757	0.0423011       	0.235702	0.406423	1       	0.131766
13 	415  	86       	97      	0.5     	0.714037	0.768757	0.0419096       	0.235702	0.403988	1       	0.131436
14 	419  	85       	97      	0.5     	0.714286	0.768757	0.0419592       	0.235702	0.403981	1       	0.131437
15 	407  	91       	97      	0.5     	0.714437	0.768757	0.0417915       	0.235702	0.403788	1       	0.1316  
16 	409  	87       	97      	0.5     	0.714552	0.768757	0.0417978       	0.235702	0.403662	1       	0.131705
17 	402  	81       	97      	0.5     	0.714616	0.768757	0.0417764       	0.235702	0.403853	1       	0.131525
18 	399  	87       	97      	0.5     	0.714625	0.768757	0.0417769       	0.235702	0.403887	1       	0.131505
19 	412  	84       	97      	0.5     	0.714625	0.768757	0.0417769       	0.235702	0.403887	1       	0.131505
20 	407  	86       	97      	0.5     	0.71469 	0.768757	0.0417008       	0.235702	0.403887	1       	0.131505
21 	398  	88       	97      	0.5     	0.714692	0.768757	0.0417016       	0.235702	0.403797	1       	0.131568
22 	409  	85       	97      	0.5     	0.714692	0.768757	0.0417016       	0.235702	0.403797	1       	0.131568
23 	404  	91       	97      	0.5     	0.714692	0.768757	0.0417016       	0.235702	0.403797	1       	0.131568
24 	397  	82       	97      	0.5     	0.714692	0.768757	0.0417016       	0.235702	0.403797	1       	0.131568
25 	402  	84       	97      	0.5     	0.71472 	0.768757	0.0416672       	0.235702	0.403797	1       	0.131568
26 	409  	83       	97      	0.5     	0.71472 	0.768757	0.0416672       	0.235702	0.403797	1       	0.131568
27 	429  	89       	97      	0.5     	0.71472 	0.768757	0.0416672       	0.235702	0.403797	1       	0.131568
28 	425  	88       	97      	0.5     	0.71472 	0.768757	0.0416672       	0.235702	0.403797	1       	0.131568
29 	400  	84       	97      	0.5     	0.71472 	0.768757	0.0416672       	0.235702	0.403797	1       	0.131568
30 	412  	91       	97      	0.5     	0.71472 	0.768757	0.0416672       	0.235702	0.403797	1       	0.131568
31 	395  	81       	97      	0.5     	0.71472 	0.768757	0.0416672       	0.235702	0.403797	1       	0.131568
32 	400  	88       	97      	0.5     	0.71472 	0.768757	0.0416672       	0.235702	0.403797	1       	0.131568
33 	404  	89       	97      	0.5     	0.714721	0.768757	0.0416677       	0.235702	0.403757	1       	0.131586
34 	416  	84       	97      	0.5     	0.714716	0.768757	0.041666        	0.235702	0.403797	1       	0.131568
35 	430  	88       	97      	0.5     	0.714718	0.768757	0.0416666       	0.235702	0.403797	1       	0.131568
36 	424  	87       	97      	0.5     	0.714718	0.768757	0.0416666       	0.235702	0.403797	1       	0.131568
37 	412  	85       	97      	0.5     	0.714718	0.768757	0.0416666       	0.235702	0.403797	1       	0.131568
38 	388  	85       	97      	0.5     	0.714718	0.768757	0.0416666       	0.235702	0.403797	1       	0.131568
39 	396  	89       	97      	0.5     	0.714718	0.768757	0.0416666       	0.235702	0.403797	1       	0.131568
40 	412  	88       	97      	0.5     	0.71472 	0.768757	0.0416672       	0.235702	0.403797	1       	0.131568
41 	399  	89       	97      	0.5     	0.71472 	0.768757	0.0416672       	0.235702	0.403797	1       	0.131568
42 	388  	84       	97      	0.5     	0.71472 	0.768757	0.0416672       	0.235702	0.403797	1       	0.131568
43 	401  	82       	97      	0.5     	0.71472 	0.768757	0.0416672       	0.235702	0.403797	1       	0.131568
44 	395  	85       	97      	0.5     	0.71472 	0.768757	0.0416672       	0.235702	0.403797	1       	0.131568
45 	415  	88       	97      	0.5     	0.71472 	0.768757	0.0416672       	0.235702	0.403797	1       	0.131568
46 	414  	89       	97      	0.5     	0.71472 	0.768757	0.0416672       	0.235702	0.403797	1       	0.131568
47 	408  	85       	97      	0.5     	0.71472 	0.768757	0.0416672       	0.235702	0.403797	1       	0.131568
48 	407  	87       	97      	0.5     	0.71472 	0.768757	0.0416672       	0.235702	0.403797	1       	0.131568
49 	391  	85       	97      	0.5     	0.71472 	0.768757	0.0416672       	0.235702	0.403797	1       	0.131568

CURRENT HALLS OF FAME

PARETO FRONT
Number of solutions = 13
(0.7687568506424953, 0.25) 15 features: [0_age_at_initial_pathologic_diagnosis, 0_race_WHITE, 1_hsa.miR.105.5p, 1_hsa.miR.1269b, 1_hsa.miR.138.1.3p, 1_hsa.miR.30c.2.3p, 1_hsa.miR.3170, 1_hsa.miR.3677.3p, 1_hsa.miR.3678.5p, 1_hsa.miR.3681.5p, 1_hsa.miR.4661.5p, 1_hsa.miR.873.5p, 1_hsa.miR.512.3p, 1_hsa.miR.515.3p, 1_hsa.miR.520b]
(0.7626817203568282, 0.2672612419124244) 13 features: [0_age_at_initial_pathologic_diagnosis, 0_race_WHITE, 1_hsa.miR.135b.3p, 1_hsa.miR.138.1.3p, 1_hsa.miR.30c.2.3p, 1_hsa.miR.3677.3p, 1_hsa.miR.3678.5p, 1_hsa.miR.3681.5p, 1_hsa.miR.4661.5p, 1_hsa.miR.551a, 1_hsa.miR.767.5p, 1_hsa.miR.873.5p, 1_hsa.miR.512.3p]
(0.7626400869968495, 0.2773500981126146) 12 features: [0_age_at_initial_pathologic_diagnosis, 0_race_WHITE, 1_hsa.miR.138.1.3p, 1_hsa.miR.30c.2.3p, 1_hsa.miR.3677.3p, 1_hsa.miR.3678.5p, 1_hsa.miR.3681.5p, 1_hsa.miR.4661.5p, 1_hsa.miR.551a, 1_hsa.miR.767.5p, 1_hsa.miR.873.5p, 1_hsa.miR.512.3p]
(0.7568234950754388, 0.28867513459481287) 11 features: [0_race_WHITE, 1_hsa.miR.105.5p, 1_hsa.miR.138.1.3p, 1_hsa.miR.30c.2.3p, 1_hsa.miR.3677.3p, 1_hsa.miR.3678.5p, 1_hsa.miR.3681.5p, 1_hsa.miR.4661.5p, 1_hsa.miR.873.5p, 1_hsa.miR.512.3p, 1_hsa.miR.520c.3p]
(0.7536933934455949, 0.31622776601683794) 9 features: [0_age_at_initial_pathologic_diagnosis, 0_race_WHITE, 1_hsa.miR.1269b, 1_hsa.miR.3677.3p, 1_hsa.miR.3678.5p, 1_hsa.miR.4661.5p, 1_hsa.miR.873.5p, 1_hsa.miR.512.3p, 1_hsa.miR.520b]
(0.7518598794769785, 0.3333333333333333) 8 features: [0_age_at_initial_pathologic_diagnosis, 0_race_WHITE, 1_hsa.miR.3677.3p, 1_hsa.miR.3678.5p, 1_hsa.miR.4661.5p, 1_hsa.miR.873.5p, 1_hsa.miR.512.3p, 1_hsa.miR.520b]
(0.7499364182459635, 0.3535533905932738) 7 features: [0_race_WHITE, 1_hsa.miR.3677.3p, 1_hsa.miR.3678.5p, 1_hsa.miR.4661.5p, 1_hsa.miR.873.5p, 1_hsa.miR.512.3p, 1_hsa.miR.520b]
(0.7414403320835917, 0.3779644730092272) 6 features: [1_hsa.miR.3677.3p, 1_hsa.miR.3678.5p, 1_hsa.miR.4661.5p, 1_hsa.miR.873.5p, 1_hsa.miR.512.3p, 1_hsa.miR.522.3p]
(0.7315789872220839, 0.4472135954999579) 4 features: [1_hsa.miR.29c.3p, 1_hsa.miR.3677.3p, 1_hsa.miR.3678.5p, 1_hsa.miR.512.3p]
(0.7155355959603543, 0.5) [1_hsa.miR.29c.3p, 1_hsa.miR.3677.3p, 1_hsa.miR.3678.5p]
(0.694329016468319, 0.5773502691896257) [1_hsa.miR.3677.3p, 1_hsa.miR.512.3p]
(0.6626917782084053, 0.7071067811865476) [1_hsa.miR.3677.3p]
(0.5, 1.0) []
Features in hall of fame by prevalence:
21 features: [1_hsa.miR.3677.3p, 1_hsa.miR.3678.5p, 1_hsa.miR.512.3p, 1_hsa.miR.4661.5p, 1_hsa.miR.873.5p, 0_race_WHITE, 0_age_at_initial_pathologic_diagnosis, 1_hsa.miR.138.1.3p, 1_hsa.miR.30c.2.3p, 1_hsa.miR.3681.5p, 1_hsa.miR.520b, 1_hsa.miR.105.5p, 1_hsa.miR.1269b, 1_hsa.miR.29c.3p, 1_hsa.miR.551a, 1_hsa.miR.767.5p, 1_hsa.miR.135b.3p, 1_hsa.miR.3170, 1_hsa.miR.515.3p, 1_hsa.miR.520c.3p, 1_hsa.miR.522.3p]

LAST POPULATION
Number of solutions = 500
Features in hall of fame by prevalence:
82 features: [1_hsa.miR.3677.3p, 1_hsa.miR.3678.5p, 1_hsa.miR.512.3p, 1_hsa.miR.873.5p, 0_race_WHITE, 1_hsa.miR.4661.5p, 0_age_at_initial_pathologic_diagnosis, 1_hsa.miR.138.1.3p, 1_hsa.miR.30c.2.3p, 1_hsa.miR.3170, 1_hsa.miR.3605.3p, 1_hsa.miR.3681.5p, 1_hsa.miR.1269b, 1_hsa.miR.520c.3p, 1_hsa.miR.29c.3p, 1_hsa.miR.520b, 1_hsa.miR.105.5p, 1_hsa.miR.767.5p, 1_hsa.miR.455.5p, 1_hsa.miR.890, 1_hsa.miR.767.3p, 1_hsa.miR.197.3p, 1_hsa.miR.374a.3p, 1_hsa.miR.551a, 1_hsa.miR.3923, 1_hsa.miR.520f.3p, 1_hsa.miR.26a.1.3p, 1_hsa.miR.421, 1_hsa.miR.33a.5p, 1_hsa.miR.3607.5p, 1_hsa.miR.548v, 1_hsa.miR.339.3p, 1_hsa.miR.181c.3p, 1_hsa.miR.20a.3p, 1_hsa.miR.21.3p, 1_hsa.miR.1537.5p, 1_hsa.miR.135b.3p, 1_hsa.miR.324.3p, 1_hsa.miR.3687, 1_hsa.miR.522.3p, 1_hsa.miR.15b.3p, 1_hsa.miR.361.3p, 1_hsa.miR.515.3p, 1_hsa.miR.17.3p, 1_hsa.miR.301b, 1_hsa.miR.887.3p, 1_hsa.miR.138.5p, 1_hsa.miR.19a.3p, 1_hsa.miR.24.2.5p, 1_hsa.miR.518f.3p, 1_hsa.miR.1229.3p, 1_hsa.miR.301a.3p, 1_hsa.miR.455.3p, 1_hsa.miR.503.3p, 1_hsa.miR.518d.3p, 1_hsa.miR.130b.3p, 1_hsa.miR.151a.5p, 1_hsa.miR.186.5p, 1_hsa.miR.19b.3p, 1_hsa.miR.3610, 1_hsa.miR.103a.2.5p, 1_hsa.miR.16.2.3p, 1_hsa.miR.181b.3p, 1_hsa.miR.18a.3p, 1_hsa.miR.219a.1.3p, 1_hsa.miR.30d.3p, 1_hsa.miR.3200.3p, 1_hsa.miR.4662a.5p, 1_hsa.miR.744.3p, 1_hsa.miR.92a.3p, 1_hsa.miR.93.3p, 1_hsa.miR.1306.3p, 1_hsa.miR.1343.3p, 1_hsa.miR.17.5p, 1_hsa.miR.20a.5p, 1_hsa.miR.3187.3p, 1_hsa.miR.33a.3p, 1_hsa.miR.374b.3p, 1_hsa.miR.548f.3p, 1_hsa.miR.551b.3p, 1_hsa.miR.7706, 1_hsa.miR.92a.1.5p]

BEST SUMS WITH SIZE 50
Number of solutions = 50
Features in hall of fame by prevalence:
47 features: [1_hsa.miR.3605.3p, 1_hsa.miR.3677.3p, 1_hsa.miR.3678.5p, 1_hsa.miR.512.3p, 0_age_at_initial_pathologic_diagnosis, 1_hsa.miR.105.5p, 1_hsa.miR.1306.3p, 1_hsa.miR.130b.3p, 1_hsa.miR.1343.3p, 1_hsa.miR.151a.3p, 1_hsa.miR.151a.5p, 1_hsa.miR.15b.3p, 1_hsa.miR.16.2.3p, 1_hsa.miR.17.3p, 1_hsa.miR.17.5p, 1_hsa.miR.181b.3p, 1_hsa.miR.186.5p, 1_hsa.miR.19a.3p, 1_hsa.miR.19b.3p, 1_hsa.miR.20a.3p, 1_hsa.miR.20a.5p, 1_hsa.miR.21.3p, 1_hsa.miR.29c.3p, 1_hsa.miR.301a.3p, 1_hsa.miR.301b, 1_hsa.miR.30c.2.3p, 1_hsa.miR.3170, 1_hsa.miR.3200.3p, 1_hsa.miR.324.3p, 1_hsa.miR.33a.3p, 1_hsa.miR.33a.5p, 1_hsa.miR.3610, 1_hsa.miR.361.5p, 1_hsa.miR.421, 1_hsa.miR.455.3p, 1_hsa.miR.455.5p, 1_hsa.miR.4661.5p, 1_hsa.miR.503.3p, 1_hsa.miR.548v, 1_hsa.miR.551b.3p, 1_hsa.miR.744.3p, 1_hsa.miR.767.3p, 1_hsa.miR.767.5p, 1_hsa.miR.7706, 1_hsa.miR.873.5p, 1_hsa.miR.887.3p, 1_hsa.miR.92a.3p]

BEST SUMS WITH SIZE 100
Number of solutions = 100
Features in hall of fame by prevalence:
58 features: [1_hsa.miR.3677.3p, 1_hsa.miR.873.5p, 0_age_at_initial_pathologic_diagnosis, 1_hsa.miR.3170, 1_hsa.miR.301a.3p, 1_hsa.miR.3605.3p, 1_hsa.miR.3678.5p, 1_hsa.miR.130b.3p, 1_hsa.miR.20a.3p, 1_hsa.miR.21.3p, 1_hsa.miR.33a.5p, 1_hsa.miR.767.3p, 1_hsa.miR.887.3p, 1_hsa.miR.92a.3p, 1_hsa.miR.512.3p, 0_race_WHITE, 1_hsa.miR.17.3p, 1_hsa.miR.19a.3p, 1_hsa.miR.29c.3p, 1_hsa.miR.301b, 1_hsa.miR.30c.2.3p, 1_hsa.miR.3200.3p, 1_hsa.miR.3687, 1_hsa.miR.455.3p, 1_hsa.miR.455.5p, 1_hsa.miR.503.3p, 1_hsa.miR.548v, 1_hsa.miR.767.5p, 1_hsa.let.7a.2.3p, 1_hsa.miR.105.5p, 1_hsa.miR.1306.3p, 1_hsa.miR.1343.3p, 1_hsa.miR.151a.3p, 1_hsa.miR.151a.5p, 1_hsa.miR.15b.3p, 1_hsa.miR.16.2.3p, 1_hsa.miR.17.5p, 1_hsa.miR.181b.3p, 1_hsa.miR.186.5p, 1_hsa.miR.196b.3p, 1_hsa.miR.19b.3p, 1_hsa.miR.20a.5p, 1_hsa.miR.324.3p, 1_hsa.miR.33a.3p, 1_hsa.miR.3607.5p, 1_hsa.miR.3610, 1_hsa.miR.361.5p, 1_hsa.miR.3681.5p, 1_hsa.miR.374a.3p, 1_hsa.miR.421, 1_hsa.miR.4661.5p, 1_hsa.miR.548f.3p, 1_hsa.miR.551a, 1_hsa.miR.551b.3p, 1_hsa.miR.744.3p, 1_hsa.miR.7706, 1_hsa.miR.92a.1.5p, 1_hsa.miR.518d.3p]

STARTING SWEEP NUMBER 3
folds_creator_seed = 2549875238

ASSIGNING STRATA FOR MULTI-OUTCOME DATA SARC_MV
Assigning strata for outcome named survival of type survival
Counts:
censored 0: 25
censored 1: 74
deceased 0: 28
deceased 1: 28
ga_runner_seed = 164973669
VIEW: CLINIC
   	     	         	        	   survival SKSurv Cox model concordance index   	             root leanness              
   	     	         	        	-------------------------------------------------	----------------------------------------
gen	evals	gen_feats	explored	min	avg     	max     	std                  	min    	avg     	max	std     
0  	0    	2        	2       	0.5	0.558118	0.621978	0.050329             	0.57735	0.778167	1  	0.175471
1  	290  	2        	2       	0.5	0.56803 	0.621978	0.0461478            	0.57735	0.747891	1  	0.154895
2  	329  	2        	2       	0.5	0.56803 	0.621978	0.0461478            	0.57735	0.747891	1  	0.154895
3  	308  	2        	2       	0.5	0.56803 	0.621978	0.0461478            	0.57735	0.747891	1  	0.154895
4  	310  	2        	2       	0.5	0.56803 	0.621978	0.0461478            	0.57735	0.747891	1  	0.154895
5  	314  	2        	2       	0.5	0.56803 	0.621978	0.0461478            	0.57735	0.747891	1  	0.154895
6  	302  	2        	2       	0.5	0.56803 	0.621978	0.0461478            	0.57735	0.747891	1  	0.154895
7  	309  	2        	2       	0.5	0.56803 	0.621978	0.0461478            	0.57735	0.747891	1  	0.154895
8  	314  	2        	2       	0.5	0.56803 	0.621978	0.0461478            	0.57735	0.747891	1  	0.154895
9  	304  	2        	2       	0.5	0.56803 	0.621978	0.0461478            	0.57735	0.747891	1  	0.154895
10 	300  	2        	2       	0.5	0.56803 	0.621978	0.0461478            	0.57735	0.747891	1  	0.154895
11 	297  	2        	2       	0.5	0.56803 	0.621978	0.0461478            	0.57735	0.747891	1  	0.154895
12 	319  	2        	2       	0.5	0.56803 	0.621978	0.0461478            	0.57735	0.747891	1  	0.154895
13 	330  	2        	2       	0.5	0.56803 	0.621978	0.0461478            	0.57735	0.747891	1  	0.154895
14 	312  	2        	2       	0.5	0.56803 	0.621978	0.0461478            	0.57735	0.747891	1  	0.154895
15 	324  	2        	2       	0.5	0.56803 	0.621978	0.0461478            	0.57735	0.747891	1  	0.154895
16 	323  	2        	2       	0.5	0.56803 	0.621978	0.0461478            	0.57735	0.747891	1  	0.154895
17 	308  	2        	2       	0.5	0.56803 	0.621978	0.0461478            	0.57735	0.747891	1  	0.154895
18 	308  	2        	2       	0.5	0.56803 	0.621978	0.0461478            	0.57735	0.747891	1  	0.154895
19 	307  	2        	2       	0.5	0.56803 	0.621978	0.0461478            	0.57735	0.747891	1  	0.154895
20 	302  	2        	2       	0.5	0.56803 	0.621978	0.0461478            	0.57735	0.747891	1  	0.154895
21 	309  	2        	2       	0.5	0.56803 	0.621978	0.0461478            	0.57735	0.747891	1  	0.154895
22 	335  	2        	2       	0.5	0.56803 	0.621978	0.0461478            	0.57735	0.747891	1  	0.154895
23 	296  	2        	2       	0.5	0.56803 	0.621978	0.0461478            	0.57735	0.747891	1  	0.154895
24 	292  	2        	2       	0.5	0.56803 	0.621978	0.0461478            	0.57735	0.747891	1  	0.154895
25 	332  	2        	2       	0.5	0.56803 	0.621978	0.0461478            	0.57735	0.747891	1  	0.154895
26 	344  	2        	2       	0.5	0.56803 	0.621978	0.0461478            	0.57735	0.747891	1  	0.154895
27 	316  	2        	2       	0.5	0.56803 	0.621978	0.0461478            	0.57735	0.747891	1  	0.154895
28 	327  	2        	2       	0.5	0.56803 	0.621978	0.0461478            	0.57735	0.747891	1  	0.154895
29 	305  	2        	2       	0.5	0.56803 	0.621978	0.0461478            	0.57735	0.747891	1  	0.154895
30 	318  	2        	2       	0.5	0.56803 	0.621978	0.0461478            	0.57735	0.747891	1  	0.154895
31 	309  	2        	2       	0.5	0.56803 	0.621978	0.0461478            	0.57735	0.747891	1  	0.154895
32 	287  	2        	2       	0.5	0.56803 	0.621978	0.0461478            	0.57735	0.747891	1  	0.154895
33 	298  	2        	2       	0.5	0.56803 	0.621978	0.0461478            	0.57735	0.747891	1  	0.154895
34 	315  	2        	2       	0.5	0.56803 	0.621978	0.0461478            	0.57735	0.747891	1  	0.154895
35 	280  	2        	2       	0.5	0.56803 	0.621978	0.0461478            	0.57735	0.747891	1  	0.154895
36 	291  	2        	2       	0.5	0.56803 	0.621978	0.0461478            	0.57735	0.747891	1  	0.154895
37 	303  	2        	2       	0.5	0.56803 	0.621978	0.0461478            	0.57735	0.747891	1  	0.154895
38 	307  	2        	2       	0.5	0.56803 	0.621978	0.0461478            	0.57735	0.747891	1  	0.154895
39 	309  	2        	2       	0.5	0.56803 	0.621978	0.0461478            	0.57735	0.747891	1  	0.154895
40 	327  	2        	2       	0.5	0.56803 	0.621978	0.0461478            	0.57735	0.747891	1  	0.154895
41 	297  	2        	2       	0.5	0.56803 	0.621978	0.0461478            	0.57735	0.747891	1  	0.154895
42 	309  	2        	2       	0.5	0.56803 	0.621978	0.0461478            	0.57735	0.747891	1  	0.154895
43 	320  	2        	2       	0.5	0.56803 	0.621978	0.0461478            	0.57735	0.747891	1  	0.154895
44 	321  	2        	2       	0.5	0.56803 	0.621978	0.0461478            	0.57735	0.747891	1  	0.154895
45 	312  	2        	2       	0.5	0.56803 	0.621978	0.0461478            	0.57735	0.747891	1  	0.154895
46 	313  	2        	2       	0.5	0.56803 	0.621978	0.0461478            	0.57735	0.747891	1  	0.154895
47 	318  	2        	2       	0.5	0.56803 	0.621978	0.0461478            	0.57735	0.747891	1  	0.154895
48 	319  	2        	2       	0.5	0.56803 	0.621978	0.0461478            	0.57735	0.747891	1  	0.154895
49 	284  	2        	2       	0.5	0.56803 	0.621978	0.0461478            	0.57735	0.747891	1  	0.154895

ASSIGNING STRATA FOR MULTI-OUTCOME DATA SARC_MV
Assigning strata for outcome named survival of type survival
Counts:
censored 0: 25
censored 1: 74
deceased 0: 28
deceased 1: 28
VIEW: LOG_MIRNA
   	     	         	        	       survival SKSurv Cox model concordance index       	                 root leanness                  
   	     	         	        	---------------------------------------------------------	------------------------------------------------
gen	evals	gen_feats	explored	min     	avg     	max     	std             	min     	avg     	max	std     
0  	0    	80       	80      	0.5     	0.72463 	0.779708	0.0503322       	0.25    	0.425216	1  	0.13123 
1  	369  	105      	107     	0.477013	0.699035	0.779708	0.0565594       	0.25    	0.434639	1  	0.124774
2  	368  	106      	109     	0.380466	0.702817	0.779708	0.0555087       	0.25    	0.441586	1  	0.126553
3  	385  	109      	110     	0.5     	0.704406	0.779708	0.0544874       	0.25    	0.444455	1  	0.128745
4  	374  	107      	110     	0.5     	0.706692	0.779708	0.0528066       	0.25    	0.441609	1  	0.128939
5  	382  	107      	110     	0.5     	0.707617	0.779708	0.0522046       	0.25    	0.441707	1  	0.128846
6  	355  	107      	110     	0.5     	0.70959 	0.779708	0.0509098       	0.25    	0.437681	1  	0.128753
7  	368  	110      	110     	0.5     	0.710038	0.779708	0.050873        	0.25    	0.43764 	1  	0.128785
8  	374  	106      	110     	0.5     	0.710537	0.779708	0.0508183       	0.25    	0.436813	1  	0.129328
9  	390  	110      	110     	0.5     	0.711475	0.779708	0.0502565       	0.25    	0.435055	1  	0.128935
10 	390  	106      	110     	0.5     	0.712393	0.779708	0.0498766       	0.25    	0.433593	1  	0.128666
11 	386  	109      	110     	0.5     	0.712811	0.779708	0.0498227       	0.25    	0.432755	1  	0.128888
12 	366  	108      	110     	0.5     	0.713085	0.779708	0.0499076       	0.25    	0.432687	1  	0.128945
13 	376  	109      	110     	0.5     	0.713452	0.779708	0.0499572       	0.25    	0.431581	1  	0.129461
14 	393  	107      	110     	0.5     	0.713925	0.779708	0.0494681       	0.25    	0.43056 	1  	0.128927
15 	373  	106      	110     	0.5     	0.714163	0.779708	0.0494816       	0.25    	0.429697	1  	0.129331
16 	365  	108      	110     	0.5     	0.714223	0.779708	0.0495091       	0.25    	0.430121	1  	0.129069
17 	362  	109      	110     	0.5     	0.713689	0.779708	0.0501124       	0.25    	0.432585	1  	0.129077
18 	370  	107      	110     	0.5     	0.713902	0.779708	0.050155        	0.25    	0.432179	1  	0.129319
19 	386  	109      	110     	0.5     	0.714126	0.779708	0.0501515       	0.25    	0.431391	1  	0.129742
20 	365  	106      	110     	0.5     	0.714796	0.779708	0.0496595       	0.25    	0.429975	1  	0.12926 
21 	380  	109      	110     	0.5     	0.714934	0.779708	0.0496848       	0.25    	0.429569	1  	0.129539
22 	359  	108      	110     	0.5     	0.715677	0.779708	0.0491908       	0.25    	0.427369	1  	0.129356
23 	380  	107      	110     	0.5     	0.715801	0.779708	0.0491702       	0.25    	0.427501	1  	0.129226
24 	379  	107      	110     	0.5     	0.715832	0.779708	0.0491832       	0.25    	0.427602	1  	0.129175
25 	376  	108      	110     	0.5     	0.715981	0.779708	0.0491925       	0.25    	0.427486	1  	0.129191
26 	391  	107      	110     	0.5     	0.716131	0.779708	0.0491906       	0.25    	0.427203	1  	0.129401
27 	385  	110      	110     	0.5     	0.716188	0.779708	0.0492136       	0.25    	0.427469	1  	0.129254
28 	395  	108      	110     	0.5     	0.717077	0.779708	0.0488044       	0.25    	0.425099	1  	0.129122
29 	379  	110      	110     	0.5     	0.717264	0.779708	0.0488833       	0.25    	0.424517	1  	0.129572
30 	370  	108      	110     	0.5     	0.717546	0.779708	0.0489276       	0.25    	0.423662	1  	0.129877
31 	367  	110      	110     	0.5     	0.717816	0.779708	0.0485412       	0.25    	0.423537	1  	0.129207
32 	362  	108      	110     	0.5     	0.718225	0.779708	0.0484741       	0.25    	0.422132	1  	0.129487
33 	376  	109      	110     	0.5     	0.719078	0.779708	0.048026        	0.25    	0.419334	1  	0.129614
34 	360  	107      	110     	0.5     	0.719147	0.779708	0.0480578       	0.25    	0.419049	1  	0.129875
35 	352  	107      	110     	0.5     	0.719219	0.779708	0.0480908       	0.25    	0.419091	1  	0.129847
36 	362  	107      	110     	0.5     	0.71937 	0.779708	0.048094        	0.25    	0.418578	1  	0.13002 
37 	364  	106      	110     	0.5     	0.71944 	0.779708	0.0481939       	0.25    	0.418374	1  	0.130396
38 	384  	109      	110     	0.5     	0.720197	0.779708	0.0477073       	0.25    	0.416225	1  	0.13002 
39 	384  	110      	110     	0.5     	0.720342	0.779708	0.0477737       	0.25    	0.41591 	1  	0.130231
40 	364  	109      	110     	0.5     	0.72064 	0.779708	0.0478166       	0.25    	0.414857	1  	0.130623
41 	385  	108      	110     	0.5     	0.721257	0.779708	0.0473683       	0.25    	0.41325 	1  	0.130182
42 	398  	109      	110     	0.5     	0.72133 	0.779708	0.0473974       	0.242536	0.413239	1  	0.130233
43 	342  	107      	110     	0.5     	0.721593	0.779708	0.0474877       	0.242536	0.4123  	1  	0.130834
44 	394  	108      	110     	0.5     	0.721683	0.779708	0.0475521       	0.242536	0.412365	1  	0.130862
45 	369  	108      	110     	0.5     	0.722526	0.779708	0.0471197       	0.242536	0.410042	1  	0.130522
46 	366  	105      	110     	0.5     	0.723502	0.779708	0.0467276       	0.25    	0.407193	1  	0.130463
47 	376  	105      	110     	0.5     	0.723653	0.779708	0.0468067       	0.25    	0.407105	1  	0.130548
48 	371  	109      	110     	0.5     	0.723904	0.779708	0.0468824       	0.25    	0.407147	1  	0.130438
49 	357  	108      	110     	0.5     	0.724066	0.779708	0.0469641       	0.242536	0.406572	1  	0.130941

STARTING MASTER RUNNER RESAMPLING
Generations completed = 9
Generations completed = 21
Generations completed = 33
Generations completed = 45
MASTER
   	     	         	        	       survival SKSurv Cox model concordance index       	                     root leanness                      
   	     	         	        	---------------------------------------------------------	--------------------------------------------------------
gen	evals	gen_feats	explored	min     	avg     	max     	std             	min     	avg     	max     	std     
0  	500  	99       	99      	0.555954	0.699201	0.768757	0.0424425       	0.235702	0.370111	0.707107	0.10275 
1  	412  	94       	100     	0.555954	0.711522	0.768757	0.0375924       	0.242536	0.385604	0.707107	0.108278
2  	418  	93       	100     	0.555954	0.713406	0.768757	0.0394527       	0.242536	0.392927	0.707107	0.115098
3  	405  	88       	100     	0.555954	0.716033	0.768757	0.0386169       	0.242536	0.394083	0.707107	0.117214
4  	412  	92       	100     	0.5     	0.716667	0.768757	0.0402963       	0.242536	0.395591	1       	0.122204
5  	402  	89       	100     	0.5     	0.717029	0.768757	0.0408698       	0.242536	0.396949	1       	0.123833
6  	410  	95       	100     	0.5     	0.717729	0.768757	0.0414276       	0.235702	0.395956	1       	0.125895
7  	406  	96       	100     	0.5     	0.718225	0.768757	0.0416998       	0.235702	0.397133	1       	0.126332
8  	418  	89       	100     	0.5     	0.71884 	0.768757	0.0417249       	0.235702	0.396402	1       	0.127109
9  	405  	92       	100     	0.5     	0.718755	0.768757	0.0420185       	0.235702	0.397267	1       	0.127752
10 	411  	91       	100     	0.5     	0.719004	0.768757	0.0420682       	0.235702	0.397114	1       	0.127888
11 	399  	93       	100     	0.5     	0.718942	0.768757	0.0422095       	0.235702	0.398161	1       	0.128363
12 	407  	92       	100     	0.5     	0.718524	0.768757	0.0428976       	0.235702	0.399848	1       	0.129627
13 	397  	91       	100     	0.5     	0.718113	0.768757	0.0433764       	0.235702	0.401264	1       	0.131058
14 	413  	93       	100     	0.5     	0.718389	0.768757	0.0432501       	0.235702	0.400532	1       	0.131447
15 	407  	90       	100     	0.5     	0.718965	0.768757	0.0425167       	0.235702	0.399047	1       	0.130843
16 	417  	89       	100     	0.5     	0.719207	0.768757	0.0425468       	0.235702	0.398327	1       	0.130913
17 	399  	93       	100     	0.5     	0.719232	0.768757	0.0424677       	0.235702	0.398327	1       	0.130913
18 	401  	86       	100     	0.5     	0.719297	0.768757	0.0425006       	0.235702	0.398195	1       	0.131029
19 	403  	90       	100     	0.5     	0.719308	0.768757	0.0424707       	0.235702	0.398293	1       	0.13095 
20 	390  	95       	100     	0.5     	0.719148	0.768757	0.0426356       	0.235702	0.39887 	1       	0.131101
21 	407  	94       	100     	0.5     	0.719406	0.768757	0.0425195       	0.235702	0.398302	1       	0.130948
22 	403  	93       	100     	0.5     	0.719487	0.768757	0.0425307       	0.235702	0.398224	1       	0.131008
23 	407  	91       	100     	0.5     	0.719497	0.768757	0.0425342       	0.235702	0.398224	1       	0.131008
24 	398  	93       	100     	0.5     	0.719503	0.768757	0.0425367       	0.235702	0.398224	1       	0.131008
25 	396  	91       	100     	0.5     	0.719544	0.768757	0.0424885       	0.235702	0.398224	1       	0.131008
26 	390  	90       	100     	0.5     	0.719544	0.768757	0.0424885       	0.235702	0.398224	1       	0.131008
27 	395  	90       	100     	0.5     	0.719544	0.768757	0.0424885       	0.235702	0.398224	1       	0.131008
28 	410  	89       	100     	0.5     	0.719544	0.768757	0.0424885       	0.235702	0.398224	1       	0.131008
29 	405  	95       	100     	0.5     	0.719544	0.768757	0.0424885       	0.235702	0.398224	1       	0.131008
30 	426  	90       	100     	0.5     	0.719549	0.768757	0.042487        	0.235702	0.398224	1       	0.131008
31 	398  	97       	100     	0.5     	0.719549	0.768757	0.042487        	0.235702	0.398224	1       	0.131008
32 	409  	95       	100     	0.5     	0.719549	0.768757	0.042487        	0.235702	0.398224	1       	0.131008
33 	404  	94       	100     	0.5     	0.719549	0.768757	0.042487        	0.235702	0.398224	1       	0.131008
34 	410  	91       	100     	0.5     	0.71956 	0.768757	0.0424937       	0.235702	0.398247	1       	0.130988
35 	417  	97       	100     	0.5     	0.719592	0.768757	0.0425041       	0.235702	0.398026	1       	0.131115
36 	408  	92       	100     	0.5     	0.71956 	0.768757	0.0424937       	0.235702	0.398247	1       	0.130988
37 	410  	89       	100     	0.5     	0.71956 	0.768757	0.0424937       	0.235702	0.398247	1       	0.130988
38 	393  	91       	100     	0.5     	0.719588	0.768757	0.0425023       	0.235702	0.398037	1       	0.131114
39 	397  	87       	100     	0.5     	0.719588	0.768757	0.0425063       	0.235702	0.398199	1       	0.131028
40 	407  	92       	100     	0.5     	0.719589	0.768757	0.0425063       	0.235702	0.398199	1       	0.131028
41 	410  	89       	100     	0.5     	0.719581	0.768757	0.0425025       	0.235702	0.398247	1       	0.130988
42 	412  	94       	100     	0.5     	0.719581	0.768757	0.0425025       	0.235702	0.398247	1       	0.130988
43 	416  	90       	100     	0.5     	0.719581	0.768757	0.0425025       	0.235702	0.398247	1       	0.130988
44 	401  	90       	100     	0.5     	0.719613	0.768757	0.042513        	0.235702	0.398046	1       	0.131096
45 	420  	94       	100     	0.5     	0.71958 	0.768757	0.0425049       	0.235702	0.398199	1       	0.131028
46 	401  	91       	100     	0.5     	0.719587	0.768757	0.0425056       	0.235702	0.398199	1       	0.131028
47 	405  	90       	100     	0.5     	0.719588	0.768757	0.0425057       	0.235702	0.398199	1       	0.131028
48 	401  	89       	100     	0.5     	0.719613	0.768757	0.042513        	0.235702	0.398046	1       	0.131096
49 	412  	94       	100     	0.5     	0.719613	0.768757	0.042513        	0.235702	0.398046	1       	0.131096

CURRENT HALLS OF FAME

PARETO FRONT
Number of solutions = 11
(0.7687568506424953, 0.25) 15 features: [0_age_at_initial_pathologic_diagnosis, 0_race_WHITE, 1_hsa.miR.105.5p, 1_hsa.miR.1269b, 1_hsa.miR.138.1.3p, 1_hsa.miR.30c.2.3p, 1_hsa.miR.3170, 1_hsa.miR.3677.3p, 1_hsa.miR.3678.5p, 1_hsa.miR.3681.5p, 1_hsa.miR.4661.5p, 1_hsa.miR.873.5p, 1_hsa.miR.512.3p, 1_hsa.miR.515.3p, 1_hsa.miR.520b]
(0.7683030470187276, 0.2773500981126146) 12 features: [0_race_WHITE, 1_hsa.miR.124.3p, 1_hsa.miR.130b.3p, 1_hsa.miR.16.2.3p, 1_hsa.miR.29c.3p, 1_hsa.miR.3677.3p, 1_hsa.miR.3678.5p, 1_hsa.miR.4661.5p, 1_hsa.miR.873.5p, 1_hsa.miR.93.3p, 1_hsa.miR.512.3p, 1_hsa.miR.520f.3p]
(0.7624047864948019, 0.31622776601683794) 9 features: [0_race_WHITE, 1_hsa.miR.124.3p, 1_hsa.miR.3677.3p, 1_hsa.miR.3678.5p, 1_hsa.miR.4661.5p, 1_hsa.miR.589.3p, 1_hsa.miR.873.5p, 1_hsa.miR.512.3p, 1_hsa.miR.522.3p]
(0.7589587788857327, 0.3333333333333333) 8 features: [0_race_WHITE, 1_hsa.miR.124.3p, 1_hsa.miR.3677.3p, 1_hsa.miR.3678.5p, 1_hsa.miR.4661.5p, 1_hsa.miR.873.5p, 1_hsa.miR.512.3p, 1_hsa.miR.522.3p]
(0.7499364182459635, 0.3535533905932738) 7 features: [0_race_WHITE, 1_hsa.miR.3677.3p, 1_hsa.miR.3678.5p, 1_hsa.miR.4661.5p, 1_hsa.miR.873.5p, 1_hsa.miR.512.3p, 1_hsa.miR.520b]
(0.7414403320835917, 0.3779644730092272) 6 features: [1_hsa.miR.3677.3p, 1_hsa.miR.3678.5p, 1_hsa.miR.4661.5p, 1_hsa.miR.873.5p, 1_hsa.miR.512.3p, 1_hsa.miR.522.3p]
(0.7315789872220839, 0.4472135954999579) 4 features: [1_hsa.miR.29c.3p, 1_hsa.miR.3677.3p, 1_hsa.miR.3678.5p, 1_hsa.miR.512.3p]
(0.7155355959603543, 0.5) [1_hsa.miR.29c.3p, 1_hsa.miR.3677.3p, 1_hsa.miR.3678.5p]
(0.694329016468319, 0.5773502691896257) [1_hsa.miR.3677.3p, 1_hsa.miR.512.3p]
(0.6626917782084053, 0.7071067811865476) [1_hsa.miR.3677.3p]
(0.5, 1.0) []
Features in hall of fame by prevalence:
23 features: [1_hsa.miR.3677.3p, 1_hsa.miR.3678.5p, 1_hsa.miR.512.3p, 1_hsa.miR.4661.5p, 1_hsa.miR.873.5p, 0_race_WHITE, 1_hsa.miR.124.3p, 1_hsa.miR.29c.3p, 1_hsa.miR.522.3p, 1_hsa.miR.520b, 0_age_at_initial_pathologic_diagnosis, 1_hsa.miR.105.5p, 1_hsa.miR.1269b, 1_hsa.miR.130b.3p, 1_hsa.miR.138.1.3p, 1_hsa.miR.16.2.3p, 1_hsa.miR.30c.2.3p, 1_hsa.miR.3170, 1_hsa.miR.3681.5p, 1_hsa.miR.589.3p, 1_hsa.miR.93.3p, 1_hsa.miR.515.3p, 1_hsa.miR.520f.3p]

LAST POPULATION
Number of solutions = 500
Features in hall of fame by prevalence:
88 features: [1_hsa.miR.3677.3p, 1_hsa.miR.3678.5p, 1_hsa.miR.512.3p, 1_hsa.miR.873.5p, 1_hsa.miR.4661.5p, 0_race_WHITE, 0_age_at_initial_pathologic_diagnosis, 1_hsa.miR.3170, 1_hsa.miR.138.1.3p, 1_hsa.miR.30c.2.3p, 1_hsa.miR.124.3p, 1_hsa.miR.520f.3p, 1_hsa.miR.3681.5p, 1_hsa.miR.520b, 1_hsa.miR.1269b, 1_hsa.miR.93.3p, 1_hsa.miR.130b.3p, 1_hsa.miR.3605.3p, 1_hsa.miR.29c.3p, 1_hsa.miR.520c.3p, 1_hsa.miR.522.3p, 1_hsa.miR.105.5p, 1_hsa.miR.767.5p, 1_hsa.miR.455.5p, 1_hsa.miR.20a.3p, 1_hsa.miR.1537.5p, 1_hsa.miR.551a, 1_hsa.miR.16.2.3p, 1_hsa.miR.17.3p, 1_hsa.miR.135b.3p, 1_hsa.miR.767.3p, 1_hsa.miR.890, 1_hsa.miR.374a.3p, 1_hsa.miR.4662a.5p, 1_hsa.miR.33a.5p, 1_hsa.miR.18a.3p, 1_hsa.miR.21.3p, 1_hsa.miR.339.3p, 1_hsa.miR.421, 1_hsa.miR.197.3p, 1_hsa.miR.3923, 1_hsa.miR.548v, 1_hsa.miR.589.3p, 1_hsa.miR.361.3p, 1_hsa.miR.125b.1.3p, 1_hsa.miR.26a.1.3p, 1_hsa.miR.515.3p, 1_hsa.miR.518f.3p, 1_hsa.miR.181c.3p, 1_hsa.miR.301a.3p, 1_hsa.miR.301b, 1_hsa.miR.3607.5p, 1_hsa.miR.15b.3p, 1_hsa.miR.887.3p, 1_hsa.miR.1229.3p, 1_hsa.miR.19a.3p, 1_hsa.miR.24.2.5p, 1_hsa.miR.324.3p, 1_hsa.miR.3687, 1_hsa.miR.17.5p, 1_hsa.miR.206, 1_hsa.miR.3610, 1_hsa.miR.503.3p, 1_hsa.miR.551b.3p, 1_hsa.miR.7706, 1_hsa.miR.518d.3p, 1_hsa.miR.151a.5p, 1_hsa.miR.190b, 1_hsa.miR.19b.3p, 1_hsa.miR.219a.1.3p, 1_hsa.miR.3187.3p, 1_hsa.miR.3200.3p, 1_hsa.miR.345.5p, 1_hsa.miR.548f.3p, 1_hsa.miR.744.3p, 1_hsa.miR.766.3p, 1_hsa.miR.92a.1.5p, 1_hsa.miR.92a.3p, 1_hsa.miR.1306.3p, 1_hsa.miR.1343.3p, 1_hsa.miR.138.5p, 1_hsa.miR.153.5p, 1_hsa.miR.181b.3p, 1_hsa.miR.186.5p, 1_hsa.miR.20a.5p, 1_hsa.miR.33a.3p, 1_hsa.miR.374b.3p, 1_hsa.miR.455.3p]

BEST SUMS WITH SIZE 50
Number of solutions = 50
Features in hall of fame by prevalence:
47 features: [1_hsa.miR.3605.3p, 1_hsa.miR.3677.3p, 1_hsa.miR.3678.5p, 1_hsa.miR.512.3p, 0_age_at_initial_pathologic_diagnosis, 1_hsa.miR.105.5p, 1_hsa.miR.1306.3p, 1_hsa.miR.130b.3p, 1_hsa.miR.1343.3p, 1_hsa.miR.151a.3p, 1_hsa.miR.151a.5p, 1_hsa.miR.15b.3p, 1_hsa.miR.16.2.3p, 1_hsa.miR.17.3p, 1_hsa.miR.17.5p, 1_hsa.miR.181b.3p, 1_hsa.miR.186.5p, 1_hsa.miR.19a.3p, 1_hsa.miR.19b.3p, 1_hsa.miR.20a.3p, 1_hsa.miR.20a.5p, 1_hsa.miR.21.3p, 1_hsa.miR.29c.3p, 1_hsa.miR.301a.3p, 1_hsa.miR.301b, 1_hsa.miR.30c.2.3p, 1_hsa.miR.3170, 1_hsa.miR.3200.3p, 1_hsa.miR.324.3p, 1_hsa.miR.33a.3p, 1_hsa.miR.33a.5p, 1_hsa.miR.3610, 1_hsa.miR.361.5p, 1_hsa.miR.421, 1_hsa.miR.455.3p, 1_hsa.miR.455.5p, 1_hsa.miR.4661.5p, 1_hsa.miR.503.3p, 1_hsa.miR.548v, 1_hsa.miR.551b.3p, 1_hsa.miR.744.3p, 1_hsa.miR.767.3p, 1_hsa.miR.767.5p, 1_hsa.miR.7706, 1_hsa.miR.873.5p, 1_hsa.miR.887.3p, 1_hsa.miR.92a.3p]

BEST SUMS WITH SIZE 100
Number of solutions = 100
Features in hall of fame by prevalence:
57 features: [1_hsa.miR.3677.3p, 1_hsa.miR.873.5p, 0_age_at_initial_pathologic_diagnosis, 1_hsa.miR.3678.5p, 1_hsa.miR.3170, 1_hsa.miR.301a.3p, 1_hsa.miR.130b.3p, 1_hsa.miR.20a.3p, 1_hsa.miR.21.3p, 1_hsa.miR.33a.5p, 1_hsa.miR.3605.3p, 1_hsa.miR.887.3p, 1_hsa.miR.512.3p, 0_race_WHITE, 1_hsa.miR.1306.3p, 1_hsa.miR.17.3p, 1_hsa.miR.19a.3p, 1_hsa.miR.29c.3p, 1_hsa.miR.301b, 1_hsa.miR.30c.2.3p, 1_hsa.miR.3200.3p, 1_hsa.miR.3687, 1_hsa.miR.455.3p, 1_hsa.miR.455.5p, 1_hsa.miR.503.3p, 1_hsa.miR.548v, 1_hsa.miR.744.3p, 1_hsa.miR.767.3p, 1_hsa.miR.767.5p, 1_hsa.miR.7706, 1_hsa.miR.92a.3p, 1_hsa.miR.105.5p, 1_hsa.miR.1343.3p, 1_hsa.miR.151a.3p, 1_hsa.miR.151a.5p, 1_hsa.miR.15b.3p, 1_hsa.miR.16.2.3p, 1_hsa.miR.17.5p, 1_hsa.miR.181b.3p, 1_hsa.miR.186.5p, 1_hsa.miR.196b.3p, 1_hsa.miR.19b.3p, 1_hsa.miR.20a.5p, 1_hsa.miR.324.3p, 1_hsa.miR.33a.3p, 1_hsa.miR.3607.5p, 1_hsa.miR.3610, 1_hsa.miR.361.5p, 1_hsa.miR.3681.5p, 1_hsa.miR.374a.3p, 1_hsa.miR.421, 1_hsa.miR.4661.5p, 1_hsa.miR.548f.3p, 1_hsa.miR.551a, 1_hsa.miR.551b.3p, 1_hsa.miR.92a.1.5p, 1_hsa.miR.518d.3p]
Optimization on fold finished in 00-08:18:17

FEATURE SETS SELECTED

PARETO FRONT
Number of solutions = 11
(0.7687568506424953, 0.25) 15 features: [0_age_at_initial_pathologic_diagnosis, 0_race_WHITE, 1_hsa.miR.105.5p, 1_hsa.miR.1269b, 1_hsa.miR.138.1.3p, 1_hsa.miR.30c.2.3p, 1_hsa.miR.3170, 1_hsa.miR.3677.3p, 1_hsa.miR.3678.5p, 1_hsa.miR.3681.5p, 1_hsa.miR.4661.5p, 1_hsa.miR.873.5p, 1_hsa.miR.512.3p, 1_hsa.miR.515.3p, 1_hsa.miR.520b]
(0.7683030470187276, 0.2773500981126146) 12 features: [0_race_WHITE, 1_hsa.miR.124.3p, 1_hsa.miR.130b.3p, 1_hsa.miR.16.2.3p, 1_hsa.miR.29c.3p, 1_hsa.miR.3677.3p, 1_hsa.miR.3678.5p, 1_hsa.miR.4661.5p, 1_hsa.miR.873.5p, 1_hsa.miR.93.3p, 1_hsa.miR.512.3p, 1_hsa.miR.520f.3p]
(0.7624047864948019, 0.31622776601683794) 9 features: [0_race_WHITE, 1_hsa.miR.124.3p, 1_hsa.miR.3677.3p, 1_hsa.miR.3678.5p, 1_hsa.miR.4661.5p, 1_hsa.miR.589.3p, 1_hsa.miR.873.5p, 1_hsa.miR.512.3p, 1_hsa.miR.522.3p]
(0.7589587788857327, 0.3333333333333333) 8 features: [0_race_WHITE, 1_hsa.miR.124.3p, 1_hsa.miR.3677.3p, 1_hsa.miR.3678.5p, 1_hsa.miR.4661.5p, 1_hsa.miR.873.5p, 1_hsa.miR.512.3p, 1_hsa.miR.522.3p]
(0.7499364182459635, 0.3535533905932738) 7 features: [0_race_WHITE, 1_hsa.miR.3677.3p, 1_hsa.miR.3678.5p, 1_hsa.miR.4661.5p, 1_hsa.miR.873.5p, 1_hsa.miR.512.3p, 1_hsa.miR.520b]
(0.7414403320835917, 0.3779644730092272) 6 features: [1_hsa.miR.3677.3p, 1_hsa.miR.3678.5p, 1_hsa.miR.4661.5p, 1_hsa.miR.873.5p, 1_hsa.miR.512.3p, 1_hsa.miR.522.3p]
(0.7315789872220839, 0.4472135954999579) 4 features: [1_hsa.miR.29c.3p, 1_hsa.miR.3677.3p, 1_hsa.miR.3678.5p, 1_hsa.miR.512.3p]
(0.7155355959603543, 0.5) [1_hsa.miR.29c.3p, 1_hsa.miR.3677.3p, 1_hsa.miR.3678.5p]
(0.694329016468319, 0.5773502691896257) [1_hsa.miR.3677.3p, 1_hsa.miR.512.3p]
(0.6626917782084053, 0.7071067811865476) [1_hsa.miR.3677.3p]
(0.5, 1.0) []
Features in hall of fame by prevalence:
23 features: [1_hsa.miR.3677.3p, 1_hsa.miR.3678.5p, 1_hsa.miR.512.3p, 1_hsa.miR.4661.5p, 1_hsa.miR.873.5p, 0_race_WHITE, 1_hsa.miR.124.3p, 1_hsa.miR.29c.3p, 1_hsa.miR.522.3p, 1_hsa.miR.520b, 0_age_at_initial_pathologic_diagnosis, 1_hsa.miR.105.5p, 1_hsa.miR.1269b, 1_hsa.miR.130b.3p, 1_hsa.miR.138.1.3p, 1_hsa.miR.16.2.3p, 1_hsa.miR.30c.2.3p, 1_hsa.miR.3170, 1_hsa.miR.3681.5p, 1_hsa.miR.589.3p, 1_hsa.miR.93.3p, 1_hsa.miR.515.3p, 1_hsa.miR.520f.3p]

LAST POPULATION
Number of solutions = 500
Features in hall of fame by prevalence:
88 features: [1_hsa.miR.3677.3p, 1_hsa.miR.3678.5p, 1_hsa.miR.512.3p, 1_hsa.miR.873.5p, 1_hsa.miR.4661.5p, 0_race_WHITE, 0_age_at_initial_pathologic_diagnosis, 1_hsa.miR.3170, 1_hsa.miR.138.1.3p, 1_hsa.miR.30c.2.3p, 1_hsa.miR.124.3p, 1_hsa.miR.520f.3p, 1_hsa.miR.3681.5p, 1_hsa.miR.520b, 1_hsa.miR.1269b, 1_hsa.miR.93.3p, 1_hsa.miR.130b.3p, 1_hsa.miR.3605.3p, 1_hsa.miR.29c.3p, 1_hsa.miR.520c.3p, 1_hsa.miR.522.3p, 1_hsa.miR.105.5p, 1_hsa.miR.767.5p, 1_hsa.miR.455.5p, 1_hsa.miR.20a.3p, 1_hsa.miR.1537.5p, 1_hsa.miR.551a, 1_hsa.miR.16.2.3p, 1_hsa.miR.17.3p, 1_hsa.miR.135b.3p, 1_hsa.miR.767.3p, 1_hsa.miR.890, 1_hsa.miR.374a.3p, 1_hsa.miR.4662a.5p, 1_hsa.miR.33a.5p, 1_hsa.miR.18a.3p, 1_hsa.miR.21.3p, 1_hsa.miR.339.3p, 1_hsa.miR.421, 1_hsa.miR.197.3p, 1_hsa.miR.3923, 1_hsa.miR.548v, 1_hsa.miR.589.3p, 1_hsa.miR.361.3p, 1_hsa.miR.125b.1.3p, 1_hsa.miR.26a.1.3p, 1_hsa.miR.515.3p, 1_hsa.miR.518f.3p, 1_hsa.miR.181c.3p, 1_hsa.miR.301a.3p, 1_hsa.miR.301b, 1_hsa.miR.3607.5p, 1_hsa.miR.15b.3p, 1_hsa.miR.887.3p, 1_hsa.miR.1229.3p, 1_hsa.miR.19a.3p, 1_hsa.miR.24.2.5p, 1_hsa.miR.324.3p, 1_hsa.miR.3687, 1_hsa.miR.17.5p, 1_hsa.miR.206, 1_hsa.miR.3610, 1_hsa.miR.503.3p, 1_hsa.miR.551b.3p, 1_hsa.miR.7706, 1_hsa.miR.518d.3p, 1_hsa.miR.151a.5p, 1_hsa.miR.190b, 1_hsa.miR.19b.3p, 1_hsa.miR.219a.1.3p, 1_hsa.miR.3187.3p, 1_hsa.miR.3200.3p, 1_hsa.miR.345.5p, 1_hsa.miR.548f.3p, 1_hsa.miR.744.3p, 1_hsa.miR.766.3p, 1_hsa.miR.92a.1.5p, 1_hsa.miR.92a.3p, 1_hsa.miR.1306.3p, 1_hsa.miR.1343.3p, 1_hsa.miR.138.5p, 1_hsa.miR.153.5p, 1_hsa.miR.181b.3p, 1_hsa.miR.186.5p, 1_hsa.miR.20a.5p, 1_hsa.miR.33a.3p, 1_hsa.miR.374b.3p, 1_hsa.miR.455.3p]

BEST SUMS WITH SIZE 50
Number of solutions = 50
Features in hall of fame by prevalence:
47 features: [1_hsa.miR.3605.3p, 1_hsa.miR.3677.3p, 1_hsa.miR.3678.5p, 1_hsa.miR.512.3p, 0_age_at_initial_pathologic_diagnosis, 1_hsa.miR.105.5p, 1_hsa.miR.1306.3p, 1_hsa.miR.130b.3p, 1_hsa.miR.1343.3p, 1_hsa.miR.151a.3p, 1_hsa.miR.151a.5p, 1_hsa.miR.15b.3p, 1_hsa.miR.16.2.3p, 1_hsa.miR.17.3p, 1_hsa.miR.17.5p, 1_hsa.miR.181b.3p, 1_hsa.miR.186.5p, 1_hsa.miR.19a.3p, 1_hsa.miR.19b.3p, 1_hsa.miR.20a.3p, 1_hsa.miR.20a.5p, 1_hsa.miR.21.3p, 1_hsa.miR.29c.3p, 1_hsa.miR.301a.3p, 1_hsa.miR.301b, 1_hsa.miR.30c.2.3p, 1_hsa.miR.3170, 1_hsa.miR.3200.3p, 1_hsa.miR.324.3p, 1_hsa.miR.33a.3p, 1_hsa.miR.33a.5p, 1_hsa.miR.3610, 1_hsa.miR.361.5p, 1_hsa.miR.421, 1_hsa.miR.455.3p, 1_hsa.miR.455.5p, 1_hsa.miR.4661.5p, 1_hsa.miR.503.3p, 1_hsa.miR.548v, 1_hsa.miR.551b.3p, 1_hsa.miR.744.3p, 1_hsa.miR.767.3p, 1_hsa.miR.767.5p, 1_hsa.miR.7706, 1_hsa.miR.873.5p, 1_hsa.miR.887.3p, 1_hsa.miR.92a.3p]

BEST SUMS WITH SIZE 100
Number of solutions = 100
Features in hall of fame by prevalence:
57 features: [1_hsa.miR.3677.3p, 1_hsa.miR.873.5p, 0_age_at_initial_pathologic_diagnosis, 1_hsa.miR.3678.5p, 1_hsa.miR.3170, 1_hsa.miR.301a.3p, 1_hsa.miR.130b.3p, 1_hsa.miR.20a.3p, 1_hsa.miR.21.3p, 1_hsa.miR.33a.5p, 1_hsa.miR.3605.3p, 1_hsa.miR.887.3p, 1_hsa.miR.512.3p, 0_race_WHITE, 1_hsa.miR.1306.3p, 1_hsa.miR.17.3p, 1_hsa.miR.19a.3p, 1_hsa.miR.29c.3p, 1_hsa.miR.301b, 1_hsa.miR.30c.2.3p, 1_hsa.miR.3200.3p, 1_hsa.miR.3687, 1_hsa.miR.455.3p, 1_hsa.miR.455.5p, 1_hsa.miR.503.3p, 1_hsa.miR.548v, 1_hsa.miR.744.3p, 1_hsa.miR.767.3p, 1_hsa.miR.767.5p, 1_hsa.miR.7706, 1_hsa.miR.92a.3p, 1_hsa.miR.105.5p, 1_hsa.miR.1343.3p, 1_hsa.miR.151a.3p, 1_hsa.miR.151a.5p, 1_hsa.miR.15b.3p, 1_hsa.miR.16.2.3p, 1_hsa.miR.17.5p, 1_hsa.miR.181b.3p, 1_hsa.miR.186.5p, 1_hsa.miR.196b.3p, 1_hsa.miR.19b.3p, 1_hsa.miR.20a.5p, 1_hsa.miR.324.3p, 1_hsa.miR.33a.3p, 1_hsa.miR.3607.5p, 1_hsa.miR.3610, 1_hsa.miR.361.5p, 1_hsa.miR.3681.5p, 1_hsa.miR.374a.3p, 1_hsa.miR.421, 1_hsa.miR.4661.5p, 1_hsa.miR.548f.3p, 1_hsa.miR.551a, 1_hsa.miR.551b.3p, 1_hsa.miR.92a.1.5p, 1_hsa.miR.518d.3p]
