
OPTIMIZING FINAL MODEL ON WHOLE DATASET

COMPUTING LOCAL ACTIVE FEATURES
Computing active features for view clinic
Existing features: 7
Applying union strategy for feature selection using composite feature selector with
categorical: feature selector any na and anova
survival: feature selector Cox

Computing active features for outcome survival
Features selected for this outcome: 2
Features active in total: 2
Computing active features for view log_mirna
Existing features: 739
Applying union strategy for feature selection using composite feature selector with
categorical: feature selector any na and anova
survival: feature selector Cox

Computing active features for outcome survival
Features selected for this outcome: 174
Features active in total: 174
Computing feature importance
Running optimizer

STARTING 2-STEPS GENETIC ALGORITHM

CREATING INNER FOLDS

ASSIGNING STRATA FOR MULTI-OUTCOME DATA SARC_MV
Assigning strata for outcome named survival of type survival
Counts:
censored 0: 30
censored 1: 94
deceased 0: 35
deceased 1: 35

STARTING SWEEP NUMBER 1
folds_creator_seed = 4097587205

ASSIGNING STRATA FOR MULTI-OUTCOME DATA SARC_MV
Assigning strata for outcome named survival of type survival
Counts:
censored 0: 30
censored 1: 94
deceased 0: 35
deceased 1: 35
ga_runner_seed = 3828272278
VIEW: CLINIC
   	     	         	        	   survival SKSurv Cox model concordance index   	             root leanness              
   	     	         	        	-------------------------------------------------	----------------------------------------
gen	evals	gen_feats	explored	min	avg     	max     	std                  	min    	avg     	max	std     
0  	500  	2        	2       	0.5	0.57988 	0.654641	0.0631511            	0.57735	0.766073	1  	0.174544
1  	302  	2        	2       	0.5	0.581717	0.654641	0.0561975            	0.57735	0.747891	1  	0.154895
2  	296  	2        	2       	0.5	0.581717	0.654641	0.0561975            	0.57735	0.747891	1  	0.154895
3  	327  	2        	2       	0.5	0.581717	0.654641	0.0561975            	0.57735	0.747891	1  	0.154895
4  	326  	2        	2       	0.5	0.581717	0.654641	0.0561975            	0.57735	0.747891	1  	0.154895
5  	300  	2        	2       	0.5	0.581717	0.654641	0.0561975            	0.57735	0.747891	1  	0.154895
6  	306  	2        	2       	0.5	0.581717	0.654641	0.0561975            	0.57735	0.747891	1  	0.154895
7  	300  	2        	2       	0.5	0.581717	0.654641	0.0561975            	0.57735	0.747891	1  	0.154895
8  	329  	2        	2       	0.5	0.581717	0.654641	0.0561975            	0.57735	0.747891	1  	0.154895
9  	314  	2        	2       	0.5	0.581717	0.654641	0.0561975            	0.57735	0.747891	1  	0.154895
10 	308  	2        	2       	0.5	0.581717	0.654641	0.0561975            	0.57735	0.747891	1  	0.154895
11 	317  	2        	2       	0.5	0.581717	0.654641	0.0561975            	0.57735	0.747891	1  	0.154895
12 	283  	2        	2       	0.5	0.581717	0.654641	0.0561975            	0.57735	0.747891	1  	0.154895
13 	318  	2        	2       	0.5	0.581717	0.654641	0.0561975            	0.57735	0.747891	1  	0.154895
14 	305  	2        	2       	0.5	0.581717	0.654641	0.0561975            	0.57735	0.747891	1  	0.154895
15 	316  	2        	2       	0.5	0.581717	0.654641	0.0561975            	0.57735	0.747891	1  	0.154895
16 	292  	2        	2       	0.5	0.581717	0.654641	0.0561975            	0.57735	0.747891	1  	0.154895
17 	285  	2        	2       	0.5	0.581717	0.654641	0.0561975            	0.57735	0.747891	1  	0.154895
18 	299  	2        	2       	0.5	0.581717	0.654641	0.0561975            	0.57735	0.747891	1  	0.154895
19 	318  	2        	2       	0.5	0.581717	0.654641	0.0561975            	0.57735	0.747891	1  	0.154895
20 	310  	2        	2       	0.5	0.581717	0.654641	0.0561975            	0.57735	0.747891	1  	0.154895
21 	302  	2        	2       	0.5	0.581717	0.654641	0.0561975            	0.57735	0.747891	1  	0.154895
22 	314  	2        	2       	0.5	0.581717	0.654641	0.0561975            	0.57735	0.747891	1  	0.154895
23 	297  	2        	2       	0.5	0.581717	0.654641	0.0561975            	0.57735	0.747891	1  	0.154895
24 	302  	2        	2       	0.5	0.581717	0.654641	0.0561975            	0.57735	0.747891	1  	0.154895
25 	303  	2        	2       	0.5	0.581717	0.654641	0.0561975            	0.57735	0.747891	1  	0.154895
26 	316  	2        	2       	0.5	0.581717	0.654641	0.0561975            	0.57735	0.747891	1  	0.154895
27 	317  	2        	2       	0.5	0.581717	0.654641	0.0561975            	0.57735	0.747891	1  	0.154895
28 	300  	2        	2       	0.5	0.581717	0.654641	0.0561975            	0.57735	0.747891	1  	0.154895
29 	328  	2        	2       	0.5	0.581717	0.654641	0.0561975            	0.57735	0.747891	1  	0.154895
30 	307  	2        	2       	0.5	0.581717	0.654641	0.0561975            	0.57735	0.747891	1  	0.154895
31 	317  	2        	2       	0.5	0.581717	0.654641	0.0561975            	0.57735	0.747891	1  	0.154895
32 	324  	2        	2       	0.5	0.581717	0.654641	0.0561975            	0.57735	0.747891	1  	0.154895
33 	304  	2        	2       	0.5	0.581717	0.654641	0.0561975            	0.57735	0.747891	1  	0.154895
34 	315  	2        	2       	0.5	0.581717	0.654641	0.0561975            	0.57735	0.747891	1  	0.154895
35 	323  	2        	2       	0.5	0.581717	0.654641	0.0561975            	0.57735	0.747891	1  	0.154895
36 	325  	2        	2       	0.5	0.581717	0.654641	0.0561975            	0.57735	0.747891	1  	0.154895
37 	307  	2        	2       	0.5	0.581717	0.654641	0.0561975            	0.57735	0.747891	1  	0.154895
38 	320  	2        	2       	0.5	0.581717	0.654641	0.0561975            	0.57735	0.747891	1  	0.154895
39 	291  	2        	2       	0.5	0.581717	0.654641	0.0561975            	0.57735	0.747891	1  	0.154895
40 	318  	2        	2       	0.5	0.581717	0.654641	0.0561975            	0.57735	0.747891	1  	0.154895
41 	306  	2        	2       	0.5	0.581717	0.654641	0.0561975            	0.57735	0.747891	1  	0.154895
42 	306  	2        	2       	0.5	0.581717	0.654641	0.0561975            	0.57735	0.747891	1  	0.154895
43 	337  	2        	2       	0.5	0.581717	0.654641	0.0561975            	0.57735	0.747891	1  	0.154895
44 	297  	2        	2       	0.5	0.581717	0.654641	0.0561975            	0.57735	0.747891	1  	0.154895
45 	315  	2        	2       	0.5	0.581717	0.654641	0.0561975            	0.57735	0.747891	1  	0.154895
46 	302  	2        	2       	0.5	0.581717	0.654641	0.0561975            	0.57735	0.747891	1  	0.154895
47 	295  	2        	2       	0.5	0.581717	0.654641	0.0561975            	0.57735	0.747891	1  	0.154895
48 	307  	2        	2       	0.5	0.581717	0.654641	0.0561975            	0.57735	0.747891	1  	0.154895
49 	310  	2        	2       	0.5	0.581717	0.654641	0.0561975            	0.57735	0.747891	1  	0.154895

ASSIGNING STRATA FOR MULTI-OUTCOME DATA SARC_MV
Assigning strata for outcome named survival of type survival
Counts:
censored 0: 30
censored 1: 94
deceased 0: 35
deceased 1: 35
VIEW: LOG_MIRNA
   	     	         	        	   survival SKSurv Cox model concordance index   	                 root leanness                  
   	     	         	        	-------------------------------------------------	------------------------------------------------
gen	evals	gen_feats	explored	min   	avg     	max     	std               	min     	avg     	max	std     
0  	500  	39       	39      	0.4994	0.627234	0.768731	0.0765176         	0.158114	0.255983	1  	0.153864
1  	378  	154      	154     	0.5   	0.677957	0.768731	0.0477245         	0.156174	0.282031	1  	0.119389
2  	365  	152      	167     	0.5   	0.692852	0.768731	0.0437664         	0.158114	0.309617	1  	0.131395
3  	391  	156      	173     	0.5   	0.700115	0.768731	0.0431991         	0.158114	0.319961	1  	0.134116
4  	374  	162      	173     	0.5   	0.703312	0.770681	0.0442477         	0.158114	0.329363	1  	0.137527
5  	361  	159      	174     	0.5   	0.709315	0.770681	0.0414218         	0.158114	0.329234	1  	0.137596
6  	374  	158      	174     	0.5   	0.713142	0.770681	0.0413499         	0.158114	0.331989	1  	0.137672
7  	379  	156      	174     	0.5   	0.717287	0.773359	0.0395973         	0.158114	0.331513	1  	0.137255
8  	381  	164      	174     	0.5   	0.719531	0.773359	0.0392431         	0.158114	0.335494	1  	0.135427
9  	369  	166      	174     	0.5   	0.721936	0.773359	0.0389468         	0.158114	0.336095	1  	0.135077
10 	384  	165      	174     	0.5   	0.725258	0.773359	0.0382675         	0.158114	0.333603	1  	0.135003
11 	370  	162      	174     	0.5   	0.727991	0.784482	0.038594          	0.158114	0.332058	1  	0.134612
12 	390  	162      	174     	0.5   	0.728986	0.784482	0.0396702         	0.171499	0.336955	1  	0.134863
13 	377  	161      	174     	0.5   	0.730284	0.784482	0.0403622         	0.171499	0.33909 	1  	0.135029
14 	378  	159      	174     	0.5   	0.73158 	0.784482	0.0405281         	0.171499	0.34173 	1  	0.134766
15 	366  	162      	174     	0.5   	0.732567	0.784482	0.0413963         	0.171499	0.344346	1  	0.135209
16 	385  	167      	174     	0.5   	0.734593	0.791919	0.0412191         	0.171499	0.343517	1  	0.133772
17 	362  	161      	174     	0.5   	0.733796	0.791919	0.0429712         	0.171499	0.351465	1  	0.134958
18 	390  	159      	174     	0.5   	0.735898	0.791919	0.0432336         	0.171499	0.349539	1  	0.135764
19 	369  	162      	174     	0.5   	0.736664	0.791919	0.0432416         	0.171499	0.352388	1  	0.13426 
20 	397  	163      	174     	0.5   	0.738009	0.792333	0.0435934         	0.171499	0.352905	1  	0.133632
21 	399  	161      	174     	0.5   	0.739485	0.792333	0.0440689         	0.171499	0.351421	1  	0.134354
22 	397  	165      	174     	0.5   	0.741162	0.792333	0.0437493         	0.171499	0.349732	1  	0.132517
23 	370  	153      	174     	0.5   	0.741238	0.792333	0.0446995         	0.171499	0.352656	1  	0.132893
24 	369  	165      	174     	0.5   	0.74195 	0.794363	0.0449683         	0.171499	0.353392	1  	0.132874
25 	378  	164      	174     	0.5   	0.742913	0.797323	0.045241          	0.19245 	0.352933	1  	0.132614
26 	362  	155      	174     	0.5   	0.743786	0.797323	0.0453521         	0.185695	0.352081	1  	0.132698
27 	385  	159      	174     	0.5   	0.745012	0.797323	0.0450653         	0.204124	0.350869	1  	0.13154 
28 	389  	165      	174     	0.5   	0.746032	0.797323	0.0454138         	0.204124	0.350598	1  	0.131775
29 	376  	162      	174     	0.5   	0.745917	0.797323	0.0461433         	0.2     	0.352781	1  	0.132511
30 	376  	162      	174     	0.5   	0.747055	0.797323	0.0464366         	0.204124	0.351495	1  	0.132668
31 	354  	161      	174     	0.5   	0.747963	0.798456	0.0462711         	0.204124	0.350733	1  	0.131669
32 	376  	158      	174     	0.5   	0.748588	0.798456	0.0462385         	0.204124	0.3505  	1  	0.131886
33 	376  	158      	174     	0.5   	0.749179	0.798456	0.0466095         	0.204124	0.35026 	1  	0.132044
34 	382  	161      	174     	0.5   	0.749762	0.798878	0.0469081         	0.204124	0.349478	1  	0.132576
35 	366  	156      	174     	0.5   	0.750413	0.798878	0.047224          	0.2     	0.349367	1  	0.132601
36 	366  	159      	174     	0.5   	0.75114 	0.799892	0.0474685         	0.2     	0.348795	1  	0.132551
37 	380  	158      	174     	0.5   	0.751432	0.799892	0.0477755         	0.2     	0.349499	1  	0.132427
38 	375  	160      	174     	0.5   	0.752084	0.799892	0.047947          	0.2     	0.348956	1  	0.132466
39 	367  	160      	174     	0.5   	0.752249	0.799892	0.0481296         	0.2     	0.349781	1  	0.132396
40 	378  	158      	174     	0.5   	0.752568	0.799892	0.0483393         	0.2     	0.350197	1  	0.132168
41 	348  	163      	174     	0.5   	0.752993	0.799892	0.0485848         	0.196116	0.349572	1  	0.132693
42 	385  	161      	174     	0.5   	0.753927	0.801925	0.0488373         	0.196116	0.348338	1  	0.13288 
43 	367  	156      	174     	0.5   	0.753124	0.805527	0.0497843         	0.2     	0.351644	1  	0.13347 
44 	403  	160      	174     	0.5   	0.754191	0.805527	0.0493184         	0.196116	0.349857	1  	0.13251 
45 	368  	166      	174     	0.5   	0.754646	0.805527	0.0495212         	0.196116	0.349705	1  	0.132646
46 	373  	157      	174     	0.5   	0.755235	0.805527	0.0494993         	0.196116	0.349283	1  	0.133048
47 	387  	157      	174     	0.5   	0.754208	0.805527	0.0503304         	0.196116	0.353466	1  	0.133395
48 	371  	161      	174     	0.5   	0.754215	0.805527	0.0504969         	0.196116	0.354367	1  	0.133243
49 	393  	168      	174     	0.5   	0.755085	0.808814	0.0508919         	0.196116	0.353116	1  	0.133795

STARTING MASTER RUNNER RESAMPLING
Generations completed = 7
Generations completed = 16
Generations completed = 25
Generations completed = 34
Generations completed = 43
MASTER
   	     	         	        	       survival SKSurv Cox model concordance index       	                     root leanness                      
   	     	         	        	---------------------------------------------------------	--------------------------------------------------------
gen	evals	gen_feats	explored	min     	avg     	max     	std             	min     	avg     	max     	std     
0  	500  	116      	116     	0.588182	0.7413  	0.801121	0.0386264       	0.19245 	0.318464	0.707107	0.104028
1  	409  	113      	119     	0.5     	0.743286	0.80463 	0.0425314       	0.196116	0.355511	1       	0.106964
2  	400  	112      	125     	0.5     	0.74376 	0.80463 	0.0455285       	0.218218	0.368837	1       	0.111663
3  	397  	102      	126     	0.5     	0.746528	0.80463 	0.044556        	0.218218	0.371924	1       	0.114068
4  	411  	114      	127     	0.5     	0.747182	0.80463 	0.0446961       	0.213201	0.3763  	1       	0.115584
5  	400  	109      	128     	0.5     	0.747998	0.80463 	0.0455346       	0.213201	0.378551	1       	0.117423
6  	393  	110      	128     	0.5     	0.748324	0.80463 	0.0456394       	0.218218	0.380841	1       	0.117785
7  	403  	99       	128     	0.5     	0.748681	0.80463 	0.046356        	0.218218	0.381484	1       	0.11898 
8  	408  	105      	128     	0.5     	0.749275	0.80463 	0.0464277       	0.218218	0.381442	1       	0.118887
9  	413  	104      	128     	0.5     	0.749912	0.80463 	0.0462822       	0.218218	0.380813	1       	0.119239
10 	397  	99       	128     	0.5     	0.750146	0.80463 	0.0466324       	0.218218	0.381146	1       	0.120318
11 	412  	104      	128     	0.5     	0.750696	0.80463 	0.0464725       	0.218218	0.380443	1       	0.120175
12 	421  	107      	128     	0.5     	0.750573	0.80463 	0.0466148       	0.218218	0.381258	1       	0.120189
13 	399  	104      	128     	0.5     	0.750334	0.80463 	0.046651        	0.218218	0.382442	1       	0.119636
14 	410  	106      	128     	0.5     	0.74951 	0.80463 	0.0477884       	0.218218	0.384659	1       	0.122157
15 	415  	105      	128     	0.5     	0.749517	0.80463 	0.0477912       	0.218218	0.384733	1       	0.122127
16 	404  	110      	128     	0.5     	0.749428	0.80463 	0.0480849       	0.218218	0.385179	1       	0.123055
17 	405  	104      	128     	0.5     	0.749401	0.80463 	0.048408        	0.218218	0.385493	1       	0.124406
18 	407  	106      	128     	0.5     	0.74941 	0.80463 	0.0484057       	0.218218	0.385493	1       	0.124406
19 	416  	103      	128     	0.5     	0.749067	0.80463 	0.0487955       	0.218218	0.386383	1       	0.125105
20 	403  	105      	128     	0.5     	0.749069	0.80463 	0.048796        	0.218218	0.386383	1       	0.125105
21 	408  	108      	128     	0.5     	0.749122	0.80463 	0.0487867       	0.218218	0.386383	1       	0.125105
22 	405  	104      	128     	0.5     	0.749119	0.80463 	0.0487846       	0.218218	0.386404	1       	0.125086
23 	435  	109      	128     	0.5     	0.749153	0.80463 	0.0487911       	0.218218	0.386438	1       	0.125051
24 	404  	107      	128     	0.5     	0.749153	0.80463 	0.0487911       	0.218218	0.386438	1       	0.125051
25 	403  	109      	128     	0.5     	0.74916 	0.80463 	0.0487955       	0.218218	0.386389	1       	0.125103
26 	397  	106      	128     	0.5     	0.749175	0.80463 	0.0487961       	0.218218	0.386404	1       	0.125086
27 	406  	112      	128     	0.5     	0.749175	0.80463 	0.0487961       	0.218218	0.386404	1       	0.125086
28 	399  	109      	128     	0.5     	0.749175	0.80463 	0.0487961       	0.218218	0.386404	1       	0.125086
29 	422  	110      	128     	0.5     	0.749175	0.80463 	0.0487961       	0.218218	0.386404	1       	0.125086
30 	398  	111      	128     	0.5     	0.749175	0.80463 	0.0487963       	0.218218	0.386404	1       	0.125086
31 	398  	105      	128     	0.5     	0.749176	0.80463 	0.0487971       	0.218218	0.386334	1       	0.125157
32 	400  	105      	128     	0.5     	0.748815	0.80463 	0.0492155       	0.218218	0.387263	1       	0.125808
33 	394  	104      	128     	0.5     	0.748822	0.80463 	0.0492133       	0.218218	0.387318	1       	0.125755
34 	397  	105      	128     	0.5     	0.748824	0.80463 	0.0492145       	0.218218	0.387318	1       	0.125755
35 	412  	102      	128     	0.5     	0.748824	0.80463 	0.0492151       	0.218218	0.387263	1       	0.125808
36 	405  	114      	128     	0.5     	0.748824	0.80463 	0.0492151       	0.218218	0.387263	1       	0.125808
37 	406  	104      	128     	0.5     	0.748821	0.80463 	0.0492129       	0.218218	0.387298	1       	0.125773
38 	400  	107      	128     	0.5     	0.748825	0.80463 	0.0492153       	0.218218	0.387248	1       	0.125825
39 	402  	107      	128     	0.5     	0.748825	0.80463 	0.0492153       	0.218218	0.387248	1       	0.125825
40 	405  	111      	128     	0.5     	0.748825	0.80463 	0.0492153       	0.218218	0.387248	1       	0.125825
41 	406  	109      	128     	0.5     	0.748821	0.80463 	0.0492128       	0.218218	0.387318	1       	0.125755
42 	414  	101      	128     	0.5     	0.748822	0.80463 	0.0492133       	0.218218	0.387318	1       	0.125755
43 	398  	104      	128     	0.5     	0.748822	0.80463 	0.0492133       	0.218218	0.387318	1       	0.125755
44 	403  	108      	128     	0.5     	0.748822	0.80463 	0.0492133       	0.218218	0.387318	1       	0.125755
45 	401  	105      	128     	0.5     	0.748824	0.80463 	0.0492147       	0.218218	0.387222	1       	0.125857
46 	414  	106      	128     	0.5     	0.748822	0.80463 	0.0492133       	0.218218	0.387318	1       	0.125755
47 	396  	103      	128     	0.5     	0.748822	0.80463 	0.0492136       	0.218218	0.387318	1       	0.125755
48 	413  	108      	128     	0.5     	0.748824	0.80463 	0.0492151       	0.218218	0.387263	1       	0.125808
49 	400  	98       	128     	0.5     	0.748822	0.80463 	0.0492136       	0.218218	0.387318	1       	0.125755

CURRENT HALLS OF FAME

PARETO FRONT
Number of solutions = 11
(0.8046304740882305, 0.2672612419124244) 13 features: [0_age_at_initial_pathologic_diagnosis, 0_race_WHITE, 1_hsa.miR.1307.3p, 1_hsa.miR.1468.5p, 1_hsa.miR.221.5p, 1_hsa.miR.29c.3p, 1_hsa.miR.301a.3p, 1_hsa.miR.3648, 1_hsa.miR.3677.3p, 1_hsa.miR.3678.5p, 1_hsa.miR.374a.3p, 1_hsa.miR.454.3p, 1_hsa.miR.519c.3p]
(0.8011210422043876, 0.30151134457776363) 10 features: [0_age_at_initial_pathologic_diagnosis, 0_race_WHITE, 1_hsa.miR.1307.3p, 1_hsa.miR.1468.5p, 1_hsa.miR.221.5p, 1_hsa.miR.29c.3p, 1_hsa.miR.301a.3p, 1_hsa.miR.301a.5p, 1_hsa.miR.3648, 1_hsa.miR.3677.3p]
(0.7970509819147836, 0.31622776601683794) 9 features: [0_age_at_initial_pathologic_diagnosis, 0_race_WHITE, 1_hsa.miR.1307.3p, 1_hsa.miR.1468.5p, 1_hsa.miR.221.5p, 1_hsa.miR.29c.3p, 1_hsa.miR.301a.3p, 1_hsa.miR.3648, 1_hsa.miR.3677.3p]
(0.7840711921146246, 0.3333333333333333) 8 features: [0_race_WHITE, 1_hsa.miR.1307.3p, 1_hsa.miR.1468.5p, 1_hsa.miR.29c.3p, 1_hsa.miR.301a.3p, 1_hsa.miR.3648, 1_hsa.miR.3677.3p, 1_hsa.miR.4668.3p]
(0.7731518042251575, 0.3779644730092272) 6 features: [0_age_at_initial_pathologic_diagnosis, 0_race_WHITE, 1_hsa.miR.301a.3p, 1_hsa.miR.3648, 1_hsa.miR.3677.3p, 1_hsa.miR.3678.5p]
(0.7703715423517338, 0.408248290463863) 5 features: [0_race_WHITE, 1_hsa.miR.301a.3p, 1_hsa.miR.3170, 1_hsa.miR.3678.5p, 1_hsa.miR.4662a.5p]
(0.7594231772965179, 0.4472135954999579) 4 features: [0_race_WHITE, 1_hsa.miR.301a.3p, 1_hsa.miR.3170, 1_hsa.miR.3678.5p]
(0.737803086621145, 0.5) [0_age_at_initial_pathologic_diagnosis, 0_race_WHITE, 1_hsa.miR.301a.3p]
(0.7107317440820934, 0.5773502691896257) [0_age_at_initial_pathologic_diagnosis, 1_hsa.miR.301a.3p]
(0.6588844709011542, 0.7071067811865476) [1_hsa.miR.301a.3p]
(0.5, 1.0) []
Features in hall of fame by prevalence:
17 features: [1_hsa.miR.301a.3p, 0_race_WHITE, 0_age_at_initial_pathologic_diagnosis, 1_hsa.miR.3648, 1_hsa.miR.3677.3p, 1_hsa.miR.1307.3p, 1_hsa.miR.1468.5p, 1_hsa.miR.29c.3p, 1_hsa.miR.3678.5p, 1_hsa.miR.221.5p, 1_hsa.miR.3170, 1_hsa.miR.301a.5p, 1_hsa.miR.374a.3p, 1_hsa.miR.454.3p, 1_hsa.miR.4662a.5p, 1_hsa.miR.4668.3p, 1_hsa.miR.519c.3p]

LAST POPULATION
Number of solutions = 500
Features in hall of fame by prevalence:
87 features: [1_hsa.miR.3677.3p, 0_race_WHITE, 1_hsa.miR.301a.3p, 1_hsa.miR.3648, 1_hsa.miR.221.5p, 1_hsa.miR.3678.5p, 1_hsa.miR.1307.3p, 1_hsa.miR.1468.5p, 1_hsa.miR.29c.3p, 0_age_at_initial_pathologic_diagnosis, 1_hsa.miR.454.3p, 1_hsa.miR.512.3p, 1_hsa.miR.3170, 1_hsa.miR.4668.3p, 1_hsa.miR.20a.3p, 1_hsa.miR.4662a.5p, 1_hsa.miR.28.5p, 1_hsa.miR.7706, 1_hsa.miR.1251.5p, 1_hsa.miR.339.3p, 1_hsa.miR.1229.3p, 1_hsa.miR.210.3p, 1_hsa.miR.21.3p, 1_hsa.miR.191.5p, 1_hsa.miR.767.5p, 1_hsa.miR.148b.5p, 1_hsa.miR.519c.3p, 1_hsa.miR.3605.3p, 1_hsa.miR.3200.3p, 1_hsa.miR.374a.3p, 1_hsa.miR.105.5p, 1_hsa.miR.1306.3p, 1_hsa.miR.484, 1_hsa.miR.16.2.3p, 1_hsa.let.7a.2.3p, 1_hsa.miR.455.5p, 1_hsa.miR.940, 1_hsa.miR.15b.5p, 1_hsa.miR.301a.5p, 1_hsa.miR.4326, 1_hsa.miR.1251.3p, 1_hsa.miR.130a.3p, 1_hsa.miR.190b, 1_hsa.miR.301b, 1_hsa.miR.374b.3p, 1_hsa.miR.425.5p, 1_hsa.miR.503.3p, 1_hsa.miR.103a.2.5p, 1_hsa.miR.1306.5p, 1_hsa.miR.3687, 1_hsa.miR.590.5p, 1_hsa.miR.767.3p, 1_hsa.miR.498, 1_hsa.let.7a.3p, 1_hsa.miR.130b.5p, 1_hsa.miR.17.5p, 1_hsa.miR.181b.3p, 1_hsa.miR.186.5p, 1_hsa.miR.3074.5p, 1_hsa.miR.33a.3p, 1_hsa.miR.33a.5p, 1_hsa.miR.500a.3p, 1_hsa.miR.503.5p, 1_hsa.miR.744.3p, 1_hsa.miR.92a.3p, 1_hsa.miR.93.3p, 1_hsa.miR.515.3p, 1_hsa.miR.518c.5p, 1_hsa.miR.527, 1_hsa.let.7c.3p, 1_hsa.miR.1277.3p, 1_hsa.miR.135a.3p, 1_hsa.miR.151a.5p, 1_hsa.miR.193a.3p, 1_hsa.miR.19a.3p, 1_hsa.miR.19b.3p, 1_hsa.miR.30b.5p, 1_hsa.miR.30e.5p, 1_hsa.miR.3681.5p, 1_hsa.miR.3922.3p, 1_hsa.miR.421, 1_hsa.miR.424.3p, 1_hsa.miR.4787.3p, 1_hsa.miR.532.3p, 1_hsa.miR.589.3p, 1_hsa.miR.766.3p, 1_hsa.miR.520c.3p]

BEST SUMS WITH SIZE 50
Number of solutions = 50
Features in hall of fame by prevalence:
33 features: [0_race_WHITE, 1_hsa.miR.301a.3p, 1_hsa.miR.3648, 1_hsa.miR.3677.3p, 1_hsa.miR.3170, 0_age_at_initial_pathologic_diagnosis, 1_hsa.miR.1306.3p, 1_hsa.miR.20a.3p, 1_hsa.miR.21.3p, 1_hsa.miR.3200.3p, 1_hsa.miR.3605.3p, 1_hsa.miR.744.3p, 1_hsa.miR.940, 1_hsa.miR.103a.2.5p, 1_hsa.miR.1468.5p, 1_hsa.miR.148b.5p, 1_hsa.miR.151a.5p, 1_hsa.miR.16.2.3p, 1_hsa.miR.17.5p, 1_hsa.miR.186.5p, 1_hsa.miR.19a.3p, 1_hsa.miR.19b.3p, 1_hsa.miR.210.3p, 1_hsa.miR.29c.3p, 1_hsa.miR.33a.5p, 1_hsa.miR.3678.5p, 1_hsa.miR.3687, 1_hsa.miR.4326, 1_hsa.miR.455.5p, 1_hsa.miR.589.3p, 1_hsa.miR.590.5p, 1_hsa.miR.7706, 1_hsa.miR.92a.3p]

BEST SUMS WITH SIZE 100
Number of solutions = 100
Features in hall of fame by prevalence:
35 features: [0_race_WHITE, 0_age_at_initial_pathologic_diagnosis, 1_hsa.miR.3648, 1_hsa.miR.301a.3p, 1_hsa.miR.3677.3p, 1_hsa.miR.3170, 1_hsa.miR.3605.3p, 1_hsa.miR.7706, 1_hsa.miR.1306.3p, 1_hsa.miR.17.5p, 1_hsa.miR.20a.3p, 1_hsa.miR.29c.3p, 1_hsa.miR.3200.3p, 1_hsa.miR.103a.2.5p, 1_hsa.miR.16.2.3p, 1_hsa.miR.19a.3p, 1_hsa.miR.19b.3p, 1_hsa.miR.210.3p, 1_hsa.miR.33a.5p, 1_hsa.miR.3678.5p, 1_hsa.miR.744.3p, 1_hsa.miR.92a.3p, 1_hsa.miR.940, 1_hsa.miR.148b.5p, 1_hsa.miR.151a.5p, 1_hsa.miR.186.5p, 1_hsa.miR.21.3p, 1_hsa.miR.3687, 1_hsa.miR.455.5p, 1_hsa.miR.589.3p, 1_hsa.miR.590.5p, 1_hsa.miR.1468.5p, 1_hsa.miR.221.5p, 1_hsa.miR.4326, 1_hsa.miR.767.5p]

STARTING SWEEP NUMBER 2
folds_creator_seed = 1831219423

ASSIGNING STRATA FOR MULTI-OUTCOME DATA SARC_MV
Assigning strata for outcome named survival of type survival
Counts:
censored 0: 30
censored 1: 94
deceased 0: 35
deceased 1: 35
ga_runner_seed = 2918354786
VIEW: CLINIC
   	     	         	        	   survival SKSurv Cox model concordance index   	             root leanness              
   	     	         	        	-------------------------------------------------	----------------------------------------
gen	evals	gen_feats	explored	min	avg     	max     	std                  	min    	avg     	max	std     
0  	0    	2        	2       	0.5	0.591634	0.654641	0.0565753            	0.57735	0.709089	1  	0.146718
1  	312  	2        	2       	0.5	0.580736	0.654641	0.0558578            	0.57735	0.747891	1  	0.154895
2  	304  	2        	2       	0.5	0.580736	0.654641	0.0558578            	0.57735	0.747891	1  	0.154895
3  	322  	2        	2       	0.5	0.580736	0.654641	0.0558578            	0.57735	0.747891	1  	0.154895
4  	310  	2        	2       	0.5	0.580736	0.654641	0.0558578            	0.57735	0.747891	1  	0.154895
5  	303  	2        	2       	0.5	0.580736	0.654641	0.0558578            	0.57735	0.747891	1  	0.154895
6  	317  	2        	2       	0.5	0.580736	0.654641	0.0558578            	0.57735	0.747891	1  	0.154895
7  	291  	2        	2       	0.5	0.580736	0.654641	0.0558578            	0.57735	0.747891	1  	0.154895
8  	303  	2        	2       	0.5	0.580736	0.654641	0.0558578            	0.57735	0.747891	1  	0.154895
9  	309  	2        	2       	0.5	0.580736	0.654641	0.0558578            	0.57735	0.747891	1  	0.154895
10 	327  	2        	2       	0.5	0.580736	0.654641	0.0558578            	0.57735	0.747891	1  	0.154895
11 	308  	2        	2       	0.5	0.580736	0.654641	0.0558578            	0.57735	0.747891	1  	0.154895
12 	301  	2        	2       	0.5	0.580736	0.654641	0.0558578            	0.57735	0.747891	1  	0.154895
13 	311  	2        	2       	0.5	0.580736	0.654641	0.0558578            	0.57735	0.747891	1  	0.154895
14 	315  	2        	2       	0.5	0.580736	0.654641	0.0558578            	0.57735	0.747891	1  	0.154895
15 	306  	2        	2       	0.5	0.580736	0.654641	0.0558578            	0.57735	0.747891	1  	0.154895
16 	286  	2        	2       	0.5	0.580736	0.654641	0.0558578            	0.57735	0.747891	1  	0.154895
17 	309  	2        	2       	0.5	0.580736	0.654641	0.0558578            	0.57735	0.747891	1  	0.154895
18 	310  	2        	2       	0.5	0.580736	0.654641	0.0558578            	0.57735	0.747891	1  	0.154895
19 	323  	2        	2       	0.5	0.580736	0.654641	0.0558578            	0.57735	0.747891	1  	0.154895
20 	313  	2        	2       	0.5	0.580736	0.654641	0.0558578            	0.57735	0.747891	1  	0.154895
21 	301  	2        	2       	0.5	0.580736	0.654641	0.0558578            	0.57735	0.747891	1  	0.154895
22 	321  	2        	2       	0.5	0.580736	0.654641	0.0558578            	0.57735	0.747891	1  	0.154895
23 	285  	2        	2       	0.5	0.580736	0.654641	0.0558578            	0.57735	0.747891	1  	0.154895
24 	304  	2        	2       	0.5	0.580736	0.654641	0.0558578            	0.57735	0.747891	1  	0.154895
25 	297  	2        	2       	0.5	0.580736	0.654641	0.0558578            	0.57735	0.747891	1  	0.154895
26 	295  	2        	2       	0.5	0.580736	0.654641	0.0558578            	0.57735	0.747891	1  	0.154895
27 	286  	2        	2       	0.5	0.580736	0.654641	0.0558578            	0.57735	0.747891	1  	0.154895
28 	296  	2        	2       	0.5	0.580736	0.654641	0.0558578            	0.57735	0.747891	1  	0.154895
29 	306  	2        	2       	0.5	0.580736	0.654641	0.0558578            	0.57735	0.747891	1  	0.154895
30 	314  	2        	2       	0.5	0.580736	0.654641	0.0558578            	0.57735	0.747891	1  	0.154895
31 	294  	2        	2       	0.5	0.580736	0.654641	0.0558578            	0.57735	0.747891	1  	0.154895
32 	307  	2        	2       	0.5	0.580736	0.654641	0.0558578            	0.57735	0.747891	1  	0.154895
33 	303  	2        	2       	0.5	0.580736	0.654641	0.0558578            	0.57735	0.747891	1  	0.154895
34 	297  	2        	2       	0.5	0.580736	0.654641	0.0558578            	0.57735	0.747891	1  	0.154895
35 	302  	2        	2       	0.5	0.580736	0.654641	0.0558578            	0.57735	0.747891	1  	0.154895
36 	316  	2        	2       	0.5	0.580736	0.654641	0.0558578            	0.57735	0.747891	1  	0.154895
37 	331  	2        	2       	0.5	0.580736	0.654641	0.0558578            	0.57735	0.747891	1  	0.154895
38 	306  	2        	2       	0.5	0.580736	0.654641	0.0558578            	0.57735	0.747891	1  	0.154895
39 	322  	2        	2       	0.5	0.580736	0.654641	0.0558578            	0.57735	0.747891	1  	0.154895
40 	284  	2        	2       	0.5	0.580736	0.654641	0.0558578            	0.57735	0.747891	1  	0.154895
41 	312  	2        	2       	0.5	0.580736	0.654641	0.0558578            	0.57735	0.747891	1  	0.154895
42 	313  	2        	2       	0.5	0.580736	0.654641	0.0558578            	0.57735	0.747891	1  	0.154895
43 	278  	2        	2       	0.5	0.580736	0.654641	0.0558578            	0.57735	0.747891	1  	0.154895
44 	302  	2        	2       	0.5	0.580736	0.654641	0.0558578            	0.57735	0.747891	1  	0.154895
45 	314  	2        	2       	0.5	0.580736	0.654641	0.0558578            	0.57735	0.747891	1  	0.154895
46 	311  	2        	2       	0.5	0.580736	0.654641	0.0558578            	0.57735	0.747891	1  	0.154895
47 	310  	2        	2       	0.5	0.580736	0.654641	0.0558578            	0.57735	0.747891	1  	0.154895
48 	305  	2        	2       	0.5	0.580736	0.654641	0.0558578            	0.57735	0.747891	1  	0.154895
49 	303  	2        	2       	0.5	0.580736	0.654641	0.0558578            	0.57735	0.747891	1  	0.154895

ASSIGNING STRATA FOR MULTI-OUTCOME DATA SARC_MV
Assigning strata for outcome named survival of type survival
Counts:
censored 0: 30
censored 1: 94
deceased 0: 35
deceased 1: 35
VIEW: LOG_MIRNA
   	     	         	        	   survival SKSurv Cox model concordance index   	                 root leanness                  
   	     	         	        	-------------------------------------------------	------------------------------------------------
gen	evals	gen_feats	explored	min	avg     	max     	std                  	min     	avg     	max	std     
0  	0    	85       	85      	0.5	0.730534	0.808814	0.0548972            	0.229416	0.424433	1  	0.142289
1  	382  	145      	150     	0.5	0.72934 	0.810186	0.0544139            	0.229416	0.401841	1  	0.126488
2  	374  	150      	163     	0.5	0.733597	0.810186	0.0541076            	0.229416	0.403981	1  	0.130452
3  	357  	154      	171     	0.5	0.738294	0.810186	0.052747             	0.229416	0.397017	1  	0.130427
4  	370  	152      	173     	0.5	0.741475	0.810186	0.0523245            	0.229416	0.393418	1  	0.129975
5  	373  	155      	174     	0.5	0.742321	0.810186	0.0528903            	0.229416	0.394075	1  	0.130755
6  	371  	157      	174     	0.5	0.744058	0.810186	0.0527567            	0.229416	0.391747	1  	0.130289
7  	360  	154      	174     	0.5	0.746315	0.810186	0.0526743            	0.229416	0.388512	1  	0.130149
8  	388  	165      	174     	0.5	0.747406	0.810186	0.0531327            	0.229416	0.387657	1  	0.13059 
9  	372  	158      	174     	0.5	0.748689	0.816052	0.053166             	0.229416	0.386152	1  	0.130244
10 	370  	163      	174     	0.5	0.748561	0.816052	0.0538732            	0.229416	0.388388	1  	0.130258
11 	377  	157      	174     	0.5	0.750009	0.816052	0.0539034            	0.229416	0.38627 	1  	0.13021 
12 	374  	158      	174     	0.5	0.749988	0.816052	0.0547954            	0.229416	0.388012	1  	0.130617
13 	386  	160      	174     	0.5	0.750582	0.816052	0.0547699            	0.229416	0.388359	1  	0.130304
14 	367  	157      	174     	0.5	0.749905	0.816052	0.0553322            	0.229416	0.391768	1  	0.130161
15 	377  	162      	174     	0.5	0.750972	0.816052	0.0554411            	0.229416	0.390301	1  	0.13052 
16 	373  	158      	174     	0.5	0.752082	0.816052	0.0552138            	0.229416	0.388622	1  	0.130057
17 	377  	151      	174     	0.5	0.752473	0.816052	0.0554005            	0.229416	0.388583	1  	0.130093
18 	393  	162      	174     	0.5	0.752617	0.816052	0.0558959            	0.229416	0.389263	1  	0.130947
19 	379  	154      	174     	0.5	0.753573	0.816052	0.0557937            	0.229416	0.387984	1  	0.130512
20 	371  	155      	174     	0.5	0.754156	0.816052	0.0560285            	0.229416	0.387717	1  	0.130562
21 	393  	161      	174     	0.5	0.754764	0.816052	0.0559775            	0.229416	0.386843	1  	0.130856
22 	368  	158      	174     	0.5	0.755854	0.816052	0.0556963            	0.229416	0.385033	1  	0.130109
23 	381  	161      	174     	0.5	0.755105	0.816052	0.0562086            	0.235702	0.387171	1  	0.130649
24 	370  	147      	174     	0.5	0.754344	0.816052	0.0561472            	0.235702	0.389626	1  	0.129935
25 	376  	159      	174     	0.5	0.754979	0.816052	0.0561208            	0.235702	0.388717	1  	0.129959
26 	391  	154      	174     	0.5	0.75456 	0.816052	0.0566658            	0.235702	0.389974	1  	0.130513
27 	376  	163      	174     	0.5	0.753768	0.816052	0.0565602            	0.242536	0.392335	1  	0.129772
28 	363  	148      	174     	0.5	0.754065	0.816153	0.0566127            	0.242536	0.392145	1  	0.129857
29 	384  	164      	174     	0.5	0.754668	0.816153	0.0567592            	0.242536	0.391205	1  	0.130392
30 	378  	158      	174     	0.5	0.755003	0.816153	0.0568234            	0.242536	0.390721	1  	0.130436
31 	376  	156      	174     	0.5	0.755582	0.819014	0.0568202            	0.242536	0.389858	1  	0.130377
32 	372  	161      	174     	0.5	0.756178	0.819014	0.0565303            	0.242536	0.388687	1  	0.12998 
33 	384  	157      	174     	0.5	0.75632 	0.820486	0.0566326            	0.242536	0.38869 	1  	0.12998 
34 	380  	155      	174     	0.5	0.756551	0.820486	0.0567372            	0.242536	0.388487	1  	0.130105
35 	386  	163      	174     	0.5	0.756357	0.820486	0.0566915            	0.242536	0.389145	1  	0.129791
36 	373  	154      	174     	0.5	0.756647	0.820486	0.0567078            	0.235702	0.388793	1  	0.129876
37 	364  	153      	174     	0.5	0.756792	0.820486	0.056789             	0.235702	0.388728	1  	0.129931
38 	368  	152      	174     	0.5	0.756849	0.820486	0.0568243            	0.235702	0.38886 	1  	0.129808
39 	363  	154      	174     	0.5	0.756719	0.820486	0.0568137            	0.235702	0.38934 	1  	0.129644
40 	382  	159      	174     	0.5	0.756063	0.820486	0.0573693            	0.235702	0.390913	1  	0.130305
41 	371  	162      	174     	0.5	0.756391	0.820486	0.0568536            	0.235702	0.390445	1  	0.129506
42 	370  	164      	174     	0.5	0.756126	0.820486	0.0574064            	0.235702	0.39114 	1  	0.130158
43 	372  	150      	174     	0.5	0.755876	0.820486	0.0573853            	0.235702	0.392016	1  	0.129976
44 	379  	157      	174     	0.5	0.756458	0.820486	0.0576009            	0.235702	0.390982	1  	0.130451
45 	378  	152      	174     	0.5	0.756517	0.820486	0.0575332            	0.235702	0.390921	1  	0.130506
46 	380  	160      	174     	0.5	0.757568	0.820486	0.0571643            	0.229416	0.388743	1  	0.129937
47 	372  	150      	174     	0.5	0.757731	0.820486	0.05722              	0.229416	0.38857 	1  	0.130062
48 	373  	163      	174     	0.5	0.75817 	0.825567	0.057278             	0.229416	0.387706	1  	0.130217
49 	380  	154      	174     	0.5	0.758407	0.825567	0.0572928            	0.229416	0.387333	1  	0.130202

STARTING MASTER RUNNER RESAMPLING
Generations completed = 8
Generations completed = 19
Generations completed = 30
Generations completed = 41
MASTER
   	     	         	        	   survival SKSurv Cox model concordance index   	                 root leanness                  
   	     	         	        	-------------------------------------------------	------------------------------------------------
gen	evals	gen_feats	explored	min	avg     	max     	std                  	min     	avg     	max	std     
0  	500  	107      	107     	0.5	0.746338	0.80069 	0.0447474            	0.223607	0.361363	1  	0.110548
1  	408  	104      	113     	0.5	0.749254	0.807163	0.0460395            	0.229416	0.373716	1  	0.112754
2  	405  	99       	115     	0.5	0.750961	0.807163	0.0471051            	0.235702	0.379513	1  	0.117311
3  	417  	97       	115     	0.5	0.752069	0.807163	0.0476751            	0.242536	0.381522	1  	0.118669
4  	419  	101      	118     	0.5	0.752162	0.807163	0.0495323            	0.242536	0.384263	1  	0.123742
5  	409  	103      	118     	0.5	0.752184	0.807163	0.0506107            	0.235702	0.386223	1  	0.126425
6  	412  	99       	118     	0.5	0.753097	0.807163	0.050932             	0.235702	0.385016	1  	0.127378
7  	397  	96       	118     	0.5	0.753809	0.807163	0.050959             	0.235702	0.384699	1  	0.12756 
8  	414  	96       	118     	0.5	0.753399	0.807163	0.0516654            	0.235702	0.386596	1  	0.128899
9  	409  	94       	118     	0.5	0.753262	0.807163	0.0519461            	0.235702	0.38779 	1  	0.129314
10 	412  	98       	118     	0.5	0.753485	0.807163	0.0518839            	0.235702	0.387828	1  	0.129278
11 	415  	97       	118     	0.5	0.753744	0.807163	0.0519683            	0.235702	0.38779 	1  	0.129314
12 	408  	96       	118     	0.5	0.753973	0.807163	0.0518778            	0.235702	0.38779 	1  	0.129314
13 	424  	96       	118     	0.5	0.754209	0.807163	0.051871             	0.229416	0.387585	1  	0.129501
14 	396  	92       	118     	0.5	0.754326	0.807163	0.0519305            	0.229416	0.387235	1  	0.129745
15 	401  	98       	118     	0.5	0.754038	0.807163	0.0523797            	0.229416	0.387893	1  	0.130528
16 	411  	95       	118     	0.5	0.754105	0.807163	0.0524052            	0.229416	0.387734	1  	0.130598
17 	395  	95       	118     	0.5	0.754096	0.807163	0.0524136            	0.229416	0.387778	1  	0.130617
18 	422  	102      	118     	0.5	0.754222	0.807163	0.0522194            	0.229416	0.387594	1  	0.130653
19 	404  	99       	118     	0.5	0.754317	0.807163	0.0521519            	0.229416	0.387411	1  	0.13056 
20 	398  	96       	118     	0.5	0.754648	0.807163	0.0516646            	0.229416	0.386704	1  	0.129781
21 	404  	96       	118     	0.5	0.75418 	0.807163	0.0523375            	0.229416	0.387778	1  	0.130617
22 	414  	90       	118     	0.5	0.754234	0.807163	0.0523447            	0.229416	0.387594	1  	0.130653
23 	407  	94       	118     	0.5	0.754266	0.807163	0.0523529            	0.229416	0.387629	1  	0.130637
24 	414  	100      	118     	0.5	0.754511	0.807163	0.0521928            	0.229416	0.387094	1  	0.1307  
25 	396  	92       	118     	0.5	0.754549	0.807163	0.0521033            	0.229416	0.387124	1  	0.130486
26 	408  	93       	118     	0.5	0.75439 	0.807163	0.0522519            	0.229416	0.387462	1  	0.130759
27 	421  	91       	118     	0.5	0.754889	0.807163	0.0517481            	0.229416	0.386364	1  	0.130022
28 	386  	94       	118     	0.5	0.75481 	0.807163	0.0517875            	0.229416	0.386548	1  	0.130117
29 	387  	96       	118     	0.5	0.754971	0.807163	0.0516383            	0.229416	0.38621 	1  	0.12984 
30 	407  	99       	118     	0.5	0.754972	0.807163	0.0516378            	0.229416	0.38621 	1  	0.12984 
31 	397  	91       	118     	0.5	0.75481 	0.807163	0.051787             	0.229416	0.386548	1  	0.130117
32 	403  	95       	118     	0.5	0.75497 	0.807163	0.0516381            	0.229416	0.38621 	1  	0.12984 
33 	408  	89       	118     	0.5	0.754828	0.807163	0.0517593            	0.229416	0.386548	1  	0.130117
34 	406  	96       	118     	0.5	0.754637	0.807163	0.0522046            	0.229416	0.386884	1  	0.130781
35 	426  	97       	118     	0.5	0.75499 	0.807163	0.0516134            	0.229416	0.38621 	1  	0.12984 
36 	401  	99       	118     	0.5	0.754611	0.807163	0.0521987            	0.229416	0.386962	1  	0.130806
37 	413  	96       	118     	0.5	0.754994	0.807163	0.0517359            	0.229416	0.386125	1  	0.130091
38 	404  	94       	118     	0.5	0.754914	0.807163	0.0517155            	0.229416	0.386364	1  	0.130022
39 	393  	98       	118     	0.5	0.754915	0.807163	0.0517154            	0.229416	0.386364	1  	0.130022
40 	420  	97       	118     	0.5	0.754832	0.807163	0.0517603            	0.229416	0.386548	1  	0.130117
41 	395  	101      	118     	0.5	0.754922	0.807163	0.0517166            	0.229416	0.386364	1  	0.130022
42 	408  	96       	118     	0.5	0.754605	0.807163	0.0523583            	0.229416	0.386884	1  	0.130781
43 	386  	99       	118     	0.5	0.754565	0.807163	0.0523712            	0.229416	0.386962	1  	0.130806
44 	404  	99       	118     	0.5	0.754869	0.807163	0.0517558            	0.229416	0.38647 	1  	0.130093
45 	416  	103      	118     	0.5	0.754919	0.807163	0.0517186            	0.229416	0.386364	1  	0.130022
46 	400  	97       	118     	0.5	0.754836	0.807163	0.0517647            	0.229416	0.386548	1  	0.130117
47 	419  	97       	118     	0.5	0.754837	0.807163	0.0517636            	0.229416	0.386548	1  	0.130117
48 	393  	93       	118     	0.5	0.754837	0.807163	0.0517636            	0.229416	0.386548	1  	0.130117
49 	394  	103      	118     	0.5	0.754837	0.807163	0.0517636            	0.229416	0.386548	1  	0.130117

CURRENT HALLS OF FAME

PARETO FRONT
Number of solutions = 14
(0.807162808359887, 0.2672612419124244) 13 features: [0_age_at_initial_pathologic_diagnosis, 0_race_WHITE, 1_hsa.miR.1307.3p, 1_hsa.miR.130b.5p, 1_hsa.miR.1468.5p, 1_hsa.miR.221.5p, 1_hsa.miR.29c.3p, 1_hsa.miR.301a.3p, 1_hsa.miR.3648, 1_hsa.miR.3677.3p, 1_hsa.miR.3678.5p, 1_hsa.miR.454.3p, 1_hsa.miR.4668.3p]
(0.805886367612015, 0.2773500981126146) 12 features: [0_age_at_initial_pathologic_diagnosis, 0_race_WHITE, 1_hsa.miR.1307.3p, 1_hsa.miR.1468.5p, 1_hsa.miR.221.5p, 1_hsa.miR.29c.3p, 1_hsa.miR.301a.3p, 1_hsa.miR.3648, 1_hsa.miR.3677.3p, 1_hsa.miR.454.3p, 1_hsa.miR.4668.3p, 1_hsa.miR.512.3p]
(0.8025671743308989, 0.28867513459481287) 11 features: [0_age_at_initial_pathologic_diagnosis, 0_race_WHITE, 1_hsa.miR.1307.3p, 1_hsa.miR.1468.5p, 1_hsa.miR.29c.3p, 1_hsa.miR.301a.3p, 1_hsa.miR.3648, 1_hsa.miR.3677.3p, 1_hsa.miR.454.3p, 1_hsa.miR.4668.3p, 1_hsa.miR.512.3p]
(0.8011210422043876, 0.30151134457776363) 10 features: [0_age_at_initial_pathologic_diagnosis, 0_race_WHITE, 1_hsa.miR.1307.3p, 1_hsa.miR.1468.5p, 1_hsa.miR.221.5p, 1_hsa.miR.29c.3p, 1_hsa.miR.301a.3p, 1_hsa.miR.301a.5p, 1_hsa.miR.3648, 1_hsa.miR.3677.3p]
(0.7970509819147836, 0.31622776601683794) 9 features: [0_age_at_initial_pathologic_diagnosis, 0_race_WHITE, 1_hsa.miR.1307.3p, 1_hsa.miR.1468.5p, 1_hsa.miR.221.5p, 1_hsa.miR.29c.3p, 1_hsa.miR.301a.3p, 1_hsa.miR.3648, 1_hsa.miR.3677.3p]
(0.7853690285434772, 0.3333333333333333) 8 features: [0_age_at_initial_pathologic_diagnosis, 0_race_WHITE, 1_hsa.miR.190b, 1_hsa.miR.29c.3p, 1_hsa.miR.301a.3p, 1_hsa.miR.3648, 1_hsa.miR.3677.3p, 1_hsa.miR.3678.5p]
(0.7820221179922338, 0.3535533905932738) 7 features: [0_age_at_initial_pathologic_diagnosis, 0_race_WHITE, 1_hsa.miR.29c.3p, 1_hsa.miR.301a.3p, 1_hsa.miR.3648, 1_hsa.miR.3677.3p, 1_hsa.miR.3678.5p]
(0.7731518042251575, 0.3779644730092272) 6 features: [0_age_at_initial_pathologic_diagnosis, 0_race_WHITE, 1_hsa.miR.301a.3p, 1_hsa.miR.3648, 1_hsa.miR.3677.3p, 1_hsa.miR.3678.5p]
(0.7713242770683372, 0.408248290463863) 5 features: [0_race_WHITE, 1_hsa.miR.28.5p, 1_hsa.miR.301a.3p, 1_hsa.miR.3170, 1_hsa.miR.3678.5p]
(0.7594231772965179, 0.4472135954999579) 4 features: [0_race_WHITE, 1_hsa.miR.301a.3p, 1_hsa.miR.3170, 1_hsa.miR.3678.5p]
(0.737803086621145, 0.5) [0_age_at_initial_pathologic_diagnosis, 0_race_WHITE, 1_hsa.miR.301a.3p]
(0.7107317440820934, 0.5773502691896257) [0_age_at_initial_pathologic_diagnosis, 1_hsa.miR.301a.3p]
(0.6588844709011542, 0.7071067811865476) [1_hsa.miR.301a.3p]
(0.5, 1.0) []
Features in hall of fame by prevalence:
18 features: [1_hsa.miR.301a.3p, 0_race_WHITE, 0_age_at_initial_pathologic_diagnosis, 1_hsa.miR.3648, 1_hsa.miR.3677.3p, 1_hsa.miR.29c.3p, 1_hsa.miR.3678.5p, 1_hsa.miR.1307.3p, 1_hsa.miR.1468.5p, 1_hsa.miR.221.5p, 1_hsa.miR.454.3p, 1_hsa.miR.4668.3p, 1_hsa.miR.3170, 1_hsa.miR.512.3p, 1_hsa.miR.130b.5p, 1_hsa.miR.190b, 1_hsa.miR.28.5p, 1_hsa.miR.301a.5p]

LAST POPULATION
Number of solutions = 500
Features in hall of fame by prevalence:
94 features: [1_hsa.miR.3677.3p, 0_race_WHITE, 1_hsa.miR.301a.3p, 1_hsa.miR.3648, 1_hsa.miR.3678.5p, 1_hsa.miR.29c.3p, 1_hsa.miR.1468.5p, 1_hsa.miR.1307.3p, 0_age_at_initial_pathologic_diagnosis, 1_hsa.miR.221.5p, 1_hsa.miR.454.3p, 1_hsa.miR.4668.3p, 1_hsa.miR.512.3p, 1_hsa.miR.20a.3p, 1_hsa.miR.3170, 1_hsa.miR.17.5p, 1_hsa.miR.518a.5p, 1_hsa.miR.28.5p, 1_hsa.miR.455.5p, 1_hsa.miR.191.5p, 1_hsa.miR.124.3p, 1_hsa.miR.339.3p, 1_hsa.miR.130b.5p, 1_hsa.miR.301b, 1_hsa.miR.21.3p, 1_hsa.miR.3609, 1_hsa.miR.455.3p, 1_hsa.miR.3922.3p, 1_hsa.miR.3200.3p, 1_hsa.miR.3605.3p, 1_hsa.miR.1251.3p, 1_hsa.miR.527, 1_hsa.miR.1306.3p, 1_hsa.miR.18a.5p, 1_hsa.miR.3607.5p, 1_hsa.miR.532.3p, 1_hsa.miR.551a, 1_hsa.miR.93.5p, 1_hsa.miR.190b, 1_hsa.miR.3127.5p, 1_hsa.miR.7706, 1_hsa.miR.99b.3p, 1_hsa.miR.518d.3p, 1_hsa.miR.1251.5p, 1_hsa.miR.1271.5p, 1_hsa.miR.15b.5p, 1_hsa.miR.20a.5p, 1_hsa.miR.30e.5p, 1_hsa.miR.339.5p, 1_hsa.miR.423.3p, 1_hsa.miR.4449, 1_hsa.miR.92a.1.5p, 1_hsa.miR.151a.5p, 1_hsa.miR.19b.3p, 1_hsa.miR.210.3p, 1_hsa.miR.4662a.5p, 1_hsa.miR.548v, 1_hsa.miR.940, 1_hsa.let.7c.3p, 1_hsa.miR.106b.3p, 1_hsa.miR.1229.3p, 1_hsa.miR.130a.3p, 1_hsa.miR.130b.3p, 1_hsa.miR.181b.3p, 1_hsa.miR.181c.3p, 1_hsa.miR.197.3p, 1_hsa.miR.24.3p, 1_hsa.miR.335.3p, 1_hsa.miR.33a.5p, 1_hsa.miR.374a.3p, 1_hsa.miR.744.3p, 1_hsa.miR.520e, 1_hsa.miR.520g.3p, 1_hsa.miR.103a.2.5p, 1_hsa.miR.105.5p, 1_hsa.miR.106b.5p, 1_hsa.miR.1226.3p, 1_hsa.miR.146b.3p, 1_hsa.miR.148b.5p, 1_hsa.miR.15b.3p, 1_hsa.miR.16.2.3p, 1_hsa.miR.19a.3p, 1_hsa.miR.301a.5p, 1_hsa.miR.3687, 1_hsa.miR.424.3p, 1_hsa.miR.503.5p, 1_hsa.miR.589.3p, 1_hsa.miR.590.5p, 1_hsa.miR.629.5p, 1_hsa.miR.7.1.3p, 1_hsa.miR.92a.3p, 1_hsa.miR.93.3p, 1_hsa.miR.99b.5p, 1_hsa.miR.371a.3p]

BEST SUMS WITH SIZE 50
Number of solutions = 50
Features in hall of fame by prevalence:
41 features: [0_race_WHITE, 1_hsa.miR.301a.3p, 1_hsa.miR.3170, 1_hsa.miR.3677.3p, 0_age_at_initial_pathologic_diagnosis, 1_hsa.miR.301b, 1_hsa.miR.3605.3p, 1_hsa.miR.3648, 1_hsa.miR.744.3p, 1_hsa.miR.103a.2.5p, 1_hsa.miR.1226.3p, 1_hsa.miR.1306.3p, 1_hsa.miR.130b.3p, 1_hsa.miR.1468.5p, 1_hsa.miR.148b.5p, 1_hsa.miR.151a.5p, 1_hsa.miR.15b.3p, 1_hsa.miR.16.2.3p, 1_hsa.miR.17.5p, 1_hsa.miR.186.5p, 1_hsa.miR.197.3p, 1_hsa.miR.19a.3p, 1_hsa.miR.19b.3p, 1_hsa.miR.20a.3p, 1_hsa.miR.210.3p, 1_hsa.miR.21.3p, 1_hsa.miR.29c.3p, 1_hsa.miR.301a.5p, 1_hsa.miR.3200.3p, 1_hsa.miR.33a.5p, 1_hsa.miR.3678.5p, 1_hsa.miR.3687, 1_hsa.miR.455.3p, 1_hsa.miR.455.5p, 1_hsa.miR.589.3p, 1_hsa.miR.590.5p, 1_hsa.miR.629.5p, 1_hsa.miR.7706, 1_hsa.miR.92a.3p, 1_hsa.miR.93.3p, 1_hsa.miR.940]

BEST SUMS WITH SIZE 100
Number of solutions = 100
Features in hall of fame by prevalence:
44 features: [0_race_WHITE, 1_hsa.miR.301a.3p, 1_hsa.miR.3648, 1_hsa.miR.3677.3p, 0_age_at_initial_pathologic_diagnosis, 1_hsa.miR.3170, 1_hsa.miR.20a.3p, 1_hsa.miR.3200.3p, 1_hsa.miR.29c.3p, 1_hsa.miR.3605.3p, 1_hsa.miR.3678.5p, 1_hsa.miR.7706, 1_hsa.miR.1306.3p, 1_hsa.miR.1468.5p, 1_hsa.miR.15b.3p, 1_hsa.miR.17.5p, 1_hsa.miR.301b, 1_hsa.miR.33a.5p, 1_hsa.miR.455.3p, 1_hsa.miR.940, 1_hsa.miR.130b.3p, 1_hsa.miR.16.2.3p, 1_hsa.miR.197.3p, 1_hsa.miR.210.3p, 1_hsa.miR.21.3p, 1_hsa.miR.3687, 1_hsa.miR.455.5p, 1_hsa.miR.629.5p, 1_hsa.miR.744.3p, 1_hsa.miR.92a.3p, 1_hsa.miR.93.3p, 1_hsa.miR.103a.2.5p, 1_hsa.miR.1226.3p, 1_hsa.miR.148b.5p, 1_hsa.miR.151a.5p, 1_hsa.miR.186.5p, 1_hsa.miR.19a.3p, 1_hsa.miR.19b.3p, 1_hsa.miR.301a.5p, 1_hsa.miR.4326, 1_hsa.miR.551a, 1_hsa.miR.589.3p, 1_hsa.miR.590.5p, 1_hsa.miR.518f.3p]

STARTING SWEEP NUMBER 3
folds_creator_seed = 50761811

ASSIGNING STRATA FOR MULTI-OUTCOME DATA SARC_MV
Assigning strata for outcome named survival of type survival
Counts:
censored 0: 30
censored 1: 94
deceased 0: 35
deceased 1: 35
ga_runner_seed = 3541734676
VIEW: CLINIC
   	     	         	        	   survival SKSurv Cox model concordance index   	             root leanness              
   	     	         	        	-------------------------------------------------	----------------------------------------
gen	evals	gen_feats	explored	min	avg     	max     	std                  	min    	avg     	max	std     
0  	0    	2        	2       	0.5	0.59271 	0.654641	0.055778             	0.57735	0.705055	1  	0.143401
1  	308  	2        	2       	0.5	0.581006	0.654641	0.0559422            	0.57735	0.747891	1  	0.154895
2  	304  	2        	2       	0.5	0.581006	0.654641	0.0559422            	0.57735	0.747891	1  	0.154895
3  	297  	2        	2       	0.5	0.581006	0.654641	0.0559422            	0.57735	0.747891	1  	0.154895
4  	312  	2        	2       	0.5	0.581006	0.654641	0.0559422            	0.57735	0.747891	1  	0.154895
5  	316  	2        	2       	0.5	0.581006	0.654641	0.0559422            	0.57735	0.747891	1  	0.154895
6  	300  	2        	2       	0.5	0.581006	0.654641	0.0559422            	0.57735	0.747891	1  	0.154895
7  	303  	2        	2       	0.5	0.581006	0.654641	0.0559422            	0.57735	0.747891	1  	0.154895
8  	301  	2        	2       	0.5	0.581006	0.654641	0.0559422            	0.57735	0.747891	1  	0.154895
9  	292  	2        	2       	0.5	0.581006	0.654641	0.0559422            	0.57735	0.747891	1  	0.154895
10 	311  	2        	2       	0.5	0.581006	0.654641	0.0559422            	0.57735	0.747891	1  	0.154895
11 	321  	2        	2       	0.5	0.581006	0.654641	0.0559422            	0.57735	0.747891	1  	0.154895
12 	294  	2        	2       	0.5	0.581006	0.654641	0.0559422            	0.57735	0.747891	1  	0.154895
13 	303  	2        	2       	0.5	0.581006	0.654641	0.0559422            	0.57735	0.747891	1  	0.154895
14 	313  	2        	2       	0.5	0.581006	0.654641	0.0559422            	0.57735	0.747891	1  	0.154895
15 	322  	2        	2       	0.5	0.581006	0.654641	0.0559422            	0.57735	0.747891	1  	0.154895
16 	305  	2        	2       	0.5	0.581006	0.654641	0.0559422            	0.57735	0.747891	1  	0.154895
17 	313  	2        	2       	0.5	0.581006	0.654641	0.0559422            	0.57735	0.747891	1  	0.154895
18 	275  	2        	2       	0.5	0.581006	0.654641	0.0559422            	0.57735	0.747891	1  	0.154895
19 	298  	2        	2       	0.5	0.581006	0.654641	0.0559422            	0.57735	0.747891	1  	0.154895
20 	314  	2        	2       	0.5	0.581006	0.654641	0.0559422            	0.57735	0.747891	1  	0.154895
21 	304  	2        	2       	0.5	0.581006	0.654641	0.0559422            	0.57735	0.747891	1  	0.154895
22 	302  	2        	2       	0.5	0.581006	0.654641	0.0559422            	0.57735	0.747891	1  	0.154895
23 	297  	2        	2       	0.5	0.581006	0.654641	0.0559422            	0.57735	0.747891	1  	0.154895
24 	291  	2        	2       	0.5	0.581006	0.654641	0.0559422            	0.57735	0.747891	1  	0.154895
25 	301  	2        	2       	0.5	0.581006	0.654641	0.0559422            	0.57735	0.747891	1  	0.154895
26 	309  	2        	2       	0.5	0.581006	0.654641	0.0559422            	0.57735	0.747891	1  	0.154895
27 	322  	2        	2       	0.5	0.581006	0.654641	0.0559422            	0.57735	0.747891	1  	0.154895
28 	319  	2        	2       	0.5	0.581006	0.654641	0.0559422            	0.57735	0.747891	1  	0.154895
29 	302  	2        	2       	0.5	0.581006	0.654641	0.0559422            	0.57735	0.747891	1  	0.154895
30 	314  	2        	2       	0.5	0.581006	0.654641	0.0559422            	0.57735	0.747891	1  	0.154895
31 	308  	2        	2       	0.5	0.581006	0.654641	0.0559422            	0.57735	0.747891	1  	0.154895
32 	299  	2        	2       	0.5	0.581006	0.654641	0.0559422            	0.57735	0.747891	1  	0.154895
33 	286  	2        	2       	0.5	0.581006	0.654641	0.0559422            	0.57735	0.747891	1  	0.154895
34 	314  	2        	2       	0.5	0.581006	0.654641	0.0559422            	0.57735	0.747891	1  	0.154895
35 	281  	2        	2       	0.5	0.581006	0.654641	0.0559422            	0.57735	0.747891	1  	0.154895
36 	295  	2        	2       	0.5	0.581006	0.654641	0.0559422            	0.57735	0.747891	1  	0.154895
37 	319  	2        	2       	0.5	0.581006	0.654641	0.0559422            	0.57735	0.747891	1  	0.154895
38 	309  	2        	2       	0.5	0.581006	0.654641	0.0559422            	0.57735	0.747891	1  	0.154895
39 	305  	2        	2       	0.5	0.581006	0.654641	0.0559422            	0.57735	0.747891	1  	0.154895
40 	313  	2        	2       	0.5	0.581006	0.654641	0.0559422            	0.57735	0.747891	1  	0.154895
41 	300  	2        	2       	0.5	0.581006	0.654641	0.0559422            	0.57735	0.747891	1  	0.154895
42 	313  	2        	2       	0.5	0.581006	0.654641	0.0559422            	0.57735	0.747891	1  	0.154895
43 	317  	2        	2       	0.5	0.581006	0.654641	0.0559422            	0.57735	0.747891	1  	0.154895
44 	311  	2        	2       	0.5	0.581006	0.654641	0.0559422            	0.57735	0.747891	1  	0.154895
45 	308  	2        	2       	0.5	0.581006	0.654641	0.0559422            	0.57735	0.747891	1  	0.154895
46 	301  	2        	2       	0.5	0.581006	0.654641	0.0559422            	0.57735	0.747891	1  	0.154895
47 	313  	2        	2       	0.5	0.581006	0.654641	0.0559422            	0.57735	0.747891	1  	0.154895
48 	290  	2        	2       	0.5	0.581006	0.654641	0.0559422            	0.57735	0.747891	1  	0.154895
49 	302  	2        	2       	0.5	0.581006	0.654641	0.0559422            	0.57735	0.747891	1  	0.154895

ASSIGNING STRATA FOR MULTI-OUTCOME DATA SARC_MV
Assigning strata for outcome named survival of type survival
Counts:
censored 0: 30
censored 1: 94
deceased 0: 35
deceased 1: 35
VIEW: LOG_MIRNA
   	     	         	        	   survival SKSurv Cox model concordance index   	                 root leanness                  
   	     	         	        	-------------------------------------------------	------------------------------------------------
gen	evals	gen_feats	explored	min	avg     	max     	std                  	min     	avg     	max	std     
0  	0    	92       	92      	0.5	0.74502 	0.820119	0.0611015            	0.242536	0.421458	1  	0.141568
1  	378  	149      	154     	0.5	0.728073	0.820119	0.0615997            	0.242536	0.403949	1  	0.132283
2  	368  	161      	172     	0.5	0.734047	0.820119	0.0582547            	0.242536	0.40459 	1  	0.133425
3  	365  	151      	174     	0.5	0.737194	0.820119	0.0566803            	0.242536	0.401834	1  	0.13325 
4  	378  	163      	174     	0.5	0.738286	0.820119	0.0565462            	0.242536	0.402203	1  	0.132988
5  	344  	156      	174     	0.5	0.739776	0.820119	0.0559672            	0.242536	0.400302	1  	0.132293
6  	375  	152      	174     	0.5	0.741131	0.820119	0.0559606            	0.242536	0.399197	1  	0.132858
7  	355  	155      	174     	0.5	0.742181	0.820119	0.0553006            	0.242536	0.397754	1  	0.131879
8  	376  	159      	174     	0.5	0.743173	0.820119	0.0555007            	0.242536	0.396723	1  	0.132452
9  	375  	156      	174     	0.5	0.7434  	0.820119	0.0555873            	0.242536	0.397224	1  	0.132232
10 	387  	148      	174     	0.5	0.743531	0.820119	0.0553909            	0.242536	0.397816	1  	0.131326
11 	382  	152      	174     	0.5	0.744039	0.820119	0.0553656            	0.242536	0.397322	1  	0.131552
12 	376  	159      	174     	0.5	0.744464	0.820119	0.0552504            	0.242536	0.397148	1  	0.131653
13 	384  	153      	174     	0.5	0.745728	0.820119	0.0550617            	0.235702	0.394731	1  	0.131801
14 	366  	148      	174     	0.5	0.746483	0.820119	0.0549418            	0.235702	0.393499	1  	0.131919
15 	402  	160      	174     	0.5	0.747283	0.820119	0.0545898            	0.229416	0.391864	1  	0.131612
16 	386  	157      	174     	0.5	0.74765 	0.820119	0.0546165            	0.229416	0.391677	1  	0.131758
17 	381  	154      	174     	0.5	0.747818	0.820119	0.0546366            	0.229416	0.391901	1  	0.131602
18 	375  	152      	174     	0.5	0.747807	0.820119	0.0546784            	0.235702	0.392314	1  	0.131327
19 	371  	157      	174     	0.5	0.747655	0.820119	0.0548548            	0.235702	0.393268	1  	0.131295
20 	370  	163      	174     	0.5	0.748069	0.820119	0.0547334            	0.235702	0.392585	1  	0.131224
21 	393  	163      	174     	0.5	0.747943	0.820119	0.054691             	0.235702	0.393203	1  	0.131047
22 	370  	158      	174     	0.5	0.747531	0.820119	0.0552123            	0.235702	0.394646	1  	0.131704
23 	389  	161      	174     	0.5	0.747227	0.820119	0.0551987            	0.235702	0.395564	1  	0.131376
24 	378  	162      	174     	0.5	0.747666	0.820119	0.0552401            	0.235702	0.39487 	1  	0.131657
25 	375  	161      	174     	0.5	0.748659	0.820119	0.0548324            	0.229416	0.392696	1  	0.131128
26 	383  	157      	174     	0.5	0.748906	0.820119	0.054889             	0.229416	0.392416	1  	0.131245
27 	372  	155      	174     	0.5	0.748917	0.820119	0.0549342            	0.229416	0.392548	1  	0.131238
28 	371  	154      	174     	0.5	0.748937	0.820119	0.0549373            	0.229416	0.392593	1  	0.13122 
29 	372  	158      	174     	0.5	0.749018	0.820119	0.0549658            	0.229416	0.392593	1  	0.13122 
30 	347  	152      	174     	0.5	0.74922 	0.820119	0.0550384            	0.235702	0.392361	1  	0.131393
31 	376  	161      	174     	0.5	0.749242	0.820119	0.0550791            	0.235702	0.392439	1  	0.131353
32 	374  	155      	174     	0.5	0.749496	0.820119	0.0551637            	0.235702	0.392067	1  	0.131594
33 	385  	162      	174     	0.5	0.750221	0.820119	0.0549216            	0.235702	0.390562	1  	0.131333
34 	384  	160      	174     	0.5	0.750395	0.820119	0.0553009            	0.235702	0.390381	1  	0.13199 
35 	366  	161      	174     	0.5	0.75066 	0.820119	0.0553206            	0.229416	0.389959	1  	0.131989
36 	360  	152      	174     	0.5	0.750563	0.820119	0.0552962            	0.229416	0.390377	1  	0.131753
37 	397  	158      	174     	0.5	0.750667	0.820119	0.0550539            	0.229416	0.390445	1  	0.131209
38 	368  	159      	174     	0.5	0.75113 	0.820119	0.0550128            	0.229416	0.389556	1  	0.131061
39 	375  	160      	174     	0.5	0.751217	0.820119	0.0551234            	0.229416	0.38969 	1  	0.131057
40 	381  	154      	174     	0.5	0.751203	0.820119	0.055133             	0.229416	0.389916	1  	0.130867
41 	381  	160      	174     	0.5	0.75132 	0.820119	0.0552099            	0.229416	0.389867	1  	0.130906
42 	380  	158      	174     	0.5	0.751475	0.820119	0.0553039            	0.229416	0.389653	1  	0.131081
43 	367  	150      	174     	0.5	0.751684	0.820119	0.0553854            	0.229416	0.389399	1  	0.131206
44 	391  	161      	174     	0.5	0.752031	0.820119	0.0555027            	0.229416	0.388631	1  	0.131746
45 	372  	160      	174     	0.5	0.752334	0.820119	0.0551504            	0.229416	0.38801 	1  	0.13091 
46 	394  	156      	174     	0.5	0.752351	0.820119	0.0555866            	0.229416	0.387902	1  	0.131825
47 	375  	152      	174     	0.5	0.752974	0.820119	0.0553059            	0.229416	0.386636	1  	0.131445
48 	378  	158      	174     	0.5	0.752611	0.820119	0.0553436            	0.229416	0.387746	1  	0.131085
49 	379  	158      	174     	0.5	0.753279	0.820119	0.0552474            	0.229416	0.386182	1  	0.131129

STARTING MASTER RUNNER RESAMPLING
Generations completed = 8
Generations completed = 19
Generations completed = 30
Generations completed = 41
MASTER
   	     	         	        	       survival SKSurv Cox model concordance index       	                      root leanness                      
   	     	         	        	---------------------------------------------------------	---------------------------------------------------------
gen	evals	gen_feats	explored	min     	avg     	max     	std             	min     	avg     	max     	std      
0  	500  	116      	116     	0.607799	0.753723	0.805886	0.0402919       	0.223607	0.349922	0.707107	0.0980099
1  	406  	110      	119     	0.596647	0.752674	0.805886	0.0445438       	0.223607	0.36922 	0.707107	0.108524 
2  	419  	104      	123     	0.596647	0.756804	0.807163	0.0448533       	0.229416	0.369175	0.707107	0.113205 
3  	415  	107      	125     	0.596647	0.757898	0.807163	0.0456109       	0.229416	0.371281	0.707107	0.114841 
4  	413  	100      	127     	0.596647	0.758978	0.807163	0.0455497       	0.229416	0.371695	0.707107	0.115929 
5  	408  	108      	127     	0.5     	0.758968	0.807163	0.0476005       	0.229416	0.37374 	1       	0.120962 
6  	405  	94       	127     	0.5     	0.758672	0.807163	0.0482239       	0.229416	0.37559 	1       	0.122505 
7  	394  	102      	127     	0.5     	0.758923	0.807163	0.0483401       	0.229416	0.375728	1       	0.123182 
8  	408  	106      	127     	0.5     	0.758566	0.807163	0.0496056       	0.229416	0.376786	1       	0.125873 
9  	413  	108      	127     	0.5     	0.758616	0.807163	0.0497124       	0.229416	0.377206	1       	0.125893 
10 	393  	106      	127     	0.5     	0.758586	0.807163	0.0502236       	0.229416	0.377197	1       	0.127035 
11 	391  	103      	127     	0.5     	0.758341	0.807163	0.0508208       	0.229416	0.378354	1       	0.12831  
12 	401  	95       	127     	0.5     	0.75846 	0.807163	0.0508117       	0.229416	0.378354	1       	0.12831  
13 	407  	109      	127     	0.5     	0.758554	0.807163	0.0508328       	0.229416	0.378355	1       	0.12831  
14 	406  	103      	127     	0.5     	0.757442	0.807163	0.0521876       	0.229416	0.380931	1       	0.130553 
15 	431  	106      	127     	0.5     	0.757743	0.807163	0.0514397       	0.229416	0.381009	1       	0.130487 
16 	392  	103      	127     	0.5     	0.757765	0.807163	0.0514305       	0.229416	0.381009	1       	0.130487 
17 	417  	108      	127     	0.5     	0.757777	0.807163	0.0514377       	0.229416	0.381029	1       	0.13047  
18 	412  	107      	127     	0.5     	0.757788	0.807163	0.0514037       	0.229416	0.381029	1       	0.13047  
19 	408  	101      	127     	0.5     	0.757797	0.807163	0.0514028       	0.229416	0.381029	1       	0.13047  
20 	418  	111      	127     	0.5     	0.757797	0.807163	0.0514028       	0.229416	0.381029	1       	0.13047  
21 	395  	101      	127     	0.5     	0.757797	0.807163	0.0514028       	0.229416	0.381029	1       	0.13047  
22 	401  	100      	127     	0.5     	0.757822	0.807163	0.0513915       	0.229416	0.381029	1       	0.13047  
23 	396  	104      	127     	0.5     	0.757867	0.807163	0.0513238       	0.229416	0.381029	1       	0.13047  
24 	401  	102      	127     	0.5     	0.757867	0.807163	0.0513241       	0.229416	0.381029	1       	0.13047  
25 	400  	100      	127     	0.5     	0.757886	0.807163	0.0513192       	0.229416	0.381029	1       	0.13047  
26 	407  	110      	127     	0.5     	0.757898	0.807163	0.0513232       	0.229416	0.381029	1       	0.13047  
27 	405  	101      	127     	0.5     	0.757898	0.807163	0.0513232       	0.229416	0.381029	1       	0.13047  
28 	402  	105      	127     	0.5     	0.757898	0.807163	0.0513232       	0.229416	0.381029	1       	0.13047  
29 	390  	98       	127     	0.5     	0.757922	0.807163	0.051321        	0.229416	0.381047	1       	0.130453 
30 	409  	99       	127     	0.5     	0.757922	0.807163	0.051321        	0.229416	0.381047	1       	0.130453 
31 	424  	105      	127     	0.5     	0.757922	0.807163	0.051321        	0.229416	0.381047	1       	0.130453 
32 	391  	107      	127     	0.5     	0.757922	0.807163	0.051321        	0.229416	0.381047	1       	0.130453 
33 	405  	108      	127     	0.5     	0.757922	0.807163	0.051321        	0.229416	0.381047	1       	0.130453 
34 	404  	102      	127     	0.5     	0.757922	0.807163	0.051321        	0.229416	0.381047	1       	0.130453 
35 	412  	107      	127     	0.5     	0.757922	0.807163	0.051321        	0.229416	0.381047	1       	0.130453 
36 	400  	103      	127     	0.5     	0.757922	0.807163	0.051321        	0.229416	0.381047	1       	0.130453 
37 	404  	104      	127     	0.5     	0.757922	0.807163	0.051321        	0.229416	0.381047	1       	0.130453 
38 	410  	109      	127     	0.5     	0.757922	0.807163	0.051321        	0.229416	0.381047	1       	0.130453 
39 	387  	106      	127     	0.5     	0.757922	0.807163	0.051321        	0.229416	0.381047	1       	0.130453 
40 	422  	108      	127     	0.5     	0.757991	0.807163	0.051162        	0.229416	0.381047	1       	0.130453 
41 	426  	107      	127     	0.5     	0.757991	0.807163	0.051162        	0.229416	0.381047	1       	0.130453 
42 	418  	110      	127     	0.5     	0.757991	0.807163	0.051162        	0.229416	0.381047	1       	0.130453 
43 	392  	99       	127     	0.5     	0.757991	0.807163	0.051162        	0.229416	0.381047	1       	0.130453 
44 	409  	98       	127     	0.5     	0.757991	0.807163	0.051162        	0.229416	0.381047	1       	0.130453 
45 	401  	101      	127     	0.5     	0.757991	0.807163	0.051162        	0.229416	0.381047	1       	0.130453 
46 	406  	102      	127     	0.5     	0.757991	0.807163	0.051162        	0.229416	0.381047	1       	0.130453 
47 	395  	112      	127     	0.5     	0.757991	0.807163	0.051162        	0.229416	0.381047	1       	0.130453 
48 	403  	103      	127     	0.5     	0.757991	0.807163	0.051162        	0.229416	0.381047	1       	0.130453 
49 	413  	117      	127     	0.5     	0.757991	0.807163	0.051162        	0.229416	0.381047	1       	0.130453 

CURRENT HALLS OF FAME

PARETO FRONT
Number of solutions = 14
(0.807162808359887, 0.2672612419124244) 13 features: [0_age_at_initial_pathologic_diagnosis, 0_race_WHITE, 1_hsa.miR.1307.3p, 1_hsa.miR.130b.5p, 1_hsa.miR.1468.5p, 1_hsa.miR.221.5p, 1_hsa.miR.29c.3p, 1_hsa.miR.301a.3p, 1_hsa.miR.3648, 1_hsa.miR.3677.3p, 1_hsa.miR.3678.5p, 1_hsa.miR.454.3p, 1_hsa.miR.4668.3p]
(0.805886367612015, 0.2773500981126146) 12 features: [0_age_at_initial_pathologic_diagnosis, 0_race_WHITE, 1_hsa.miR.1307.3p, 1_hsa.miR.1468.5p, 1_hsa.miR.221.5p, 1_hsa.miR.29c.3p, 1_hsa.miR.301a.3p, 1_hsa.miR.3648, 1_hsa.miR.3677.3p, 1_hsa.miR.454.3p, 1_hsa.miR.4668.3p, 1_hsa.miR.512.3p]
(0.8025671743308989, 0.28867513459481287) 11 features: [0_age_at_initial_pathologic_diagnosis, 0_race_WHITE, 1_hsa.miR.1307.3p, 1_hsa.miR.1468.5p, 1_hsa.miR.29c.3p, 1_hsa.miR.301a.3p, 1_hsa.miR.3648, 1_hsa.miR.3677.3p, 1_hsa.miR.454.3p, 1_hsa.miR.4668.3p, 1_hsa.miR.512.3p]
(0.8011210422043876, 0.30151134457776363) 10 features: [0_age_at_initial_pathologic_diagnosis, 0_race_WHITE, 1_hsa.miR.1307.3p, 1_hsa.miR.1468.5p, 1_hsa.miR.221.5p, 1_hsa.miR.29c.3p, 1_hsa.miR.301a.3p, 1_hsa.miR.301a.5p, 1_hsa.miR.3648, 1_hsa.miR.3677.3p]
(0.7970509819147836, 0.31622776601683794) 9 features: [0_age_at_initial_pathologic_diagnosis, 0_race_WHITE, 1_hsa.miR.1307.3p, 1_hsa.miR.1468.5p, 1_hsa.miR.221.5p, 1_hsa.miR.29c.3p, 1_hsa.miR.301a.3p, 1_hsa.miR.3648, 1_hsa.miR.3677.3p]
(0.7853690285434772, 0.3333333333333333) 8 features: [0_age_at_initial_pathologic_diagnosis, 0_race_WHITE, 1_hsa.miR.190b, 1_hsa.miR.29c.3p, 1_hsa.miR.301a.3p, 1_hsa.miR.3648, 1_hsa.miR.3677.3p, 1_hsa.miR.3678.5p]
(0.7828088096514838, 0.3535533905932738) 7 features: [0_age_at_initial_pathologic_diagnosis, 0_race_WHITE, 1_hsa.miR.29c.3p, 1_hsa.miR.301a.3p, 1_hsa.miR.3648, 1_hsa.miR.3677.3p, 1_hsa.miR.423.3p]
(0.7731518042251575, 0.3779644730092272) 6 features: [0_age_at_initial_pathologic_diagnosis, 0_race_WHITE, 1_hsa.miR.301a.3p, 1_hsa.miR.3648, 1_hsa.miR.3677.3p, 1_hsa.miR.3678.5p]
(0.7713242770683372, 0.408248290463863) 5 features: [0_race_WHITE, 1_hsa.miR.28.5p, 1_hsa.miR.301a.3p, 1_hsa.miR.3170, 1_hsa.miR.3678.5p]
(0.7594231772965179, 0.4472135954999579) 4 features: [0_race_WHITE, 1_hsa.miR.301a.3p, 1_hsa.miR.3170, 1_hsa.miR.3678.5p]
(0.737803086621145, 0.5) [0_age_at_initial_pathologic_diagnosis, 0_race_WHITE, 1_hsa.miR.301a.3p]
(0.7107317440820934, 0.5773502691896257) [0_age_at_initial_pathologic_diagnosis, 1_hsa.miR.301a.3p]
(0.6588844709011542, 0.7071067811865476) [1_hsa.miR.301a.3p]
(0.5, 1.0) []
Features in hall of fame by prevalence:
19 features: [1_hsa.miR.301a.3p, 0_race_WHITE, 0_age_at_initial_pathologic_diagnosis, 1_hsa.miR.3648, 1_hsa.miR.3677.3p, 1_hsa.miR.29c.3p, 1_hsa.miR.1307.3p, 1_hsa.miR.1468.5p, 1_hsa.miR.3678.5p, 1_hsa.miR.221.5p, 1_hsa.miR.454.3p, 1_hsa.miR.4668.3p, 1_hsa.miR.3170, 1_hsa.miR.512.3p, 1_hsa.miR.130b.5p, 1_hsa.miR.190b, 1_hsa.miR.28.5p, 1_hsa.miR.301a.5p, 1_hsa.miR.423.3p]

LAST POPULATION
Number of solutions = 500
Features in hall of fame by prevalence:
97 features: [0_race_WHITE, 1_hsa.miR.3677.3p, 1_hsa.miR.301a.3p, 1_hsa.miR.3648, 1_hsa.miR.29c.3p, 1_hsa.miR.1468.5p, 1_hsa.miR.3678.5p, 1_hsa.miR.1307.3p, 0_age_at_initial_pathologic_diagnosis, 1_hsa.miR.454.3p, 1_hsa.miR.221.5p, 1_hsa.miR.4668.3p, 1_hsa.miR.28.5p, 1_hsa.miR.20a.3p, 1_hsa.miR.512.3p, 1_hsa.miR.455.5p, 1_hsa.miR.3170, 1_hsa.miR.518a.5p, 1_hsa.miR.106b.3p, 1_hsa.miR.17.5p, 1_hsa.miR.3605.3p, 1_hsa.miR.301b, 1_hsa.miR.130b.5p, 1_hsa.miR.191.5p, 1_hsa.miR.339.3p, 1_hsa.miR.4661.5p, 1_hsa.miR.887.3p, 1_hsa.miR.99b.5p, 1_hsa.miR.3609, 1_hsa.miR.503.5p, 1_hsa.miR.124.3p, 1_hsa.miR.374a.3p, 1_hsa.miR.455.3p, 1_hsa.miR.106b.5p, 1_hsa.miR.1229.3p, 1_hsa.miR.21.3p, 1_hsa.miR.548v, 1_hsa.miR.744.3p, 1_hsa.miR.146b.3p, 1_hsa.miR.3200.3p, 1_hsa.miR.3687, 1_hsa.miR.3922.3p, 1_hsa.miR.423.3p, 1_hsa.miR.93.5p, 1_hsa.miR.1306.3p, 1_hsa.miR.190b, 1_hsa.miR.3607.5p, 1_hsa.miR.1251.3p, 1_hsa.miR.518d.3p, 1_hsa.miR.527, 1_hsa.miR.20a.5p, 1_hsa.miR.339.5p, 1_hsa.miR.4449, 1_hsa.miR.532.3p, 1_hsa.miR.551a, 1_hsa.miR.99b.3p, 1_hsa.miR.1271.5p, 1_hsa.miR.18a.5p, 1_hsa.miR.19b.3p, 1_hsa.miR.210.3p, 1_hsa.miR.30e.5p, 1_hsa.miR.3127.5p, 1_hsa.miR.4662a.5p, 1_hsa.miR.7706, 1_hsa.miR.130b.3p, 1_hsa.miR.151a.5p, 1_hsa.miR.15b.5p, 1_hsa.miR.181c.3p, 1_hsa.miR.24.3p, 1_hsa.miR.92a.1.5p, 1_hsa.miR.940, 1_hsa.miR.518c.3p, 1_hsa.miR.520e, 1_hsa.let.7c.3p, 1_hsa.miR.103a.2.5p, 1_hsa.miR.103a.3p, 1_hsa.miR.148b.5p, 1_hsa.miR.15b.3p, 1_hsa.miR.16.2.3p, 1_hsa.miR.197.3p, 1_hsa.miR.19a.3p, 1_hsa.miR.301a.5p, 1_hsa.miR.324.3p, 1_hsa.miR.335.3p, 1_hsa.miR.33a.5p, 1_hsa.miR.421, 1_hsa.miR.424.3p, 1_hsa.miR.4787.3p, 1_hsa.miR.484, 1_hsa.miR.589.3p, 1_hsa.miR.590.5p, 1_hsa.miR.668.3p, 1_hsa.miR.7.1.3p, 1_hsa.miR.92a.3p, 1_hsa.miR.93.3p, 1_hsa.miR.520g.3p, 1_hsa.miR.523.3p]

BEST SUMS WITH SIZE 50
Number of solutions = 50
Features in hall of fame by prevalence:
43 features: [0_race_WHITE, 1_hsa.miR.301a.3p, 1_hsa.miR.3677.3p, 0_age_at_initial_pathologic_diagnosis, 1_hsa.miR.301b, 1_hsa.miR.3170, 1_hsa.miR.3648, 1_hsa.miR.103a.2.5p, 1_hsa.miR.1226.3p, 1_hsa.miR.1306.3p, 1_hsa.miR.130b.3p, 1_hsa.miR.1468.5p, 1_hsa.miR.148b.5p, 1_hsa.miR.151a.5p, 1_hsa.miR.15b.3p, 1_hsa.miR.16.2.3p, 1_hsa.miR.17.5p, 1_hsa.miR.186.5p, 1_hsa.miR.197.3p, 1_hsa.miR.19a.3p, 1_hsa.miR.19b.3p, 1_hsa.miR.20a.3p, 1_hsa.miR.210.3p, 1_hsa.miR.21.3p, 1_hsa.miR.29c.3p, 1_hsa.miR.301a.5p, 1_hsa.miR.3200.3p, 1_hsa.miR.324.3p, 1_hsa.miR.33a.5p, 1_hsa.miR.3605.3p, 1_hsa.miR.3687, 1_hsa.miR.455.3p, 1_hsa.miR.455.5p, 1_hsa.miR.503.3p, 1_hsa.miR.589.3p, 1_hsa.miR.590.5p, 1_hsa.miR.629.5p, 1_hsa.miR.744.3p, 1_hsa.miR.7706, 1_hsa.miR.887.3p, 1_hsa.miR.92a.3p, 1_hsa.miR.93.3p, 1_hsa.miR.940]

BEST SUMS WITH SIZE 100
Number of solutions = 100
Features in hall of fame by prevalence:
49 features: [1_hsa.miR.3648, 0_race_WHITE, 1_hsa.miR.301a.3p, 1_hsa.miR.3677.3p, 0_age_at_initial_pathologic_diagnosis, 1_hsa.miR.20a.3p, 1_hsa.miR.29c.3p, 1_hsa.miR.301b, 1_hsa.miR.3170, 1_hsa.miR.3200.3p, 1_hsa.miR.3605.3p, 1_hsa.miR.887.3p, 1_hsa.miR.1306.3p, 1_hsa.miR.1468.5p, 1_hsa.miR.455.3p, 1_hsa.miR.744.3p, 1_hsa.miR.940, 1_hsa.miR.130b.3p, 1_hsa.miR.17.5p, 1_hsa.miR.197.3p, 1_hsa.miR.210.3p, 1_hsa.miR.21.3p, 1_hsa.miR.33a.5p, 1_hsa.miR.3678.5p, 1_hsa.miR.3687, 1_hsa.miR.455.5p, 1_hsa.miR.7706, 1_hsa.miR.93.3p, 1_hsa.miR.103a.2.5p, 1_hsa.miR.1226.3p, 1_hsa.miR.148b.5p, 1_hsa.miR.151a.5p, 1_hsa.miR.15b.3p, 1_hsa.miR.16.2.3p, 1_hsa.miR.186.5p, 1_hsa.miR.19a.3p, 1_hsa.miR.19b.3p, 1_hsa.miR.20a.5p, 1_hsa.miR.301a.5p, 1_hsa.miR.324.3p, 1_hsa.miR.421, 1_hsa.miR.4326, 1_hsa.miR.4661.5p, 1_hsa.miR.503.3p, 1_hsa.miR.551a, 1_hsa.miR.589.3p, 1_hsa.miR.590.5p, 1_hsa.miR.629.5p, 1_hsa.miR.92a.3p]
Sweeping genetic algorithm multi-view multi-objective optimizer with resampling (MO-3-folds creator, pop 500, uniform(0, 50), gen [50,50,50], sort NSGA3CICR, crossover 0.33, mutation 1.0 symmetric flip) with (multi-view lasso FI, multi-view Cox FI) final optimization execution time = 00-08:36:06

FEATURE SETS SELECTED ON WHOLE DATASET

PARETO FRONT
Number of solutions = 14
(0.807162808359887, 0.2672612419124244) 13 features: [0_age_at_initial_pathologic_diagnosis, 0_race_WHITE, 1_hsa.miR.1307.3p, 1_hsa.miR.130b.5p, 1_hsa.miR.1468.5p, 1_hsa.miR.221.5p, 1_hsa.miR.29c.3p, 1_hsa.miR.301a.3p, 1_hsa.miR.3648, 1_hsa.miR.3677.3p, 1_hsa.miR.3678.5p, 1_hsa.miR.454.3p, 1_hsa.miR.4668.3p]
(0.805886367612015, 0.2773500981126146) 12 features: [0_age_at_initial_pathologic_diagnosis, 0_race_WHITE, 1_hsa.miR.1307.3p, 1_hsa.miR.1468.5p, 1_hsa.miR.221.5p, 1_hsa.miR.29c.3p, 1_hsa.miR.301a.3p, 1_hsa.miR.3648, 1_hsa.miR.3677.3p, 1_hsa.miR.454.3p, 1_hsa.miR.4668.3p, 1_hsa.miR.512.3p]
(0.8025671743308989, 0.28867513459481287) 11 features: [0_age_at_initial_pathologic_diagnosis, 0_race_WHITE, 1_hsa.miR.1307.3p, 1_hsa.miR.1468.5p, 1_hsa.miR.29c.3p, 1_hsa.miR.301a.3p, 1_hsa.miR.3648, 1_hsa.miR.3677.3p, 1_hsa.miR.454.3p, 1_hsa.miR.4668.3p, 1_hsa.miR.512.3p]
(0.8011210422043876, 0.30151134457776363) 10 features: [0_age_at_initial_pathologic_diagnosis, 0_race_WHITE, 1_hsa.miR.1307.3p, 1_hsa.miR.1468.5p, 1_hsa.miR.221.5p, 1_hsa.miR.29c.3p, 1_hsa.miR.301a.3p, 1_hsa.miR.301a.5p, 1_hsa.miR.3648, 1_hsa.miR.3677.3p]
(0.7970509819147836, 0.31622776601683794) 9 features: [0_age_at_initial_pathologic_diagnosis, 0_race_WHITE, 1_hsa.miR.1307.3p, 1_hsa.miR.1468.5p, 1_hsa.miR.221.5p, 1_hsa.miR.29c.3p, 1_hsa.miR.301a.3p, 1_hsa.miR.3648, 1_hsa.miR.3677.3p]
(0.7853690285434772, 0.3333333333333333) 8 features: [0_age_at_initial_pathologic_diagnosis, 0_race_WHITE, 1_hsa.miR.190b, 1_hsa.miR.29c.3p, 1_hsa.miR.301a.3p, 1_hsa.miR.3648, 1_hsa.miR.3677.3p, 1_hsa.miR.3678.5p]
(0.7828088096514838, 0.3535533905932738) 7 features: [0_age_at_initial_pathologic_diagnosis, 0_race_WHITE, 1_hsa.miR.29c.3p, 1_hsa.miR.301a.3p, 1_hsa.miR.3648, 1_hsa.miR.3677.3p, 1_hsa.miR.423.3p]
(0.7731518042251575, 0.3779644730092272) 6 features: [0_age_at_initial_pathologic_diagnosis, 0_race_WHITE, 1_hsa.miR.301a.3p, 1_hsa.miR.3648, 1_hsa.miR.3677.3p, 1_hsa.miR.3678.5p]
(0.7713242770683372, 0.408248290463863) 5 features: [0_race_WHITE, 1_hsa.miR.28.5p, 1_hsa.miR.301a.3p, 1_hsa.miR.3170, 1_hsa.miR.3678.5p]
(0.7594231772965179, 0.4472135954999579) 4 features: [0_race_WHITE, 1_hsa.miR.301a.3p, 1_hsa.miR.3170, 1_hsa.miR.3678.5p]
(0.737803086621145, 0.5) [0_age_at_initial_pathologic_diagnosis, 0_race_WHITE, 1_hsa.miR.301a.3p]
(0.7107317440820934, 0.5773502691896257) [0_age_at_initial_pathologic_diagnosis, 1_hsa.miR.301a.3p]
(0.6588844709011542, 0.7071067811865476) [1_hsa.miR.301a.3p]
(0.5, 1.0) []
Features in hall of fame by prevalence:
19 features: [1_hsa.miR.301a.3p, 0_race_WHITE, 0_age_at_initial_pathologic_diagnosis, 1_hsa.miR.3648, 1_hsa.miR.3677.3p, 1_hsa.miR.29c.3p, 1_hsa.miR.1307.3p, 1_hsa.miR.1468.5p, 1_hsa.miR.3678.5p, 1_hsa.miR.221.5p, 1_hsa.miR.454.3p, 1_hsa.miR.4668.3p, 1_hsa.miR.3170, 1_hsa.miR.512.3p, 1_hsa.miR.130b.5p, 1_hsa.miR.190b, 1_hsa.miR.28.5p, 1_hsa.miR.301a.5p, 1_hsa.miR.423.3p]

LAST POPULATION
Number of solutions = 500
Features in hall of fame by prevalence:
97 features: [0_race_WHITE, 1_hsa.miR.3677.3p, 1_hsa.miR.301a.3p, 1_hsa.miR.3648, 1_hsa.miR.29c.3p, 1_hsa.miR.1468.5p, 1_hsa.miR.3678.5p, 1_hsa.miR.1307.3p, 0_age_at_initial_pathologic_diagnosis, 1_hsa.miR.454.3p, 1_hsa.miR.221.5p, 1_hsa.miR.4668.3p, 1_hsa.miR.28.5p, 1_hsa.miR.20a.3p, 1_hsa.miR.512.3p, 1_hsa.miR.455.5p, 1_hsa.miR.3170, 1_hsa.miR.518a.5p, 1_hsa.miR.106b.3p, 1_hsa.miR.17.5p, 1_hsa.miR.3605.3p, 1_hsa.miR.301b, 1_hsa.miR.130b.5p, 1_hsa.miR.191.5p, 1_hsa.miR.339.3p, 1_hsa.miR.4661.5p, 1_hsa.miR.887.3p, 1_hsa.miR.99b.5p, 1_hsa.miR.3609, 1_hsa.miR.503.5p, 1_hsa.miR.124.3p, 1_hsa.miR.374a.3p, 1_hsa.miR.455.3p, 1_hsa.miR.106b.5p, 1_hsa.miR.1229.3p, 1_hsa.miR.21.3p, 1_hsa.miR.548v, 1_hsa.miR.744.3p, 1_hsa.miR.146b.3p, 1_hsa.miR.3200.3p, 1_hsa.miR.3687, 1_hsa.miR.3922.3p, 1_hsa.miR.423.3p, 1_hsa.miR.93.5p, 1_hsa.miR.1306.3p, 1_hsa.miR.190b, 1_hsa.miR.3607.5p, 1_hsa.miR.1251.3p, 1_hsa.miR.518d.3p, 1_hsa.miR.527, 1_hsa.miR.20a.5p, 1_hsa.miR.339.5p, 1_hsa.miR.4449, 1_hsa.miR.532.3p, 1_hsa.miR.551a, 1_hsa.miR.99b.3p, 1_hsa.miR.1271.5p, 1_hsa.miR.18a.5p, 1_hsa.miR.19b.3p, 1_hsa.miR.210.3p, 1_hsa.miR.30e.5p, 1_hsa.miR.3127.5p, 1_hsa.miR.4662a.5p, 1_hsa.miR.7706, 1_hsa.miR.130b.3p, 1_hsa.miR.151a.5p, 1_hsa.miR.15b.5p, 1_hsa.miR.181c.3p, 1_hsa.miR.24.3p, 1_hsa.miR.92a.1.5p, 1_hsa.miR.940, 1_hsa.miR.518c.3p, 1_hsa.miR.520e, 1_hsa.let.7c.3p, 1_hsa.miR.103a.2.5p, 1_hsa.miR.103a.3p, 1_hsa.miR.148b.5p, 1_hsa.miR.15b.3p, 1_hsa.miR.16.2.3p, 1_hsa.miR.197.3p, 1_hsa.miR.19a.3p, 1_hsa.miR.301a.5p, 1_hsa.miR.324.3p, 1_hsa.miR.335.3p, 1_hsa.miR.33a.5p, 1_hsa.miR.421, 1_hsa.miR.424.3p, 1_hsa.miR.4787.3p, 1_hsa.miR.484, 1_hsa.miR.589.3p, 1_hsa.miR.590.5p, 1_hsa.miR.668.3p, 1_hsa.miR.7.1.3p, 1_hsa.miR.92a.3p, 1_hsa.miR.93.3p, 1_hsa.miR.520g.3p, 1_hsa.miR.523.3p]

BEST SUMS WITH SIZE 50
Number of solutions = 50
Features in hall of fame by prevalence:
43 features: [0_race_WHITE, 1_hsa.miR.301a.3p, 1_hsa.miR.3677.3p, 0_age_at_initial_pathologic_diagnosis, 1_hsa.miR.301b, 1_hsa.miR.3170, 1_hsa.miR.3648, 1_hsa.miR.103a.2.5p, 1_hsa.miR.1226.3p, 1_hsa.miR.1306.3p, 1_hsa.miR.130b.3p, 1_hsa.miR.1468.5p, 1_hsa.miR.148b.5p, 1_hsa.miR.151a.5p, 1_hsa.miR.15b.3p, 1_hsa.miR.16.2.3p, 1_hsa.miR.17.5p, 1_hsa.miR.186.5p, 1_hsa.miR.197.3p, 1_hsa.miR.19a.3p, 1_hsa.miR.19b.3p, 1_hsa.miR.20a.3p, 1_hsa.miR.210.3p, 1_hsa.miR.21.3p, 1_hsa.miR.29c.3p, 1_hsa.miR.301a.5p, 1_hsa.miR.3200.3p, 1_hsa.miR.324.3p, 1_hsa.miR.33a.5p, 1_hsa.miR.3605.3p, 1_hsa.miR.3687, 1_hsa.miR.455.3p, 1_hsa.miR.455.5p, 1_hsa.miR.503.3p, 1_hsa.miR.589.3p, 1_hsa.miR.590.5p, 1_hsa.miR.629.5p, 1_hsa.miR.744.3p, 1_hsa.miR.7706, 1_hsa.miR.887.3p, 1_hsa.miR.92a.3p, 1_hsa.miR.93.3p, 1_hsa.miR.940]

BEST SUMS WITH SIZE 100
Number of solutions = 100
Features in hall of fame by prevalence:
49 features: [1_hsa.miR.3648, 0_race_WHITE, 1_hsa.miR.301a.3p, 1_hsa.miR.3677.3p, 0_age_at_initial_pathologic_diagnosis, 1_hsa.miR.20a.3p, 1_hsa.miR.29c.3p, 1_hsa.miR.301b, 1_hsa.miR.3170, 1_hsa.miR.3200.3p, 1_hsa.miR.3605.3p, 1_hsa.miR.887.3p, 1_hsa.miR.1306.3p, 1_hsa.miR.1468.5p, 1_hsa.miR.455.3p, 1_hsa.miR.744.3p, 1_hsa.miR.940, 1_hsa.miR.130b.3p, 1_hsa.miR.17.5p, 1_hsa.miR.197.3p, 1_hsa.miR.210.3p, 1_hsa.miR.21.3p, 1_hsa.miR.33a.5p, 1_hsa.miR.3678.5p, 1_hsa.miR.3687, 1_hsa.miR.455.5p, 1_hsa.miR.7706, 1_hsa.miR.93.3p, 1_hsa.miR.103a.2.5p, 1_hsa.miR.1226.3p, 1_hsa.miR.148b.5p, 1_hsa.miR.151a.5p, 1_hsa.miR.15b.3p, 1_hsa.miR.16.2.3p, 1_hsa.miR.186.5p, 1_hsa.miR.19a.3p, 1_hsa.miR.19b.3p, 1_hsa.miR.20a.5p, 1_hsa.miR.301a.5p, 1_hsa.miR.324.3p, 1_hsa.miR.421, 1_hsa.miR.4326, 1_hsa.miR.4661.5p, 1_hsa.miR.503.3p, 1_hsa.miR.551a, 1_hsa.miR.589.3p, 1_hsa.miR.590.5p, 1_hsa.miR.629.5p, 1_hsa.miR.92a.3p]

SAVING FEATURES AND FITNESSES FOR EACH SELECTED INDIVIDUAL TO FILES.
