
OPTIMIZING ON FOLD NUMBER 3
Number of workers = 80

COMPUTING LOCAL ACTIVE FEATURES
Computing active features for view clinic
Existing features: 12
Applying union strategy for feature selection using composite feature selector with
categorical: feature selector any na and anova
survival: feature selector Cox

Computing active features for outcome survival
Features selected for this outcome: 3
Features active in total: 3
Computing active features for view log_mirna
Existing features: 732
Applying union strategy for feature selection using composite feature selector with
categorical: feature selector any na and anova
survival: feature selector Cox

Computing active features for outcome survival
Features selected for this outcome: 191
Features active in total: 191
Computing feature importance
Running optimizer

STARTING 2-STEPS GENETIC ALGORITHM

CREATING INNER FOLDS

ASSIGNING STRATA FOR MULTI-OUTCOME DATA KIRC_MV
Assigning strata for outcome named survival of type survival
Counts:
censored 0: 57
censored 1: 122
deceased 0: 36
deceased 1: 35

STARTING SWEEP NUMBER 1
folds_creator_seed = 4107908117

ASSIGNING STRATA FOR MULTI-OUTCOME DATA KIRC_MV
Assigning strata for outcome named survival of type survival
Counts:
censored 0: 57
censored 1: 122
deceased 0: 36
deceased 1: 35
ga_runner_seed = 3091794638
VIEW: CLINIC
   	     	         	        	   survival SKSurv Cox model concordance index   	             root leanness              
   	     	         	        	-------------------------------------------------	----------------------------------------
gen	evals	gen_feats	explored	min	avg     	max     	std                  	min	avg     	max	std     
0  	500  	3        	3       	0.5	0.656744	0.751595	0.0990167            	0.5	0.688263	1  	0.19051 
1  	312  	3        	3       	0.5	0.666741	0.751595	0.0782937            	0.5	0.669387	1  	0.145216
2  	337  	3        	3       	0.5	0.666741	0.751595	0.0782937            	0.5	0.669387	1  	0.145216
3  	324  	3        	3       	0.5	0.666741	0.751595	0.0782937            	0.5	0.669387	1  	0.145216
4  	357  	3        	3       	0.5	0.666741	0.751595	0.0782937            	0.5	0.669387	1  	0.145216
5  	349  	3        	3       	0.5	0.666741	0.751595	0.0782937            	0.5	0.669387	1  	0.145216
6  	331  	3        	3       	0.5	0.666741	0.751595	0.0782937            	0.5	0.669387	1  	0.145216
7  	340  	3        	3       	0.5	0.666741	0.751595	0.0782937            	0.5	0.669387	1  	0.145216
8  	337  	3        	3       	0.5	0.666741	0.751595	0.0782937            	0.5	0.669387	1  	0.145216
9  	319  	3        	3       	0.5	0.666741	0.751595	0.0782937            	0.5	0.669387	1  	0.145216
10 	329  	3        	3       	0.5	0.666741	0.751595	0.0782937            	0.5	0.669387	1  	0.145216
11 	340  	3        	3       	0.5	0.666741	0.751595	0.0782937            	0.5	0.669387	1  	0.145216
12 	352  	3        	3       	0.5	0.666741	0.751595	0.0782937            	0.5	0.669387	1  	0.145216
13 	358  	3        	3       	0.5	0.666741	0.751595	0.0782937            	0.5	0.669387	1  	0.145216
14 	346  	3        	3       	0.5	0.666741	0.751595	0.0782937            	0.5	0.669387	1  	0.145216
15 	346  	3        	3       	0.5	0.666741	0.751595	0.0782937            	0.5	0.669387	1  	0.145216
16 	328  	3        	3       	0.5	0.666741	0.751595	0.0782937            	0.5	0.669387	1  	0.145216
17 	321  	3        	3       	0.5	0.666741	0.751595	0.0782937            	0.5	0.669387	1  	0.145216
18 	349  	3        	3       	0.5	0.666741	0.751595	0.0782937            	0.5	0.669387	1  	0.145216
19 	331  	3        	3       	0.5	0.666741	0.751595	0.0782937            	0.5	0.669387	1  	0.145216
20 	335  	3        	3       	0.5	0.666741	0.751595	0.0782937            	0.5	0.669387	1  	0.145216
21 	346  	3        	3       	0.5	0.666741	0.751595	0.0782937            	0.5	0.669387	1  	0.145216
22 	332  	3        	3       	0.5	0.666741	0.751595	0.0782937            	0.5	0.669387	1  	0.145216
23 	337  	3        	3       	0.5	0.666741	0.751595	0.0782937            	0.5	0.669387	1  	0.145216
24 	344  	3        	3       	0.5	0.666741	0.751595	0.0782937            	0.5	0.669387	1  	0.145216
25 	341  	3        	3       	0.5	0.666741	0.751595	0.0782937            	0.5	0.669387	1  	0.145216
26 	342  	3        	3       	0.5	0.666741	0.751595	0.0782937            	0.5	0.669387	1  	0.145216
27 	328  	3        	3       	0.5	0.666741	0.751595	0.0782937            	0.5	0.669387	1  	0.145216
28 	319  	3        	3       	0.5	0.666741	0.751595	0.0782937            	0.5	0.669387	1  	0.145216
29 	346  	3        	3       	0.5	0.666741	0.751595	0.0782937            	0.5	0.669387	1  	0.145216
30 	352  	3        	3       	0.5	0.666741	0.751595	0.0782937            	0.5	0.669387	1  	0.145216
31 	341  	3        	3       	0.5	0.666741	0.751595	0.0782937            	0.5	0.669387	1  	0.145216
32 	337  	3        	3       	0.5	0.666741	0.751595	0.0782937            	0.5	0.669387	1  	0.145216
33 	344  	3        	3       	0.5	0.666741	0.751595	0.0782937            	0.5	0.669387	1  	0.145216
34 	349  	3        	3       	0.5	0.666741	0.751595	0.0782937            	0.5	0.669387	1  	0.145216
35 	325  	3        	3       	0.5	0.666741	0.751595	0.0782937            	0.5	0.669387	1  	0.145216
36 	330  	3        	3       	0.5	0.666741	0.751595	0.0782937            	0.5	0.669387	1  	0.145216
37 	340  	3        	3       	0.5	0.666741	0.751595	0.0782937            	0.5	0.669387	1  	0.145216
38 	347  	3        	3       	0.5	0.666741	0.751595	0.0782937            	0.5	0.669387	1  	0.145216
39 	349  	3        	3       	0.5	0.666741	0.751595	0.0782937            	0.5	0.669387	1  	0.145216
40 	336  	3        	3       	0.5	0.666741	0.751595	0.0782937            	0.5	0.669387	1  	0.145216
41 	349  	3        	3       	0.5	0.666741	0.751595	0.0782937            	0.5	0.669387	1  	0.145216
42 	360  	3        	3       	0.5	0.666741	0.751595	0.0782937            	0.5	0.669387	1  	0.145216
43 	360  	3        	3       	0.5	0.666741	0.751595	0.0782937            	0.5	0.669387	1  	0.145216
44 	346  	3        	3       	0.5	0.666741	0.751595	0.0782937            	0.5	0.669387	1  	0.145216
45 	339  	3        	3       	0.5	0.666741	0.751595	0.0782937            	0.5	0.669387	1  	0.145216
46 	342  	3        	3       	0.5	0.666741	0.751595	0.0782937            	0.5	0.669387	1  	0.145216
47 	348  	3        	3       	0.5	0.666741	0.751595	0.0782937            	0.5	0.669387	1  	0.145216
48 	355  	3        	3       	0.5	0.666741	0.751595	0.0782937            	0.5	0.669387	1  	0.145216
49 	340  	3        	3       	0.5	0.666741	0.751595	0.0782937            	0.5	0.669387	1  	0.145216
50 	313  	3        	3       	0.5	0.666741	0.751595	0.0782937            	0.5	0.669387	1  	0.145216
51 	337  	3        	3       	0.5	0.666741	0.751595	0.0782937            	0.5	0.669387	1  	0.145216
52 	362  	3        	3       	0.5	0.666741	0.751595	0.0782937            	0.5	0.669387	1  	0.145216
53 	358  	3        	3       	0.5	0.666741	0.751595	0.0782937            	0.5	0.669387	1  	0.145216
54 	337  	3        	3       	0.5	0.666741	0.751595	0.0782937            	0.5	0.669387	1  	0.145216
55 	346  	3        	3       	0.5	0.666741	0.751595	0.0782937            	0.5	0.669387	1  	0.145216
56 	325  	3        	3       	0.5	0.666741	0.751595	0.0782937            	0.5	0.669387	1  	0.145216
57 	322  	3        	3       	0.5	0.666741	0.751595	0.0782937            	0.5	0.669387	1  	0.145216
58 	346  	3        	3       	0.5	0.666741	0.751595	0.0782937            	0.5	0.669387	1  	0.145216
59 	337  	3        	3       	0.5	0.666741	0.751595	0.0782937            	0.5	0.669387	1  	0.145216
60 	347  	3        	3       	0.5	0.666741	0.751595	0.0782937            	0.5	0.669387	1  	0.145216
61 	334  	3        	3       	0.5	0.666741	0.751595	0.0782937            	0.5	0.669387	1  	0.145216
62 	357  	3        	3       	0.5	0.666741	0.751595	0.0782937            	0.5	0.669387	1  	0.145216
63 	339  	3        	3       	0.5	0.666741	0.751595	0.0782937            	0.5	0.669387	1  	0.145216
64 	346  	3        	3       	0.5	0.666741	0.751595	0.0782937            	0.5	0.669387	1  	0.145216
65 	359  	3        	3       	0.5	0.666741	0.751595	0.0782937            	0.5	0.669387	1  	0.145216
66 	334  	3        	3       	0.5	0.666741	0.751595	0.0782937            	0.5	0.669387	1  	0.145216
67 	317  	3        	3       	0.5	0.666741	0.751595	0.0782937            	0.5	0.669387	1  	0.145216
68 	319  	3        	3       	0.5	0.666741	0.751595	0.0782937            	0.5	0.669387	1  	0.145216
69 	350  	3        	3       	0.5	0.666741	0.751595	0.0782937            	0.5	0.669387	1  	0.145216
70 	339  	3        	3       	0.5	0.666741	0.751595	0.0782937            	0.5	0.669387	1  	0.145216
71 	354  	3        	3       	0.5	0.666741	0.751595	0.0782937            	0.5	0.669387	1  	0.145216
72 	343  	3        	3       	0.5	0.666741	0.751595	0.0782937            	0.5	0.669387	1  	0.145216
73 	351  	3        	3       	0.5	0.666741	0.751595	0.0782937            	0.5	0.669387	1  	0.145216
74 	336  	3        	3       	0.5	0.666741	0.751595	0.0782937            	0.5	0.669387	1  	0.145216
75 	341  	3        	3       	0.5	0.666741	0.751595	0.0782937            	0.5	0.669387	1  	0.145216
76 	357  	3        	3       	0.5	0.666741	0.751595	0.0782937            	0.5	0.669387	1  	0.145216
77 	326  	3        	3       	0.5	0.666741	0.751595	0.0782937            	0.5	0.669387	1  	0.145216
78 	340  	3        	3       	0.5	0.666741	0.751595	0.0782937            	0.5	0.669387	1  	0.145216
79 	349  	3        	3       	0.5	0.666741	0.751595	0.0782937            	0.5	0.669387	1  	0.145216
80 	340  	3        	3       	0.5	0.666741	0.751595	0.0782937            	0.5	0.669387	1  	0.145216
81 	339  	3        	3       	0.5	0.666741	0.751595	0.0782937            	0.5	0.669387	1  	0.145216
82 	369  	3        	3       	0.5	0.666741	0.751595	0.0782937            	0.5	0.669387	1  	0.145216
83 	322  	3        	3       	0.5	0.666741	0.751595	0.0782937            	0.5	0.669387	1  	0.145216
84 	344  	3        	3       	0.5	0.666741	0.751595	0.0782937            	0.5	0.669387	1  	0.145216
85 	336  	3        	3       	0.5	0.666741	0.751595	0.0782937            	0.5	0.669387	1  	0.145216
86 	328  	3        	3       	0.5	0.666741	0.751595	0.0782937            	0.5	0.669387	1  	0.145216
87 	321  	3        	3       	0.5	0.666741	0.751595	0.0782937            	0.5	0.669387	1  	0.145216
88 	335  	3        	3       	0.5	0.666741	0.751595	0.0782937            	0.5	0.669387	1  	0.145216
89 	352  	3        	3       	0.5	0.666741	0.751595	0.0782937            	0.5	0.669387	1  	0.145216
90 	330  	3        	3       	0.5	0.666741	0.751595	0.0782937            	0.5	0.669387	1  	0.145216
91 	338  	3        	3       	0.5	0.666741	0.751595	0.0782937            	0.5	0.669387	1  	0.145216
92 	323  	3        	3       	0.5	0.666741	0.751595	0.0782937            	0.5	0.669387	1  	0.145216
93 	328  	3        	3       	0.5	0.666741	0.751595	0.0782937            	0.5	0.669387	1  	0.145216
94 	327  	3        	3       	0.5	0.666741	0.751595	0.0782937            	0.5	0.669387	1  	0.145216
95 	349  	3        	3       	0.5	0.666741	0.751595	0.0782937            	0.5	0.669387	1  	0.145216
96 	324  	3        	3       	0.5	0.666741	0.751595	0.0782937            	0.5	0.669387	1  	0.145216
97 	329  	3        	3       	0.5	0.666741	0.751595	0.0782937            	0.5	0.669387	1  	0.145216
98 	332  	3        	3       	0.5	0.666741	0.751595	0.0782937            	0.5	0.669387	1  	0.145216
99 	342  	3        	3       	0.5	0.666741	0.751595	0.0782937            	0.5	0.669387	1  	0.145216
100	334  	3        	3       	0.5	0.666741	0.751595	0.0782937            	0.5	0.669387	1  	0.145216
101	348  	3        	3       	0.5	0.666741	0.751595	0.0782937            	0.5	0.669387	1  	0.145216
102	340  	3        	3       	0.5	0.666741	0.751595	0.0782937            	0.5	0.669387	1  	0.145216
103	330  	3        	3       	0.5	0.666741	0.751595	0.0782937            	0.5	0.669387	1  	0.145216
104	340  	3        	3       	0.5	0.666741	0.751595	0.0782937            	0.5	0.669387	1  	0.145216
105	363  	3        	3       	0.5	0.666741	0.751595	0.0782937            	0.5	0.669387	1  	0.145216
106	353  	3        	3       	0.5	0.666741	0.751595	0.0782937            	0.5	0.669387	1  	0.145216
107	328  	3        	3       	0.5	0.666741	0.751595	0.0782937            	0.5	0.669387	1  	0.145216
108	339  	3        	3       	0.5	0.666741	0.751595	0.0782937            	0.5	0.669387	1  	0.145216
109	350  	3        	3       	0.5	0.666741	0.751595	0.0782937            	0.5	0.669387	1  	0.145216
110	353  	3        	3       	0.5	0.666741	0.751595	0.0782937            	0.5	0.669387	1  	0.145216
111	355  	3        	3       	0.5	0.666741	0.751595	0.0782937            	0.5	0.669387	1  	0.145216
112	323  	3        	3       	0.5	0.666741	0.751595	0.0782937            	0.5	0.669387	1  	0.145216
113	348  	3        	3       	0.5	0.666741	0.751595	0.0782937            	0.5	0.669387	1  	0.145216
114	340  	3        	3       	0.5	0.666741	0.751595	0.0782937            	0.5	0.669387	1  	0.145216
115	340  	3        	3       	0.5	0.666741	0.751595	0.0782937            	0.5	0.669387	1  	0.145216
116	338  	3        	3       	0.5	0.666741	0.751595	0.0782937            	0.5	0.669387	1  	0.145216
117	343  	3        	3       	0.5	0.666741	0.751595	0.0782937            	0.5	0.669387	1  	0.145216
118	323  	3        	3       	0.5	0.666741	0.751595	0.0782937            	0.5	0.669387	1  	0.145216
119	346  	3        	3       	0.5	0.666741	0.751595	0.0782937            	0.5	0.669387	1  	0.145216
120	332  	3        	3       	0.5	0.666741	0.751595	0.0782937            	0.5	0.669387	1  	0.145216
121	342  	3        	3       	0.5	0.666741	0.751595	0.0782937            	0.5	0.669387	1  	0.145216
122	341  	3        	3       	0.5	0.666741	0.751595	0.0782937            	0.5	0.669387	1  	0.145216
123	347  	3        	3       	0.5	0.666741	0.751595	0.0782937            	0.5	0.669387	1  	0.145216
124	349  	3        	3       	0.5	0.666741	0.751595	0.0782937            	0.5	0.669387	1  	0.145216
125	351  	3        	3       	0.5	0.666741	0.751595	0.0782937            	0.5	0.669387	1  	0.145216
126	345  	3        	3       	0.5	0.666741	0.751595	0.0782937            	0.5	0.669387	1  	0.145216
127	311  	3        	3       	0.5	0.666741	0.751595	0.0782937            	0.5	0.669387	1  	0.145216
128	359  	3        	3       	0.5	0.666741	0.751595	0.0782937            	0.5	0.669387	1  	0.145216
129	346  	3        	3       	0.5	0.666741	0.751595	0.0782937            	0.5	0.669387	1  	0.145216
130	347  	3        	3       	0.5	0.666741	0.751595	0.0782937            	0.5	0.669387	1  	0.145216
131	359  	3        	3       	0.5	0.666741	0.751595	0.0782937            	0.5	0.669387	1  	0.145216
132	346  	3        	3       	0.5	0.666741	0.751595	0.0782937            	0.5	0.669387	1  	0.145216
133	345  	3        	3       	0.5	0.666741	0.751595	0.0782937            	0.5	0.669387	1  	0.145216
134	342  	3        	3       	0.5	0.666741	0.751595	0.0782937            	0.5	0.669387	1  	0.145216
135	347  	3        	3       	0.5	0.666741	0.751595	0.0782937            	0.5	0.669387	1  	0.145216
136	334  	3        	3       	0.5	0.666741	0.751595	0.0782937            	0.5	0.669387	1  	0.145216
137	325  	3        	3       	0.5	0.666741	0.751595	0.0782937            	0.5	0.669387	1  	0.145216
138	336  	3        	3       	0.5	0.666741	0.751595	0.0782937            	0.5	0.669387	1  	0.145216
139	313  	3        	3       	0.5	0.666741	0.751595	0.0782937            	0.5	0.669387	1  	0.145216
140	329  	3        	3       	0.5	0.666741	0.751595	0.0782937            	0.5	0.669387	1  	0.145216
141	334  	3        	3       	0.5	0.666741	0.751595	0.0782937            	0.5	0.669387	1  	0.145216
142	335  	3        	3       	0.5	0.666741	0.751595	0.0782937            	0.5	0.669387	1  	0.145216
143	338  	3        	3       	0.5	0.666741	0.751595	0.0782937            	0.5	0.669387	1  	0.145216
144	331  	3        	3       	0.5	0.666741	0.751595	0.0782937            	0.5	0.669387	1  	0.145216
145	336  	3        	3       	0.5	0.666741	0.751595	0.0782937            	0.5	0.669387	1  	0.145216
146	341  	3        	3       	0.5	0.666741	0.751595	0.0782937            	0.5	0.669387	1  	0.145216
147	340  	3        	3       	0.5	0.666741	0.751595	0.0782937            	0.5	0.669387	1  	0.145216
148	335  	3        	3       	0.5	0.666741	0.751595	0.0782937            	0.5	0.669387	1  	0.145216
149	329  	3        	3       	0.5	0.666741	0.751595	0.0782937            	0.5	0.669387	1  	0.145216

ASSIGNING STRATA FOR MULTI-OUTCOME DATA KIRC_MV
Assigning strata for outcome named survival of type survival
Counts:
censored 0: 57
censored 1: 122
deceased 0: 36
deceased 1: 35
VIEW: LOG_MIRNA
   	     	         	        	       survival SKSurv Cox model concordance index       	                 root leanness                  
   	     	         	        	---------------------------------------------------------	------------------------------------------------
gen	evals	gen_feats	explored	min     	avg     	max     	std             	min     	avg     	max	std     
0  	500  	12       	12      	0.5     	0.672927	0.758896	0.0360221       	0.27735 	0.3172  	1  	0.11474 
1  	340  	158      	158     	0.440854	0.647985	0.758896	0.0790663       	0.242536	0.346652	1  	0.135112
2  	377  	174      	182     	0.482077	0.664328	0.762431	0.0731557       	0.25    	0.357439	1  	0.104192
3  	357  	175      	187     	0.494496	0.705622	0.762431	0.0544989       	0.25    	0.389677	1  	0.105555
4  	389  	177      	190     	0.5     	0.720307	0.774018	0.0444552       	0.258199	0.405673	1  	0.109937
5  	381  	181      	191     	0.5     	0.724273	0.774018	0.0437403       	0.258199	0.410571	1  	0.114336
6  	382  	177      	191     	0.5     	0.724911	0.774018	0.0463079       	0.25    	0.415063	1  	0.118612
7  	379  	176      	191     	0.5     	0.726123	0.775716	0.0476294       	0.242536	0.418529	1  	0.120907
8  	361  	171      	191     	0.5     	0.725998	0.775716	0.0517306       	0.242536	0.420762	1  	0.1256  
9  	370  	169      	191     	0.5     	0.725162	0.775716	0.0550769       	0.242536	0.422597	1  	0.129138
10 	393  	170      	191     	0.5     	0.726336	0.777625	0.0544923       	0.25    	0.424929	1  	0.129356
11 	379  	167      	191     	0.5     	0.728832	0.777625	0.0514968       	0.25    	0.42254 	1  	0.129206
12 	383  	173      	191     	0.5     	0.73026 	0.777625	0.0510195       	0.25    	0.422942	1  	0.128751
13 	392  	172      	191     	0.5     	0.729917	0.781008	0.0515943       	0.258199	0.428675	1  	0.128176
14 	368  	166      	191     	0.5     	0.731539	0.781008	0.0505065       	0.258199	0.427519	1  	0.128281
15 	360  	170      	191     	0.5     	0.732258	0.781008	0.0504067       	0.25    	0.4273  	1  	0.128512
16 	382  	161      	191     	0.5     	0.734769	0.781008	0.0488601       	0.25    	0.42258 	1  	0.128761
17 	368  	175      	191     	0.5     	0.736015	0.781008	0.0483947       	0.25    	0.419947	1  	0.129081
18 	373  	175      	191     	0.5     	0.737289	0.789889	0.0480484       	0.25    	0.420499	1  	0.128598
19 	372  	166      	191     	0.5     	0.737526	0.789889	0.0484908       	0.258199	0.422243	1  	0.128707
20 	373  	175      	191     	0.5     	0.738231	0.789889	0.0484608       	0.258199	0.422044	1  	0.128907
21 	376  	165      	191     	0.5     	0.738934	0.789889	0.0485941       	0.258199	0.422098	1  	0.128957
22 	364  	166      	191     	0.5     	0.740209	0.789889	0.0481462       	0.258199	0.419928	1  	0.128973
23 	367  	168      	191     	0.5     	0.7416  	0.789889	0.0472885       	0.258199	0.417121	1  	0.129245
24 	388  	171      	191     	0.5     	0.742283	0.789889	0.0475461       	0.258199	0.416785	1  	0.129516
25 	381  	171      	191     	0.5     	0.742872	0.789889	0.0476266       	0.258199	0.417089	1  	0.129228
26 	364  	165      	191     	0.5     	0.74295 	0.789889	0.0483947       	0.258199	0.418781	1  	0.129262
27 	373  	171      	191     	0.5     	0.742916	0.789889	0.0484956       	0.258199	0.420587	1  	0.12848 
28 	375  	161      	191     	0.5     	0.744299	0.791034	0.0479698       	0.258199	0.418016	1  	0.128639
29 	361  	171      	191     	0.5     	0.744934	0.797821	0.048266        	0.242536	0.416249	1  	0.129735
30 	385  	171      	191     	0.5     	0.746094	0.797821	0.047513        	0.242536	0.414449	1  	0.129162
31 	369  	170      	191     	0.5     	0.747443	0.797821	0.0473862       	0.242536	0.411356	1  	0.129431
32 	376  	174      	191     	0.5     	0.747897	0.797821	0.0475906       	0.242536	0.410543	1  	0.13007 
33 	377  	175      	191     	0.5     	0.749967	0.797821	0.0468794       	0.242536	0.404852	1  	0.130016
34 	383  	171      	191     	0.5     	0.750512	0.797821	0.0470965       	0.242536	0.404227	1  	0.130443
35 	389  	171      	191     	0.5     	0.751891	0.8071  	0.0468618       	0.242536	0.401554	1  	0.130249
36 	392  	173      	191     	0.5     	0.753169	0.8071  	0.0466436       	0.229416	0.398208	1  	0.130466
37 	396  	173      	191     	0.5     	0.754509	0.8071  	0.0464361       	0.229416	0.393866	1  	0.131329
38 	387  	177      	191     	0.5     	0.754999	0.8071  	0.0467561       	0.229416	0.394349	1  	0.131063
39 	356  	164      	191     	0.5     	0.755337	0.8071  	0.0469603       	0.223607	0.39422 	1  	0.131127
40 	350  	174      	191     	0.5     	0.756588	0.8071  	0.0466705       	0.223607	0.391262	1  	0.130791
41 	375  	175      	191     	0.5     	0.75609 	0.8071  	0.0475234       	0.223607	0.39464 	1  	0.130739
42 	361  	176      	191     	0.5     	0.75661 	0.8071  	0.0477939       	0.223607	0.394337	1  	0.130945
43 	372  	174      	191     	0.5     	0.758082	0.8071  	0.0475339       	0.223607	0.391026	1  	0.130875
44 	367  	168      	191     	0.5     	0.758629	0.8071  	0.0478417       	0.223607	0.39053 	1  	0.131167
45 	367  	170      	191     	0.5     	0.759998	0.808216	0.0473531       	0.223607	0.387645	1  	0.130957
46 	382  	169      	191     	0.5     	0.760258	0.808216	0.0477261       	0.223607	0.388418	1  	0.131099
47 	379  	168      	191     	0.5     	0.761018	0.81237 	0.04773         	0.223607	0.387295	1  	0.131153
48 	383  	175      	191     	0.5     	0.760775	0.81237 	0.0485539       	0.223607	0.38905 	1  	0.131911
49 	381  	173      	191     	0.5     	0.761715	0.81237 	0.0481727       	0.218218	0.3877  	1  	0.130962
50 	351  	166      	191     	0.5     	0.76207 	0.81237 	0.0483929       	0.218218	0.387706	1  	0.130974
51 	372  	170      	191     	0.5     	0.762502	0.81237 	0.0485629       	0.218218	0.387853	1  	0.130825
52 	397  	173      	191     	0.5     	0.764086	0.824159	0.0484221       	0.218218	0.384517	1  	0.130723
53 	380  	170      	191     	0.5     	0.764471	0.824159	0.0486428       	0.218218	0.384167	1  	0.130994
54 	370  	171      	191     	0.5     	0.764794	0.824159	0.0487875       	0.218218	0.384371	1  	0.130822
55 	377  	168      	191     	0.5     	0.764499	0.824159	0.0495444       	0.218218	0.385455	1  	0.131745
56 	390  	173      	191     	0.5     	0.765453	0.824159	0.04919         	0.218218	0.383965	1  	0.131219
57 	372  	160      	191     	0.5     	0.765419	0.824159	0.0494358       	0.213201	0.384445	1  	0.131582
58 	400  	169      	191     	0.5     	0.765796	0.824159	0.049443        	0.213201	0.384546	1  	0.131156
59 	395  	176      	191     	0.5     	0.765752	0.824159	0.0500624       	0.213201	0.38517 	1  	0.131809
60 	384  	165      	191     	0.5     	0.766654	0.824159	0.0497759       	0.213201	0.383708	1  	0.1314  
61 	374  	164      	191     	0.5     	0.76792 	0.824159	0.0493646       	0.213201	0.380675	1  	0.130923
62 	380  	168      	191     	0.5     	0.768141	0.824159	0.0494772       	0.208514	0.380637	1  	0.130984
63 	368  	165      	191     	0.5     	0.767391	0.824159	0.0502794       	0.208514	0.384287	1  	0.130905
64 	401  	172      	191     	0.5     	0.767653	0.824159	0.0503942       	0.208514	0.384256	1  	0.130966
65 	378  	167      	191     	0.5     	0.767925	0.824159	0.0505535       	0.208514	0.38406 	1  	0.131113
66 	370  	171      	191     	0.5     	0.768202	0.824159	0.0507031       	0.208514	0.384214	1  	0.130963
67 	373  	171      	191     	0.5     	0.768494	0.824159	0.0508914       	0.213201	0.384596	1  	0.130573
68 	386  	168      	191     	0.5     	0.767684	0.824159	0.051591        	0.213201	0.38725 	1  	0.13108 
69 	386  	170      	191     	0.5     	0.767959	0.824159	0.0516428       	0.213201	0.387112	1  	0.131053
70 	362  	171      	191     	0.5     	0.768942	0.824159	0.0511668       	0.213201	0.385337	1  	0.130403
71 	376  	169      	191     	0.5     	0.768369	0.824159	0.0518846       	0.223607	0.387404	1  	0.131074
72 	396  	172      	191     	0.5     	0.769052	0.824159	0.052063        	0.223607	0.386095	1  	0.131471
73 	361  	164      	191     	0.5     	0.770013	0.824159	0.0515269       	0.223607	0.384335	1  	0.130826
74 	393  	171      	191     	0.5     	0.770345	0.824159	0.0516993       	0.223607	0.384219	1  	0.130915
75 	380  	167      	191     	0.5     	0.770632	0.824159	0.0516612       	0.223607	0.383867	1  	0.131081
76 	373  	169      	191     	0.5     	0.770716	0.824159	0.0517612       	0.223607	0.384203	1  	0.130942
77 	366  	167      	191     	0.5     	0.771109	0.824159	0.0518921       	0.223607	0.383476	1  	0.13148 
78 	379  	174      	191     	0.5     	0.771614	0.824159	0.0520513       	0.223607	0.382322	1  	0.131904
79 	371  	167      	191     	0.5     	0.772556	0.824159	0.0515811       	0.218218	0.380073	1  	0.131471
80 	395  	169      	191     	0.5     	0.772803	0.824159	0.051725        	0.218218	0.379738	1  	0.131805
81 	364  	178      	191     	0.5     	0.773139	0.824648	0.0519122       	0.213201	0.37906 	1  	0.132391
82 	373  	169      	191     	0.5     	0.774542	0.824648	0.0515318       	0.213201	0.375536	1  	0.132225
83 	362  	174      	191     	0.5     	0.774688	0.824648	0.0516208       	0.213201	0.375385	1  	0.132359
84 	379  	177      	191     	0.5     	0.775388	0.82655 	0.0517371       	0.213201	0.373579	1  	0.13311 
85 	376  	175      	191     	0.5     	0.776058	0.82655 	0.0512326       	0.213201	0.372317	1  	0.132215
86 	387  	175      	191     	0.5     	0.776948	0.82655 	0.0514791       	0.213201	0.369747	1  	0.133304
87 	383  	173      	191     	0.5     	0.776826	0.82655 	0.0515506       	0.213201	0.370706	1  	0.133064
88 	365  	176      	191     	0.5     	0.77827 	0.82655 	0.0511438       	0.208514	0.366393	1  	0.13334 
89 	389  	171      	191     	0.5     	0.779749	0.82655 	0.0506879       	0.208514	0.36241 	1  	0.133167
90 	378  	169      	191     	0.5     	0.780584	0.82655 	0.0508976       	0.208514	0.360244	1  	0.133786
91 	382  	168      	191     	0.5     	0.781485	0.82655 	0.0503513       	0.208514	0.358658	1  	0.132629
92 	382  	170      	191     	0.5     	0.781704	0.82655 	0.0504578       	0.204124	0.358444	1  	0.132824
93 	388  	164      	191     	0.5     	0.782224	0.828476	0.0506406       	0.208514	0.35747 	1  	0.133141
94 	379  	172      	191     	0.5     	0.782979	0.828692	0.0506623       	0.208514	0.355731	1  	0.13314 
95 	370  	166      	191     	0.5     	0.78274 	0.828692	0.0509759       	0.208514	0.357096	1  	0.133309
96 	384  	169      	191     	0.5     	0.783884	0.82906 	0.0503388       	0.208514	0.354634	1  	0.132147
97 	388  	169      	191     	0.5     	0.78418 	0.829336	0.0505134       	0.208514	0.353825	1  	0.132719
98 	368  	168      	191     	0.5     	0.785255	0.83185 	0.0499843       	0.208514	0.351034	1  	0.132042
99 	380  	176      	191     	0.5     	0.785725	0.83185 	0.0500461       	0.208514	0.34991 	1  	0.132231
100	375  	169      	191     	0.5     	0.785879	0.83185 	0.0501327       	0.204124	0.350009	1  	0.132169
101	392  	171      	191     	0.5     	0.78608 	0.83185 	0.0502642       	0.208514	0.350219	1  	0.132083
102	369  	178      	191     	0.5     	0.786244	0.832781	0.0503675       	0.208514	0.350411	1  	0.131935
103	394  	172      	191     	0.5     	0.787289	0.834175	0.0504158       	0.204124	0.347659	1  	0.13224 
104	382  	169      	191     	0.5     	0.787452	0.835932	0.0501884       	0.204124	0.347801	1  	0.13185 
105	388  	168      	191     	0.5     	0.788247	0.835932	0.0501271       	0.204124	0.345721	1  	0.131871
106	363  	168      	191     	0.5     	0.7885  	0.837289	0.0502951       	0.208514	0.345516	1  	0.132017
107	374  	176      	191     	0.5     	0.788783	0.837289	0.0504699       	0.204124	0.345317	1  	0.132168
108	357  	170      	191     	0.5     	0.789819	0.837289	0.0504437       	0.204124	0.342847	1  	0.132087
109	383  	171      	191     	0.5     	0.790157	0.837289	0.0502821       	0.204124	0.342491	1  	0.13164 
110	370  	174      	191     	0.5     	0.789433	0.837289	0.0508834       	0.204124	0.345752	1  	0.131813
111	389  	173      	191     	0.5     	0.789742	0.837289	0.0510739       	0.196116	0.345342	1  	0.13215 
112	378  	170      	191     	0.5     	0.790055	0.839137	0.0512661       	0.196116	0.344939	1  	0.132431
113	379  	170      	191     	0.5     	0.790186	0.840541	0.0513673       	0.196116	0.345529	1  	0.132023
114	393  	174      	191     	0.5     	0.790369	0.840541	0.0514748       	0.196116	0.345303	1  	0.132194
115	379  	173      	191     	0.5     	0.790501	0.840541	0.0515445       	0.196116	0.345421	1  	0.132091
116	417  	175      	191     	0.5     	0.790937	0.840541	0.0516118       	0.196116	0.344452	1  	0.132268
117	395  	173      	191     	0.5     	0.790719	0.840541	0.0517216       	0.196116	0.345586	1  	0.131955
118	368  	173      	191     	0.5     	0.790875	0.840541	0.0517621       	0.196116	0.345614	1  	0.131942
119	378  	164      	191     	0.5     	0.791148	0.840541	0.0519265       	0.196116	0.345259	1  	0.132188
120	389  	172      	191     	0.5     	0.792319	0.840541	0.051435        	0.196116	0.342474	1  	0.131494
121	366  	172      	191     	0.5     	0.793028	0.840541	0.0515203       	0.196116	0.34096 	1  	0.131653
122	374  	174      	191     	0.5     	0.793149	0.840541	0.051596        	0.196116	0.340991	1  	0.131637
123	374  	169      	191     	0.5     	0.793398	0.840541	0.0517271       	0.196116	0.340454	1  	0.131997
124	382  	170      	191     	0.5     	0.793718	0.840541	0.0518659       	0.196116	0.339821	1  	0.132288
125	384  	173      	191     	0.5     	0.793661	0.840541	0.0518464       	0.196116	0.340568	1  	0.131809
126	389  	173      	191     	0.5     	0.794128	0.840541	0.0518902       	0.196116	0.339474	1  	0.131994
127	386  	178      	191     	0.5     	0.794482	0.840541	0.0518606       	0.196116	0.338832	1  	0.131842
128	386  	176      	191     	0.5     	0.794652	0.840541	0.0518489       	0.19245 	0.338616	1  	0.131771
129	376  	168      	191     	0.5     	0.795681	0.840541	0.051436        	0.19245 	0.336335	1  	0.131223
130	389  	175      	191     	0.5     	0.795844	0.840541	0.051535        	0.188982	0.336029	1  	0.131478
131	388  	168      	191     	0.5     	0.795963	0.845007	0.0516034       	0.188982	0.336111	1  	0.13141 
132	379  	174      	191     	0.5     	0.795782	0.845007	0.0517214       	0.188982	0.337265	1  	0.131066
133	391  	168      	191     	0.5     	0.795781	0.845007	0.05184         	0.188982	0.337598	1  	0.131103
134	368  	178      	191     	0.5     	0.796258	0.845007	0.0517923       	0.188982	0.336631	1  	0.130976
135	365  	163      	191     	0.5     	0.795693	0.845007	0.0526249       	0.188982	0.338288	1  	0.131944
136	372  	170      	191     	0.5     	0.795621	0.845007	0.0527321       	0.2     	0.338882	1  	0.131999
137	367  	176      	191     	0.5     	0.796756	0.845007	0.0520714       	0.2     	0.336464	1  	0.131102
138	378  	176      	191     	0.5     	0.79684 	0.845007	0.0521244       	0.2     	0.336428	1  	0.131131
139	378  	172      	191     	0.5     	0.79693 	0.845007	0.0521777       	0.2     	0.336312	1  	0.131233
140	361  	167      	191     	0.5     	0.797052	0.845007	0.052262        	0.2     	0.336167	1  	0.131342
141	362  	168      	191     	0.5     	0.797209	0.847878	0.0523663       	0.2     	0.336213	1  	0.131318
142	376  	173      	191     	0.5     	0.797554	0.847878	0.052443        	0.2     	0.335334	1  	0.131592
143	383  	173      	191     	0.5     	0.797443	0.8516  	0.0525578       	0.2     	0.335879	1  	0.131586
144	400  	176      	191     	0.5     	0.797975	0.8516  	0.052663        	0.2     	0.334586	1  	0.131931
145	376  	168      	191     	0.5     	0.798057	0.852856	0.0528707       	0.2     	0.334674	1  	0.132167
146	350  	164      	191     	0.5     	0.797992	0.852856	0.052859        	0.2     	0.335071	1  	0.132011
147	367  	168      	191     	0.5     	0.798326	0.852856	0.052975        	0.2     	0.334419	1  	0.132189
148	376  	173      	191     	0.5     	0.7989  	0.852856	0.0523898       	0.2     	0.333417	1  	0.131064
149	386  	168      	191     	0.5     	0.798682	0.852856	0.0530527       	0.2     	0.333816	1  	0.131989

STARTING MASTER RUNNER LEAN CONCATENATED MASTER

LEAN CONCATENATED MASTER WITH SYMMETRIC FLIP
MASTER
   	     	         	        	       survival SKSurv Cox model concordance index       	                 root leanness                  
   	     	         	        	---------------------------------------------------------	------------------------------------------------
gen	evals	gen_feats	explored	min     	avg     	max     	std             	min     	avg     	max	std     
0  	500  	116      	116     	0.5     	0.703578	0.839484	0.0620056       	0.208514	0.434284	1  	0.160903
1  	380  	165      	175     	0.464661	0.726332	0.839484	0.0536768       	0.208514	0.423684	1  	0.125429
2  	400  	170      	188     	0.464661	0.740811	0.839484	0.0520715       	0.208514	0.410751	1  	0.129778
3  	374  	175      	194     	0.464661	0.747607	0.839484	0.0547242       	0.208514	0.405681	1  	0.133592
4  	399  	175      	194     	0.5     	0.754692	0.839484	0.0545459       	0.208514	0.401158	1  	0.136374
5  	386  	175      	194     	0.5     	0.762537	0.839484	0.0518918       	0.208514	0.391034	1  	0.136669
6  	369  	176      	194     	0.5     	0.767132	0.839484	0.0510629       	0.208514	0.386103	1  	0.136491
7  	371  	186      	194     	0.5     	0.772711	0.839484	0.0498414       	0.208514	0.377624	1  	0.134924
8  	387  	178      	194     	0.5     	0.77492 	0.839484	0.0507176       	0.208514	0.379538	1  	0.133258
9  	385  	178      	194     	0.5     	0.778484	0.83963 	0.0505995       	0.208514	0.378089	1  	0.13205 
10 	379  	175      	194     	0.5     	0.781665	0.83963 	0.0508147       	0.208514	0.375321	1  	0.131996
11 	377  	179      	194     	0.5     	0.785136	0.84396 	0.0511256       	0.213201	0.372376	1  	0.131339
12 	378  	178      	194     	0.5     	0.787186	0.84396 	0.0520013       	0.218218	0.371549	1  	0.131682
13 	385  	175      	194     	0.5     	0.788683	0.84396 	0.0527124       	0.223607	0.372319	1  	0.131229
14 	385  	176      	194     	0.5     	0.79013 	0.848025	0.0533094       	0.218218	0.372474	1  	0.131169
15 	383  	177      	194     	0.5     	0.791873	0.848025	0.0530897       	0.223607	0.370811	1  	0.130785
16 	373  	177      	194     	0.5     	0.79361 	0.848455	0.0529019       	0.218218	0.368744	1  	0.131003
17 	375  	178      	194     	0.5     	0.794708	0.848455	0.0533255       	0.218218	0.368235	1  	0.131457
18 	371  	164      	194     	0.5     	0.79579 	0.848455	0.0536702       	0.218218	0.3677  	1  	0.131387
19 	375  	172      	194     	0.5     	0.797568	0.851216	0.0533403       	0.218218	0.365025	1  	0.130715
20 	391  	175      	194     	0.5     	0.797052	0.854763	0.054351        	0.213201	0.368428	1  	0.131196
21 	383  	168      	194     	0.5     	0.797879	0.854763	0.0545278       	0.213201	0.367939	1  	0.130872
22 	396  	168      	194     	0.5     	0.798349	0.854831	0.054901        	0.213201	0.368255	1  	0.131219
23 	394  	173      	194     	0.5     	0.799053	0.854831	0.0551249       	0.213201	0.368114	1  	0.131343
24 	381  	170      	194     	0.5     	0.800614	0.854831	0.0546834       	0.213201	0.365603	1  	0.130585
25 	366  	166      	194     	0.5     	0.801254	0.854831	0.0549729       	0.213201	0.36479 	1  	0.130934
26 	373  	171      	194     	0.5     	0.801679	0.854831	0.055167        	0.213201	0.36474 	1  	0.130985
27 	371  	171      	194     	0.5     	0.802488	0.854831	0.0555284       	0.213201	0.363478	1  	0.131658
28 	363  	166      	194     	0.5     	0.803534	0.85494 	0.0555944       	0.213201	0.361453	1  	0.131732
29 	369  	159      	194     	0.5     	0.804402	0.857382	0.0551223       	0.213201	0.360463	1  	0.130988
30 	381  	165      	194     	0.5     	0.803578	0.857382	0.0560792       	0.213201	0.363534	1  	0.131845
31 	369  	168      	194     	0.5     	0.804278	0.857382	0.0560811       	0.213201	0.362715	1  	0.132029
32 	385  	170      	194     	0.5     	0.804503	0.857382	0.0562486       	0.2     	0.363054	1  	0.131975
33 	381  	166      	194     	0.5     	0.804812	0.857382	0.0562864       	0.2     	0.363533	1  	0.131697
34 	376  	170      	194     	0.5     	0.806269	0.860502	0.055729        	0.2     	0.360398	1  	0.13112 
35 	369  	172      	194     	0.5     	0.805984	0.860502	0.0566426       	0.2     	0.361697	1  	0.131879
36 	373  	176      	194     	0.5     	0.806248	0.860502	0.0568683       	0.2     	0.361872	1  	0.132267
37 	379  	177      	194     	0.5     	0.807374	0.860502	0.0562416       	0.2     	0.359938	1  	0.131528
38 	366  	166      	194     	0.5     	0.807776	0.860502	0.0564582       	0.2     	0.35951 	1  	0.13182 
39 	377  	171      	194     	0.5     	0.808943	0.860502	0.0559985       	0.2     	0.357425	1  	0.131154
40 	371  	172      	194     	0.5     	0.809775	0.860502	0.0560824       	0.2     	0.355699	1  	0.131338
41 	368  	172      	194     	0.5     	0.8101  	0.860502	0.0562243       	0.2     	0.355333	1  	0.131573
42 	375  	172      	194     	0.5     	0.810281	0.860502	0.0563295       	0.2     	0.355425	1  	0.131598
43 	376  	169      	194     	0.5     	0.810778	0.860502	0.056389        	0.2     	0.354544	1  	0.132216
44 	363  	170      	194     	0.5     	0.811189	0.863537	0.0564461       	0.2     	0.354032	1  	0.132219
45 	369  	169      	194     	0.5     	0.812198	0.863537	0.0558785       	0.2     	0.352166	1  	0.131524
46 	370  	166      	194     	0.5     	0.812959	0.863767	0.0559246       	0.2     	0.350844	1  	0.131591
47 	370  	164      	194     	0.5     	0.813577	0.863767	0.0561154       	0.2     	0.349687	1  	0.132032
48 	367  	168      	194     	0.5     	0.813674	0.863767	0.0563336       	0.204124	0.349756	1  	0.132291
49 	393  	176      	194     	0.5     	0.813745	0.863767	0.0563274       	0.204124	0.350449	1  	0.131876
50 	364  	169      	194     	0.5     	0.813916	0.86506 	0.0563865       	0.204124	0.351049	1  	0.131382
51 	391  	168      	194     	0.5     	0.814127	0.865483	0.0565233       	0.204124	0.351122	1  	0.131315
52 	379  	160      	194     	0.5     	0.814287	0.865483	0.0566023       	0.204124	0.351113	1  	0.131326
53 	382  	180      	194     	0.5     	0.814442	0.865483	0.0566933       	0.204124	0.350953	1  	0.131453
54 	386  	170      	194     	0.5     	0.81474 	0.865483	0.0568156       	0.204124	0.35061 	1  	0.131658
55 	383  	171      	194     	0.5     	0.814901	0.866039	0.0569043       	0.204124	0.350737	1  	0.131557
56 	359  	165      	194     	0.5     	0.815116	0.87108 	0.0569874       	0.204124	0.350998	1  	0.131384
57 	376  	168      	194     	0.5     	0.815521	0.87108 	0.0571938       	0.204124	0.350366	1  	0.131706
58 	400  	168      	194     	0.5     	0.815858	0.87108 	0.0573539       	0.204124	0.349922	1  	0.131914
59 	374  	170      	194     	0.5     	0.815691	0.87108 	0.0573395       	0.208514	0.350937	1  	0.131394
60 	384  	164      	194     	0.5     	0.816737	0.87108 	0.0574276       	0.208514	0.348602	1  	0.131667
61 	382  	171      	194     	0.5     	0.817651	0.87108 	0.0568281       	0.204124	0.34674 	1  	0.130978
62 	373  	172      	194     	0.5     	0.817729	0.87108 	0.0568826       	0.204124	0.346812	1  	0.130907
63 	390  	175      	194     	0.5     	0.817777	0.87108 	0.0570074       	0.204124	0.347272	1  	0.130857
64 	378  	165      	194     	0.5     	0.818005	0.87108 	0.0570349       	0.204124	0.346814	1  	0.130907
65 	375  	169      	194     	0.5     	0.818357	0.87108 	0.0571642       	0.208514	0.346225	1  	0.131073
66 	371  	166      	194     	0.5     	0.818288	0.87108 	0.0572214       	0.208514	0.34677 	1  	0.130941
67 	369  	170      	194     	0.5     	0.818342	0.87108 	0.0572444       	0.208514	0.346841	1  	0.130885
68 	372  	165      	194     	0.5     	0.818542	0.871715	0.0573536       	0.208514	0.346688	1  	0.131016
69 	382  	164      	194     	0.5     	0.818736	0.871715	0.0574897       	0.208514	0.346733	1  	0.130982
70 	373  	172      	194     	0.5     	0.818863	0.871715	0.0575422       	0.208514	0.346746	1  	0.130971
71 	375  	170      	194     	0.5     	0.819098	0.876481	0.0576976       	0.208514	0.346332	1  	0.131257
72 	385  	171      	194     	0.5     	0.819163	0.876481	0.0577341       	0.208514	0.346488	1  	0.13119 
73 	363  	165      	194     	0.5     	0.819534	0.876481	0.0579492       	0.208514	0.3459  	1  	0.13153 
74 	376  	171      	194     	0.5     	0.820851	0.876481	0.0574036       	0.208514	0.342853	1  	0.131048
75 	378  	163      	194     	0.5     	0.821403	0.876481	0.0572277       	0.208514	0.342009	1  	0.130795
76 	371  	164      	194     	0.5     	0.821574	0.876481	0.0572932       	0.208514	0.342047	1  	0.130764
77 	382  	173      	194     	0.5     	0.8217  	0.876481	0.057355        	0.208514	0.341796	1  	0.130979
78 	362  	174      	194     	0.5     	0.819718	0.876481	0.0582107       	0.208514	0.346844	1  	0.130915
79 	380  	165      	194     	0.5     	0.819961	0.876481	0.0581284       	0.208514	0.346584	1  	0.13103 
80 	379  	163      	194     	0.5     	0.820035	0.876481	0.0581059       	0.208514	0.3466  	1  	0.131018
81 	369  	172      	194     	0.5     	0.820183	0.876481	0.0581216       	0.208514	0.346442	1  	0.131033
82 	369  	168      	194     	0.5     	0.82032 	0.876481	0.0582494       	0.208514	0.346421	1  	0.131151
83 	391  	166      	194     	0.5     	0.820548	0.876481	0.0583587       	0.208514	0.346111	1  	0.131321
84 	390  	173      	194     	0.5     	0.820949	0.876481	0.0585322       	0.204124	0.345357	1  	0.13156 
85 	389  	162      	194     	0.5     	0.821656	0.876481	0.0579994       	0.2     	0.34414 	1  	0.1309  
86 	365  	160      	194     	0.5     	0.822539	0.876481	0.0579064       	0.2     	0.342179	1  	0.130677
87 	370  	162      	194     	0.5     	0.822649	0.876481	0.0579783       	0.2     	0.342271	1  	0.130595
88 	371  	166      	194     	0.5     	0.821331	0.876481	0.0588516       	0.213201	0.345455	1  	0.131559
89 	375  	166      	194     	0.5     	0.82112 	0.876481	0.0587984       	0.213201	0.346317	1  	0.131218
90 	382  	164      	194     	0.5     	0.821401	0.879346	0.0589044       	0.213201	0.345846	1  	0.131292
91 	366  	167      	194     	0.5     	0.821445	0.879346	0.0589915       	0.213201	0.346017	1  	0.131343
92 	377  	171      	194     	0.5     	0.821929	0.879346	0.0589035       	0.208514	0.345068	1  	0.131142
93 	375  	165      	194     	0.5     	0.821601	0.879346	0.0591036       	0.208514	0.346106	1  	0.131288
94 	359  	165      	194     	0.5     	0.822446	0.879346	0.0585094       	0.208514	0.34457 	1  	0.130405
95 	388  	169      	194     	0.5     	0.82197 	0.879346	0.0593212       	0.208514	0.345623	1  	0.131182
96 	395  	172      	194     	0.5     	0.822276	0.879346	0.0594072       	0.208514	0.345035	1  	0.131314
97 	363  	163      	194     	0.5     	0.823231	0.879346	0.0585968       	0.208514	0.343299	1  	0.130376
98 	378  	163      	194     	0.5     	0.822872	0.879346	0.0586878       	0.208514	0.344216	1  	0.130324
99 	396  	165      	194     	0.5     	0.821963	0.879346	0.0594465       	0.208514	0.346431	1  	0.131155
100	364  	161      	194     	0.5     	0.822933	0.879346	0.0588291       	0.208514	0.344568	1  	0.130429
101	364  	162      	194     	0.5     	0.821892	0.879346	0.0595475       	0.208514	0.346975	1  	0.130796
102	383  	170      	194     	0.5     	0.822097	0.879346	0.0596412       	0.208514	0.34666 	1  	0.130986
103	366  	164      	194     	0.5     	0.822197	0.879346	0.0595581       	0.208514	0.346616	1  	0.130993
104	408  	167      	194     	0.5     	0.822577	0.879346	0.0595867       	0.208514	0.345889	1  	0.13118 
105	385  	169      	194     	0.5     	0.822656	0.879346	0.0597163       	0.208514	0.345852	1  	0.13139 
106	389  	163      	194     	0.5     	0.824371	0.879346	0.0590181       	0.208514	0.34219 	1  	0.130647
107	383  	160      	194     	0.5     	0.82447 	0.879346	0.0590637       	0.208514	0.342148	1  	0.130699
108	372  	167      	194     	0.5     	0.824783	0.879346	0.0590905       	0.208514	0.341445	1  	0.130727
109	393  	169      	194     	0.5     	0.824525	0.879346	0.0591071       	0.208514	0.342263	1  	0.130612
110	348  	163      	194     	0.5     	0.824589	0.879346	0.05914         	0.208514	0.342331	1  	0.130552
111	371  	174      	194     	0.5     	0.824614	0.879346	0.0591569       	0.208514	0.342321	1  	0.130561
112	364  	161      	194     	0.5     	0.824731	0.879346	0.0592153       	0.208514	0.342178	1  	0.130658
113	381  	166      	194     	0.5     	0.824506	0.879346	0.0591337       	0.208514	0.34285 	1  	0.130271
114	389  	159      	194     	0.5     	0.824296	0.879346	0.0594981       	0.208514	0.343479	1  	0.131011
115	373  	167      	194     	0.5     	0.824903	0.879346	0.0593327       	0.208514	0.342209	1  	0.130628
116	357  	171      	194     	0.5     	0.825141	0.879346	0.0594366       	0.204124	0.341677	1  	0.130949
117	384  	172      	194     	0.5     	0.825259	0.880204	0.0595194       	0.204124	0.341585	1  	0.131057
118	367  	165      	194     	0.5     	0.825228	0.880204	0.0595131       	0.208514	0.341775	1  	0.13093 
119	378  	167      	194     	0.5     	0.8252  	0.880204	0.059507        	0.208514	0.341898	1  	0.130857
120	366  	168      	194     	0.5     	0.825115	0.880204	0.0594624       	0.208514	0.342253	1  	0.130588
121	381  	169      	194     	0.5     	0.825168	0.880204	0.0594957       	0.208514	0.342283	1  	0.130559
122	370  	168      	194     	0.5     	0.825212	0.880204	0.0595256       	0.208514	0.342262	1  	0.130579
123	381  	166      	194     	0.5     	0.824954	0.880204	0.059481        	0.213201	0.342991	1  	0.130355
124	364  	163      	194     	0.5     	0.825191	0.880285	0.0595128       	0.213201	0.342487	1  	0.130437
125	364  	171      	194     	0.5     	0.825318	0.880285	0.0595521       	0.213201	0.342301	1  	0.13054 
126	389  	162      	194     	0.5     	0.824912	0.880285	0.0596258       	0.213201	0.343312	1  	0.130585
127	368  	163      	194     	0.5     	0.824606	0.880285	0.0596632       	0.208514	0.344142	1  	0.130709
128	384  	159      	194     	0.5     	0.825326	0.881026	0.0595406       	0.208514	0.342601	1  	0.130451
129	376  	162      	194     	0.5     	0.8255  	0.881026	0.0596039       	0.208514	0.342312	1  	0.13053 
130	383  	173      	194     	0.5     	0.825288	0.881026	0.059675        	0.208514	0.342876	1  	0.130602
131	375  	159      	194     	0.5     	0.825578	0.881026	0.0596527       	0.208514	0.342312	1  	0.13053 
132	378  	166      	194     	0.5     	0.825628	0.881026	0.0596737       	0.208514	0.342301	1  	0.13054 
133	370  	163      	194     	0.5     	0.825672	0.881026	0.0596866       	0.208514	0.342301	1  	0.13054 
134	373  	161      	194     	0.5     	0.825715	0.881026	0.0597004       	0.208514	0.342279	1  	0.130561
135	358  	158      	194     	0.5     	0.825883	0.881026	0.0597843       	0.208514	0.341913	1  	0.130812
136	392  	163      	194     	0.5     	0.826318	0.881026	0.0598754       	0.208514	0.340908	1  	0.131056
137	375  	163      	194     	0.5     	0.826419	0.881026	0.0597882       	0.208514	0.340772	1  	0.130805
138	373  	163      	194     	0.5     	0.826217	0.881302	0.0598856       	0.208514	0.341392	1  	0.131053
139	366  	162      	194     	0.5     	0.826469	0.881302	0.0599746       	0.208514	0.34089 	1  	0.131307
140	357  	153      	194     	0.5     	0.826361	0.881302	0.0599312       	0.208514	0.341061	1  	0.131153
141	368  	176      	194     	0.5     	0.826279	0.881302	0.0599791       	0.208514	0.341289	1  	0.131238
142	379  	169      	194     	0.5     	0.826964	0.881302	0.0593549       	0.208514	0.339962	1  	0.13051 
143	381  	167      	194     	0.5     	0.827152	0.883646	0.0598434       	0.208514	0.339341	1  	0.130885
144	382  	165      	194     	0.5     	0.82733 	0.883646	0.05944         	0.208514	0.339144	1  	0.130494
145	370  	168      	194     	0.5     	0.827802	0.883646	0.0594714       	0.208514	0.338174	1  	0.130627
146	371  	170      	194     	0.5     	0.827721	0.883646	0.0593332       	0.208514	0.338488	1  	0.130361
147	382  	162      	194     	0.5     	0.827988	0.883646	0.0593137       	0.208514	0.337914	1  	0.13028 
148	380  	173      	194     	0.5     	0.827667	0.883646	0.0600633       	0.208514	0.338434	1  	0.13123 
149	386  	166      	194     	0.5     	0.82797 	0.883646	0.0593669       	0.208514	0.33802 	1  	0.13039 

CURRENT HALLS OF FAME

PARETO FRONT
Number of solutions = 21
Features in hall of fame by prevalence:
29 features: [0_ajcc_pathologic_tumor_stage_Stage IV, 1_hsa.miR.107, 1_hsa.miR.590.3p, 1_hsa.miR.92b.3p, 1_hsa.miR.7704, 1_hsa.miR.2355.5p, 1_hsa.miR.204.5p, 1_hsa.miR.302b.3p, 1_hsa.miR.34c.3p, 1_hsa.miR.149.5p, 1_hsa.miR.362.3p, 1_hsa.miR.6503.5p, 1_hsa.miR.132.5p, 1_hsa.miR.191.5p, 1_hsa.miR.3648, 1_hsa.miR.138.5p, 1_hsa.miR.4461, 1_hsa.miR.502.3p, 1_hsa.miR.144.5p, 1_hsa.miR.34c.5p, 1_hsa.miR.505.5p, 1_hsa.miR.372.3p, 0_age_at_initial_pathologic_diagnosis, 1_hsa.miR.183.5p, 1_hsa.miR.301b, 1_hsa.miR.339.5p, 1_hsa.miR.365a.3p, 1_hsa.miR.365b.3p, 1_hsa.miR.451a]

LAST POPULATION
Number of solutions = 500
Features in hall of fame by prevalence:
105 features: [0_ajcc_pathologic_tumor_stage_Stage IV, 1_hsa.miR.107, 1_hsa.miR.92b.3p, 1_hsa.miR.590.3p, 1_hsa.miR.7704, 1_hsa.miR.2355.5p, 1_hsa.miR.204.5p, 1_hsa.miR.302b.3p, 1_hsa.miR.34c.3p, 1_hsa.miR.149.5p, 1_hsa.miR.6503.5p, 1_hsa.miR.132.5p, 1_hsa.miR.191.5p, 1_hsa.miR.3648, 1_hsa.miR.362.3p, 1_hsa.miR.138.5p, 1_hsa.miR.502.3p, 1_hsa.miR.144.5p, 1_hsa.miR.505.5p, 0_age_at_initial_pathologic_diagnosis, 1_hsa.miR.4461, 1_hsa.miR.339.5p, 1_hsa.miR.365a.3p, 1_hsa.miR.486.5p, 1_hsa.miR.183.5p, 1_hsa.miR.34c.5p, 1_hsa.miR.425.3p, 1_hsa.miR.372.3p, 1_hsa.miR.101.3p, 1_hsa.miR.451a, 1_hsa.miR.31.5p, 1_hsa.miR.301b, 1_hsa.miR.10b.3p, 1_hsa.miR.365b.3p, 1_hsa.miR.1248, 1_hsa.miR.296.5p, 1_hsa.miR.10b.5p, 1_hsa.let.7b.3p, 1_hsa.miR.21.5p, 1_hsa.miR.29b.3p, 1_hsa.miR.143.3p, 1_hsa.miR.202.5p, 1_hsa.miR.27b.3p, 1_hsa.miR.30c.1.3p, 1_hsa.miR.494.3p, 1_hsa.miR.96.5p, 1_hsa.miR.1293, 1_hsa.miR.625.3p, 1_hsa.miR.31.3p, 1_hsa.miR.376b.3p, 1_hsa.miR.379.3p, 1_hsa.miR.485.3p, 1_hsa.miR.539.3p, 1_hsa.miR.526b.5p, 0_ajcc_pathologic_tumor_stage_Stage I, 1_hsa.miR.1197, 1_hsa.miR.1251.5p, 1_hsa.miR.130b.3p, 1_hsa.miR.138.1.3p, 1_hsa.miR.144.3p, 1_hsa.miR.145.3p, 1_hsa.miR.1468.5p, 1_hsa.miR.182.5p, 1_hsa.miR.193b.3p, 1_hsa.miR.194.3p, 1_hsa.miR.21.3p, 1_hsa.miR.221.3p, 1_hsa.miR.296.3p, 1_hsa.miR.376a.3p, 1_hsa.miR.376c.3p, 1_hsa.miR.377.3p, 1_hsa.miR.4326, 1_hsa.miR.656.3p, 1_hsa.miR.671.5p, 1_hsa.miR.676.3p, 1_hsa.miR.99b.3p, 1_hsa.miR.101.5p, 1_hsa.miR.135b.5p, 1_hsa.miR.139.3p, 1_hsa.miR.143.5p, 1_hsa.miR.146b.5p, 1_hsa.miR.151a.3p, 1_hsa.miR.194.5p, 1_hsa.miR.204.3p, 1_hsa.miR.222.3p, 1_hsa.miR.223.3p, 1_hsa.miR.23b.3p, 1_hsa.miR.29a.5p, 1_hsa.miR.30e.3p, 1_hsa.miR.3130.5p, 1_hsa.miR.335.5p, 1_hsa.miR.34b.5p, 1_hsa.miR.376a.5p, 1_hsa.miR.4662a.5p, 1_hsa.miR.4677.3p, 1_hsa.miR.485.5p, 1_hsa.miR.504.5p, 1_hsa.miR.543, 1_hsa.miR.576.5p, 1_hsa.miR.616.5p, 1_hsa.miR.6718.5p, 1_hsa.miR.6720.3p, 1_hsa.miR.7.5p, 1_hsa.miR.770.5p, 1_hsa.miR.99b.5p]

BEST SUMS WITH SIZE 50
Number of solutions = 50
Features in hall of fame by prevalence:
44 features: [0_ajcc_pathologic_tumor_stage_Stage IV, 1_hsa.miR.107, 1_hsa.miR.21.5p, 1_hsa.miR.6718.5p, 1_hsa.miR.7704, 1_hsa.miR.92b.3p, 0_age_at_initial_pathologic_diagnosis, 0_ajcc_pathologic_tumor_stage_Stage I, 1_hsa.miR.101.3p, 1_hsa.miR.10b.3p, 1_hsa.miR.10b.5p, 1_hsa.miR.1248, 1_hsa.miR.126.3p, 1_hsa.miR.1307.3p, 1_hsa.miR.130b.3p, 1_hsa.miR.139.3p, 1_hsa.miR.139.5p, 1_hsa.miR.144.3p, 1_hsa.miR.144.5p, 1_hsa.miR.146b.5p, 1_hsa.miR.149.5p, 1_hsa.miR.190a.5p, 1_hsa.miR.192.5p, 1_hsa.miR.194.3p, 1_hsa.miR.194.5p, 1_hsa.miR.21.3p, 1_hsa.miR.215.5p, 1_hsa.miR.221.3p, 1_hsa.miR.222.3p, 1_hsa.miR.2355.5p, 1_hsa.miR.23b.3p, 1_hsa.miR.24.1.5p, 1_hsa.miR.296.3p, 1_hsa.miR.296.5p, 1_hsa.miR.30e.3p, 1_hsa.miR.34c.3p, 1_hsa.miR.34c.5p, 1_hsa.miR.362.3p, 1_hsa.miR.425.3p, 1_hsa.miR.451a, 1_hsa.miR.486.5p, 1_hsa.miR.616.5p, 1_hsa.miR.671.5p, 1_hsa.miR.96.5p]

BEST SUMS WITH SIZE 100
Number of solutions = 100
Features in hall of fame by prevalence:
71 features: [0_ajcc_pathologic_tumor_stage_Stage IV, 1_hsa.miR.92b.3p, 0_age_at_initial_pathologic_diagnosis, 0_ajcc_pathologic_tumor_stage_Stage I, 1_hsa.miR.101.3p, 1_hsa.miR.107, 1_hsa.miR.10b.3p, 1_hsa.miR.1248, 1_hsa.miR.139.3p, 1_hsa.miR.144.3p, 1_hsa.miR.144.5p, 1_hsa.miR.146b.5p, 1_hsa.miR.192.5p, 1_hsa.miR.194.3p, 1_hsa.miR.194.5p, 1_hsa.miR.21.3p, 1_hsa.miR.21.5p, 1_hsa.miR.2355.5p, 1_hsa.miR.296.5p, 1_hsa.miR.34c.3p, 1_hsa.miR.34c.5p, 1_hsa.miR.362.3p, 1_hsa.miR.451a, 1_hsa.miR.486.5p, 1_hsa.miR.502.3p, 1_hsa.miR.6503.5p, 1_hsa.miR.671.5p, 1_hsa.miR.6718.5p, 1_hsa.miR.7704, 1_hsa.let.7b.3p, 1_hsa.miR.101.5p, 1_hsa.miR.10b.5p, 1_hsa.miR.126.3p, 1_hsa.miR.1307.3p, 1_hsa.miR.130a.3p, 1_hsa.miR.130b.3p, 1_hsa.miR.132.5p, 1_hsa.miR.135b.5p, 1_hsa.miR.139.5p, 1_hsa.miR.1468.5p, 1_hsa.miR.149.5p, 1_hsa.miR.151b, 1_hsa.miR.181a.2.3p, 1_hsa.miR.183.5p, 1_hsa.miR.190a.5p, 1_hsa.miR.192.3p, 1_hsa.miR.193b.3p, 1_hsa.miR.204.3p, 1_hsa.miR.204.5p, 1_hsa.miR.215.5p, 1_hsa.miR.221.3p, 1_hsa.miR.222.3p, 1_hsa.miR.223.3p, 1_hsa.miR.23b.3p, 1_hsa.miR.24.1.5p, 1_hsa.miR.27b.5p, 1_hsa.miR.296.3p, 1_hsa.miR.29a.5p, 1_hsa.miR.301b, 1_hsa.miR.30e.3p, 1_hsa.miR.335.3p, 1_hsa.miR.3614.5p, 1_hsa.miR.425.3p, 1_hsa.miR.4326, 1_hsa.miR.4662a.5p, 1_hsa.miR.616.5p, 1_hsa.miR.766.3p, 1_hsa.miR.7702, 1_hsa.miR.95.3p, 1_hsa.miR.96.5p, 1_hsa.miR.99b.3p]
Optimization on fold finished in 00-00:42:50

FEATURE SETS SELECTED

PARETO FRONT
Number of solutions = 21
Features in hall of fame by prevalence:
29 features: [0_ajcc_pathologic_tumor_stage_Stage IV, 1_hsa.miR.107, 1_hsa.miR.590.3p, 1_hsa.miR.92b.3p, 1_hsa.miR.7704, 1_hsa.miR.2355.5p, 1_hsa.miR.204.5p, 1_hsa.miR.302b.3p, 1_hsa.miR.34c.3p, 1_hsa.miR.149.5p, 1_hsa.miR.362.3p, 1_hsa.miR.6503.5p, 1_hsa.miR.132.5p, 1_hsa.miR.191.5p, 1_hsa.miR.3648, 1_hsa.miR.138.5p, 1_hsa.miR.4461, 1_hsa.miR.502.3p, 1_hsa.miR.144.5p, 1_hsa.miR.34c.5p, 1_hsa.miR.505.5p, 1_hsa.miR.372.3p, 0_age_at_initial_pathologic_diagnosis, 1_hsa.miR.183.5p, 1_hsa.miR.301b, 1_hsa.miR.339.5p, 1_hsa.miR.365a.3p, 1_hsa.miR.365b.3p, 1_hsa.miR.451a]

LAST POPULATION
Number of solutions = 500
Features in hall of fame by prevalence:
105 features: [0_ajcc_pathologic_tumor_stage_Stage IV, 1_hsa.miR.107, 1_hsa.miR.92b.3p, 1_hsa.miR.590.3p, 1_hsa.miR.7704, 1_hsa.miR.2355.5p, 1_hsa.miR.204.5p, 1_hsa.miR.302b.3p, 1_hsa.miR.34c.3p, 1_hsa.miR.149.5p, 1_hsa.miR.6503.5p, 1_hsa.miR.132.5p, 1_hsa.miR.191.5p, 1_hsa.miR.3648, 1_hsa.miR.362.3p, 1_hsa.miR.138.5p, 1_hsa.miR.502.3p, 1_hsa.miR.144.5p, 1_hsa.miR.505.5p, 0_age_at_initial_pathologic_diagnosis, 1_hsa.miR.4461, 1_hsa.miR.339.5p, 1_hsa.miR.365a.3p, 1_hsa.miR.486.5p, 1_hsa.miR.183.5p, 1_hsa.miR.34c.5p, 1_hsa.miR.425.3p, 1_hsa.miR.372.3p, 1_hsa.miR.101.3p, 1_hsa.miR.451a, 1_hsa.miR.31.5p, 1_hsa.miR.301b, 1_hsa.miR.10b.3p, 1_hsa.miR.365b.3p, 1_hsa.miR.1248, 1_hsa.miR.296.5p, 1_hsa.miR.10b.5p, 1_hsa.let.7b.3p, 1_hsa.miR.21.5p, 1_hsa.miR.29b.3p, 1_hsa.miR.143.3p, 1_hsa.miR.202.5p, 1_hsa.miR.27b.3p, 1_hsa.miR.30c.1.3p, 1_hsa.miR.494.3p, 1_hsa.miR.96.5p, 1_hsa.miR.1293, 1_hsa.miR.625.3p, 1_hsa.miR.31.3p, 1_hsa.miR.376b.3p, 1_hsa.miR.379.3p, 1_hsa.miR.485.3p, 1_hsa.miR.539.3p, 1_hsa.miR.526b.5p, 0_ajcc_pathologic_tumor_stage_Stage I, 1_hsa.miR.1197, 1_hsa.miR.1251.5p, 1_hsa.miR.130b.3p, 1_hsa.miR.138.1.3p, 1_hsa.miR.144.3p, 1_hsa.miR.145.3p, 1_hsa.miR.1468.5p, 1_hsa.miR.182.5p, 1_hsa.miR.193b.3p, 1_hsa.miR.194.3p, 1_hsa.miR.21.3p, 1_hsa.miR.221.3p, 1_hsa.miR.296.3p, 1_hsa.miR.376a.3p, 1_hsa.miR.376c.3p, 1_hsa.miR.377.3p, 1_hsa.miR.4326, 1_hsa.miR.656.3p, 1_hsa.miR.671.5p, 1_hsa.miR.676.3p, 1_hsa.miR.99b.3p, 1_hsa.miR.101.5p, 1_hsa.miR.135b.5p, 1_hsa.miR.139.3p, 1_hsa.miR.143.5p, 1_hsa.miR.146b.5p, 1_hsa.miR.151a.3p, 1_hsa.miR.194.5p, 1_hsa.miR.204.3p, 1_hsa.miR.222.3p, 1_hsa.miR.223.3p, 1_hsa.miR.23b.3p, 1_hsa.miR.29a.5p, 1_hsa.miR.30e.3p, 1_hsa.miR.3130.5p, 1_hsa.miR.335.5p, 1_hsa.miR.34b.5p, 1_hsa.miR.376a.5p, 1_hsa.miR.4662a.5p, 1_hsa.miR.4677.3p, 1_hsa.miR.485.5p, 1_hsa.miR.504.5p, 1_hsa.miR.543, 1_hsa.miR.576.5p, 1_hsa.miR.616.5p, 1_hsa.miR.6718.5p, 1_hsa.miR.6720.3p, 1_hsa.miR.7.5p, 1_hsa.miR.770.5p, 1_hsa.miR.99b.5p]

BEST SUMS WITH SIZE 50
Number of solutions = 50
Features in hall of fame by prevalence:
44 features: [0_ajcc_pathologic_tumor_stage_Stage IV, 1_hsa.miR.107, 1_hsa.miR.21.5p, 1_hsa.miR.6718.5p, 1_hsa.miR.7704, 1_hsa.miR.92b.3p, 0_age_at_initial_pathologic_diagnosis, 0_ajcc_pathologic_tumor_stage_Stage I, 1_hsa.miR.101.3p, 1_hsa.miR.10b.3p, 1_hsa.miR.10b.5p, 1_hsa.miR.1248, 1_hsa.miR.126.3p, 1_hsa.miR.1307.3p, 1_hsa.miR.130b.3p, 1_hsa.miR.139.3p, 1_hsa.miR.139.5p, 1_hsa.miR.144.3p, 1_hsa.miR.144.5p, 1_hsa.miR.146b.5p, 1_hsa.miR.149.5p, 1_hsa.miR.190a.5p, 1_hsa.miR.192.5p, 1_hsa.miR.194.3p, 1_hsa.miR.194.5p, 1_hsa.miR.21.3p, 1_hsa.miR.215.5p, 1_hsa.miR.221.3p, 1_hsa.miR.222.3p, 1_hsa.miR.2355.5p, 1_hsa.miR.23b.3p, 1_hsa.miR.24.1.5p, 1_hsa.miR.296.3p, 1_hsa.miR.296.5p, 1_hsa.miR.30e.3p, 1_hsa.miR.34c.3p, 1_hsa.miR.34c.5p, 1_hsa.miR.362.3p, 1_hsa.miR.425.3p, 1_hsa.miR.451a, 1_hsa.miR.486.5p, 1_hsa.miR.616.5p, 1_hsa.miR.671.5p, 1_hsa.miR.96.5p]

BEST SUMS WITH SIZE 100
Number of solutions = 100
Features in hall of fame by prevalence:
71 features: [0_ajcc_pathologic_tumor_stage_Stage IV, 1_hsa.miR.92b.3p, 0_age_at_initial_pathologic_diagnosis, 0_ajcc_pathologic_tumor_stage_Stage I, 1_hsa.miR.101.3p, 1_hsa.miR.107, 1_hsa.miR.10b.3p, 1_hsa.miR.1248, 1_hsa.miR.139.3p, 1_hsa.miR.144.3p, 1_hsa.miR.144.5p, 1_hsa.miR.146b.5p, 1_hsa.miR.192.5p, 1_hsa.miR.194.3p, 1_hsa.miR.194.5p, 1_hsa.miR.21.3p, 1_hsa.miR.21.5p, 1_hsa.miR.2355.5p, 1_hsa.miR.296.5p, 1_hsa.miR.34c.3p, 1_hsa.miR.34c.5p, 1_hsa.miR.362.3p, 1_hsa.miR.451a, 1_hsa.miR.486.5p, 1_hsa.miR.502.3p, 1_hsa.miR.6503.5p, 1_hsa.miR.671.5p, 1_hsa.miR.6718.5p, 1_hsa.miR.7704, 1_hsa.let.7b.3p, 1_hsa.miR.101.5p, 1_hsa.miR.10b.5p, 1_hsa.miR.126.3p, 1_hsa.miR.1307.3p, 1_hsa.miR.130a.3p, 1_hsa.miR.130b.3p, 1_hsa.miR.132.5p, 1_hsa.miR.135b.5p, 1_hsa.miR.139.5p, 1_hsa.miR.1468.5p, 1_hsa.miR.149.5p, 1_hsa.miR.151b, 1_hsa.miR.181a.2.3p, 1_hsa.miR.183.5p, 1_hsa.miR.190a.5p, 1_hsa.miR.192.3p, 1_hsa.miR.193b.3p, 1_hsa.miR.204.3p, 1_hsa.miR.204.5p, 1_hsa.miR.215.5p, 1_hsa.miR.221.3p, 1_hsa.miR.222.3p, 1_hsa.miR.223.3p, 1_hsa.miR.23b.3p, 1_hsa.miR.24.1.5p, 1_hsa.miR.27b.5p, 1_hsa.miR.296.3p, 1_hsa.miR.29a.5p, 1_hsa.miR.301b, 1_hsa.miR.30e.3p, 1_hsa.miR.335.3p, 1_hsa.miR.3614.5p, 1_hsa.miR.425.3p, 1_hsa.miR.4326, 1_hsa.miR.4662a.5p, 1_hsa.miR.616.5p, 1_hsa.miR.766.3p, 1_hsa.miR.7702, 1_hsa.miR.95.3p, 1_hsa.miR.96.5p, 1_hsa.miR.99b.3p]
