
OPTIMIZING ON FOLD NUMBER 3
Number of workers = 80

COMPUTING LOCAL ACTIVE FEATURES
Computing active features for view clinic
Existing features: 7
Applying union strategy for feature selection using composite feature selector with
categorical: feature selector any na and anova
survival: feature selector Cox

Computing active features for outcome survival
Features selected for this outcome: 3
Features active in total: 3
Computing active features for view log_mirna
Existing features: 739
Applying union strategy for feature selection using composite feature selector with
categorical: feature selector any na and anova
survival: feature selector Cox

Computing active features for outcome survival
Features selected for this outcome: 124
Features active in total: 124
Computing feature importance
Running optimizer

CREATING INNER FOLDS

ASSIGNING STRATA FOR MULTI-OUTCOME DATA SARC_MV
Assigning strata for outcome named survival of type survival
Counts:
censored 0: 24
censored 1: 75
deceased 0: 28
deceased 1: 28

RUNNING GENETIC ALGORITHM
Generations completed = 183
   	     	         	        	       survival SKSurv Cox model concordance index       	                 root leanness                  
   	     	         	        	---------------------------------------------------------	------------------------------------------------
gen	evals	gen_feats	explored	min     	avg     	max     	std             	min     	avg     	max	std     
0  	500  	30       	30      	0.441338	0.590429	0.73823 	0.0509236       	0.179605	0.266339	1  	0.154244
1  	720  	118      	118     	0.5     	0.62941 	0.752941	0.0447928       	0.176777	0.328443	1  	0.11746 
2  	500  	126      	126     	0.5     	0.651856	0.752941	0.0413922       	0.176777	0.37634 	1  	0.119483
3  	500  	120      	127     	0.5     	0.666502	0.768538	0.0463504       	0.213201	0.409088	1  	0.124466
4  	500  	119      	127     	0.5     	0.678198	0.768538	0.0451799       	0.213201	0.414238	1  	0.12709 
5  	500  	122      	127     	0.486011	0.683854	0.768538	0.0496004       	0.218218	0.418742	1  	0.133806
6  	500  	123      	127     	0.5     	0.69037 	0.768538	0.0475199       	0.218218	0.414528	1  	0.135588
7  	500  	124      	127     	0.5     	0.697462	0.78046 	0.044809        	0.223607	0.408973	1  	0.134096
8  	500  	121      	127     	0.5     	0.702882	0.78046 	0.0443276       	0.223607	0.404627	1  	0.132734
9  	500  	121      	127     	0.5     	0.708198	0.78046 	0.0443655       	0.223607	0.401321	1  	0.132881
10 	500  	125      	127     	0.5     	0.711602	0.7838  	0.0442673       	0.229416	0.401654	1  	0.132735
11 	500  	123      	127     	0.5     	0.714622	0.7838  	0.045429        	0.229416	0.402786	1  	0.132352
12 	500  	123      	127     	0.5     	0.717845	0.7838  	0.0456854       	0.229416	0.401113	1  	0.133291
13 	500  	125      	127     	0.5     	0.721541	0.7838  	0.0454879       	0.229416	0.397725	1  	0.13359 
14 	500  	123      	127     	0.5     	0.725176	0.7838  	0.0452277       	0.229416	0.392399	1  	0.13253 
15 	500  	122      	127     	0.5     	0.727827	0.78757 	0.0454076       	0.223607	0.390083	1  	0.131601
16 	500  	123      	127     	0.5     	0.729644	0.78757 	0.0457104       	0.229416	0.3903  	1  	0.131373
17 	500  	125      	127     	0.5     	0.730384	0.78757 	0.0466829       	0.223607	0.39358 	1  	0.131645
18 	500  	126      	127     	0.5     	0.731878	0.78757 	0.0469753       	0.223607	0.392459	1  	0.131545
19 	500  	123      	127     	0.5     	0.733073	0.78757 	0.0476481       	0.223607	0.394316	1  	0.131027
20 	500  	125      	127     	0.5     	0.734761	0.78757 	0.0480993       	0.223607	0.392554	1  	0.131711
21 	500  	124      	127     	0.5     	0.736573	0.78757 	0.0480466       	0.229416	0.391091	1  	0.130875
22 	500  	123      	127     	0.5     	0.737725	0.78757 	0.0485258       	0.229416	0.391028	1  	0.130823
23 	500  	122      	127     	0.5     	0.73876 	0.787727	0.0486956       	0.235702	0.391278	1  	0.130655
24 	500  	123      	127     	0.5     	0.740317	0.790221	0.0485922       	0.235702	0.389785	1  	0.13033 
25 	500  	123      	127     	0.5     	0.740691	0.790221	0.0491657       	0.235702	0.391764	1  	0.130268
26 	500  	126      	127     	0.5     	0.741486	0.790221	0.0494255       	0.235702	0.391629	1  	0.130395
27 	500  	121      	127     	0.5     	0.74247 	0.790221	0.0496725       	0.235702	0.390182	1  	0.130929
28 	500  	120      	127     	0.5     	0.743159	0.790221	0.0499245       	0.235702	0.390343	1  	0.130793
29 	500  	126      	127     	0.5     	0.743513	0.790221	0.049926        	0.235702	0.391539	1  	0.1304  
30 	500  	123      	127     	0.5     	0.743973	0.790221	0.050171        	0.235702	0.39181 	1  	0.130245
31 	500  	120      	127     	0.5     	0.74499 	0.790221	0.0499637       	0.235702	0.389704	1  	0.130187
32 	500  	124      	127     	0.5     	0.745951	0.794492	0.049934        	0.235702	0.388446	1  	0.130207
33 	500  	123      	127     	0.5     	0.746307	0.794492	0.0500759       	0.242536	0.38862 	1  	0.130037
34 	500  	122      	127     	0.5     	0.745888	0.794492	0.051002        	0.242536	0.390599	1  	0.130694
35 	500  	123      	127     	0.5     	0.746352	0.794492	0.0509546       	0.242536	0.390583	1  	0.130426
36 	500  	121      	127     	0.5     	0.74725 	0.794492	0.0505991       	0.242536	0.388777	1  	0.129982
37 	500  	122      	127     	0.5     	0.746892	0.794492	0.0510771       	0.242536	0.390957	1  	0.130221
38 	500  	124      	127     	0.5     	0.747768	0.794492	0.0507574       	0.235702	0.389209	1  	0.129823
39 	500  	123      	127     	0.5     	0.748052	0.794492	0.0508561       	0.235702	0.388815	1  	0.129946
40 	500  	122      	127     	0.5     	0.748419	0.794629	0.050947        	0.235702	0.388477	1  	0.130212
41 	500  	123      	127     	0.5     	0.748662	0.794629	0.0510706       	0.235702	0.388504	1  	0.130179
42 	500  	116      	127     	0.5     	0.748901	0.794629	0.0511593       	0.235702	0.388101	1  	0.130452
43 	500  	119      	127     	0.5     	0.749694	0.794629	0.0508674       	0.235702	0.38647 	1  	0.130125
44 	500  	124      	127     	0.5     	0.750387	0.794629	0.0506568       	0.235702	0.384893	1  	0.130263
45 	500  	122      	127     	0.5     	0.750454	0.794629	0.0507131       	0.229416	0.385048	1  	0.130351
46 	500  	121      	127     	0.5     	0.750796	0.794629	0.0508607       	0.229416	0.384661	1  	0.130459
47 	500  	124      	127     	0.5     	0.750932	0.794629	0.0509385       	0.229416	0.384543	1  	0.13056 
48 	500  	124      	127     	0.5     	0.751143	0.797714	0.0510608       	0.229416	0.384231	1  	0.130854
49 	500  	120      	127     	0.5     	0.751267	0.797714	0.0511128       	0.229416	0.384214	1  	0.130816
50 	500  	125      	127     	0.5     	0.752433	0.797714	0.0506487       	0.223607	0.381275	1  	0.130381
51 	500  	126      	127     	0.5     	0.751466	0.797714	0.0513525       	0.223607	0.384209	1  	0.130865
52 	500  	123      	127     	0.5     	0.751612	0.797714	0.0514047       	0.223607	0.384216	1  	0.130835
53 	500  	124      	127     	0.5     	0.751745	0.797714	0.0514183       	0.223607	0.384366	1  	0.130733
54 	500  	126      	127     	0.5     	0.751929	0.797714	0.0514233       	0.223607	0.384665	1  	0.130464
55 	500  	124      	127     	0.5     	0.752104	0.797714	0.0515174       	0.223607	0.384106	1  	0.130919
56 	500  	120      	127     	0.5     	0.752469	0.797714	0.051605        	0.223607	0.383184	1  	0.131128
57 	500  	125      	127     	0.5     	0.753347	0.797714	0.0510458       	0.223607	0.381368	1  	0.130337
58 	500  	120      	127     	0.5     	0.752443	0.797714	0.051738        	0.223607	0.384622	1  	0.130527
59 	500  	123      	127     	0.5     	0.752738	0.797714	0.0517216       	0.218218	0.383778	1  	0.131091
60 	500  	122      	127     	0.5     	0.753499	0.797714	0.051331        	0.218218	0.381862	1  	0.130654
61 	500  	119      	127     	0.5     	0.75395 	0.797714	0.0512967       	0.218218	0.380882	1  	0.130621
62 	500  	120      	127     	0.5     	0.75416 	0.797879	0.0514214       	0.218218	0.380875	1  	0.130622
63 	500  	124      	127     	0.5     	0.754265	0.797879	0.0514808       	0.218218	0.38067 	1  	0.130802
64 	500  	124      	127     	0.5     	0.754669	0.797879	0.051618        	0.218218	0.379263	1  	0.131471
65 	500  	122      	127     	0.5     	0.754649	0.797879	0.0516358       	0.218218	0.379762	1  	0.131296
66 	500  	124      	127     	0.5     	0.754697	0.797879	0.0516432       	0.218218	0.380061	1  	0.131043
67 	500  	124      	127     	0.5     	0.755014	0.797879	0.0516682       	0.218218	0.379178	1  	0.131389
68 	500  	121      	127     	0.5     	0.755022	0.800986	0.0517704       	0.218218	0.379331	1  	0.131527
69 	500  	121      	127     	0.5     	0.755022	0.800986	0.0518335       	0.218218	0.379921	1  	0.131277
70 	500  	122      	127     	0.5     	0.75546 	0.800986	0.0517506       	0.218218	0.378708	1  	0.131417
71 	500  	122      	127     	0.5     	0.755365	0.800986	0.0519426       	0.218218	0.37925 	1  	0.131593
72 	500  	123      	127     	0.5     	0.755429	0.800986	0.051964        	0.218218	0.379362	1  	0.131496
73 	500  	125      	127     	0.5     	0.756375	0.800986	0.0513809       	0.218218	0.376924	1  	0.130807
74 	500  	121      	127     	0.5     	0.756461	0.800986	0.0514089       	0.218218	0.376793	1  	0.130916
75 	500  	125      	127     	0.5     	0.756567	0.800986	0.0514655       	0.218218	0.376795	1  	0.130915
76 	500  	120      	127     	0.5     	0.756635	0.800986	0.0514937       	0.218218	0.376896	1  	0.130878
77 	500  	120      	127     	0.5     	0.756882	0.800986	0.0516339       	0.223607	0.376281	1  	0.131252
78 	500  	120      	127     	0.5     	0.756946	0.800986	0.0516713       	0.223607	0.376844	1  	0.130913
79 	500  	121      	127     	0.5     	0.757079	0.800986	0.0517467       	0.223607	0.376683	1  	0.131053
80 	500  	122      	127     	0.5     	0.757221	0.810174	0.051836        	0.223607	0.37642 	1  	0.131237
81 	500  	124      	127     	0.5     	0.757797	0.810174	0.0514165       	0.223607	0.375043	1  	0.130723
82 	500  	121      	127     	0.5     	0.757327	0.810174	0.0519637       	0.223607	0.376782	1  	0.130926
83 	500  	123      	127     	0.5     	0.757413	0.810174	0.0520057       	0.223607	0.376629	1  	0.131064
84 	500  	123      	127     	0.5     	0.757569	0.810174	0.0520306       	0.223607	0.376293	1  	0.131271
85 	500  	120      	127     	0.5     	0.758554	0.810174	0.0514731       	0.218218	0.373654	1  	0.130771
86 	500  	122      	127     	0.5     	0.758801	0.810174	0.051536        	0.218218	0.372884	1  	0.131009
87 	500  	120      	127     	0.5     	0.759206	0.810174	0.0516178       	0.218218	0.37141 	1  	0.131637
88 	500  	123      	127     	0.5     	0.759965	0.810174	0.0511039       	0.218218	0.369219	1  	0.131191
89 	500  	123      	127     	0.5     	0.760198	0.810174	0.0511144       	0.218218	0.368596	1  	0.13128 
90 	500  	121      	127     	0.5     	0.760305	0.810174	0.0511696       	0.218218	0.368376	1  	0.131437
91 	500  	120      	127     	0.5     	0.760417	0.810174	0.051228        	0.218218	0.368028	1  	0.131643
92 	500  	125      	127     	0.5     	0.760808	0.810174	0.051307        	0.218218	0.366947	1  	0.131856
93 	500  	123      	127     	0.5     	0.761754	0.810174	0.0507555       	0.218218	0.364602	1  	0.131147
94 	500  	125      	127     	0.5     	0.761964	0.810174	0.0508467       	0.218218	0.363812	1  	0.131692
95 	500  	124      	127     	0.5     	0.761985	0.810174	0.0508498       	0.218218	0.363957	1  	0.131534
96 	500  	126      	127     	0.5     	0.762766	0.810174	0.0507808       	0.218218	0.361368	1  	0.13184 
97 	500  	124      	127     	0.5     	0.763193	0.810174	0.0502711       	0.218218	0.360266	1  	0.131187
98 	500  	126      	127     	0.5     	0.763638	0.810174	0.0503187       	0.218218	0.358526	1  	0.131685
99 	500  	121      	127     	0.5     	0.764536	0.810174	0.0497365       	0.218218	0.356154	1  	0.130898
100	500  	122      	127     	0.5     	0.764143	0.810174	0.049942        	0.218218	0.357537	1  	0.131076
101	500  	126      	127     	0.5     	0.764196	0.810174	0.0503864       	0.218218	0.357328	1  	0.131661
102	500  	124      	127     	0.5     	0.76474 	0.810174	0.049858        	0.218218	0.356071	1  	0.130971
103	500  	122      	127     	0.5     	0.764808	0.810174	0.0498816       	0.218218	0.356166	1  	0.130886
104	500  	124      	127     	0.5     	0.764936	0.810174	0.0499283       	0.218218	0.356089	1  	0.130957
105	500  	121      	127     	0.5     	0.76505 	0.810174	0.0499933       	0.218218	0.355889	1  	0.131094
106	500  	125      	127     	0.5     	0.765129	0.810174	0.050031        	0.213201	0.3558  	1  	0.131176
107	500  	122      	127     	0.5     	0.765178	0.810174	0.0500555       	0.218218	0.355966	1  	0.131043
108	500  	125      	127     	0.5     	0.765252	0.810174	0.0500866       	0.218218	0.356007	1  	0.131007
109	500  	121      	127     	0.5     	0.765321	0.810174	0.0501225       	0.218218	0.356022	1  	0.130986
110	500  	122      	127     	0.5     	0.765454	0.810174	0.0501463       	0.218218	0.356019	1  	0.130996
111	500  	121      	127     	0.5     	0.7655  	0.810174	0.0501756       	0.218218	0.35596 	1  	0.131045
112	500  	123      	127     	0.5     	0.765664	0.810318	0.0502707       	0.218218	0.355535	1  	0.131366
113	500  	123      	127     	0.5     	0.765714	0.810318	0.050303        	0.218218	0.355666	1  	0.131302
114	500  	120      	127     	0.5     	0.765469	0.810318	0.0509292       	0.218218	0.356588	1  	0.132126
115	500  	123      	127     	0.5     	0.765973	0.810318	0.0504104       	0.218218	0.355528	1  	0.131399
116	500  	126      	127     	0.5     	0.766041	0.810318	0.050432        	0.213201	0.355546	1  	0.131394
117	500  	122      	127     	0.5     	0.766123	0.810318	0.0504864       	0.213201	0.355427	1  	0.1315  
118	500  	124      	127     	0.5     	0.766198	0.810318	0.0505271       	0.213201	0.355482	1  	0.131452
119	500  	123      	127     	0.5     	0.766343	0.810318	0.0506191       	0.213201	0.355308	1  	0.131606
120	500  	125      	127     	0.5     	0.766436	0.810318	0.0506573       	0.213201	0.355318	1  	0.131626
121	500  	123      	127     	0.5     	0.766565	0.810318	0.0507417       	0.213201	0.355238	1  	0.131697
122	500  	124      	127     	0.5     	0.766378	0.810318	0.0508138       	0.213201	0.356348	1  	0.131444
123	500  	124      	127     	0.5     	0.766689	0.810318	0.0508108       	0.213201	0.35552 	1  	0.131448
124	500  	124      	127     	0.5     	0.76678 	0.814942	0.0508691       	0.208514	0.355433	1  	0.131528
125	500  	122      	127     	0.5     	0.766922	0.814942	0.0509591       	0.204124	0.35507 	1  	0.131826
126	500  	123      	127     	0.5     	0.767011	0.814942	0.0510057       	0.204124	0.355003	1  	0.131851
127	500  	121      	127     	0.5     	0.767139	0.814942	0.051063        	0.204124	0.354837	1  	0.131965
128	500  	122      	127     	0.5     	0.767395	0.814942	0.0511379       	0.2     	0.354068	1  	0.132229
129	500  	120      	127     	0.5     	0.767321	0.814942	0.0511905       	0.2     	0.354879	1  	0.131909
130	500  	121      	127     	0.5     	0.767372	0.814942	0.0512331       	0.2     	0.354991	1  	0.131886
131	500  	125      	127     	0.5     	0.767435	0.814942	0.0512784       	0.2     	0.355096	1  	0.131812
132	500  	121      	127     	0.5     	0.767538	0.814942	0.0513281       	0.2     	0.355143	1  	0.131796
133	500  	126      	127     	0.5     	0.767649	0.814942	0.0514003       	0.2     	0.355264	1  	0.131699
134	500  	123      	127     	0.5     	0.767704	0.814942	0.0514389       	0.2     	0.355278	1  	0.131687
135	500  	121      	127     	0.5     	0.767795	0.814942	0.0514934       	0.2     	0.355347	1  	0.131634
136	500  	121      	127     	0.5     	0.767838	0.814942	0.0515167       	0.2     	0.355306	1  	0.131679
137	500  	125      	127     	0.5     	0.767897	0.814942	0.0515569       	0.2     	0.355354	1  	0.131679
138	500  	125      	127     	0.5     	0.767702	0.814942	0.0517897       	0.2     	0.356087	1  	0.131905
139	500  	121      	127     	0.5     	0.766858	0.814942	0.0524217       	0.2     	0.358936	1  	0.132298
140	500  	122      	127     	0.5     	0.766966	0.814942	0.0524096       	0.2     	0.358844	1  	0.132363
141	500  	123      	127     	0.5     	0.767006	0.814942	0.0524398       	0.2     	0.358884	1  	0.132358
142	500  	127      	127     	0.5     	0.767366	0.814942	0.0523201       	0.2     	0.358013	1  	0.132202
143	500  	125      	127     	0.5     	0.76725 	0.814942	0.0525308       	0.2     	0.358276	1  	0.132624
144	500  	121      	127     	0.5     	0.767568	0.814942	0.0524121       	0.2     	0.357822	1  	0.132286
145	500  	123      	127     	0.5     	0.767423	0.814942	0.0526166       	0.2     	0.358351	1  	0.132407
146	500  	118      	127     	0.5     	0.76861 	0.814942	0.0519812       	0.196116	0.355366	1  	0.131634
147	500  	125      	127     	0.5     	0.768733	0.814942	0.0520642       	0.196116	0.355223	1  	0.131763
148	500  	121      	127     	0.5     	0.768772	0.814942	0.0520859       	0.196116	0.355182	1  	0.131803
149	500  	125      	127     	0.5     	0.76895 	0.814942	0.0521751       	0.196116	0.354806	1  	0.132039
150	500  	125      	127     	0.5     	0.769064	0.814942	0.0522546       	0.196116	0.354622	1  	0.132227
151	500  	123      	127     	0.5     	0.769143	0.814942	0.0523079       	0.196116	0.354658	1  	0.132193
152	500  	120      	127     	0.5     	0.769307	0.814942	0.0523627       	0.196116	0.354534	1  	0.132175
153	500  	120      	127     	0.5     	0.769297	0.814942	0.0523876       	0.2     	0.354872	1  	0.131987
154	500  	124      	127     	0.5     	0.769723	0.814942	0.052528        	0.196116	0.35361 	1  	0.132492
155	500  	124      	127     	0.5     	0.769741	0.814942	0.0525985       	0.196116	0.353775	1  	0.132531
156	500  	124      	127     	0.5     	0.770802	0.814942	0.0518844       	0.196116	0.351209	1  	0.131422
157	500  	121      	127     	0.5     	0.770952	0.814942	0.0519517       	0.196116	0.350773	1  	0.131673
158	500  	123      	127     	0.5     	0.77099 	0.814942	0.0519793       	0.196116	0.350835	1  	0.131611
159	500  	118      	127     	0.5     	0.771053	0.818644	0.0520253       	0.196116	0.350847	1  	0.131599
160	500  	124      	127     	0.5     	0.771164	0.818644	0.0520909       	0.196116	0.350693	1  	0.131715
161	500  	120      	127     	0.5     	0.771314	0.818644	0.0521699       	0.196116	0.350278	1  	0.13201 
162	500  	122      	127     	0.5     	0.771751	0.818644	0.0522469       	0.196116	0.349047	1  	0.1323  
163	500  	124      	127     	0.5     	0.771381	0.818644	0.0522618       	0.196116	0.35038 	1  	0.131999
164	500  	121      	127     	0.5     	0.772069	0.818644	0.0518302       	0.196116	0.348763	1  	0.131441
165	500  	122      	127     	0.5     	0.772991	0.818644	0.051739        	0.196116	0.346164	1  	0.131524
166	500  	122      	127     	0.5     	0.772475	0.818644	0.0523646       	0.196116	0.347527	1  	0.132278
167	500  	121      	127     	0.5     	0.773121	0.818644	0.0517991       	0.196116	0.346089	1  	0.131589
168	500  	124      	127     	0.5     	0.772845	0.818644	0.0521085       	0.196116	0.346813	1  	0.131867
169	500  	121      	127     	0.5     	0.773223	0.818854	0.0518684       	0.196116	0.346109	1  	0.131576
170	500  	124      	127     	0.5     	0.773151	0.818854	0.0518824       	0.196116	0.346468	1  	0.131501
171	500  	126      	127     	0.5     	0.773362	0.818854	0.051961        	0.196116	0.346059	1  	0.131625
172	500  	121      	127     	0.5     	0.773247	0.818854	0.0519507       	0.196116	0.346647	1  	0.131427
173	500  	123      	127     	0.5     	0.773467	0.818854	0.0520271       	0.196116	0.345985	1  	0.131696
174	500  	121      	127     	0.5     	0.773518	0.818854	0.052058        	0.196116	0.34597 	1  	0.131714
175	500  	119      	127     	0.5     	0.773541	0.818854	0.052062        	0.196116	0.345928	1  	0.131754
176	500  	124      	127     	0.5     	0.773586	0.818854	0.0520905       	0.196116	0.345977	1  	0.131699
177	500  	121      	127     	0.5     	0.77371 	0.818854	0.0521491       	0.196116	0.34593 	1  	0.131726
178	500  	124      	127     	0.5     	0.773842	0.818854	0.0522206       	0.196116	0.345621	1  	0.131913
179	500  	123      	127     	0.5     	0.774003	0.818854	0.0523087       	0.196116	0.345139	1  	0.132218
180	500  	122      	127     	0.5     	0.773881	0.821019	0.0522561       	0.196116	0.346048	1  	0.131636
181	500  	124      	127     	0.5     	0.774037	0.821019	0.0523455       	0.196116	0.345581	1  	0.131951
182	500  	119      	127     	0.5     	0.774091	0.821019	0.0523815       	0.196116	0.3457  	1  	0.131873
183	500  	123      	127     	0.5     	0.774186	0.821019	0.0524372       	0.196116	0.345752	1  	0.13183 
184	500  	119      	127     	0.5     	0.77452 	0.821019	0.0526014       	0.196116	0.344613	1  	0.132525
185	500  	123      	127     	0.5     	0.774753	0.821019	0.0526615       	0.196116	0.343995	1  	0.132703
186	500  	123      	127     	0.5     	0.775465	0.822086	0.0520937       	0.196116	0.342438	1  	0.131642
187	500  	121      	127     	0.5     	0.775956	0.822086	0.0519872       	0.196116	0.341304	1  	0.131451
188	500  	127      	127     	0.5     	0.775237	0.822086	0.0522641       	0.196116	0.343534	1  	0.131647
189	500  	123      	127     	0.5     	0.775263	0.822086	0.0528264       	0.196116	0.343446	1  	0.132614
190	500  	118      	127     	0.5     	0.776172	0.822086	0.0520702       	0.196116	0.341395	1  	0.131365
191	500  	121      	127     	0.5     	0.776205	0.822086	0.0520927       	0.196116	0.341506	1  	0.131259
192	500  	122      	127     	0.5     	0.77629 	0.822086	0.0521446       	0.196116	0.341376	1  	0.131384
193	500  	124      	127     	0.5     	0.776373	0.822504	0.0522037       	0.196116	0.34139 	1  	0.131373
194	500  	125      	127     	0.5     	0.776414	0.822504	0.0522304       	0.196116	0.34135 	1  	0.131404
195	500  	122      	127     	0.5     	0.776479	0.822504	0.0522712       	0.196116	0.341294	1  	0.131455
196	500  	120      	127     	0.5     	0.776536	0.822504	0.0523036       	0.2     	0.341461	1  	0.1313  
197	500  	123      	127     	0.5     	0.776623	0.827639	0.0523629       	0.2     	0.341377	1  	0.131378
198	500  	121      	127     	0.5     	0.776691	0.827639	0.0524032       	0.2     	0.341178	1  	0.131549
199	500  	124      	127     	0.5     	0.77683 	0.827639	0.052464        	0.2     	0.340859	1  	0.131695
200	500  	115      	127     	0.5     	0.776815	0.827639	0.0524834       	0.2     	0.341086	1  	0.131621
201	500  	123      	127     	0.5     	0.776864	0.827639	0.0525136       	0.2     	0.341263	1  	0.131477
202	500  	123      	127     	0.5     	0.776905	0.827639	0.0525416       	0.2     	0.34132 	1  	0.131413
203	500  	125      	127     	0.5     	0.77694 	0.827639	0.052549        	0.2     	0.34132 	1  	0.131413
204	500  	122      	127     	0.5     	0.77701 	0.827639	0.052592        	0.2     	0.341251	1  	0.13148 
205	500  	119      	127     	0.5     	0.777072	0.827639	0.0526247       	0.204124	0.34134 	1  	0.131395
206	500  	122      	127     	0.5     	0.777113	0.827639	0.0526563       	0.204124	0.34132 	1  	0.131414
207	500  	123      	127     	0.5     	0.777164	0.827639	0.0526886       	0.204124	0.34128 	1  	0.131446
208	500  	123      	127     	0.5     	0.777504	0.827639	0.0528495       	0.204124	0.340313	1  	0.131946
209	500  	120      	127     	0.5     	0.777816	0.827639	0.0528367       	0.204124	0.339558	1  	0.131878
210	500  	126      	127     	0.5     	0.77828 	0.827639	0.05281         	0.2     	0.338411	1  	0.131913
211	500  	124      	127     	0.5     	0.777476	0.827639	0.0529226       	0.2     	0.341087	1  	0.13157 
212	500  	123      	127     	0.5     	0.776315	0.827639	0.0538547       	0.204124	0.344432	1  	0.132504
213	500  	122      	127     	0.5     	0.776764	0.827639	0.053225        	0.204124	0.343653	1  	0.131485
214	500  	123      	127     	0.5     	0.776424	0.827639	0.0538367       	0.204124	0.344395	1  	0.132212
215	500  	126      	127     	0.5     	0.777108	0.827639	0.0529464       	0.204124	0.34309 	1  	0.130936
216	500  	125      	127     	0.5     	0.777486	0.827639	0.0530726       	0.204124	0.342142	1  	0.131265
217	500  	119      	127     	0.5     	0.777064	0.827639	0.0532945       	0.204124	0.343352	1  	0.131366
218	500  	122      	127     	0.5     	0.776551	0.827639	0.0539432       	0.204124	0.344816	1  	0.132178
219	500  	121      	127     	0.5     	0.776274	0.827639	0.0538562       	0.204124	0.345857	1  	0.131714
220	500  	123      	127     	0.5     	0.776568	0.827639	0.0539335       	0.204124	0.345218	1  	0.131942
221	500  	124      	127     	0.5     	0.77647 	0.827639	0.053933        	0.204124	0.345559	1  	0.131825
222	500  	118      	127     	0.5     	0.776748	0.827639	0.0539891       	0.204124	0.344859	1  	0.132163
223	500  	121      	127     	0.5     	0.778086	0.828905	0.0532944       	0.204124	0.341617	1  	0.131154
224	500  	122      	127     	0.5     	0.778141	0.828905	0.0533327       	0.204124	0.341654	1  	0.131116
225	500  	122      	127     	0.5     	0.777675	0.828905	0.0533703       	0.204124	0.343046	1  	0.130976
226	500  	122      	127     	0.5     	0.776793	0.828905	0.0542773       	0.204124	0.34523 	1  	0.13205 
227	500  	121      	127     	0.5     	0.777011	0.828905	0.0541861       	0.204124	0.344779	1  	0.132115
228	500  	117      	127     	0.5     	0.777341	0.828905	0.0540658       	0.204124	0.344003	1  	0.131985
229	500  	121      	127     	0.5     	0.777262	0.828905	0.0542812       	0.204124	0.344283	1  	0.132297
230	500  	121      	127     	0.5     	0.777645	0.829968	0.054261        	0.204124	0.34337 	1  	0.132291
231	500  	123      	127     	0.5     	0.778323	0.829968	0.0534882       	0.204124	0.342025	1  	0.130961
232	500  	125      	127     	0.5     	0.777954	0.829968	0.0537184       	0.204124	0.343074	1  	0.131227
233	500  	123      	127     	0.5     	0.777042	0.829968	0.0544434       	0.204124	0.34531 	1  	0.132003
234	500  	122      	127     	0.5     	0.777132	0.829968	0.0544215       	0.204124	0.345235	1  	0.132027
235	500  	121      	127     	0.5     	0.7776  	0.829968	0.0544428       	0.204124	0.344137	1  	0.132152
236	500  	124      	127     	0.5     	0.777434	0.829968	0.0545704       	0.204124	0.344689	1  	0.132225
237	500  	122      	127     	0.5     	0.77754 	0.829968	0.0545136       	0.204124	0.344536	1  	0.132231
238	500  	123      	127     	0.5     	0.777943	0.829968	0.0539654       	0.204124	0.343782	1  	0.131359
239	500  	124      	127     	0.5     	0.778202	0.829968	0.0539374       	0.204124	0.343199	1  	0.131311
240	500  	123      	127     	0.5     	0.778574	0.829968	0.0538763       	0.204124	0.342242	1  	0.13117 
241	500  	122      	127     	0.5     	0.778842	0.829968	0.0537979       	0.204124	0.341659	1  	0.131115
242	500  	121      	127     	0.5     	0.778874	0.829968	0.0538202       	0.204124	0.341659	1  	0.131115
243	500  	122      	127     	0.5     	0.778963	0.829968	0.0538824       	0.204124	0.341549	1  	0.131199
244	500  	123      	127     	0.5     	0.779138	0.829968	0.0539841       	0.204124	0.341081	1  	0.131502
245	500  	120      	127     	0.5     	0.778979	0.829968	0.0540117       	0.204124	0.341768	1  	0.131331
246	500  	122      	127     	0.5     	0.779103	0.829968	0.0539886       	0.204124	0.341551	1  	0.131207
247	500  	123      	127     	0.5     	0.77918 	0.829968	0.0540215       	0.204124	0.341377	1  	0.131305
248	500  	122      	127     	0.5     	0.779198	0.829968	0.0540449       	0.2     	0.341332	1  	0.131377
249	500  	123      	127     	0.5     	0.779407	0.829968	0.0541696       	0.2     	0.340826	1  	0.131754
250	500  	120      	127     	0.5     	0.77946 	0.829968	0.0541837       	0.2     	0.340795	1  	0.131703
251	500  	125      	127     	0.5     	0.779336	0.829968	0.0541388       	0.196116	0.341427	1  	0.131335
252	500  	124      	127     	0.5     	0.779551	0.829968	0.0542757       	0.196116	0.340887	1  	0.131709
253	500  	122      	127     	0.5     	0.780199	0.829968	0.0543531       	0.196116	0.339255	1  	0.131958
254	500  	119      	127     	0.5     	0.779793	0.829968	0.0544676       	0.2     	0.34032 	1  	0.131972
255	500  	124      	127     	0.5     	0.780223	0.829968	0.0544427       	0.2     	0.339364	1  	0.132051
256	500  	124      	127     	0.5     	0.779775	0.829968	0.0544635       	0.2     	0.340577	1  	0.131871
257	500  	125      	127     	0.5     	0.779946	0.829968	0.0544555       	0.2     	0.340319	1  	0.131879
258	500  	122      	127     	0.5     	0.780075	0.829968	0.0545661       	0.2     	0.33995 	1  	0.132235
259	500  	122      	127     	0.5     	0.781317	0.829968	0.053836        	0.2     	0.336954	1  	0.131107
260	500  	122      	127     	0.5     	0.781504	0.829968	0.0538483       	0.2     	0.336486	1  	0.131131
261	500  	124      	127     	0.5     	0.781577	0.829968	0.053898        	0.2     	0.336371	1  	0.131218
262	500  	121      	127     	0.5     	0.781622	0.829968	0.0539175       	0.2     	0.336537	1  	0.131084
263	500  	121      	127     	0.5     	0.781726	0.829968	0.0539722       	0.2     	0.336257	1  	0.131255
264	500  	124      	127     	0.5     	0.782069	0.829968	0.0541297       	0.2     	0.335403	1  	0.131689
265	500  	120      	127     	0.5     	0.782114	0.829968	0.0541332       	0.2     	0.335226	1  	0.131708
266	500  	118      	127     	0.5     	0.78238 	0.829968	0.0539821       	0.2     	0.334776	1  	0.131381
267	500  	124      	127     	0.5     	0.782559	0.829968	0.0538856       	0.2     	0.334178	1  	0.130878
268	500  	117      	127     	0.5     	0.782141	0.829968	0.0544125       	0.2     	0.335234	1  	0.131854
269	500  	121      	127     	0.5     	0.782551	0.836545	0.0541667       	0.2     	0.334426	1  	0.131497
270	500  	123      	127     	0.5     	0.782735	0.836545	0.0543065       	0.2     	0.333914	1  	0.131952
271	500  	124      	127     	0.5     	0.783254	0.836545	0.0537403       	0.2     	0.332904	1  	0.130923
272	500  	124      	127     	0.5     	0.783453	0.836545	0.0535528       	0.2     	0.33272 	1  	0.130495
273	500  	122      	127     	0.5     	0.782643	0.836545	0.0544726       	0.2     	0.33456 	1  	0.131885
274	500  	121      	127     	0.5     	0.782846	0.836545	0.0538058       	0.2     	0.33437 	1  	0.130827
275	500  	123      	127     	0.5     	0.782371	0.836545	0.0543693       	0.2     	0.335553	1  	0.131648
276	500  	124      	127     	0.5     	0.782152	0.836545	0.0542906       	0.204124	0.336353	1  	0.131181
277	500  	122      	127     	0.5     	0.782821	0.836545	0.0538096       	0.204124	0.334882	1  	0.130477
278	500  	122      	127     	0.5     	0.782692	0.836545	0.0545279       	0.204124	0.335001	1  	0.131657
279	500  	123      	127     	0.5     	0.783239	0.836545	0.054293        	0.204124	0.333758	1  	0.131295
280	500  	120      	127     	0.5     	0.782994	0.836545	0.0540282       	0.204124	0.33443 	1  	0.130742
281	500  	124      	127     	0.5     	0.783038	0.836545	0.0543774       	0.204124	0.334351	1  	0.131457
282	500  	120      	127     	0.5     	0.783115	0.836545	0.0545726       	0.204124	0.334106	1  	0.131776
283	500  	122      	127     	0.5     	0.783631	0.836545	0.0538388       	0.204124	0.333148	1  	0.130622
284	500  	117      	127     	0.5     	0.784074	0.836545	0.0538004       	0.204124	0.332138	1  	0.130498
285	500  	123      	127     	0.5     	0.783826	0.836545	0.0539863       	0.204124	0.332731	1  	0.130708
286	500  	123      	127     	0.5     	0.783776	0.836545	0.0541279       	0.204124	0.332886	1  	0.130951
287	500  	123      	127     	0.5     	0.783638	0.836545	0.0545806       	0.204124	0.333145	1  	0.131563
288	500  	120      	127     	0.5     	0.783858	0.836545	0.0545992       	0.204124	0.332659	1  	0.131589
289	500  	120      	127     	0.5     	0.784353	0.836545	0.0539073       	0.204124	0.331706	1  	0.130597
290	500  	118      	127     	0.5     	0.784368	0.836545	0.0539175       	0.204124	0.331706	1  	0.130597
291	500  	125      	127     	0.5     	0.784397	0.836545	0.053935        	0.204124	0.331715	1  	0.130588
292	500  	119      	127     	0.5     	0.784422	0.836545	0.0539531       	0.204124	0.331687	1  	0.130614
293	500  	123      	127     	0.5     	0.784452	0.836545	0.0539695       	0.204124	0.331654	1  	0.130642
294	500  	123      	127     	0.5     	0.784492	0.836545	0.0539979       	0.204124	0.331609	1  	0.130679
295	500  	123      	127     	0.5     	0.784504	0.836545	0.0540064       	0.204124	0.331638	1  	0.130653
296	500  	124      	127     	0.5     	0.784298	0.836545	0.0540873       	0.204124	0.33222 	1  	0.130752
297	500  	121      	127     	0.5     	0.784559	0.836545	0.0540432       	0.2     	0.33162 	1  	0.130669
298	500  	122      	127     	0.5     	0.784594	0.836545	0.0540668       	0.2     	0.331622	1  	0.130669
299	500  	122      	127     	0.5     	0.784636	0.836545	0.0540931       	0.2     	0.331602	1  	0.130687
Optimization on fold finished in 00-00:48:30

FEATURE SETS SELECTED

PARETO FRONT
Number of solutions = 21
Features in hall of fame by prevalence:
33 features: [0_race_WHITE, 1_hsa.miR.3648, 1_hsa.miR.15b.3p, 1_hsa.miR.548v, 1_hsa.miR.301a.3p, 1_hsa.miR.340.3p, 1_hsa.miR.4662a.5p, 1_hsa.miR.4668.3p, 1_hsa.miR.512.3p, 1_hsa.miR.3170, 1_hsa.miR.33a.5p, 1_hsa.miR.301b, 1_hsa.miR.518a.3p, 1_hsa.miR.520e, 1_hsa.miR.519d.3p, 1_hsa.miR.512.5p, 0_age_at_initial_pathologic_diagnosis, 1_hsa.miR.421, 1_hsa.miR.93.3p, 1_hsa.miR.499a.5p, 1_hsa.let.7c.3p, 1_hsa.miR.3200.3p, 1_hsa.miR.3677.3p, 1_hsa.miR.7706, 1_hsa.miR.940, 1_hsa.miR.21.3p, 1_hsa.miR.423.3p, 1_hsa.miR.491.3p, 1_hsa.miR.520d.5p, 1_hsa.miR.138.5p, 1_hsa.miR.552.5p, 1_hsa.miR.519c.3p, 1_hsa.miR.520a.5p]

LAST POPULATION
Number of solutions = 500
Features in hall of fame by prevalence:
91 features: [0_race_WHITE, 1_hsa.miR.3648, 1_hsa.miR.15b.3p, 1_hsa.miR.548v, 1_hsa.miR.301a.3p, 1_hsa.miR.340.3p, 1_hsa.miR.3170, 1_hsa.miR.4662a.5p, 1_hsa.miR.512.3p, 1_hsa.miR.4668.3p, 1_hsa.miR.33a.5p, 1_hsa.miR.512.5p, 0_age_at_initial_pathologic_diagnosis, 1_hsa.miR.93.3p, 1_hsa.miR.519d.3p, 1_hsa.miR.421, 1_hsa.miR.499a.5p, 1_hsa.miR.7706, 1_hsa.miR.301b, 1_hsa.miR.3200.3p, 1_hsa.miR.940, 1_hsa.miR.3677.3p, 1_hsa.miR.518a.3p, 1_hsa.miR.520e, 1_hsa.let.7c.3p, 1_hsa.miR.130b.5p, 1_hsa.miR.21.3p, 1_hsa.miR.7974, 1_hsa.miR.423.3p, 1_hsa.miR.1226.3p, 1_hsa.miR.491.3p, 1_hsa.miR.552.5p, 1_hsa.miR.3610, 1_hsa.miR.520d.5p, 1_hsa.miR.3607.5p, 1_hsa.miR.30c.1.3p, 1_hsa.miR.520a.5p, 1_hsa.miR.24.2.5p, 1_hsa.miR.887.3p, 1_hsa.miR.517a.3p, 1_hsa.miR.519c.3p, 1_hsa.miR.29c.3p, 1_hsa.miR.4661.5p, 1_hsa.miR.518f.3p, 1_hsa.miR.130b.3p, 1_hsa.miR.103a.2.5p, 1_hsa.miR.1306.3p, 1_hsa.miR.138.5p, 1_hsa.miR.20a.3p, 1_hsa.miR.3074.5p, 1_hsa.miR.551a, 1_hsa.miR.19a.3p, 1_hsa.miR.522.3p, 1_hsa.miR.24.3p, 1_hsa.miR.4449, 1_hsa.miR.548f.3p, 1_hsa.miR.92a.1.5p, 1_hsa.miR.151a.5p, 1_hsa.miR.155.3p, 1_hsa.miR.17.5p, 1_hsa.miR.195.5p, 1_hsa.miR.19b.3p, 1_hsa.miR.221.5p, 1_hsa.miR.3187.3p, 1_hsa.miR.3605.3p, 1_hsa.miR.455.3p, 1_hsa.miR.503.3p, 1_hsa.miR.744.3p, 1_hsa.miR.518c.3p, 1_hsa.miR.520b, 1_hsa.miR.520c.3p, 1_hsa.miR.520g.3p, 1_hsa.let.7a.2.3p, 1_hsa.miR.1269a, 1_hsa.miR.1343.3p, 1_hsa.miR.138.1.3p, 1_hsa.miR.16.2.3p, 1_hsa.miR.210.3p, 1_hsa.miR.3161, 1_hsa.miR.324.3p, 1_hsa.miR.324.5p, 1_hsa.miR.7.1.3p, 1_hsa.miR.877.5p, 1_hsa.miR.92a.3p, 1_hsa.miR.99b.3p, 1_hsa.miR.1323, 1_hsa.miR.517b.3p, 1_hsa.miR.518c.5p, 1_hsa.miR.520f.3p, 1_hsa.miR.520h, 1_hsa.miR.523.3p]

BEST SUMS WITH SIZE 50
Number of solutions = 50
Features in hall of fame by prevalence:
49 features: [0_age_at_initial_pathologic_diagnosis, 0_race_WHITE, 1_hsa.miR.103a.2.5p, 1_hsa.miR.106b.3p, 1_hsa.miR.106b.5p, 1_hsa.miR.1226.3p, 1_hsa.miR.1269a, 1_hsa.miR.1306.3p, 1_hsa.miR.130b.3p, 1_hsa.miR.15b.3p, 1_hsa.miR.16.2.3p, 1_hsa.miR.17.3p, 1_hsa.miR.17.5p, 1_hsa.miR.181b.3p, 1_hsa.miR.18a.5p, 1_hsa.miR.195.5p, 1_hsa.miR.197.3p, 1_hsa.miR.19a.3p, 1_hsa.miR.19b.3p, 1_hsa.miR.20a.3p, 1_hsa.miR.210.3p, 1_hsa.miR.21.3p, 1_hsa.miR.221.5p, 1_hsa.miR.28.5p, 1_hsa.miR.29c.3p, 1_hsa.miR.301a.3p, 1_hsa.miR.301a.5p, 1_hsa.miR.301b, 1_hsa.miR.3170, 1_hsa.miR.3200.3p, 1_hsa.miR.324.3p, 1_hsa.miR.324.5p, 1_hsa.miR.33a.5p, 1_hsa.miR.3605.3p, 1_hsa.miR.3610, 1_hsa.miR.3648, 1_hsa.miR.3677.3p, 1_hsa.miR.3687, 1_hsa.miR.455.3p, 1_hsa.miR.4668.3p, 1_hsa.miR.486.3p, 1_hsa.miR.499a.5p, 1_hsa.miR.548v, 1_hsa.miR.590.5p, 1_hsa.miR.744.3p, 1_hsa.miR.7706, 1_hsa.miR.887.3p, 1_hsa.miR.92a.3p, 1_hsa.miR.940]

BEST SUMS WITH SIZE 100
Number of solutions = 100
Features in hall of fame by prevalence:
89 features: [1_hsa.miR.3648, 0_race_WHITE, 1_hsa.miR.1306.3p, 1_hsa.miR.20a.3p, 1_hsa.miR.29c.3p, 1_hsa.miR.301b, 1_hsa.miR.3170, 1_hsa.miR.3607.5p, 1_hsa.miR.3677.3p, 1_hsa.miR.552.5p, 1_hsa.miR.7706, 0_age_at_initial_pathologic_diagnosis, 1_hsa.let.7a.2.3p, 1_hsa.let.7c.3p, 1_hsa.miR.103a.2.5p, 1_hsa.miR.106b.3p, 1_hsa.miR.106b.5p, 1_hsa.miR.1226.3p, 1_hsa.miR.1229.3p, 1_hsa.miR.1269a, 1_hsa.miR.1301.3p, 1_hsa.miR.130b.3p, 1_hsa.miR.130b.5p, 1_hsa.miR.1343.3p, 1_hsa.miR.135a.3p, 1_hsa.miR.138.5p, 1_hsa.miR.151a.5p, 1_hsa.miR.155.3p, 1_hsa.miR.15b.3p, 1_hsa.miR.16.2.3p, 1_hsa.miR.17.3p, 1_hsa.miR.17.5p, 1_hsa.miR.181b.3p, 1_hsa.miR.18a.3p, 1_hsa.miR.18a.5p, 1_hsa.miR.195.5p, 1_hsa.miR.196b.3p, 1_hsa.miR.197.3p, 1_hsa.miR.19a.3p, 1_hsa.miR.19b.3p, 1_hsa.miR.20a.5p, 1_hsa.miR.210.3p, 1_hsa.miR.21.3p, 1_hsa.miR.221.5p, 1_hsa.miR.24.2.5p, 1_hsa.miR.24.3p, 1_hsa.miR.28.5p, 1_hsa.miR.301a.3p, 1_hsa.miR.301a.5p, 1_hsa.miR.3074.5p, 1_hsa.miR.3187.3p, 1_hsa.miR.3200.3p, 1_hsa.miR.324.3p, 1_hsa.miR.324.5p, 1_hsa.miR.339.3p, 1_hsa.miR.33a.3p, 1_hsa.miR.33a.5p, 1_hsa.miR.340.3p, 1_hsa.miR.345.5p, 1_hsa.miR.3605.3p, 1_hsa.miR.3610, 1_hsa.miR.3651, 1_hsa.miR.3687, 1_hsa.miR.3917, 1_hsa.miR.421, 1_hsa.miR.423.3p, 1_hsa.miR.455.3p, 1_hsa.miR.4661.5p, 1_hsa.miR.4662a.5p, 1_hsa.miR.4668.3p, 1_hsa.miR.486.3p, 1_hsa.miR.491.3p, 1_hsa.miR.499a.5p, 1_hsa.miR.503.3p, 1_hsa.miR.548v, 1_hsa.miR.590.5p, 1_hsa.miR.7.1.3p, 1_hsa.miR.744.3p, 1_hsa.miR.7974, 1_hsa.miR.877.5p, 1_hsa.miR.887.3p, 1_hsa.miR.92a.1.5p, 1_hsa.miR.92a.3p, 1_hsa.miR.93.3p, 1_hsa.miR.940, 1_hsa.miR.99b.3p, 1_hsa.miR.512.3p, 1_hsa.miR.520e, 1_hsa.miR.520f.3p]
