
OPTIMIZING ON FOLD NUMBER 1
Number of workers = 80

COMPUTING LOCAL ACTIVE FEATURES
Computing active features for view clinic
Existing features: 7
Applying union strategy for feature selection using composite feature selector with
categorical: feature selector any na and anova
survival: feature selector Cox

Computing active features for outcome survival
Features selected for this outcome: 2
Features active in total: 2
Computing active features for view log_mirna
Existing features: 739
Applying union strategy for feature selection using composite feature selector with
categorical: feature selector any na and anova
survival: feature selector Cox

Computing active features for outcome survival
Features selected for this outcome: 179
Features active in total: 179
Computing feature importance
Running optimizer

CREATING INNER FOLDS

ASSIGNING STRATA FOR MULTI-OUTCOME DATA SARC_MV
Assigning strata for outcome named survival of type survival
Counts:
censored 0: 24
censored 1: 75
deceased 0: 28
deceased 1: 28

RUNNING GENETIC ALGORITHM
Generations completed = 143
Generations completed = 294
   	     	         	        	       survival SKSurv Cox model concordance index       	                 root leanness                  
   	     	         	        	---------------------------------------------------------	------------------------------------------------
gen	evals	gen_feats	explored	min     	avg     	max     	std             	min     	avg     	max	std     
0  	500  	56       	56      	0.387716	0.588328	0.776322	0.0801905       	0.140028	0.254577	1  	0.164802
1  	511  	154      	154     	0.457256	0.646477	0.779644	0.056873        	0.138675	0.301976	1  	0.135437
2  	500  	154      	171     	0.5     	0.67265 	0.793933	0.0503567       	0.158114	0.337468	1  	0.139224
3  	500  	165      	179     	0.5     	0.691472	0.793933	0.045632        	0.158114	0.344005	1  	0.144655
4  	500  	172      	181     	0.5     	0.704352	0.793933	0.0429215       	0.158114	0.342535	1  	0.141914
5  	500  	170      	181     	0.5     	0.711938	0.793933	0.0429858       	0.158114	0.34514 	1  	0.139448
6  	500  	168      	181     	0.5     	0.71755 	0.793933	0.0425144       	0.158114	0.347142	1  	0.14034 
7  	500  	168      	181     	0.5     	0.722403	0.793933	0.0425206       	0.158114	0.349552	1  	0.139596
8  	500  	167      	181     	0.5     	0.728302	0.793933	0.0413863       	0.164399	0.344889	1  	0.139658
9  	500  	170      	181     	0.5     	0.732245	0.797988	0.0418159       	0.164399	0.347424	1  	0.137688
10 	500  	168      	181     	0.5     	0.737162	0.799777	0.0415402       	0.166667	0.342812	1  	0.137233
11 	500  	171      	181     	0.5     	0.740627	0.799777	0.0412132       	0.166667	0.340253	1  	0.135937
12 	500  	174      	181     	0.5     	0.741747	0.799777	0.0423091       	0.166667	0.34429 	1  	0.136596
13 	500  	170      	181     	0.5     	0.744014	0.809731	0.0428834       	0.166667	0.345297	1  	0.13589 
14 	500  	162      	181     	0.5     	0.746476	0.820509	0.0431718       	0.166667	0.345346	1  	0.135955
15 	500  	170      	181     	0.5     	0.748825	0.820509	0.043365        	0.166667	0.344342	1  	0.136574
16 	500  	175      	181     	0.5     	0.751594	0.820509	0.0430685       	0.166667	0.340953	1  	0.135642
17 	500  	171      	181     	0.5     	0.753763	0.820509	0.0429999       	0.169031	0.341688	1  	0.13484 
18 	500  	164      	181     	0.5     	0.755789	0.820509	0.0435368       	0.169031	0.343044	1  	0.133989
19 	500  	170      	181     	0.5     	0.757753	0.820509	0.0441265       	0.188982	0.342769	1  	0.134087
20 	500  	173      	181     	0.5     	0.759376	0.820509	0.0445236       	0.188982	0.342934	1  	0.134153
21 	500  	172      	181     	0.5     	0.759653	0.820947	0.045727        	0.188982	0.347413	1  	0.134592
22 	500  	168      	181     	0.5     	0.75972 	0.820947	0.0469371       	0.188982	0.351368	1  	0.134955
23 	500  	164      	181     	0.5     	0.761003	0.820947	0.0472883       	0.188982	0.351441	1  	0.134911
24 	500  	166      	181     	0.5     	0.761434	0.820947	0.0482476       	0.188982	0.353969	1  	0.135779
25 	500  	169      	181     	0.5     	0.763511	0.826751	0.0481465       	0.188982	0.351584	1  	0.134941
26 	500  	169      	181     	0.5     	0.765037	0.834253	0.0486494       	0.188982	0.350395	1  	0.135591
27 	500  	169      	181     	0.5     	0.766092	0.834253	0.0491292       	0.188982	0.351156	1  	0.135407
28 	500  	170      	181     	0.5     	0.766332	0.834253	0.0502563       	0.188982	0.353975	1  	0.136157
29 	500  	167      	181     	0.5     	0.767066	0.834253	0.050548        	0.188982	0.354322	1  	0.136149
30 	500  	171      	181     	0.5     	0.769055	0.834253	0.0501825       	0.188982	0.351738	1  	0.134929
31 	500  	165      	181     	0.5     	0.770036	0.834253	0.0505539       	0.188982	0.351716	1  	0.134933
32 	500  	165      	181     	0.5     	0.77085 	0.834253	0.0507907       	0.188982	0.351332	1  	0.135132
33 	500  	170      	181     	0.5     	0.773207	0.834253	0.0506939       	0.188982	0.347137	1  	0.134605
34 	500  	170      	181     	0.5     	0.773881	0.834253	0.0509521       	0.188982	0.349203	1  	0.133029
35 	500  	163      	181     	0.5     	0.773436	0.834253	0.0520306       	0.188982	0.353723	1  	0.133088
36 	500  	168      	181     	0.5     	0.774309	0.834253	0.052376        	0.188982	0.354084	1  	0.132793
37 	500  	168      	181     	0.5     	0.775194	0.838585	0.0527477       	0.188982	0.353311	1  	0.133207
38 	500  	174      	181     	0.5     	0.775785	0.840785	0.0531426       	0.185695	0.354341	1  	0.132576
39 	500  	170      	181     	0.5     	0.777116	0.840785	0.0535156       	0.185695	0.352342	1  	0.133178
40 	500  	166      	181     	0.5     	0.778654	0.840785	0.053221        	0.185695	0.349611	1  	0.132692
41 	500  	174      	181     	0.5     	0.778247	0.840785	0.0543767       	0.185695	0.352627	1  	0.133385
42 	500  	172      	181     	0.5     	0.77873 	0.841462	0.0547309       	0.182574	0.35267 	1  	0.133593
43 	500  	164      	181     	0.5     	0.779273	0.841462	0.0548767       	0.182574	0.352806	1  	0.133153
44 	500  	165      	181     	0.5     	0.78034 	0.841462	0.0547109       	0.182574	0.35119 	1  	0.132767
45 	500  	167      	181     	0.5     	0.781307	0.841462	0.0546076       	0.176777	0.349811	1  	0.132592
46 	500  	172      	181     	0.5     	0.781335	0.841462	0.0554609       	0.176777	0.351254	1  	0.133485
47 	500  	167      	181     	0.5     	0.780775	0.841462	0.0557261       	0.176777	0.353972	1  	0.133028
48 	500  	166      	181     	0.5     	0.782048	0.844299	0.0559382       	0.174078	0.352157	1  	0.133551
49 	500  	161      	181     	0.5     	0.781952	0.844299	0.0562444       	0.174078	0.353175	1  	0.133608
50 	500  	163      	181     	0.5     	0.782279	0.844299	0.0563226       	0.174078	0.353685	1  	0.133327
51 	500  	166      	181     	0.5     	0.782574	0.844299	0.0564778       	0.174078	0.353858	1  	0.133303
52 	500  	168      	181     	0.5     	0.783206	0.855543	0.056764        	0.174078	0.353055	1  	0.133841
53 	500  	171      	181     	0.5     	0.785127	0.855543	0.0563431       	0.174078	0.348853	1  	0.133655
54 	500  	169      	181     	0.5     	0.785466	0.855543	0.0565046       	0.171499	0.348282	1  	0.134211
55 	500  	169      	181     	0.5     	0.78755 	0.855543	0.0562094       	0.171499	0.343138	1  	0.134523
56 	500  	166      	181     	0.5     	0.788939	0.855543	0.0563565       	0.171499	0.340056	1  	0.135247
57 	500  	167      	181     	0.5     	0.790108	0.855543	0.0561421       	0.171499	0.338078	1  	0.134592
58 	500  	170      	181     	0.5     	0.790459	0.855543	0.0563572       	0.171499	0.3374  	1  	0.135182
59 	500  	171      	181     	0.5     	0.791724	0.855543	0.0563628       	0.171499	0.334639	1  	0.135612
60 	500  	172      	181     	0.5     	0.792771	0.855543	0.055991        	0.171499	0.332329	1  	0.135105
61 	500  	171      	181     	0.5     	0.793914	0.855543	0.0560179       	0.171499	0.329644	1  	0.13553 
62 	500  	171      	181     	0.5     	0.793737	0.855543	0.0563497       	0.171499	0.33112 	1  	0.135699
63 	500  	169      	181     	0.5     	0.793925	0.855543	0.0564465       	0.171499	0.331291	1  	0.135591
64 	500  	165      	181     	0.5     	0.795773	0.856216	0.0558922       	0.171499	0.327523	1  	0.134598
65 	500  	171      	181     	0.5     	0.796426	0.856216	0.0560901       	0.171499	0.325777	1  	0.135381
66 	500  	166      	181     	0.5     	0.796636	0.856216	0.0562294       	0.166667	0.325494	1  	0.135727
67 	500  	167      	181     	0.5     	0.798239	0.85843 	0.0556972       	0.166667	0.321677	1  	0.135042
68 	500  	174      	181     	0.5     	0.798723	0.85843 	0.0558503       	0.166667	0.321171	1  	0.135192
69 	500  	170      	181     	0.5     	0.79904 	0.85843 	0.0560567       	0.169031	0.320959	1  	0.135336
70 	500  	168      	181     	0.5     	0.799245	0.85843 	0.0561698       	0.169031	0.321358	1  	0.135045
71 	500  	165      	181     	0.5     	0.800659	0.85843 	0.0556325       	0.169031	0.318097	1  	0.134226
72 	500  	171      	181     	0.5     	0.8009  	0.85843 	0.0564204       	0.169031	0.318171	1  	0.135592
73 	500  	170      	181     	0.5     	0.801384	0.85843 	0.055946        	0.169031	0.317677	1  	0.134187
74 	500  	175      	181     	0.5     	0.802152	0.85843 	0.0559465       	0.169031	0.316664	1  	0.133927
75 	500  	169      	181     	0.5     	0.800358	0.85843 	0.0570857       	0.169031	0.321441	1  	0.134941
76 	500  	175      	181     	0.5     	0.801261	0.85843 	0.0570336       	0.166667	0.319228	1  	0.135372
77 	500  	171      	181     	0.5     	0.802776	0.85843 	0.0562762       	0.166667	0.316505	1  	0.134092
78 	500  	168      	181     	0.5     	0.801027	0.85843 	0.0573298       	0.166667	0.320971	1  	0.135326
79 	500  	171      	181     	0.5     	0.80113 	0.85843 	0.0573177       	0.166667	0.321652	1  	0.134806
80 	500  	167      	181     	0.5     	0.800683	0.85843 	0.0575831       	0.166667	0.323335	1  	0.134599
81 	500  	172      	181     	0.5     	0.801052	0.86127 	0.057516        	0.166667	0.323075	1  	0.134335
82 	500  	174      	181     	0.5     	0.801756	0.86127 	0.0576702       	0.166667	0.321843	1  	0.134704
83 	500  	172      	181     	0.5     	0.801988	0.86127 	0.0578116       	0.166667	0.321649	1  	0.134865
84 	500  	167      	181     	0.5     	0.802109	0.86127 	0.0578603       	0.166667	0.321784	1  	0.134744
85 	500  	171      	181     	0.5     	0.802259	0.86127 	0.0579746       	0.166667	0.321972	1  	0.134591
86 	500  	170      	181     	0.5     	0.80237 	0.86127 	0.0580376       	0.166667	0.322126	1  	0.13447 
87 	500  	166      	181     	0.5     	0.802577	0.86127 	0.0581545       	0.166667	0.322439	1  	0.134197
88 	500  	169      	181     	0.5     	0.802807	0.86127 	0.0583037       	0.166667	0.32201 	1  	0.134528
89 	500  	170      	181     	0.5     	0.803406	0.86127 	0.0585686       	0.166667	0.320789	1  	0.135155
90 	500  	164      	181     	0.5     	0.805209	0.86127 	0.0578168       	0.166667	0.316676	1  	0.13407 
91 	500  	171      	181     	0.5     	0.805378	0.86127 	0.0579365       	0.169031	0.316805	1  	0.133938
92 	500  	166      	181     	0.5     	0.805642	0.862257	0.058138        	0.169031	0.316859	1  	0.133897
93 	500  	161      	181     	0.5     	0.805754	0.862257	0.0582006       	0.169031	0.316963	1  	0.133829
94 	500  	168      	181     	0.5     	0.806195	0.862257	0.0583617       	0.169031	0.316189	1  	0.134094
95 	500  	168      	181     	0.5     	0.806265	0.862257	0.0584976       	0.169031	0.31597 	1  	0.134313
96 	500  	166      	181     	0.5     	0.806206	0.862257	0.0585172       	0.169031	0.316544	1  	0.133989
97 	500  	165      	181     	0.5     	0.806258	0.862257	0.0585504       	0.169031	0.316625	1  	0.134021
98 	500  	169      	181     	0.5     	0.806701	0.862257	0.0587155       	0.169031	0.31557 	1  	0.134523
99 	500  	171      	181     	0.5     	0.807803	0.862257	0.0579127       	0.169031	0.313064	1  	0.13311 
100	500  	172      	181     	0.5     	0.807877	0.864773	0.0584854       	0.169031	0.313386	1  	0.133889
101	500  	170      	181     	0.5     	0.807269	0.864773	0.0592882       	0.169031	0.314995	1  	0.134886
102	500  	170      	181     	0.5     	0.808065	0.864773	0.0588477       	0.169031	0.313751	1  	0.133867
103	500  	175      	181     	0.5     	0.809008	0.864773	0.0583361       	0.169031	0.312102	1  	0.132991
104	500  	172      	181     	0.5     	0.809269	0.864773	0.0583659       	0.169031	0.3118  	1  	0.13291 
105	500  	167      	181     	0.5     	0.809414	0.864773	0.0584627       	0.169031	0.311383	1  	0.133216
106	500  	170      	181     	0.5     	0.810359	0.86576 	0.0586023       	0.169031	0.309358	1  	0.133654
107	500  	170      	181     	0.5     	0.809616	0.86576 	0.0586187       	0.171499	0.311785	1  	0.132744
108	500  	169      	181     	0.5     	0.809768	0.869628	0.0587329       	0.171499	0.311593	1  	0.132872
109	500  	171      	181     	0.5     	0.810017	0.869628	0.0588406       	0.171499	0.311162	1  	0.133097
110	500  	169      	181     	0.5     	0.81103 	0.869628	0.0587342       	0.171499	0.309142	1  	0.132935
111	500  	168      	181     	0.5     	0.810792	0.869628	0.0590165       	0.171499	0.309843	1  	0.133189
112	500  	171      	181     	0.5     	0.811558	0.869628	0.0584065       	0.171499	0.308281	1  	0.132237
113	500  	172      	181     	0.5     	0.812503	0.869628	0.0581519       	0.171499	0.306147	1  	0.131992
114	500  	169      	181     	0.5     	0.810988	0.869628	0.0593882       	0.171499	0.309674	1  	0.133676
115	500  	168      	181     	0.5     	0.811507	0.869628	0.0593268       	0.171499	0.308775	1  	0.133691
116	500  	169      	181     	0.5     	0.812805	0.869628	0.0583611       	0.171499	0.306099	1  	0.132043
117	500  	175      	181     	0.5     	0.812893	0.869628	0.0584047       	0.171499	0.306317	1  	0.131866
118	500  	166      	181     	0.5     	0.813026	0.869628	0.0584456       	0.171499	0.30617 	1  	0.131962
119	500  	170      	181     	0.5     	0.81313 	0.869628	0.0585076       	0.171499	0.306374	1  	0.131803
120	500  	171      	181     	0.5     	0.813221	0.869628	0.0584899       	0.171499	0.306457	1  	0.13173 
121	500  	167      	181     	0.5     	0.813356	0.869628	0.0585879       	0.171499	0.306412	1  	0.131755
122	500  	164      	181     	0.5     	0.81285 	0.869628	0.0589764       	0.174078	0.307941	1  	0.132035
123	500  	171      	181     	0.5     	0.813504	0.869628	0.0586851       	0.171499	0.306747	1  	0.131471
124	500  	172      	181     	0.5     	0.813547	0.869628	0.0587173       	0.171499	0.306967	1  	0.131288
125	500  	169      	181     	0.5     	0.813664	0.869628	0.0588064       	0.171499	0.307064	1  	0.131211
126	500  	168      	181     	0.5     	0.813002	0.87621 	0.0591144       	0.171499	0.309181	1  	0.131009
127	500  	166      	181     	0.5     	0.813829	0.87621 	0.05893         	0.171499	0.307651	1  	0.130712
128	500  	163      	181     	0.5     	0.811664	0.87621 	0.0598767       	0.171499	0.31259 	1  	0.131801
129	500  	166      	181     	0.5     	0.811822	0.87621 	0.0599492       	0.171499	0.312549	1  	0.13175 
130	500  	165      	181     	0.5     	0.812104	0.87621 	0.0600083       	0.171499	0.312175	1  	0.131886
131	500  	160      	181     	0.5     	0.812143	0.87621 	0.0599688       	0.171499	0.312342	1  	0.131685
132	500  	166      	181     	0.5     	0.812124	0.87621 	0.0601035       	0.171499	0.312746	1  	0.131619
133	500  	163      	181     	0.5     	0.812527	0.87621 	0.0600802       	0.171499	0.311951	1  	0.131701
134	500  	176      	181     	0.5     	0.813072	0.87621 	0.0595469       	0.176777	0.31114 	1  	0.130572
135	500  	163      	181     	0.5     	0.812674	0.880833	0.0604325       	0.176777	0.312092	1  	0.131677
136	500  	168      	181     	0.5     	0.812986	0.880833	0.0597071       	0.176777	0.311675	1  	0.130495
137	500  	166      	181     	0.5     	0.813631	0.880833	0.0598197       	0.176777	0.310582	1  	0.130816
138	500  	171      	181     	0.5     	0.813759	0.880833	0.0603177       	0.176777	0.31055 	1  	0.131242
139	500  	167      	181     	0.5     	0.814173	0.880833	0.060141        	0.176777	0.310065	1  	0.131032
140	500  	170      	181     	0.5     	0.815237	0.880833	0.0597765       	0.174078	0.307942	1  	0.130472
141	500  	170      	181     	0.5     	0.815283	0.880833	0.0598082       	0.174078	0.308005	1  	0.13042 
142	500  	167      	181     	0.5     	0.815429	0.880833	0.059897        	0.174078	0.308051	1  	0.130381
143	500  	170      	181     	0.5     	0.815641	0.880833	0.0599931       	0.174078	0.307713	1  	0.130553
144	500  	178      	181     	0.5     	0.815589	0.880833	0.0599837       	0.174078	0.308056	1  	0.130374
145	500  	168      	181     	0.5     	0.815714	0.880833	0.0600443       	0.174078	0.307847	1  	0.130482
146	500  	166      	181     	0.5     	0.815775	0.880833	0.0601281       	0.174078	0.307889	1  	0.130511
147	500  	166      	181     	0.5     	0.81602 	0.880833	0.0602283       	0.174078	0.30778 	1  	0.130457
148	500  	168      	181     	0.5     	0.816467	0.880833	0.0604751       	0.174078	0.306932	1  	0.130918
149	500  	171      	181     	0.5     	0.816872	0.880833	0.0605463       	0.171499	0.306211	1  	0.131145
150	500  	168      	181     	0.5     	0.817084	0.880833	0.06045         	0.171499	0.30597 	1  	0.130869
151	500  	162      	181     	0.5     	0.817731	0.880833	0.0599457       	0.171499	0.304651	1  	0.129741
152	500  	168      	181     	0.5     	0.817872	0.880833	0.0600204       	0.171499	0.304485	1  	0.129781
153	500  	169      	181     	0.5     	0.818301	0.880833	0.0599773       	0.171499	0.30364 	1  	0.129658
154	500  	168      	181     	0.5     	0.817721	0.880833	0.0603999       	0.171499	0.304965	1  	0.13013 
155	500  	167      	181     	0.5     	0.818105	0.880833	0.0602605       	0.171499	0.304394	1  	0.129932
156	500  	171      	181     	0.5     	0.818577	0.880833	0.0600384       	0.171499	0.303453	1  	0.129486
157	500  	170      	181     	0.5     	0.819032	0.880833	0.059997        	0.171499	0.30272 	1  	0.129463
158	500  	169      	181     	0.5     	0.819399	0.880833	0.06008         	0.171499	0.302113	1  	0.129622
159	500  	167      	181     	0.5     	0.819217	0.880833	0.0601089       	0.171499	0.302547	1  	0.12952 
160	500  	163      	181     	0.5     	0.818483	0.880833	0.0609692       	0.174078	0.304205	1  	0.130884
161	500  	166      	181     	0.5     	0.818381	0.880833	0.0606216       	0.174078	0.304424	1  	0.129983
162	500  	169      	181     	0.5     	0.818998	0.880833	0.0604619       	0.174078	0.303401	1  	0.129965
163	500  	169      	181     	0.5     	0.818612	0.880833	0.0607426       	0.174078	0.304295	1  	0.130244
164	500  	169      	181     	0.5     	0.818642	0.880833	0.0607657       	0.176777	0.304359	1  	0.130125
165	500  	171      	181     	0.5     	0.818789	0.880833	0.0610353       	0.176777	0.304172	1  	0.130668
166	500  	170      	181     	0.5     	0.818573	0.880833	0.0609722       	0.176777	0.304655	1  	0.130459
167	500  	161      	181     	0.5     	0.818479	0.880833	0.0610762       	0.176777	0.304818	1  	0.130559
168	500  	168      	181     	0.5     	0.819098	0.880833	0.0604564       	0.176777	0.303734	1  	0.129359
169	500  	171      	181     	0.5     	0.819689	0.880833	0.0604502       	0.176777	0.302829	1  	0.129333
170	500  	168      	181     	0.5     	0.818704	0.880833	0.0609479       	0.176777	0.304811	1  	0.130037
171	500  	169      	181     	0.5     	0.818895	0.880833	0.0609018       	0.176777	0.304603	1  	0.129918
172	500  	166      	181     	0.5     	0.818732	0.882027	0.0614589       	0.176777	0.304982	1  	0.130442
173	500  	167      	181     	0.5     	0.818312	0.882027	0.0618592       	0.176777	0.306015	1  	0.131141
174	500  	164      	181     	0.5     	0.818379	0.882027	0.0616249       	0.176777	0.306018	1  	0.131034
175	500  	171      	181     	0.5     	0.818866	0.882027	0.0614468       	0.176777	0.305127	1  	0.130608
176	500  	168      	181     	0.5     	0.818213	0.882027	0.0617412       	0.176777	0.306488	1  	0.131048
177	500  	172      	181     	0.5     	0.818931	0.882027	0.060976        	0.176777	0.304966	1  	0.129455
178	500  	170      	181     	0.5     	0.818468	0.882027	0.0620578       	0.176777	0.305943	1  	0.131144
179	500  	172      	181     	0.5     	0.818016	0.882027	0.0617928       	0.176777	0.307176	1  	0.130736
180	500  	170      	181     	0.5     	0.818127	0.882027	0.0618353       	0.176777	0.307018	1  	0.130789
181	500  	170      	181     	0.5     	0.818172	0.882027	0.0616968       	0.176777	0.307085	1  	0.130604
182	500  	170      	181     	0.5     	0.818311	0.882027	0.0617197       	0.176777	0.30686 	1  	0.13069 
183	500  	170      	181     	0.5     	0.81912 	0.882027	0.0610311       	0.176777	0.305279	1  	0.129342
184	500  	174      	181     	0.5     	0.818733	0.882027	0.0618456       	0.176777	0.306231	1  	0.130845
185	500  	166      	181     	0.5     	0.818782	0.882027	0.0612802       	0.176777	0.306079	1  	0.129612
186	500  	174      	181     	0.5     	0.818232	0.882027	0.0622214       	0.176777	0.307191	1  	0.130714
187	500  	169      	181     	0.5     	0.818961	0.882027	0.0611623       	0.176777	0.306009	1  	0.129344
188	500  	165      	181     	0.5     	0.819112	0.882027	0.0619798       	0.174078	0.305795	1  	0.130691
189	500  	164      	181     	0.5     	0.819949	0.882027	0.0612176       	0.174078	0.30419 	1  	0.129496
190	500  	171      	181     	0.5     	0.819722	0.882027	0.0615771       	0.174078	0.304608	1  	0.129954
191	500  	169      	181     	0.5     	0.819778	0.882027	0.0620982       	0.174078	0.304718	1  	0.130859
192	500  	170      	181     	0.5     	0.819857	0.882027	0.0614027       	0.174078	0.304595	1  	0.129723
193	500  	174      	181     	0.5     	0.820451	0.882027	0.0612341       	0.174078	0.303459	1  	0.129428
194	500  	170      	181     	0.5     	0.820512	0.882027	0.0612348       	0.174078	0.303459	1  	0.129428
195	500  	173      	181     	0.5     	0.81988 	0.882027	0.0612646       	0.174078	0.304688	1  	0.129272
196	500  	167      	181     	0.5     	0.820124	0.882027	0.0615462       	0.174078	0.304352	1  	0.129814
197	500  	164      	181     	0.5     	0.819851	0.882354	0.0616358       	0.174078	0.304959	1  	0.129832
198	500  	164      	181     	0.5     	0.819468	0.882354	0.0618036       	0.174078	0.305706	1  	0.130016
199	500  	175      	181     	0.5     	0.818575	0.882354	0.0620384       	0.174078	0.307611	1  	0.130342
200	500  	167      	181     	0.5     	0.818285	0.882354	0.0619203       	0.174078	0.308305	1  	0.130088
201	500  	172      	181     	0.5     	0.818305	0.882354	0.0619149       	0.174078	0.30834 	1  	0.130062
202	500  	175      	181     	0.5     	0.818465	0.882354	0.0618802       	0.174078	0.308218	1  	0.130145
203	500  	172      	181     	0.5     	0.818639	0.882354	0.0615692       	0.174078	0.308224	1  	0.130149
204	500  	168      	181     	0.5     	0.818672	0.882354	0.0615964       	0.174078	0.308239	1  	0.130142
205	500  	175      	181     	0.5     	0.819122	0.882354	0.0614375       	0.174078	0.30737 	1  	0.129753
206	500  	171      	181     	0.5     	0.819011	0.882354	0.0616719       	0.174078	0.30763 	1  	0.130163
207	500  	167      	181     	0.5     	0.819119	0.885807	0.0618735       	0.174078	0.307587	1  	0.130476
208	500  	170      	181     	0.5     	0.81914 	0.885807	0.0618907       	0.174078	0.307578	1  	0.130469
209	500  	172      	181     	0.5     	0.819128	0.885807	0.0618913       	0.174078	0.307639	1  	0.130453
210	500  	167      	181     	0.5     	0.819061	0.885807	0.0618767       	0.174078	0.307831	1  	0.13035 
211	500  	164      	181     	0.5     	0.81903 	0.885807	0.0618929       	0.174078	0.307947	1  	0.130332
212	500  	175      	181     	0.5     	0.819062	0.885807	0.061868        	0.174078	0.30795 	1  	0.130271
213	500  	173      	181     	0.5     	0.818925	0.885807	0.0618017       	0.174078	0.308286	1  	0.130092
214	500  	172      	181     	0.5     	0.81887 	0.885807	0.0617726       	0.179605	0.308488	1  	0.129954
215	500  	168      	181     	0.5     	0.818937	0.885807	0.0617988       	0.179605	0.308418	1  	0.129998
216	500  	168      	181     	0.5     	0.819037	0.885951	0.0618442       	0.179605	0.308296	1  	0.130031
217	500  	170      	181     	0.5     	0.818927	0.885951	0.0618121       	0.179605	0.308504	1  	0.129935
218	500  	171      	181     	0.5     	0.818957	0.885951	0.0618199       	0.179605	0.308572	1  	0.129881
219	500  	166      	181     	0.5     	0.818954	0.885951	0.0618189       	0.179605	0.308625	1  	0.129852
220	500  	171      	181     	0.5     	0.819015	0.885951	0.0618472       	0.179605	0.308583	1  	0.12988 
221	500  	164      	181     	0.5     	0.819211	0.885951	0.0619817       	0.176777	0.308369	1  	0.130019
222	500  	166      	181     	0.5     	0.819276	0.885951	0.062032        	0.174078	0.308283	1  	0.130077
223	500  	163      	181     	0.5     	0.81927 	0.885951	0.0620315       	0.174078	0.308414	1  	0.129985
224	500  	167      	181     	0.5     	0.81929 	0.885951	0.0620535       	0.174078	0.308427	1  	0.129993
225	500  	173      	181     	0.5     	0.819667	0.885951	0.0621701       	0.171499	0.307822	1  	0.130226
226	500  	171      	181     	0.5     	0.819665	0.885951	0.0622579       	0.171499	0.307804	1  	0.130315
227	500  	171      	181     	0.5     	0.819519	0.885951	0.0622484       	0.171499	0.308094	1  	0.130255
228	500  	167      	181     	0.5     	0.819707	0.885951	0.0623585       	0.171499	0.307851	1  	0.130413
229	500  	168      	181     	0.5     	0.819792	0.885951	0.0623951       	0.171499	0.307769	1  	0.130469
230	500  	169      	181     	0.5     	0.820219	0.887398	0.0624985       	0.171499	0.307091	1  	0.130673
231	500  	171      	181     	0.5     	0.820776	0.887398	0.0625969       	0.171499	0.306184	1  	0.130824
232	500  	169      	181     	0.5     	0.82048 	0.888164	0.062576        	0.171499	0.30674 	1  	0.130635
233	500  	168      	181     	0.5     	0.820955	0.888164	0.0625072       	0.171499	0.306001	1  	0.130316
234	500  	170      	181     	0.5     	0.820412	0.888164	0.0627118       	0.171499	0.307117	1  	0.130604
235	500  	169      	181     	0.5     	0.820577	0.889923	0.0626781       	0.171499	0.306949	1  	0.130463
236	500  	173      	181     	0.5     	0.820664	0.889923	0.0628646       	0.171499	0.306731	1  	0.13072 
237	500  	172      	181     	0.5     	0.821043	0.889923	0.0627384       	0.171499	0.306096	1  	0.13037 
238	500  	166      	181     	0.5     	0.822494	0.889923	0.0619722       	0.171499	0.303415	1  	0.128997
239	500  	173      	181     	0.5     	0.823039	0.889923	0.0621496       	0.171499	0.30262 	1  	0.129261
240	500  	162      	181     	0.5     	0.822957	0.889923	0.0622202       	0.171499	0.302803	1  	0.129317
241	500  	176      	181     	0.5     	0.823035	0.889923	0.0622286       	0.171499	0.302754	1  	0.129294
242	500  	165      	181     	0.5     	0.823191	0.889923	0.0622047       	0.171499	0.302587	1  	0.129277
243	500  	172      	181     	0.5     	0.823035	0.889923	0.0624077       	0.171499	0.303014	1  	0.1296  
244	500  	173      	181     	0.5     	0.823382	0.889923	0.0623122       	0.171499	0.30236 	1  	0.129428
245	500  	171      	181     	0.5     	0.823568	0.889923	0.062441        	0.171499	0.302124	1  	0.129571
246	500  	168      	181     	0.5     	0.823641	0.891976	0.0625207       	0.171499	0.302101	1  	0.129618
247	500  	173      	181     	0.5     	0.823653	0.891976	0.0625358       	0.171499	0.302192	1  	0.129547
248	500  	174      	181     	0.5     	0.823673	0.891976	0.0625378       	0.171499	0.302314	1  	0.129445
249	500  	171      	181     	0.5     	0.823841	0.891976	0.0626615       	0.171499	0.3021  	1  	0.129603
250	500  	167      	181     	0.5     	0.823887	0.892031	0.0627017       	0.174078	0.302124	1  	0.129577
251	500  	166      	181     	0.5     	0.823875	0.892031	0.0626978       	0.174078	0.302274	1  	0.129463
252	500  	172      	181     	0.5     	0.823978	0.892031	0.0627738       	0.174078	0.30216 	1  	0.129535
253	500  	170      	181     	0.5     	0.824236	0.892031	0.0628847       	0.174078	0.3018  	1  	0.129685
254	500  	174      	181     	0.5     	0.824059	0.892031	0.0628639       	0.174078	0.302117	1  	0.12959 
255	500  	170      	181     	0.5     	0.824267	0.892031	0.0629112       	0.174078	0.301838	1  	0.12968 
256	500  	174      	181     	0.5     	0.824211	0.892031	0.0629633       	0.174078	0.301996	1  	0.129688
257	500  	168      	181     	0.5     	0.824344	0.893512	0.0630577       	0.174078	0.30185 	1  	0.129771
258	500  	171      	181     	0.5     	0.82451 	0.893512	0.0631595       	0.174078	0.30161 	1  	0.129902
259	500  	163      	181     	0.5     	0.824542	0.893512	0.0631539       	0.174078	0.301637	1  	0.129887
260	500  	175      	181     	0.5     	0.824452	0.893512	0.0631327       	0.174078	0.301806	1  	0.129815
261	500  	168      	181     	0.5     	0.824651	0.893512	0.0631582       	0.174078	0.301571	1  	0.129815
262	500  	169      	181     	0.5     	0.824651	0.893512	0.06322         	0.174078	0.301582	1  	0.129887
263	500  	165      	181     	0.5     	0.824569	0.893512	0.0632016       	0.174078	0.301811	1  	0.129801
264	500  	173      	181     	0.5     	0.824715	0.893512	0.0633006       	0.174078	0.301616	1  	0.129929
265	500  	172      	181     	0.5     	0.824763	0.895183	0.06323         	0.174078	0.301626	1  	0.129845
266	500  	170      	181     	0.5     	0.824585	0.895183	0.0631981       	0.174078	0.301904	1  	0.129753
267	500  	166      	181     	0.5     	0.824659	0.895183	0.0632429       	0.174078	0.301964	1  	0.129704
268	500  	173      	181     	0.5     	0.824748	0.895183	0.063316        	0.174078	0.301888	1  	0.129766
269	500  	167      	181     	0.5     	0.824998	0.895183	0.0633374       	0.174078	0.301517	1  	0.129808
270	500  	169      	181     	0.5     	0.825009	0.895183	0.0633271       	0.174078	0.301498	1  	0.129787
271	500  	165      	181     	0.5     	0.824725	0.895183	0.0633325       	0.176777	0.302068	1  	0.129625
272	500  	166      	181     	0.5     	0.825003	0.895183	0.0634365       	0.176777	0.301685	1  	0.129789
273	500  	170      	181     	0.5     	0.824882	0.895183	0.0634114       	0.176777	0.301999	1  	0.12968 
274	500  	170      	181     	0.5     	0.825282	0.895183	0.0634451       	0.176777	0.301455	1  	0.129861
275	500  	168      	181     	0.5     	0.825582	0.895183	0.0634106       	0.176777	0.300888	1  	0.129738
276	500  	175      	181     	0.5     	0.825557	0.895183	0.0633687       	0.176777	0.300831	1  	0.129448
277	500  	165      	181     	0.5     	0.825381	0.897913	0.063668        	0.176777	0.30133 	1  	0.12999 
278	500  	168      	181     	0.5     	0.825297	0.897913	0.0637061       	0.176777	0.301506	1  	0.130019
279	500  	167      	181     	0.5     	0.825354	0.897913	0.0637323       	0.176777	0.301461	1  	0.130038
280	500  	170      	181     	0.5     	0.825655	0.897913	0.0636502       	0.176777	0.300976	1  	0.129963
281	500  	171      	181     	0.5     	0.825767	0.897913	0.0638047       	0.174078	0.300845	1  	0.130222
282	500  	169      	181     	0.5     	0.8259  	0.897913	0.0636721       	0.174078	0.300606	1  	0.129896
283	500  	171      	181     	0.5     	0.825269	0.897913	0.0637312       	0.176777	0.301751	1  	0.129871
284	500  	173      	181     	0.5     	0.825416	0.897913	0.0637535       	0.176777	0.301587	1  	0.129931
285	500  	170      	181     	0.5     	0.825518	0.897913	0.0637932       	0.176777	0.301461	1  	0.130008
286	500  	171      	181     	0.5     	0.825672	0.897913	0.0636968       	0.176777	0.301182	1  	0.129854
287	500  	168      	181     	0.5     	0.825584	0.897913	0.0638826       	0.176777	0.301452	1  	0.130068
288	500  	172      	181     	0.5     	0.825819	0.897913	0.0638948       	0.176777	0.301095	1  	0.130115
289	500  	171      	181     	0.5     	0.826173	0.897913	0.063781        	0.176777	0.300413	1  	0.129707
290	500  	175      	181     	0.5     	0.826082	0.897913	0.0637549       	0.176777	0.300587	1  	0.129623
291	500  	168      	181     	0.5     	0.826269	0.897913	0.0639843       	0.176777	0.30045 	1  	0.13011 
292	500  	169      	181     	0.5     	0.825742	0.897913	0.0640501       	0.176777	0.301364	1  	0.13011 
293	500  	174      	181     	0.5     	0.826687	0.897913	0.0638048       	0.176777	0.299751	1  	0.129662
294	500  	173      	181     	0.5     	0.825998	0.897913	0.0641359       	0.176777	0.301064	1  	0.13021 
295	500  	170      	181     	0.5     	0.826125	0.897913	0.0640248       	0.176777	0.300836	1  	0.130054
296	500  	168      	181     	0.5     	0.82667 	0.897913	0.0638493       	0.176777	0.299857	1  	0.129672
297	500  	169      	181     	0.5     	0.826366	0.897913	0.0642915       	0.176777	0.300532	1  	0.130399
298	500  	172      	181     	0.5     	0.826446	0.897913	0.0641577       	0.176777	0.300412	1  	0.13017 
299	500  	175      	181     	0.5     	0.826244	0.897913	0.0641473       	0.176777	0.300751	1  	0.130147
Optimization on fold finished in 00-01:01:22

FEATURE SETS SELECTED

PARETO FRONT
Number of solutions = 27
Features in hall of fame by prevalence:
51 features: [0_race_WHITE, 1_hsa.miR.150.5p, 1_hsa.miR.3677.3p, 1_hsa.miR.1468.5p, 1_hsa.miR.155.3p, 1_hsa.miR.301a.3p, 1_hsa.miR.505.3p, 1_hsa.miR.30d.3p, 1_hsa.miR.3648, 1_hsa.miR.4668.3p, 1_hsa.miR.1307.3p, 1_hsa.miR.20a.3p, 1_hsa.miR.210.3p, 1_hsa.miR.374c.5p, 1_hsa.miR.491.3p, 0_age_at_initial_pathologic_diagnosis, 1_hsa.miR.99b.3p, 1_hsa.miR.183.5p, 1_hsa.miR.29c.3p, 1_hsa.miR.4662a.5p, 1_hsa.miR.551a, 1_hsa.miR.708.3p, 1_hsa.miR.301a.5p, 1_hsa.miR.3187.3p, 1_hsa.miR.1229.3p, 1_hsa.miR.124.3p, 1_hsa.miR.130b.5p, 1_hsa.miR.146b.5p, 1_hsa.miR.345.5p, 1_hsa.miR.3605.3p, 1_hsa.miR.3681.5p, 1_hsa.miR.744.3p, 1_hsa.miR.767.3p, 1_hsa.miR.7706, 1_hsa.miR.520f.3p, 1_hsa.miR.1306.5p, 1_hsa.miR.33a.5p, 1_hsa.miR.3607.5p, 1_hsa.miR.592, 1_hsa.miR.744.5p, 1_hsa.miR.512.3p, 1_hsa.miR.520h, 1_hsa.miR.135b.5p, 1_hsa.miR.219a.1.3p, 1_hsa.miR.365a.3p, 1_hsa.miR.3937, 1_hsa.miR.423.3p, 1_hsa.miR.514a.3p, 1_hsa.miR.767.5p, 1_hsa.miR.940, 1_hsa.miR.371a.3p]

LAST POPULATION
Number of solutions = 500
Features in hall of fame by prevalence:
138 features: [0_race_WHITE, 1_hsa.miR.3677.3p, 1_hsa.miR.150.5p, 1_hsa.miR.1468.5p, 1_hsa.miR.301a.3p, 1_hsa.miR.155.3p, 1_hsa.miR.505.3p, 1_hsa.miR.30d.3p, 1_hsa.miR.4668.3p, 1_hsa.miR.3648, 1_hsa.miR.1307.3p, 0_age_at_initial_pathologic_diagnosis, 1_hsa.miR.20a.3p, 1_hsa.miR.210.3p, 1_hsa.miR.99b.3p, 1_hsa.miR.183.5p, 1_hsa.miR.4662a.5p, 1_hsa.miR.708.3p, 1_hsa.miR.551a, 1_hsa.miR.374c.5p, 1_hsa.miR.3681.5p, 1_hsa.miR.29c.3p, 1_hsa.miR.491.3p, 1_hsa.miR.130b.5p, 1_hsa.miR.3605.3p, 1_hsa.miR.744.3p, 1_hsa.miR.592, 1_hsa.miR.345.5p, 1_hsa.miR.30b.5p, 1_hsa.miR.512.3p, 1_hsa.miR.181c.3p, 1_hsa.miR.514a.3p, 1_hsa.miR.3187.3p, 1_hsa.miR.1306.5p, 1_hsa.miR.744.5p, 1_hsa.miR.146b.5p, 1_hsa.miR.518a.3p, 1_hsa.miR.518c.3p, 1_hsa.miR.124.3p, 1_hsa.miR.520e, 1_hsa.miR.767.3p, 1_hsa.miR.520f.3p, 1_hsa.miR.520g.3p, 1_hsa.miR.196b.3p, 1_hsa.miR.3607.5p, 1_hsa.miR.301a.5p, 1_hsa.miR.423.3p, 1_hsa.miR.18a.5p, 1_hsa.miR.188.3p, 1_hsa.miR.940, 1_hsa.miR.30c.1.3p, 1_hsa.miR.92a.1.5p, 1_hsa.miR.520h, 1_hsa.miR.4661.5p, 1_hsa.miR.7.1.3p, 1_hsa.miR.371a.3p, 1_hsa.miR.526b.3p, 1_hsa.miR.1229.3p, 1_hsa.miR.135b.5p, 1_hsa.miR.374b.3p, 1_hsa.miR.885.5p, 1_hsa.miR.190b, 1_hsa.miR.484, 1_hsa.miR.518a.5p, 1_hsa.miR.17.5p, 1_hsa.miR.4521, 1_hsa.miR.455.5p, 1_hsa.miR.1197, 1_hsa.miR.125a.3p, 1_hsa.miR.219a.1.3p, 1_hsa.miR.3200.3p, 1_hsa.miR.421, 1_hsa.miR.767.5p, 1_hsa.miR.93.3p, 1_hsa.miR.26a.1.3p, 1_hsa.miR.3065.5p, 1_hsa.miR.454.3p, 1_hsa.miR.455.3p, 1_hsa.miR.548v, 1_hsa.miR.7706, 1_hsa.miR.1251.3p, 1_hsa.miR.15b.3p, 1_hsa.miR.19b.3p, 1_hsa.miR.20a.5p, 1_hsa.miR.324.5p, 1_hsa.miR.339.3p, 1_hsa.miR.887.3p, 1_hsa.miR.935, 1_hsa.miR.518c.5p, 1_hsa.miR.518f.3p, 1_hsa.miR.885.3p, 1_hsa.let.7a.3p, 1_hsa.miR.105.5p, 1_hsa.miR.135a.5p, 1_hsa.miR.181a.3p, 1_hsa.miR.301b, 1_hsa.miR.324.3p, 1_hsa.miR.33a.5p, 1_hsa.miR.425.5p, 1_hsa.miR.551b.3p, 1_hsa.miR.652.5p, 1_hsa.miR.766.3p, 1_hsa.miR.92a.3p, 1_hsa.miR.519c.3p, 1_hsa.let.7a.2.3p, 1_hsa.miR.1226.3p, 1_hsa.miR.130a.3p, 1_hsa.miR.1343.3p, 1_hsa.miR.149.5p, 1_hsa.miR.15b.5p, 1_hsa.miR.186.5p, 1_hsa.miR.19a.3p, 1_hsa.miR.3170, 1_hsa.miR.33a.3p, 1_hsa.miR.3615, 1_hsa.miR.365a.3p, 1_hsa.miR.501.3p, 1_hsa.miR.6511b.3p, 1_hsa.miR.373.5p, 1_hsa.miR.498, 1_hsa.miR.527, 1_hsa.miR.125b.1.3p, 1_hsa.miR.1296.5p, 1_hsa.miR.1301.3p, 1_hsa.miR.138.5p, 1_hsa.miR.146b.3p, 1_hsa.miR.148b.5p, 1_hsa.miR.16.2.3p, 1_hsa.miR.197.3p, 1_hsa.miR.24.3p, 1_hsa.miR.365b.3p, 1_hsa.miR.3917, 1_hsa.miR.3937, 1_hsa.miR.4787.3p, 1_hsa.miR.548f.3p, 1_hsa.miR.590.5p, 1_hsa.miR.372.5p, 1_hsa.miR.520b]

BEST SUMS WITH SIZE 50
Number of solutions = 50
Features in hall of fame by prevalence:
49 features: [1_hsa.let.7a.2.3p, 1_hsa.miR.103a.2.5p, 1_hsa.miR.1226.3p, 1_hsa.miR.1301.3p, 1_hsa.miR.1306.3p, 1_hsa.miR.1307.3p, 1_hsa.miR.1468.5p, 1_hsa.miR.148b.5p, 1_hsa.miR.150.5p, 1_hsa.miR.151a.5p, 1_hsa.miR.15b.3p, 1_hsa.miR.16.2.3p, 1_hsa.miR.17.3p, 1_hsa.miR.17.5p, 1_hsa.miR.181b.3p, 1_hsa.miR.18a.5p, 1_hsa.miR.193a.3p, 1_hsa.miR.197.3p, 1_hsa.miR.19a.3p, 1_hsa.miR.19b.3p, 1_hsa.miR.20a.3p, 1_hsa.miR.20a.5p, 1_hsa.miR.210.3p, 1_hsa.miR.29c.3p, 1_hsa.miR.301a.3p, 1_hsa.miR.301a.5p, 1_hsa.miR.301b, 1_hsa.miR.3170, 1_hsa.miR.3200.3p, 1_hsa.miR.324.3p, 1_hsa.miR.324.5p, 1_hsa.miR.33a.5p, 1_hsa.miR.3605.3p, 1_hsa.miR.3648, 1_hsa.miR.3677.3p, 1_hsa.miR.3687, 1_hsa.miR.421, 1_hsa.miR.4326, 1_hsa.miR.455.3p, 1_hsa.miR.455.5p, 1_hsa.miR.589.3p, 1_hsa.miR.592, 1_hsa.miR.744.3p, 1_hsa.miR.760, 1_hsa.miR.7706, 1_hsa.miR.885.5p, 1_hsa.miR.887.3p, 1_hsa.miR.92a.3p, 1_hsa.miR.940]

BEST SUMS WITH SIZE 100
Number of solutions = 100
Features in hall of fame by prevalence:
96 features: [0_race_WHITE, 1_hsa.miR.7706, 1_hsa.miR.20a.3p, 1_hsa.miR.3648, 1_hsa.let.7a.2.3p, 1_hsa.let.7a.3p, 1_hsa.let.7g.3p, 1_hsa.let.7g.5p, 1_hsa.miR.103a.2.5p, 1_hsa.miR.103a.3p, 1_hsa.miR.105.5p, 1_hsa.miR.106b.5p, 1_hsa.miR.1226.3p, 1_hsa.miR.1269a, 1_hsa.miR.1277.3p, 1_hsa.miR.1301.3p, 1_hsa.miR.1306.3p, 1_hsa.miR.1306.5p, 1_hsa.miR.1307.3p, 1_hsa.miR.130a.3p, 1_hsa.miR.130b.3p, 1_hsa.miR.130b.5p, 1_hsa.miR.1343.3p, 1_hsa.miR.135a.3p, 1_hsa.miR.135a.5p, 1_hsa.miR.138.5p, 1_hsa.miR.1468.5p, 1_hsa.miR.146b.5p, 1_hsa.miR.148b.5p, 1_hsa.miR.150.5p, 1_hsa.miR.151a.5p, 1_hsa.miR.155.3p, 1_hsa.miR.15b.3p, 1_hsa.miR.16.2.3p, 1_hsa.miR.17.3p, 1_hsa.miR.17.5p, 1_hsa.miR.181a.3p, 1_hsa.miR.181b.3p, 1_hsa.miR.186.5p, 1_hsa.miR.18a.3p, 1_hsa.miR.18a.5p, 1_hsa.miR.193a.3p, 1_hsa.miR.196b.3p, 1_hsa.miR.197.3p, 1_hsa.miR.19a.3p, 1_hsa.miR.19b.3p, 1_hsa.miR.20a.5p, 1_hsa.miR.210.3p, 1_hsa.miR.29c.3p, 1_hsa.miR.301a.3p, 1_hsa.miR.301a.5p, 1_hsa.miR.301b, 1_hsa.miR.3074.5p, 1_hsa.miR.3170, 1_hsa.miR.3187.3p, 1_hsa.miR.3200.3p, 1_hsa.miR.324.3p, 1_hsa.miR.324.5p, 1_hsa.miR.33a.5p, 1_hsa.miR.340.3p, 1_hsa.miR.3605.3p, 1_hsa.miR.3615, 1_hsa.miR.361.5p, 1_hsa.miR.3677.3p, 1_hsa.miR.3687, 1_hsa.miR.421, 1_hsa.miR.423.3p, 1_hsa.miR.4326, 1_hsa.miR.454.3p, 1_hsa.miR.455.3p, 1_hsa.miR.455.5p, 1_hsa.miR.4668.3p, 1_hsa.miR.484, 1_hsa.miR.503.3p, 1_hsa.miR.505.3p, 1_hsa.miR.514a.3p, 1_hsa.miR.551b.3p, 1_hsa.miR.589.3p, 1_hsa.miR.590.5p, 1_hsa.miR.592, 1_hsa.miR.708.3p, 1_hsa.miR.744.3p, 1_hsa.miR.760, 1_hsa.miR.766.3p, 1_hsa.miR.767.3p, 1_hsa.miR.767.5p, 1_hsa.miR.877.5p, 1_hsa.miR.885.5p, 1_hsa.miR.887.3p, 1_hsa.miR.92a.1.5p, 1_hsa.miR.92a.3p, 1_hsa.miR.93.3p, 1_hsa.miR.93.5p, 1_hsa.miR.940, 1_hsa.miR.99b.3p, 1_hsa.miR.520f.3p]
