
OPTIMIZING ON FOLD NUMBER 0
Number of workers = 80

COMPUTING LOCAL ACTIVE FEATURES
Computing active features for view clinic
Existing features: 7
Applying union strategy for feature selection using composite feature selector with
categorical: feature selector any na and anova
survival: feature selector Cox

Computing active features for outcome survival
Features selected for this outcome: 2
Features active in total: 2
Computing active features for view log_mirna
Existing features: 739
Applying union strategy for feature selection using composite feature selector with
categorical: feature selector any na and anova
survival: feature selector Cox

Computing active features for outcome survival
Features selected for this outcome: 245
Features active in total: 245
Computing feature importance
Running optimizer

CREATING INNER FOLDS

ASSIGNING STRATA FOR MULTI-OUTCOME DATA SARC_MV
Assigning strata for outcome named survival of type survival
Counts:
censored 0: 24
censored 1: 75
deceased 0: 28
deceased 1: 28

RUNNING GENETIC ALGORITHM
Generations completed = 268
   	     	         	        	       survival SKSurv Cox model concordance index       	                  root leanness                  
   	     	         	        	---------------------------------------------------------	-------------------------------------------------
gen	evals	gen_feats	explored	min     	avg     	max     	std             	min     	avg     	max	std      
0  	500  	3        	3       	0.5     	0.743004	0.749721	0.0371891       	0.5     	0.515137	1  	0.077247 
1  	995  	160      	160     	0.5     	0.724324	0.758974	0.0535448       	0.353553	0.519239	1  	0.106426 
2  	817  	196      	220     	0.5     	0.704487	0.763853	0.0552874       	0.353553	0.499434	1  	0.10166  
3  	598  	218      	240     	0.485836	0.704078	0.765046	0.0519048       	0.333333	0.49296 	1  	0.087404 
4  	500  	225      	244     	0.465618	0.699756	0.765046	0.0574079       	0.353553	0.513116	1  	0.0944544
5  	500  	208      	247     	0.465618	0.701528	0.765046	0.0576761       	0.353553	0.517771	1  	0.101403 
6  	500  	213      	247     	0.465618	0.700742	0.765046	0.0596779       	0.333333	0.527056	1  	0.108513 
7  	500  	206      	247     	0.5     	0.70541 	0.766644	0.0566944       	0.333333	0.52529 	1  	0.111515 
8  	500  	205      	247     	0.5     	0.709668	0.77137 	0.0538559       	0.316228	0.520931	1  	0.112249 
9  	500  	207      	247     	0.5     	0.712337	0.775168	0.0526251       	0.316228	0.51675 	1  	0.11364  
10 	500  	214      	247     	0.5     	0.716047	0.775168	0.0506145       	0.301511	0.509524	1  	0.114963 
11 	500  	218      	247     	0.5     	0.718962	0.775168	0.0497013       	0.27735 	0.502773	1  	0.116854 
12 	500  	204      	247     	0.5     	0.722209	0.777089	0.0487288       	0.27735 	0.493751	1  	0.119217 
13 	500  	199      	247     	0.5     	0.725099	0.7856  	0.0477219       	0.27735 	0.487016	1  	0.120102 
14 	500  	202      	247     	0.5     	0.726926	0.7856  	0.0475398       	0.27735 	0.482383	1  	0.121369 
15 	500  	211      	247     	0.5     	0.730164	0.7856  	0.0464118       	0.27735 	0.473851	1  	0.122054 
16 	500  	212      	247     	0.5     	0.732974	0.7856  	0.045477        	0.27735 	0.465794	1  	0.123058 
17 	500  	207      	247     	0.5     	0.735344	0.786001	0.0448177       	0.27735 	0.459708	1  	0.123479 
18 	500  	215      	247     	0.5     	0.73718 	0.786001	0.0446435       	0.27735 	0.455894	1  	0.123818 
19 	500  	213      	247     	0.5     	0.737969	0.786001	0.0447835       	0.27735 	0.455159	1  	0.124424 
20 	500  	213      	247     	0.5     	0.73872 	0.786001	0.0451916       	0.267261	0.455777	1  	0.124005 
21 	500  	201      	247     	0.5     	0.739458	0.786001	0.0453417       	0.267261	0.455057	1  	0.124578 
22 	500  	204      	247     	0.5     	0.74073 	0.786001	0.0452952       	0.27735 	0.451827	1  	0.125308 
23 	500  	200      	247     	0.5     	0.741689	0.786001	0.0452977       	0.27735 	0.450688	1  	0.125201 
24 	500  	198      	247     	0.5     	0.742718	0.788627	0.0452036       	0.267261	0.448728	1  	0.125569 
25 	500  	208      	247     	0.5     	0.743455	0.788627	0.0454748       	0.267261	0.448333	1  	0.125443 
26 	500  	207      	247     	0.5     	0.744739	0.794991	0.0453867       	0.267261	0.444939	1  	0.125954 
27 	500  	214      	247     	0.5     	0.7456  	0.795336	0.0453528       	0.267261	0.443505	1  	0.126003 
28 	500  	204      	247     	0.5     	0.74618 	0.795336	0.0455969       	0.258199	0.443955	1  	0.125716 
29 	500  	198      	247     	0.5     	0.746096	0.795336	0.0463078       	0.258199	0.446026	1  	0.125842 
30 	500  	194      	247     	0.5     	0.747834	0.795336	0.0458543       	0.258199	0.440985	1  	0.126639 
31 	500  	200      	247     	0.5     	0.749797	0.806441	0.045508        	0.258199	0.434109	1  	0.128316 
32 	500  	203      	247     	0.5     	0.751593	0.806441	0.0449332       	0.258199	0.429241	1  	0.128297 
33 	500  	204      	247     	0.5     	0.753002	0.806441	0.0447863       	0.25    	0.427059	1  	0.128149 
34 	500  	204      	247     	0.5     	0.753843	0.806441	0.0452416       	0.258199	0.425978	1  	0.128813 
35 	500  	204      	247     	0.5     	0.755288	0.806441	0.045277        	0.258199	0.423248	1  	0.128582 
36 	500  	205      	247     	0.5     	0.754953	0.809979	0.0461766       	0.25    	0.427385	1  	0.128021 
37 	500  	199      	247     	0.5     	0.75615 	0.810181	0.0460099       	0.25    	0.424623	1  	0.128279 
38 	500  	205      	247     	0.5     	0.757228	0.810181	0.0458702       	0.25    	0.421747	1  	0.128521 
39 	500  	194      	247     	0.5     	0.758066	0.810181	0.0463493       	0.25    	0.42082 	1  	0.129086 
40 	500  	199      	247     	0.5     	0.760268	0.834341	0.045926        	0.25    	0.41442 	1  	0.129595 
41 	500  	209      	247     	0.5     	0.762214	0.834341	0.0454189       	0.25    	0.409248	1  	0.129214 
42 	500  	198      	247     	0.5     	0.763663	0.834341	0.045462        	0.25    	0.406332	1  	0.129169 
43 	500  	215      	247     	0.5     	0.764575	0.834341	0.0460225       	0.242536	0.405745	1  	0.129568 
44 	500  	203      	247     	0.5     	0.766301	0.834341	0.0460376       	0.242536	0.401929	1  	0.129722 
45 	500  	195      	247     	0.5     	0.767436	0.834341	0.0459831       	0.242536	0.399429	1  	0.129809 
46 	500  	208      	247     	0.5     	0.769481	0.834341	0.0460385       	0.242536	0.394568	1  	0.130068 
47 	500  	201      	247     	0.5     	0.770051	0.834341	0.0467462       	0.242536	0.396305	1  	0.129729 
48 	500  	195      	247     	0.5     	0.771881	0.834341	0.0468946       	0.235702	0.39288 	1  	0.129734 
49 	500  	200      	247     	0.5     	0.772979	0.840695	0.0475679       	0.223607	0.391729	1  	0.130497 
50 	500  	205      	247     	0.5     	0.773715	0.840695	0.0481121       	0.223607	0.39248 	1  	0.130225 
51 	500  	205      	247     	0.5     	0.775188	0.840695	0.0486063       	0.223607	0.390237	1  	0.13068  
52 	500  	210      	247     	0.5     	0.776529	0.8448  	0.0487054       	0.223607	0.388122	1  	0.130656 
53 	500  	211      	247     	0.5     	0.778258	0.8448  	0.0488638       	0.223607	0.385602	1  	0.130249 
54 	500  	209      	247     	0.5     	0.779137	0.845216	0.0494262       	0.218218	0.385126	1  	0.130661 
55 	500  	206      	247     	0.5     	0.779844	0.845216	0.0498374       	0.218218	0.385284	1  	0.130461 
56 	500  	201      	247     	0.5     	0.780806	0.845216	0.0504432       	0.235702	0.385075	1  	0.13048  
57 	500  	211      	247     	0.5     	0.781553	0.845216	0.0509417       	0.235702	0.385614	1  	0.130161 
58 	500  	209      	247     	0.5     	0.782273	0.845216	0.0513955       	0.229416	0.385781	1  	0.129983 
59 	500  	207      	247     	0.5     	0.782907	0.845216	0.0517753       	0.229416	0.385299	1  	0.130335 
60 	500  	203      	247     	0.5     	0.783555	0.845216	0.0522689       	0.229416	0.385337	1  	0.130417 
61 	500  	210      	247     	0.5     	0.785327	0.845216	0.0522428       	0.223607	0.381898	1  	0.130374 
62 	500  	201      	247     	0.5     	0.786382	0.845216	0.0525288       	0.223607	0.379632	1  	0.131051 
63 	500  	210      	247     	0.5     	0.7874  	0.845216	0.0523412       	0.223607	0.377773	1  	0.130692 
64 	500  	213      	247     	0.5     	0.788002	0.845476	0.0528118       	0.223607	0.377902	1  	0.130656 
65 	500  	205      	247     	0.5     	0.78893 	0.847453	0.0533597       	0.223607	0.377004	1  	0.131275 
66 	500  	202      	247     	0.5     	0.790205	0.847453	0.0532247       	0.223607	0.374447	1  	0.131095 
67 	500  	213      	247     	0.5     	0.789423	0.847453	0.0538678       	0.223607	0.377567	1  	0.130925 
68 	500  	213      	247     	0.5     	0.789939	0.850799	0.0541586       	0.223607	0.376975	1  	0.131254 
69 	500  	203      	247     	0.5     	0.791492	0.850799	0.0538126       	0.218218	0.373887	1  	0.130829 
70 	500  	212      	247     	0.5     	0.791864	0.850799	0.0540537       	0.218218	0.373434	1  	0.131238 
71 	500  	206      	247     	0.5     	0.79296 	0.852531	0.0542658       	0.218218	0.371177	1  	0.131613 
72 	500  	206      	247     	0.5     	0.792617	0.852531	0.0545457       	0.218218	0.372833	1  	0.131546 
73 	500  	209      	247     	0.5     	0.793426	0.852531	0.05459         	0.218218	0.371651	1  	0.131334 
74 	500  	204      	247     	0.5     	0.794564	0.853003	0.0544939       	0.218218	0.369823	1  	0.130922 
75 	500  	200      	247     	0.5     	0.795259	0.85397 	0.0547708       	0.208514	0.36864 	1  	0.131339 
76 	500  	210      	247     	0.5     	0.795747	0.855714	0.0550073       	0.208514	0.368172	1  	0.131371 
77 	500  	207      	247     	0.5     	0.797695	0.855714	0.0550078       	0.208514	0.363499	1  	0.132121 
78 	500  	202      	247     	0.5     	0.799187	0.861081	0.0547194       	0.208514	0.360283	1  	0.131746 
79 	500  	206      	247     	0.5     	0.800261	0.861081	0.0546127       	0.204124	0.358639	1  	0.131284 
80 	500  	208      	247     	0.5     	0.801394	0.861081	0.0547749       	0.204124	0.356431	1  	0.131487 
81 	500  	206      	247     	0.5     	0.801884	0.861081	0.0550467       	0.204124	0.355763	1  	0.131824 
82 	500  	198      	247     	0.5     	0.801939	0.861081	0.0551871       	0.204124	0.356213	1  	0.131669 
83 	500  	208      	247     	0.5     	0.802894	0.861081	0.0548044       	0.204124	0.354613	1  	0.130874 
84 	500  	200      	247     	0.5     	0.802379	0.861081	0.0555735       	0.204124	0.356104	1  	0.131671 
85 	500  	203      	247     	0.5     	0.802315	0.861081	0.0555703       	0.204124	0.356984	1  	0.13107  
86 	500  	207      	247     	0.5     	0.802841	0.861081	0.0558024       	0.204124	0.356092	1  	0.131496 
87 	500  	200      	247     	0.5     	0.80297 	0.861081	0.0558137       	0.204124	0.356248	1  	0.131339 
88 	500  	200      	247     	0.5     	0.802862	0.861081	0.0558995       	0.204124	0.357161	1  	0.130895 
89 	500  	207      	247     	0.5     	0.803176	0.864638	0.0560778       	0.204124	0.35704 	1  	0.131012 
90 	500  	194      	247     	0.5     	0.803387	0.870457	0.0562305       	0.204124	0.357069	1  	0.130979 
91 	500  	200      	247     	0.5     	0.803689	0.870457	0.0564251       	0.204124	0.356959	1  	0.131058 
92 	500  	197      	247     	0.5     	0.803457	0.870457	0.057107        	0.204124	0.357864	1  	0.131929 
93 	500  	200      	247     	0.5     	0.80324 	0.870457	0.0568956       	0.204124	0.358871	1  	0.131283 
94 	500  	195      	247     	0.5     	0.804071	0.876262	0.056796        	0.208514	0.35756 	1  	0.130924 
95 	500  	209      	247     	0.5     	0.804561	0.876262	0.0570107       	0.204124	0.357025	1  	0.131009 
96 	500  	208      	247     	0.5     	0.804804	0.876262	0.0572073       	0.208514	0.357027	1  	0.131001 
97 	500  	200      	247     	0.5     	0.805308	0.876262	0.0574522       	0.208514	0.35596 	1  	0.131607 
98 	500  	194      	247     	0.5     	0.805876	0.876262	0.0573814       	0.204124	0.354958	1  	0.13123  
99 	500  	200      	247     	0.5     	0.806007	0.876262	0.0578767       	0.204124	0.355093	1  	0.131919 
100	500  	195      	247     	0.5     	0.806657	0.876262	0.0575161       	0.204124	0.354228	1  	0.131086 
101	500  	194      	247     	0.5     	0.806302	0.876262	0.0581329       	0.204124	0.355206	1  	0.13201  
102	500  	202      	247     	0.5     	0.806197	0.876262	0.0581822       	0.204124	0.356126	1  	0.131474 
103	500  	191      	247     	0.5     	0.806188	0.876262	0.0582453       	0.204124	0.3565  	1  	0.131273 
104	500  	195      	247     	0.5     	0.8067  	0.876262	0.0584865       	0.204124	0.355736	1  	0.131556 
105	500  	194      	247     	0.5     	0.8084  	0.876262	0.058111        	0.204124	0.352361	1  	0.131031 
106	500  	198      	247     	0.5     	0.808484	0.876262	0.0581857       	0.204124	0.352811	1  	0.130711 
107	500  	195      	247     	0.5     	0.808615	0.876262	0.0582928       	0.204124	0.352834	1  	0.130688 
108	500  	199      	247     	0.5     	0.808699	0.876262	0.0583479       	0.218218	0.352937	1  	0.130589 
109	500  	203      	247     	0.5     	0.808373	0.876262	0.0591056       	0.218218	0.353915	1  	0.131404 
110	500  	193      	247     	0.5     	0.807434	0.876262	0.0592711       	0.218218	0.356383	1  	0.131248 
111	500  	187      	247     	0.5     	0.807663	0.876262	0.0592362       	0.218218	0.356163	1  	0.131071 
112	500  	193      	247     	0.5     	0.807922	0.876262	0.0594544       	0.213201	0.355928	1  	0.131329 
113	500  	207      	247     	0.5     	0.808907	0.876262	0.0589313       	0.213201	0.354154	1  	0.130443 
114	500  	191      	247     	0.5     	0.807579	0.876262	0.0595022       	0.218218	0.357272	1  	0.130756 
115	500  	190      	247     	0.5     	0.807381	0.876262	0.0597063       	0.218218	0.358258	1  	0.130749 
116	500  	200      	247     	0.5     	0.807857	0.876262	0.0596573       	0.218218	0.357562	1  	0.130507 
117	500  	195      	247     	0.5     	0.806781	0.876262	0.0604343       	0.218218	0.359875	1  	0.131414 
118	500  	198      	247     	0.5     	0.806935	0.876262	0.0603161       	0.218218	0.359721	1  	0.131203 
119	500  	198      	247     	0.5     	0.807497	0.876262	0.0601195       	0.218218	0.358786	1  	0.130787 
120	500  	191      	247     	0.5     	0.807831	0.876305	0.0602514       	0.218218	0.358445	1  	0.130753 
121	500  	192      	247     	0.5     	0.808317	0.876305	0.0601291       	0.218218	0.357816	1  	0.130566 
122	500  	195      	247     	0.5     	0.808598	0.876305	0.0601939       	0.218218	0.357369	1  	0.130642 
123	500  	188      	247     	0.5     	0.808728	0.876305	0.0602705       	0.218218	0.357369	1  	0.130642 
124	500  	196      	247     	0.5     	0.807631	0.876305	0.0608736       	0.218218	0.359682	1  	0.131269 
125	500  	195      	247     	0.5     	0.808335	0.876305	0.0602927       	0.218218	0.358482	1  	0.130322 
126	500  	190      	247     	0.5     	0.807387	0.876305	0.060931        	0.218218	0.36059 	1  	0.131276 
127	500  	194      	247     	0.5     	0.807657	0.876305	0.060476        	0.218218	0.360151	1  	0.130324 
128	500  	184      	247     	0.5     	0.807511	0.876305	0.0610398       	0.218218	0.360553	1  	0.131213 
129	500  	202      	247     	0.5     	0.807984	0.876305	0.0609726       	0.218218	0.359738	1  	0.131075 
130	500  	191      	247     	0.5     	0.807635	0.876305	0.0611406       	0.218218	0.360573	1  	0.13136  
131	500  	207      	247     	0.5     	0.807571	0.876305	0.061114        	0.218218	0.360803	1  	0.131211 
132	500  	196      	247     	0.5     	0.807783	0.876305	0.0612649       	0.218218	0.36067 	1  	0.131322 
133	500  	189      	247     	0.5     	0.807843	0.877528	0.0612039       	0.218218	0.360544	1  	0.131084 
134	500  	192      	247     	0.5     	0.807822	0.877528	0.0613055       	0.223607	0.360805	1  	0.131167 
135	500  	205      	247     	0.5     	0.808426	0.882043	0.06135         	0.223607	0.359749	1  	0.131199 
136	500  	193      	247     	0.5     	0.808981	0.882043	0.0608772       	0.223607	0.35871 	1  	0.130411 
137	500  	192      	247     	0.5     	0.808946	0.882043	0.0614497       	0.223607	0.358839	1  	0.131298 
138	500  	200      	247     	0.5     	0.809042	0.882043	0.061436        	0.223607	0.35864 	1  	0.131251 
139	500  	198      	247     	0.5     	0.809564	0.882043	0.0609398       	0.223607	0.357685	1  	0.130447 
140	500  	199      	247     	0.5     	0.808698	0.882043	0.061703        	0.223607	0.359617	1  	0.131648 
141	500  	196      	247     	0.5     	0.809539	0.882043	0.0610877       	0.223607	0.357954	1  	0.130625 
142	500  	187      	247     	0.5     	0.809739	0.882043	0.0610347       	0.223607	0.357562	1  	0.130507 
143	500  	192      	247     	0.5     	0.809852	0.882043	0.0611276       	0.223607	0.35741 	1  	0.130633 
144	500  	214      	247     	0.5     	0.81015 	0.882043	0.0612713       	0.218218	0.356879	1  	0.130926 
145	500  	198      	247     	0.5     	0.810087	0.882043	0.0612383       	0.218218	0.356968	1  	0.130887 
146	500  	211      	247     	0.5     	0.810041	0.882043	0.0612708       	0.208514	0.357061	1  	0.130914 
147	500  	203      	247     	0.5     	0.809913	0.882043	0.061181        	0.208514	0.357355	1  	0.130698 
148	500  	195      	247     	0.5     	0.810388	0.882043	0.061119        	0.208514	0.356523	1  	0.130562 
149	500  	199      	247     	0.5     	0.810426	0.882043	0.0614397       	0.208514	0.356689	1  	0.131044 
150	500  	194      	247     	0.5     	0.810967	0.882043	0.061494        	0.208514	0.355761	1  	0.131083 
151	500  	197      	247     	0.5     	0.81054 	0.882043	0.0615936       	0.208514	0.356595	1  	0.131181 
152	500  	197      	247     	0.5     	0.81092 	0.882043	0.0617193       	0.208514	0.356052	1  	0.131406 
153	500  	201      	247     	0.5     	0.811401	0.882043	0.0617195       	0.208514	0.355235	1  	0.131314 
154	500  	200      	247     	0.5     	0.811964	0.882043	0.0612617       	0.218218	0.354201	1  	0.130431 
155	500  	196      	247     	0.5     	0.81201 	0.882043	0.0618221       	0.218218	0.354229	1  	0.131277 
156	500  	197      	247     	0.5     	0.811616	0.882072	0.0619744       	0.218218	0.355106	1  	0.131249 
157	500  	201      	247     	0.5     	0.811602	0.882072	0.0618604       	0.218218	0.355219	1  	0.130994 
158	500  	194      	247     	0.5     	0.811971	0.882072	0.0616367       	0.218218	0.354789	1  	0.130728 
159	500  	202      	247     	0.5     	0.811453	0.883242	0.0621434       	0.218218	0.355892	1  	0.131262 
160	500  	190      	247     	0.5     	0.811308	0.883242	0.062201        	0.218218	0.356244	1  	0.131326 
161	500  	205      	247     	0.5     	0.811168	0.883242	0.0620982       	0.218218	0.356433	1  	0.131124 
162	500  	203      	247     	0.5     	0.811041	0.883242	0.0621085       	0.218218	0.356719	1  	0.131098 
163	500  	191      	247     	0.5     	0.810921	0.883242	0.0619979       	0.218218	0.357137	1  	0.13085  
164	500  	193      	247     	0.5     	0.811427	0.883242	0.0620423       	0.218218	0.356257	1  	0.130951 
165	500  	207      	247     	0.5     	0.811367	0.883242	0.0622735       	0.218218	0.356481	1  	0.131243 
166	500  	196      	247     	0.5     	0.811933	0.883242	0.0624131       	0.218218	0.355601	1  	0.131506 
167	500  	192      	247     	0.5     	0.812771	0.883242	0.0619303       	0.213201	0.353995	1  	0.130758 
168	500  	204      	247     	0.5     	0.812151	0.883242	0.0619053       	0.213201	0.355213	1  	0.130596 
169	500  	203      	247     	0.5     	0.812304	0.883242	0.0619746       	0.213201	0.355028	1  	0.130716 
170	500  	204      	247     	0.5     	0.812318	0.883242	0.0625001       	0.208514	0.354965	1  	0.1316   
171	500  	187      	247     	0.5     	0.8131  	0.883242	0.0619          	0.208514	0.353458	1  	0.130575 
172	500  	203      	247     	0.5     	0.813317	0.883242	0.0619875       	0.208514	0.35315 	1  	0.130699 
173	500  	197      	247     	0.5     	0.813316	0.883242	0.0619643       	0.208514	0.353228	1  	0.130546 
174	500  	204      	247     	0.5     	0.813336	0.883242	0.0621135       	0.208514	0.353235	1  	0.130818 
175	500  	191      	247     	0.5     	0.813658	0.883242	0.0620716       	0.208514	0.352693	1  	0.130769 
176	500  	199      	247     	0.5     	0.813655	0.883777	0.0620936       	0.208514	0.352849	1  	0.130662 
177	500  	198      	247     	0.5     	0.813641	0.883777	0.06212         	0.208514	0.352924	1  	0.130633 
178	500  	197      	247     	0.5     	0.813874	0.883777	0.0622706       	0.208514	0.352716	1  	0.130747 
179	500  	206      	247     	0.5     	0.813906	0.884907	0.0623034       	0.208514	0.352704	1  	0.130758 
180	500  	196      	247     	0.5     	0.813989	0.884907	0.0623732       	0.208514	0.352692	1  	0.13077  
181	500  	195      	247     	0.5     	0.814   	0.884907	0.0623844       	0.208514	0.352704	1  	0.130758 
182	500  	193      	247     	0.5     	0.814057	0.884907	0.0624338       	0.208514	0.352658	1  	0.130803 
183	500  	205      	247     	0.5     	0.814284	0.884907	0.0625243       	0.208514	0.352296	1  	0.130972 
184	500  	194      	247     	0.5     	0.814197	0.887275	0.0625663       	0.208514	0.352621	1  	0.130809 
185	500  	191      	247     	0.5     	0.814254	0.887275	0.0626137       	0.208514	0.352592	1  	0.130822 
186	500  	198      	247     	0.5     	0.814828	0.887275	0.0626024       	0.208514	0.351533	1  	0.130727 
187	500  	203      	247     	0.5     	0.814463	0.887275	0.0627764       	0.208514	0.352324	1  	0.131003 
188	500  	198      	247     	0.5     	0.814472	0.887275	0.0627885       	0.208514	0.352347	1  	0.130982 
189	500  	188      	247     	0.5     	0.814425	0.887275	0.0627919       	0.208514	0.352447	1  	0.130961 
190	500  	199      	247     	0.5     	0.814593	0.887275	0.0628719       	0.208514	0.352241	1  	0.131073 
191	500  	205      	247     	0.5     	0.814397	0.890786	0.0627714       	0.208514	0.35267 	1  	0.130791 
192	500  	198      	247     	0.5     	0.814466	0.890786	0.0628336       	0.208514	0.352627	1  	0.130835 
193	500  	198      	247     	0.5     	0.814628	0.890786	0.0629452       	0.204124	0.35242 	1  	0.130995 
194	500  	208      	247     	0.5     	0.814899	0.890786	0.062935        	0.204124	0.351897	1  	0.13096  
195	500  	191      	247     	0.5     	0.814663	0.890786	0.0629945       	0.204124	0.352503	1  	0.130955 
196	500  	198      	247     	0.5     	0.815007	0.890786	0.0631547       	0.204124	0.351957	1  	0.1312   
197	500  	196      	247     	0.5     	0.815073	0.890786	0.0632449       	0.204124	0.351911	1  	0.131289 
198	500  	207      	247     	0.5     	0.814965	0.890786	0.0632603       	0.204124	0.352159	1  	0.131227 
199	500  	198      	247     	0.5     	0.815293	0.890786	0.0634216       	0.204124	0.351702	1  	0.131458 
200	500  	199      	247     	0.5     	0.815076	0.890786	0.0633536       	0.204124	0.352204	1  	0.131161 
201	500  	184      	247     	0.5     	0.815033	0.890786	0.0633334       	0.204124	0.352359	1  	0.131043 
202	500  	190      	247     	0.5     	0.815318	0.890786	0.0634129       	0.204124	0.351907	1  	0.131124 
203	500  	194      	247     	0.5     	0.815557	0.890786	0.0634005       	0.204124	0.351457	1  	0.130947 
204	500  	197      	247     	0.5     	0.815275	0.890786	0.0635795       	0.2     	0.352132	1  	0.131241 
205	500  	196      	247     	0.5     	0.815131	0.890786	0.063478        	0.2     	0.352409	1  	0.131028 
206	500  	193      	247     	0.5     	0.815307	0.890786	0.0635592       	0.2     	0.352224	1  	0.131117 
207	500  	198      	247     	0.5     	0.815194	0.890786	0.0635043       	0.2     	0.352564	1  	0.130898 
208	500  	197      	247     	0.5     	0.815363	0.890786	0.0636052       	0.2     	0.352319	1  	0.131063 
209	500  	190      	247     	0.5     	0.815239	0.890786	0.0635494       	0.2     	0.352526	1  	0.13094  
210	500  	185      	247     	0.5     	0.815265	0.890786	0.0635597       	0.2     	0.35255 	1  	0.130917 
211	500  	193      	247     	0.5     	0.815341	0.890786	0.0636136       	0.2     	0.352538	1  	0.130928 
212	500  	193      	247     	0.5     	0.815425	0.890786	0.0636952       	0.2     	0.352491	1  	0.130973 
213	500  	190      	247     	0.5     	0.815459	0.890786	0.0637275       	0.2     	0.352503	1  	0.130962 
214	500  	194      	247     	0.5     	0.815551	0.890786	0.0638035       	0.2     	0.352515	1  	0.13095  
215	500  	195      	247     	0.5     	0.815909	0.891904	0.0640817       	0.2     	0.352206	1  	0.13116  
216	500  	200      	247     	0.5     	0.815931	0.891904	0.0640996       	0.2     	0.352174	1  	0.131192 
217	500  	202      	247     	0.5     	0.815896	0.891904	0.0640831       	0.208514	0.352363	1  	0.131035 
218	500  	200      	247     	0.5     	0.8158  	0.891904	0.0640373       	0.208514	0.352545	1  	0.130913 
219	500  	187      	247     	0.5     	0.815843	0.891904	0.0640743       	0.208514	0.352583	1  	0.130879 
220	500  	198      	247     	0.5     	0.816012	0.891904	0.0642119       	0.208514	0.352384	1  	0.131033 
221	500  	187      	247     	0.5     	0.816033	0.891904	0.0642225       	0.208514	0.352427	1  	0.131009 
222	500  	187      	247     	0.5     	0.815964	0.891904	0.0641643       	0.208514	0.352548	1  	0.130913 
223	500  	201      	247     	0.5     	0.816223	0.891904	0.0642897       	0.208514	0.352192	1  	0.131071 
224	500  	187      	247     	0.5     	0.816041	0.891904	0.0642385       	0.208514	0.352581	1  	0.13088  
225	500  	186      	247     	0.5     	0.816684	0.896035	0.0644836       	0.208514	0.35157 	1  	0.131256 
226	500  	202      	247     	0.5     	0.816812	0.896035	0.0644919       	0.208514	0.351349	1  	0.131161 
227	500  	201      	247     	0.5     	0.816867	0.896035	0.0640968       	0.208514	0.351217	1  	0.130333 
228	500  	201      	247     	0.5     	0.81645 	0.896035	0.0646852       	0.208514	0.352036	1  	0.13126  
229	500  	190      	247     	0.5     	0.817116	0.896035	0.064697        	0.208514	0.350888	1  	0.131191 
230	500  	203      	247     	0.5     	0.817779	0.896035	0.0642011       	0.208514	0.349782	1  	0.130352 
231	500  	201      	247     	0.5     	0.816781	0.896035	0.0650141       	0.208514	0.351488	1  	0.131268 
232	500  	200      	247     	0.5     	0.816744	0.896035	0.0649081       	0.208514	0.351635	1  	0.131251 
233	500  	200      	247     	0.5     	0.817561	0.896035	0.0644635       	0.208514	0.350347	1  	0.130636 
234	500  	199      	247     	0.5     	0.81778 	0.896035	0.0651412       	0.208514	0.350218	1  	0.13164  
235	500  	194      	247     	0.5     	0.817389	0.896035	0.0647703       	0.213201	0.350779	1  	0.130902 
236	500  	195      	247     	0.5     	0.817057	0.896035	0.0643696       	0.213201	0.351455	1  	0.130184 
237	500  	206      	247     	0.5     	0.816572	0.896035	0.0650239       	0.213201	0.352455	1  	0.130951 
238	500  	207      	247     	0.5     	0.816631	0.896035	0.0649197       	0.213201	0.352431	1  	0.130974 
239	500  	205      	247     	0.5     	0.816611	0.896035	0.0648822       	0.213201	0.352488	1  	0.130937 
240	500  	188      	247     	0.5     	0.81716 	0.896035	0.0649488       	0.213201	0.351577	1  	0.131004 
241	500  	205      	247     	0.5     	0.816833	0.896035	0.0648721       	0.213201	0.352057	1  	0.130855 
242	500  	190      	247     	0.5     	0.817138	0.896035	0.0648736       	0.213201	0.351562	1  	0.130767 
243	500  	203      	247     	0.5     	0.816415	0.896035	0.0647976       	0.218218	0.352915	1  	0.130637 
244	500  	202      	247     	0.5     	0.816596	0.896035	0.0649004       	0.218218	0.352732	1  	0.130758 
245	500  	197      	247     	0.5     	0.816691	0.896035	0.0649574       	0.213201	0.352636	1  	0.130849 
246	500  	206      	247     	0.5     	0.816575	0.896035	0.0648746       	0.213201	0.352885	1  	0.13066  
247	500  	191      	247     	0.5     	0.816604	0.896035	0.0648385       	0.213201	0.352885	1  	0.13066  
248	500  	190      	247     	0.5     	0.816575	0.896035	0.0648231       	0.213201	0.352895	1  	0.130658 
249	500  	204      	247     	0.5     	0.816826	0.896035	0.0648523       	0.213201	0.352448	1  	0.130717 
250	500  	209      	247     	0.5     	0.817042	0.896035	0.0649209       	0.213201	0.352148	1  	0.130859 
251	500  	196      	247     	0.5     	0.817125	0.896035	0.0650052       	0.213201	0.352208	1  	0.13089  
252	500  	200      	247     	0.5     	0.817052	0.896035	0.0649311       	0.213201	0.352202	1  	0.130727 
253	500  	211      	247     	0.5     	0.816954	0.896035	0.0650507       	0.213201	0.352416	1  	0.130909 
254	500  	191      	247     	0.5     	0.816876	0.896035	0.0650482       	0.213201	0.352584	1  	0.130854 
255	500  	199      	247     	0.5     	0.817305	0.896035	0.0652763       	0.213201	0.351948	1  	0.131247 
256	500  	198      	247     	0.5     	0.817745	0.896035	0.0652262       	0.213201	0.351134	1  	0.13119  
257	500  	199      	247     	0.5     	0.818776	0.896035	0.0649215       	0.213201	0.349326	1  	0.130447 
258	500  	200      	247     	0.5     	0.818742	0.896035	0.0650229       	0.213201	0.349481	1  	0.130672 
259	500  	197      	247     	0.5     	0.819361	0.896035	0.0649158       	0.213201	0.348381	1  	0.130507 
260	500  	203      	247     	0.5     	0.819388	0.896035	0.0649409       	0.213201	0.348383	1  	0.130507 
261	500  	202      	247     	0.5     	0.819401	0.896035	0.0649467       	0.213201	0.348394	1  	0.130496 
262	500  	210      	247     	0.5     	0.819421	0.896035	0.0649681       	0.213201	0.348369	1  	0.130518 
263	500  	193      	247     	0.5     	0.820244	0.896035	0.0652882       	0.213201	0.347108	1  	0.131    
264	500  	196      	247     	0.5     	0.81946 	0.896035	0.0650524       	0.213201	0.348414	1  	0.130475 
265	500  	207      	247     	0.5     	0.819524	0.896035	0.0650997       	0.213201	0.348426	1  	0.130465 
266	500  	202      	247     	0.5     	0.819836	0.896035	0.065156        	0.208514	0.347935	1  	0.13055  
267	500  	197      	247     	0.5     	0.819795	0.896035	0.0652919       	0.208514	0.348116	1  	0.1307   
268	500  	195      	247     	0.5     	0.820179	0.896035	0.0654587       	0.208514	0.34756 	1  	0.130986 
269	500  	203      	247     	0.5     	0.820147	0.896035	0.0655327       	0.208514	0.347581	1  	0.131089 
270	500  	208      	247     	0.5     	0.820339	0.896035	0.065488        	0.208514	0.347299	1  	0.130988 
271	500  	199      	247     	0.5     	0.820525	0.896035	0.0654714       	0.208514	0.346923	1  	0.130928 
272	500  	200      	247     	0.5     	0.820438	0.896035	0.065655        	0.208514	0.347227	1  	0.13117  
273	500  	198      	247     	0.5     	0.820715	0.896035	0.0656755       	0.213201	0.346828	1  	0.131045 
274	500  	193      	247     	0.5     	0.820187	0.896035	0.0656048       	0.218218	0.347777	1  	0.130882 
275	500  	194      	247     	0.5     	0.820277	0.896035	0.0656934       	0.213201	0.347675	1  	0.130997 
276	500  	200      	247     	0.5     	0.820074	0.896035	0.06559         	0.213201	0.347992	1  	0.130796 
277	500  	204      	247     	0.5     	0.820076	0.896035	0.0655904       	0.213201	0.347992	1  	0.130796 
278	500  	200      	247     	0.5     	0.820118	0.896035	0.065618        	0.213201	0.347992	1  	0.130796 
279	500  	204      	247     	0.5     	0.820239	0.896035	0.0656148       	0.213201	0.347862	1  	0.130773 
280	500  	192      	247     	0.5     	0.819985	0.896035	0.0655065       	0.213201	0.34828 	1  	0.130571 
281	500  	201      	247     	0.5     	0.820081	0.896035	0.065585        	0.213201	0.348204	1  	0.130629 
282	500  	205      	247     	0.5     	0.820232	0.896035	0.0656099       	0.213201	0.347945	1  	0.130706 
283	500  	204      	247     	0.5     	0.820355	0.896035	0.0657178       	0.213201	0.347828	1  	0.130842 
284	500  	186      	247     	0.5     	0.820316	0.896035	0.065719        	0.213201	0.347908	1  	0.130815 
285	500  	194      	247     	0.5     	0.820255	0.896035	0.0657204       	0.213201	0.348015	1  	0.130775 
286	500  	204      	247     	0.5     	0.820491	0.896035	0.0658456       	0.213201	0.347781	1  	0.130897 
287	500  	203      	247     	0.5     	0.820379	0.896035	0.0657819       	0.213201	0.347986	1  	0.130745 
288	500  	200      	247     	0.5     	0.820264	0.897219	0.0657444       	0.213201	0.348262	1  	0.130575 
289	500  	201      	247     	0.5     	0.820235	0.897219	0.0657197       	0.213201	0.348307	1  	0.13054  
290	500  	197      	247     	0.5     	0.820268	0.897219	0.065743        	0.213201	0.348248	1  	0.130595 
291	500  	193      	247     	0.5     	0.820475	0.897219	0.0658442       	0.208514	0.347967	1  	0.130765 
292	500  	212      	247     	0.5     	0.820358	0.897219	0.0657469       	0.213201	0.348189	1  	0.130577 
293	500  	192      	247     	0.5     	0.820393	0.897219	0.0657785       	0.213201	0.348164	1  	0.130599 
294	500  	210      	247     	0.5     	0.820437	0.897219	0.0658198       	0.213201	0.348127	1  	0.130632 
295	500  	194      	247     	0.5     	0.820426	0.897219	0.0658092       	0.213201	0.348198	1  	0.130567 
296	500  	207      	247     	0.5     	0.820429	0.897219	0.0658109       	0.213201	0.34821 	1  	0.130556 
297	500  	195      	247     	0.5     	0.820436	0.897219	0.0658147       	0.213201	0.34821 	1  	0.130556 
298	500  	198      	247     	0.5     	0.820448	0.897219	0.0658252       	0.213201	0.348222	1  	0.130545 
299	500  	197      	247     	0.5     	0.820468	0.897219	0.0658395       	0.213201	0.348222	1  	0.130545 
Optimization on fold finished in 00-00:33:45

FEATURE SETS SELECTED

PARETO FRONT
Number of solutions = 20
(0.8972193422972574, 0.22360679774997896) 19 features: [0_age_at_initial_pathologic_diagnosis, 0_race_WHITE, 1_hsa.let.7g.5p, 1_hsa.miR.101.5p, 1_hsa.miR.105.5p, 1_hsa.miR.219a.1.3p, 1_hsa.miR.301a.3p, 1_hsa.miR.3074.5p, 1_hsa.miR.3170, 1_hsa.miR.3607.5p, 1_hsa.miR.3681.5p, 1_hsa.miR.369.3p, 1_hsa.miR.425.3p, 1_hsa.miR.433.3p, 1_hsa.miR.433.5p, 1_hsa.miR.493.3p, 1_hsa.miR.551a, 1_hsa.miR.6511b.3p, 1_hsa.miR.766.3p]
(0.8960352096744036, 0.22941573387056177) 18 features: [0_age_at_initial_pathologic_diagnosis, 0_race_WHITE, 1_hsa.let.7g.5p, 1_hsa.miR.101.5p, 1_hsa.miR.105.5p, 1_hsa.miR.219a.1.3p, 1_hsa.miR.301a.3p, 1_hsa.miR.3074.5p, 1_hsa.miR.3170, 1_hsa.miR.3681.5p, 1_hsa.miR.369.3p, 1_hsa.miR.425.3p, 1_hsa.miR.433.3p, 1_hsa.miR.433.5p, 1_hsa.miR.493.3p, 1_hsa.miR.551a, 1_hsa.miR.6511b.3p, 1_hsa.miR.766.3p]
(0.8942545734291544, 0.23570226039551584) 17 features: [0_age_at_initial_pathologic_diagnosis, 0_race_WHITE, 1_hsa.let.7g.5p, 1_hsa.miR.101.5p, 1_hsa.miR.105.5p, 1_hsa.miR.219a.1.3p, 1_hsa.miR.301a.3p, 1_hsa.miR.3074.5p, 1_hsa.miR.3170, 1_hsa.miR.3681.5p, 1_hsa.miR.369.3p, 1_hsa.miR.425.3p, 1_hsa.miR.493.3p, 1_hsa.miR.541.3p, 1_hsa.miR.551a, 1_hsa.miR.6511b.3p, 1_hsa.miR.766.3p]
(0.890786327117547, 0.24253562503633297) 16 features: [0_age_at_initial_pathologic_diagnosis, 0_race_WHITE, 1_hsa.let.7g.5p, 1_hsa.miR.101.5p, 1_hsa.miR.105.5p, 1_hsa.miR.219a.1.3p, 1_hsa.miR.301a.3p, 1_hsa.miR.3074.5p, 1_hsa.miR.3170, 1_hsa.miR.3681.5p, 1_hsa.miR.369.3p, 1_hsa.miR.425.3p, 1_hsa.miR.493.3p, 1_hsa.miR.551a, 1_hsa.miR.6511b.3p, 1_hsa.miR.766.3p]
(0.8861885596273024, 0.25) 15 features: [0_age_at_initial_pathologic_diagnosis, 0_race_WHITE, 1_hsa.let.7g.5p, 1_hsa.miR.101.5p, 1_hsa.miR.105.5p, 1_hsa.miR.301a.3p, 1_hsa.miR.3074.5p, 1_hsa.miR.3681.5p, 1_hsa.miR.369.3p, 1_hsa.miR.425.3p, 1_hsa.miR.4326, 1_hsa.miR.493.3p, 1_hsa.miR.551a, 1_hsa.miR.6511b.3p, 1_hsa.miR.766.3p]
(0.8808068095037068, 0.2581988897471611) 14 features: [0_age_at_initial_pathologic_diagnosis, 0_race_WHITE, 1_hsa.let.7g.5p, 1_hsa.miR.101.5p, 1_hsa.miR.105.5p, 1_hsa.miR.301a.3p, 1_hsa.miR.3074.5p, 1_hsa.miR.3681.5p, 1_hsa.miR.369.3p, 1_hsa.miR.425.3p, 1_hsa.miR.493.3p, 1_hsa.miR.551a, 1_hsa.miR.6511b.3p, 1_hsa.miR.766.3p]
(0.8632987014849346, 0.2672612419124244) 13 features: [0_age_at_initial_pathologic_diagnosis, 0_race_WHITE, 1_hsa.let.7g.5p, 1_hsa.miR.301a.3p, 1_hsa.miR.3074.5p, 1_hsa.miR.3605.3p, 1_hsa.miR.425.3p, 1_hsa.miR.4677.3p, 1_hsa.miR.493.3p, 1_hsa.miR.495.3p, 1_hsa.miR.551a, 1_hsa.miR.6511b.3p, 1_hsa.miR.766.3p]
(0.8571565871810524, 0.2773500981126146) 12 features: [0_age_at_initial_pathologic_diagnosis, 0_race_WHITE, 1_hsa.let.7d.5p, 1_hsa.let.7g.5p, 1_hsa.miR.16.2.3p, 1_hsa.miR.29c.3p, 1_hsa.miR.301a.3p, 1_hsa.miR.3681.5p, 1_hsa.miR.425.3p, 1_hsa.miR.551a, 1_hsa.miR.6511b.3p, 1_hsa.miR.766.3p]
(0.8518944241615799, 0.28867513459481287) 11 features: [0_age_at_initial_pathologic_diagnosis, 0_race_WHITE, 1_hsa.let.7d.5p, 1_hsa.let.7g.5p, 1_hsa.miR.16.2.3p, 1_hsa.miR.29c.3p, 1_hsa.miR.301a.3p, 1_hsa.miR.425.3p, 1_hsa.miR.551a, 1_hsa.miR.6511b.3p, 1_hsa.miR.766.3p]
(0.842312051124494, 0.30151134457776363) 10 features: [0_age_at_initial_pathologic_diagnosis, 0_race_WHITE, 1_hsa.let.7g.5p, 1_hsa.miR.101.5p, 1_hsa.miR.29c.3p, 1_hsa.miR.301a.3p, 1_hsa.miR.3677.3p, 1_hsa.miR.425.3p, 1_hsa.miR.551a, 1_hsa.miR.6511b.3p]
(0.8294785085950268, 0.31622776601683794) 9 features: [0_age_at_initial_pathologic_diagnosis, 0_race_WHITE, 1_hsa.let.7g.5p, 1_hsa.miR.101.5p, 1_hsa.miR.301a.3p, 1_hsa.miR.3677.3p, 1_hsa.miR.425.3p, 1_hsa.miR.551a, 1_hsa.miR.6511b.3p]
(0.8217240244444642, 0.3333333333333333) 8 features: [0_age_at_initial_pathologic_diagnosis, 0_race_WHITE, 1_hsa.let.7g.5p, 1_hsa.miR.301a.3p, 1_hsa.miR.3074.5p, 1_hsa.miR.425.3p, 1_hsa.miR.551a, 1_hsa.miR.937.3p]
(0.8148628087562665, 0.3535533905932738) 7 features: [0_age_at_initial_pathologic_diagnosis, 0_race_WHITE, 1_hsa.let.7g.5p, 1_hsa.miR.301a.3p, 1_hsa.miR.3074.5p, 1_hsa.miR.425.3p, 1_hsa.miR.551a]
(0.801195051764668, 0.3779644730092272) 6 features: [0_age_at_initial_pathologic_diagnosis, 0_race_WHITE, 1_hsa.miR.101.5p, 1_hsa.miR.301a.3p, 1_hsa.miR.3681.5p, 1_hsa.miR.6511b.3p]
(0.7944918956108014, 0.408248290463863) 5 features: [0_age_at_initial_pathologic_diagnosis, 1_hsa.miR.101.5p, 1_hsa.miR.301a.3p, 1_hsa.miR.3681.5p, 1_hsa.miR.6511b.3p]
(0.7732084174698107, 0.4472135954999579) 4 features: [0_age_at_initial_pathologic_diagnosis, 0_race_WHITE, 1_hsa.miR.301a.3p, 1_hsa.miR.3681.5p]
(0.7580789703827273, 0.5) [0_age_at_initial_pathologic_diagnosis, 1_hsa.miR.301a.3p, 1_hsa.miR.3681.5p]
(0.7353145685536719, 0.5773502691896257) [0_age_at_initial_pathologic_diagnosis, 1_hsa.miR.301a.3p]
(0.6964093536647985, 0.7071067811865476) [1_hsa.miR.301a.3p]
(0.5, 1.0) []
Features in hall of fame by prevalence:
29 features: [1_hsa.miR.301a.3p, 0_age_at_initial_pathologic_diagnosis, 0_race_WHITE, 1_hsa.let.7g.5p, 1_hsa.miR.425.3p, 1_hsa.miR.551a, 1_hsa.miR.6511b.3p, 1_hsa.miR.3681.5p, 1_hsa.miR.101.5p, 1_hsa.miR.3074.5p, 1_hsa.miR.766.3p, 1_hsa.miR.493.3p, 1_hsa.miR.105.5p, 1_hsa.miR.369.3p, 1_hsa.miR.219a.1.3p, 1_hsa.miR.3170, 1_hsa.miR.29c.3p, 1_hsa.let.7d.5p, 1_hsa.miR.16.2.3p, 1_hsa.miR.3677.3p, 1_hsa.miR.433.3p, 1_hsa.miR.433.5p, 1_hsa.miR.3605.3p, 1_hsa.miR.3607.5p, 1_hsa.miR.4326, 1_hsa.miR.4677.3p, 1_hsa.miR.495.3p, 1_hsa.miR.541.3p, 1_hsa.miR.937.3p]

LAST POPULATION
Number of solutions = 500
Features in hall of fame by prevalence:
141 features: [1_hsa.miR.301a.3p, 0_age_at_initial_pathologic_diagnosis, 1_hsa.miR.425.3p, 1_hsa.let.7g.5p, 1_hsa.miR.551a, 0_race_WHITE, 1_hsa.miR.6511b.3p, 1_hsa.miR.766.3p, 1_hsa.miR.3074.5p, 1_hsa.miR.3681.5p, 1_hsa.miR.101.5p, 1_hsa.miR.493.3p, 1_hsa.miR.369.3p, 1_hsa.miR.105.5p, 1_hsa.miR.3170, 1_hsa.miR.29c.3p, 1_hsa.miR.219a.1.3p, 1_hsa.miR.3605.3p, 1_hsa.miR.508.3p, 1_hsa.miR.541.3p, 1_hsa.miR.495.3p, 1_hsa.miR.433.3p, 1_hsa.miR.3677.3p, 1_hsa.miR.16.2.3p, 1_hsa.miR.937.3p, 1_hsa.let.7d.5p, 1_hsa.miR.433.5p, 1_hsa.miR.98.3p, 1_hsa.miR.370.3p, 1_hsa.miR.4326, 1_hsa.miR.26a.1.3p, 1_hsa.miR.514a.3p, 1_hsa.miR.452.3p, 1_hsa.miR.24.3p, 1_hsa.miR.374a.3p, 1_hsa.miR.652.3p, 1_hsa.let.7c.3p, 1_hsa.miR.125b.1.3p, 1_hsa.miR.3609, 1_hsa.miR.3648, 1_hsa.miR.423.3p, 1_hsa.miR.18a.3p, 1_hsa.miR.338.3p, 1_hsa.miR.362.5p, 1_hsa.miR.374a.5p, 1_hsa.miR.431.3p, 1_hsa.miR.4677.3p, 1_hsa.miR.494.3p, 1_hsa.miR.124.3p, 1_hsa.miR.3607.5p, 1_hsa.miR.454.3p, 1_hsa.miR.616.3p, 1_hsa.miR.130b.3p, 1_hsa.miR.1468.5p, 1_hsa.miR.19b.1.5p, 1_hsa.miR.3154, 1_hsa.miR.33a.5p, 1_hsa.miR.374b.3p, 1_hsa.miR.374b.5p, 1_hsa.miR.3917, 1_hsa.miR.4787.3p, 1_hsa.miR.539.3p, 1_hsa.miR.660.5p, 1_hsa.miR.767.5p, 1_hsa.miR.105.3p, 1_hsa.miR.1307.3p, 1_hsa.miR.181c.3p, 1_hsa.miR.18a.5p, 1_hsa.miR.19a.3p, 1_hsa.miR.301b, 1_hsa.miR.345.5p, 1_hsa.miR.625.5p, 1_hsa.miR.93.5p, 1_hsa.let.7d.3p, 1_hsa.miR.106b.3p, 1_hsa.miR.1301.3p, 1_hsa.miR.1306.3p, 1_hsa.miR.1306.5p, 1_hsa.miR.20a.3p, 1_hsa.miR.210.3p, 1_hsa.miR.21.3p, 1_hsa.miR.323b.3p, 1_hsa.miR.329.3p, 1_hsa.miR.361.3p, 1_hsa.miR.361.5p, 1_hsa.miR.501.5p, 1_hsa.miR.503.5p, 1_hsa.miR.548f.3p, 1_hsa.miR.585.3p, 1_hsa.miR.616.5p, 1_hsa.miR.708.3p, 1_hsa.miR.767.3p, 1_hsa.miR.7706, 1_hsa.miR.887.3p, 1_hsa.miR.940, 1_hsa.let.7a.2.3p, 1_hsa.miR.103a.2.5p, 1_hsa.miR.103a.3p, 1_hsa.miR.1185.1.3p, 1_hsa.miR.1226.3p, 1_hsa.miR.1262, 1_hsa.miR.1269a, 1_hsa.miR.130b.5p, 1_hsa.miR.1343.3p, 1_hsa.miR.146b.5p, 1_hsa.miR.148b.5p, 1_hsa.miR.15b.3p, 1_hsa.miR.17.5p, 1_hsa.miR.186.5p, 1_hsa.miR.19b.3p, 1_hsa.miR.20a.5p, 1_hsa.miR.20b.3p, 1_hsa.miR.30b.5p, 1_hsa.miR.3131, 1_hsa.miR.3187.3p, 1_hsa.miR.3200.3p, 1_hsa.miR.340.5p, 1_hsa.miR.3615, 1_hsa.miR.362.3p, 1_hsa.miR.376b.3p, 1_hsa.miR.380.3p, 1_hsa.miR.4449, 1_hsa.miR.455.3p, 1_hsa.miR.455.5p, 1_hsa.miR.4662a.5p, 1_hsa.miR.4668.3p, 1_hsa.miR.484, 1_hsa.miR.500a.5p, 1_hsa.miR.500b.5p, 1_hsa.miR.509.3p, 1_hsa.miR.532.5p, 1_hsa.miR.551b.3p, 1_hsa.miR.589.3p, 1_hsa.miR.629.5p, 1_hsa.miR.655.3p, 1_hsa.miR.744.3p, 1_hsa.miR.877.5p, 1_hsa.miR.92a.3p, 1_hsa.miR.93.3p, 1_hsa.miR.99b.5p, 1_hsa.miR.512.3p]

BEST SUMS WITH SIZE 50
Number of solutions = 50
Features in hall of fame by prevalence:
49 features: [1_hsa.miR.103a.2.5p, 1_hsa.miR.106b.3p, 1_hsa.miR.106b.5p, 1_hsa.miR.1226.3p, 1_hsa.miR.1301.3p, 1_hsa.miR.1306.3p, 1_hsa.miR.1306.5p, 1_hsa.miR.130b.3p, 1_hsa.miR.148b.5p, 1_hsa.miR.151a.5p, 1_hsa.miR.15b.3p, 1_hsa.miR.16.2.3p, 1_hsa.miR.17.5p, 1_hsa.miR.186.5p, 1_hsa.miR.18a.3p, 1_hsa.miR.197.3p, 1_hsa.miR.19a.3p, 1_hsa.miR.19b.3p, 1_hsa.miR.20a.3p, 1_hsa.miR.210.3p, 1_hsa.miR.301a.3p, 1_hsa.miR.301a.5p, 1_hsa.miR.301b, 1_hsa.miR.3074.5p, 1_hsa.miR.3170, 1_hsa.miR.3200.3p, 1_hsa.miR.324.3p, 1_hsa.miR.324.5p, 1_hsa.miR.33a.5p, 1_hsa.miR.3605.3p, 1_hsa.miR.361.3p, 1_hsa.miR.3648, 1_hsa.miR.3677.3p, 1_hsa.miR.3687, 1_hsa.miR.454.3p, 1_hsa.miR.455.3p, 1_hsa.miR.455.5p, 1_hsa.miR.484, 1_hsa.miR.505.3p, 1_hsa.miR.509.3p, 1_hsa.miR.590.5p, 1_hsa.miR.629.5p, 1_hsa.miR.767.3p, 1_hsa.miR.7706, 1_hsa.miR.887.3p, 1_hsa.miR.92a.3p, 1_hsa.miR.93.3p, 1_hsa.miR.93.5p, 1_hsa.miR.940]

BEST SUMS WITH SIZE 100
Number of solutions = 100
Features in hall of fame by prevalence:
98 features: [0_age_at_initial_pathologic_diagnosis, 1_hsa.miR.301a.3p, 1_hsa.let.7a.3p, 1_hsa.miR.103a.2.5p, 1_hsa.miR.106b.3p, 1_hsa.miR.106b.5p, 1_hsa.miR.1226.3p, 1_hsa.miR.1229.3p, 1_hsa.miR.1269a, 1_hsa.miR.1271.5p, 1_hsa.miR.1277.3p, 1_hsa.miR.1301.3p, 1_hsa.miR.1306.3p, 1_hsa.miR.1306.5p, 1_hsa.miR.1307.3p, 1_hsa.miR.130b.3p, 1_hsa.miR.1468.5p, 1_hsa.miR.148b.3p, 1_hsa.miR.148b.5p, 1_hsa.miR.151a.5p, 1_hsa.miR.15b.3p, 1_hsa.miR.16.2.3p, 1_hsa.miR.17.3p, 1_hsa.miR.17.5p, 1_hsa.miR.186.5p, 1_hsa.miR.18a.3p, 1_hsa.miR.18a.5p, 1_hsa.miR.196b.5p, 1_hsa.miR.197.3p, 1_hsa.miR.19a.3p, 1_hsa.miR.19b.3p, 1_hsa.miR.20a.3p, 1_hsa.miR.20a.5p, 1_hsa.miR.210.3p, 1_hsa.miR.25.3p, 1_hsa.miR.29c.3p, 1_hsa.miR.301a.5p, 1_hsa.miR.301b, 1_hsa.miR.3074.5p, 1_hsa.miR.30b.3p, 1_hsa.miR.30b.5p, 1_hsa.miR.30d.3p, 1_hsa.miR.30d.5p, 1_hsa.miR.30e.5p, 1_hsa.miR.3127.5p, 1_hsa.miR.3170, 1_hsa.miR.3187.3p, 1_hsa.miR.3200.3p, 1_hsa.miR.320a, 1_hsa.miR.320b, 1_hsa.miR.324.3p, 1_hsa.miR.324.5p, 1_hsa.miR.339.3p, 1_hsa.miR.33a.3p, 1_hsa.miR.33a.5p, 1_hsa.miR.340.3p, 1_hsa.miR.342.3p, 1_hsa.miR.345.5p, 1_hsa.miR.3605.3p, 1_hsa.miR.361.3p, 1_hsa.miR.361.5p, 1_hsa.miR.3648, 1_hsa.miR.3677.3p, 1_hsa.miR.3687, 1_hsa.miR.374a.5p, 1_hsa.miR.421, 1_hsa.miR.423.3p, 1_hsa.miR.4326, 1_hsa.miR.454.3p, 1_hsa.miR.455.3p, 1_hsa.miR.455.5p, 1_hsa.miR.4661.5p, 1_hsa.miR.4668.3p, 1_hsa.miR.484, 1_hsa.miR.500b.3p, 1_hsa.miR.503.3p, 1_hsa.miR.505.3p, 1_hsa.miR.508.3p, 1_hsa.miR.509.3p, 1_hsa.miR.514a.3p, 1_hsa.miR.551a, 1_hsa.miR.589.3p, 1_hsa.miR.590.5p, 1_hsa.miR.629.3p, 1_hsa.miR.629.5p, 1_hsa.miR.652.3p, 1_hsa.miR.671.5p, 1_hsa.miR.6808.3p, 1_hsa.miR.744.3p, 1_hsa.miR.767.3p, 1_hsa.miR.767.5p, 1_hsa.miR.7706, 1_hsa.miR.887.3p, 1_hsa.miR.92a.1.5p, 1_hsa.miR.92a.3p, 1_hsa.miR.93.3p, 1_hsa.miR.93.5p, 1_hsa.miR.940]
