
OPTIMIZING ON FOLD NUMBER 3
Number of workers = 96

COMPUTING LOCAL ACTIVE FEATURES
Computing active features for view clinic
Existing features: 8
Applying union strategy for feature selection using composite feature selector with
categorical: feature selector any na and anova
survival: feature selector Cox

Computing active features for outcome survival
Features selected for this outcome: 1
Features active in total: 1
Computing active features for view log_mirna
Existing features: 740
Applying union strategy for feature selection using composite feature selector with
categorical: feature selector any na and anova
survival: feature selector Cox

Computing active features for outcome survival
Features selected for this outcome: 255
Features active in total: 255
Computing feature importance
Running optimizer

STARTING 2-STEPS GENETIC ALGORITHM

CREATING INNER FOLDS

ASSIGNING STRATA FOR MULTI-OUTCOME DATA LGG_MV
Assigning strata for outcome named survival of type survival
Counts:
censored 0: 160
censored 1: 93
deceased 0: 39
deceased 1: 37

STARTING SWEEP NUMBER 1
folds_creator_seed = 4107908117

ASSIGNING STRATA FOR MULTI-OUTCOME DATA LGG_MV
Assigning strata for outcome named survival of type survival
Counts:
censored 0: 160
censored 1: 93
deceased 0: 39
deceased 1: 37
ga_runner_seed = 3091794638
VIEW: CLINIC
   	     	         	        	  survival SKSurv Cox model concordance index   	                 root leanness                  
   	     	         	        	------------------------------------------------	------------------------------------------------
gen	evals	gen_feats	explored	min	avg     	max     	std                  	min     	avg     	max	std     
0  	500  	1        	1       	0.5	0.624001	0.745062	0.122522             	0.707107	0.851796	1  	0.146436
1  	253  	1        	1       	0.5	0.622531	0.745062	0.122531             	0.707107	0.853553	1  	0.146447
2  	254  	1        	1       	0.5	0.622531	0.745062	0.122531             	0.707107	0.853553	1  	0.146447
3  	234  	1        	1       	0.5	0.622531	0.745062	0.122531             	0.707107	0.853553	1  	0.146447
4  	251  	1        	1       	0.5	0.622531	0.745062	0.122531             	0.707107	0.853553	1  	0.146447
5  	257  	1        	1       	0.5	0.622531	0.745062	0.122531             	0.707107	0.853553	1  	0.146447
6  	243  	1        	1       	0.5	0.622531	0.745062	0.122531             	0.707107	0.853553	1  	0.146447
7  	253  	1        	1       	0.5	0.622531	0.745062	0.122531             	0.707107	0.853553	1  	0.146447
8  	249  	1        	1       	0.5	0.622531	0.745062	0.122531             	0.707107	0.853553	1  	0.146447
9  	249  	1        	1       	0.5	0.622531	0.745062	0.122531             	0.707107	0.853553	1  	0.146447
10 	259  	1        	1       	0.5	0.622531	0.745062	0.122531             	0.707107	0.853553	1  	0.146447
11 	258  	1        	1       	0.5	0.622531	0.745062	0.122531             	0.707107	0.853553	1  	0.146447
12 	253  	1        	1       	0.5	0.622531	0.745062	0.122531             	0.707107	0.853553	1  	0.146447
13 	255  	1        	1       	0.5	0.622531	0.745062	0.122531             	0.707107	0.853553	1  	0.146447
14 	244  	1        	1       	0.5	0.622531	0.745062	0.122531             	0.707107	0.853553	1  	0.146447
15 	248  	1        	1       	0.5	0.622531	0.745062	0.122531             	0.707107	0.853553	1  	0.146447
16 	259  	1        	1       	0.5	0.622531	0.745062	0.122531             	0.707107	0.853553	1  	0.146447
17 	245  	1        	1       	0.5	0.622531	0.745062	0.122531             	0.707107	0.853553	1  	0.146447
18 	247  	1        	1       	0.5	0.622531	0.745062	0.122531             	0.707107	0.853553	1  	0.146447
19 	230  	1        	1       	0.5	0.622531	0.745062	0.122531             	0.707107	0.853553	1  	0.146447
20 	230  	1        	1       	0.5	0.622531	0.745062	0.122531             	0.707107	0.853553	1  	0.146447
21 	241  	1        	1       	0.5	0.622531	0.745062	0.122531             	0.707107	0.853553	1  	0.146447
22 	247  	1        	1       	0.5	0.622531	0.745062	0.122531             	0.707107	0.853553	1  	0.146447
23 	255  	1        	1       	0.5	0.622531	0.745062	0.122531             	0.707107	0.853553	1  	0.146447
24 	241  	1        	1       	0.5	0.622531	0.745062	0.122531             	0.707107	0.853553	1  	0.146447
25 	232  	1        	1       	0.5	0.622531	0.745062	0.122531             	0.707107	0.853553	1  	0.146447
26 	249  	1        	1       	0.5	0.622531	0.745062	0.122531             	0.707107	0.853553	1  	0.146447
27 	213  	1        	1       	0.5	0.622531	0.745062	0.122531             	0.707107	0.853553	1  	0.146447
28 	258  	1        	1       	0.5	0.622531	0.745062	0.122531             	0.707107	0.853553	1  	0.146447
29 	253  	1        	1       	0.5	0.622531	0.745062	0.122531             	0.707107	0.853553	1  	0.146447
30 	238  	1        	1       	0.5	0.622531	0.745062	0.122531             	0.707107	0.853553	1  	0.146447
31 	250  	1        	1       	0.5	0.622531	0.745062	0.122531             	0.707107	0.853553	1  	0.146447
32 	242  	1        	1       	0.5	0.622531	0.745062	0.122531             	0.707107	0.853553	1  	0.146447
33 	246  	1        	1       	0.5	0.622531	0.745062	0.122531             	0.707107	0.853553	1  	0.146447
34 	256  	1        	1       	0.5	0.622531	0.745062	0.122531             	0.707107	0.853553	1  	0.146447
35 	264  	1        	1       	0.5	0.622531	0.745062	0.122531             	0.707107	0.853553	1  	0.146447
36 	245  	1        	1       	0.5	0.622531	0.745062	0.122531             	0.707107	0.853553	1  	0.146447
37 	258  	1        	1       	0.5	0.622531	0.745062	0.122531             	0.707107	0.853553	1  	0.146447
38 	251  	1        	1       	0.5	0.622531	0.745062	0.122531             	0.707107	0.853553	1  	0.146447
39 	244  	1        	1       	0.5	0.622531	0.745062	0.122531             	0.707107	0.853553	1  	0.146447
40 	235  	1        	1       	0.5	0.622531	0.745062	0.122531             	0.707107	0.853553	1  	0.146447
41 	253  	1        	1       	0.5	0.622531	0.745062	0.122531             	0.707107	0.853553	1  	0.146447
42 	259  	1        	1       	0.5	0.622531	0.745062	0.122531             	0.707107	0.853553	1  	0.146447
43 	232  	1        	1       	0.5	0.622531	0.745062	0.122531             	0.707107	0.853553	1  	0.146447
44 	249  	1        	1       	0.5	0.622531	0.745062	0.122531             	0.707107	0.853553	1  	0.146447
45 	246  	1        	1       	0.5	0.622531	0.745062	0.122531             	0.707107	0.853553	1  	0.146447
46 	228  	1        	1       	0.5	0.622531	0.745062	0.122531             	0.707107	0.853553	1  	0.146447
47 	252  	1        	1       	0.5	0.622531	0.745062	0.122531             	0.707107	0.853553	1  	0.146447
48 	244  	1        	1       	0.5	0.622531	0.745062	0.122531             	0.707107	0.853553	1  	0.146447
49 	257  	1        	1       	0.5	0.622531	0.745062	0.122531             	0.707107	0.853553	1  	0.146447
50 	254  	1        	1       	0.5	0.622531	0.745062	0.122531             	0.707107	0.853553	1  	0.146447
51 	233  	1        	1       	0.5	0.622531	0.745062	0.122531             	0.707107	0.853553	1  	0.146447
52 	237  	1        	1       	0.5	0.622531	0.745062	0.122531             	0.707107	0.853553	1  	0.146447
53 	256  	1        	1       	0.5	0.622531	0.745062	0.122531             	0.707107	0.853553	1  	0.146447
54 	264  	1        	1       	0.5	0.622531	0.745062	0.122531             	0.707107	0.853553	1  	0.146447
55 	255  	1        	1       	0.5	0.622531	0.745062	0.122531             	0.707107	0.853553	1  	0.146447
56 	255  	1        	1       	0.5	0.622531	0.745062	0.122531             	0.707107	0.853553	1  	0.146447
57 	261  	1        	1       	0.5	0.622531	0.745062	0.122531             	0.707107	0.853553	1  	0.146447
58 	250  	1        	1       	0.5	0.622531	0.745062	0.122531             	0.707107	0.853553	1  	0.146447
59 	250  	1        	1       	0.5	0.622531	0.745062	0.122531             	0.707107	0.853553	1  	0.146447
60 	241  	1        	1       	0.5	0.622531	0.745062	0.122531             	0.707107	0.853553	1  	0.146447
61 	232  	1        	1       	0.5	0.622531	0.745062	0.122531             	0.707107	0.853553	1  	0.146447
62 	231  	1        	1       	0.5	0.622531	0.745062	0.122531             	0.707107	0.853553	1  	0.146447
63 	241  	1        	1       	0.5	0.622531	0.745062	0.122531             	0.707107	0.853553	1  	0.146447
64 	242  	1        	1       	0.5	0.622531	0.745062	0.122531             	0.707107	0.853553	1  	0.146447
65 	235  	1        	1       	0.5	0.622531	0.745062	0.122531             	0.707107	0.853553	1  	0.146447
66 	242  	1        	1       	0.5	0.622531	0.745062	0.122531             	0.707107	0.853553	1  	0.146447
67 	260  	1        	1       	0.5	0.622531	0.745062	0.122531             	0.707107	0.853553	1  	0.146447
68 	256  	1        	1       	0.5	0.622531	0.745062	0.122531             	0.707107	0.853553	1  	0.146447
69 	255  	1        	1       	0.5	0.622531	0.745062	0.122531             	0.707107	0.853553	1  	0.146447
70 	255  	1        	1       	0.5	0.622531	0.745062	0.122531             	0.707107	0.853553	1  	0.146447
71 	240  	1        	1       	0.5	0.622531	0.745062	0.122531             	0.707107	0.853553	1  	0.146447
72 	245  	1        	1       	0.5	0.622531	0.745062	0.122531             	0.707107	0.853553	1  	0.146447
73 	250  	1        	1       	0.5	0.622531	0.745062	0.122531             	0.707107	0.853553	1  	0.146447
74 	224  	1        	1       	0.5	0.622531	0.745062	0.122531             	0.707107	0.853553	1  	0.146447
75 	250  	1        	1       	0.5	0.622531	0.745062	0.122531             	0.707107	0.853553	1  	0.146447
76 	253  	1        	1       	0.5	0.622531	0.745062	0.122531             	0.707107	0.853553	1  	0.146447
77 	239  	1        	1       	0.5	0.622531	0.745062	0.122531             	0.707107	0.853553	1  	0.146447
78 	254  	1        	1       	0.5	0.622531	0.745062	0.122531             	0.707107	0.853553	1  	0.146447
79 	249  	1        	1       	0.5	0.622531	0.745062	0.122531             	0.707107	0.853553	1  	0.146447
80 	259  	1        	1       	0.5	0.622531	0.745062	0.122531             	0.707107	0.853553	1  	0.146447
81 	246  	1        	1       	0.5	0.622531	0.745062	0.122531             	0.707107	0.853553	1  	0.146447
82 	265  	1        	1       	0.5	0.622531	0.745062	0.122531             	0.707107	0.853553	1  	0.146447
83 	246  	1        	1       	0.5	0.622531	0.745062	0.122531             	0.707107	0.853553	1  	0.146447
84 	260  	1        	1       	0.5	0.622531	0.745062	0.122531             	0.707107	0.853553	1  	0.146447
85 	263  	1        	1       	0.5	0.622531	0.745062	0.122531             	0.707107	0.853553	1  	0.146447
86 	256  	1        	1       	0.5	0.622531	0.745062	0.122531             	0.707107	0.853553	1  	0.146447
87 	259  	1        	1       	0.5	0.622531	0.745062	0.122531             	0.707107	0.853553	1  	0.146447
88 	254  	1        	1       	0.5	0.622531	0.745062	0.122531             	0.707107	0.853553	1  	0.146447
89 	253  	1        	1       	0.5	0.622531	0.745062	0.122531             	0.707107	0.853553	1  	0.146447
90 	256  	1        	1       	0.5	0.622531	0.745062	0.122531             	0.707107	0.853553	1  	0.146447
91 	274  	1        	1       	0.5	0.622531	0.745062	0.122531             	0.707107	0.853553	1  	0.146447
92 	256  	1        	1       	0.5	0.622531	0.745062	0.122531             	0.707107	0.853553	1  	0.146447
93 	235  	1        	1       	0.5	0.622531	0.745062	0.122531             	0.707107	0.853553	1  	0.146447
94 	238  	1        	1       	0.5	0.622531	0.745062	0.122531             	0.707107	0.853553	1  	0.146447
95 	248  	1        	1       	0.5	0.622531	0.745062	0.122531             	0.707107	0.853553	1  	0.146447
96 	257  	1        	1       	0.5	0.622531	0.745062	0.122531             	0.707107	0.853553	1  	0.146447
97 	259  	1        	1       	0.5	0.622531	0.745062	0.122531             	0.707107	0.853553	1  	0.146447
98 	249  	1        	1       	0.5	0.622531	0.745062	0.122531             	0.707107	0.853553	1  	0.146447
99 	262  	1        	1       	0.5	0.622531	0.745062	0.122531             	0.707107	0.853553	1  	0.146447
100	238  	1        	1       	0.5	0.622531	0.745062	0.122531             	0.707107	0.853553	1  	0.146447
101	269  	1        	1       	0.5	0.622531	0.745062	0.122531             	0.707107	0.853553	1  	0.146447
102	234  	1        	1       	0.5	0.622531	0.745062	0.122531             	0.707107	0.853553	1  	0.146447
103	239  	1        	1       	0.5	0.622531	0.745062	0.122531             	0.707107	0.853553	1  	0.146447
104	246  	1        	1       	0.5	0.622531	0.745062	0.122531             	0.707107	0.853553	1  	0.146447
105	236  	1        	1       	0.5	0.622531	0.745062	0.122531             	0.707107	0.853553	1  	0.146447
106	251  	1        	1       	0.5	0.622531	0.745062	0.122531             	0.707107	0.853553	1  	0.146447
107	246  	1        	1       	0.5	0.622531	0.745062	0.122531             	0.707107	0.853553	1  	0.146447
108	271  	1        	1       	0.5	0.622531	0.745062	0.122531             	0.707107	0.853553	1  	0.146447
109	235  	1        	1       	0.5	0.622531	0.745062	0.122531             	0.707107	0.853553	1  	0.146447
110	251  	1        	1       	0.5	0.622531	0.745062	0.122531             	0.707107	0.853553	1  	0.146447
111	262  	1        	1       	0.5	0.622531	0.745062	0.122531             	0.707107	0.853553	1  	0.146447
112	264  	1        	1       	0.5	0.622531	0.745062	0.122531             	0.707107	0.853553	1  	0.146447
113	240  	1        	1       	0.5	0.622531	0.745062	0.122531             	0.707107	0.853553	1  	0.146447
114	257  	1        	1       	0.5	0.622531	0.745062	0.122531             	0.707107	0.853553	1  	0.146447
115	248  	1        	1       	0.5	0.622531	0.745062	0.122531             	0.707107	0.853553	1  	0.146447
116	251  	1        	1       	0.5	0.622531	0.745062	0.122531             	0.707107	0.853553	1  	0.146447
117	256  	1        	1       	0.5	0.622531	0.745062	0.122531             	0.707107	0.853553	1  	0.146447
118	242  	1        	1       	0.5	0.622531	0.745062	0.122531             	0.707107	0.853553	1  	0.146447
119	248  	1        	1       	0.5	0.622531	0.745062	0.122531             	0.707107	0.853553	1  	0.146447
120	264  	1        	1       	0.5	0.622531	0.745062	0.122531             	0.707107	0.853553	1  	0.146447
121	252  	1        	1       	0.5	0.622531	0.745062	0.122531             	0.707107	0.853553	1  	0.146447
122	254  	1        	1       	0.5	0.622531	0.745062	0.122531             	0.707107	0.853553	1  	0.146447
123	234  	1        	1       	0.5	0.622531	0.745062	0.122531             	0.707107	0.853553	1  	0.146447
124	248  	1        	1       	0.5	0.622531	0.745062	0.122531             	0.707107	0.853553	1  	0.146447
125	271  	1        	1       	0.5	0.622531	0.745062	0.122531             	0.707107	0.853553	1  	0.146447
126	252  	1        	1       	0.5	0.622531	0.745062	0.122531             	0.707107	0.853553	1  	0.146447
127	239  	1        	1       	0.5	0.622531	0.745062	0.122531             	0.707107	0.853553	1  	0.146447
128	230  	1        	1       	0.5	0.622531	0.745062	0.122531             	0.707107	0.853553	1  	0.146447
129	232  	1        	1       	0.5	0.622531	0.745062	0.122531             	0.707107	0.853553	1  	0.146447
130	252  	1        	1       	0.5	0.622531	0.745062	0.122531             	0.707107	0.853553	1  	0.146447
131	238  	1        	1       	0.5	0.622531	0.745062	0.122531             	0.707107	0.853553	1  	0.146447
132	250  	1        	1       	0.5	0.622531	0.745062	0.122531             	0.707107	0.853553	1  	0.146447
133	246  	1        	1       	0.5	0.622531	0.745062	0.122531             	0.707107	0.853553	1  	0.146447
134	250  	1        	1       	0.5	0.622531	0.745062	0.122531             	0.707107	0.853553	1  	0.146447
135	266  	1        	1       	0.5	0.622531	0.745062	0.122531             	0.707107	0.853553	1  	0.146447
136	234  	1        	1       	0.5	0.622531	0.745062	0.122531             	0.707107	0.853553	1  	0.146447
137	251  	1        	1       	0.5	0.622531	0.745062	0.122531             	0.707107	0.853553	1  	0.146447
138	250  	1        	1       	0.5	0.622531	0.745062	0.122531             	0.707107	0.853553	1  	0.146447
139	275  	1        	1       	0.5	0.622531	0.745062	0.122531             	0.707107	0.853553	1  	0.146447
140	252  	1        	1       	0.5	0.622531	0.745062	0.122531             	0.707107	0.853553	1  	0.146447
141	285  	1        	1       	0.5	0.622531	0.745062	0.122531             	0.707107	0.853553	1  	0.146447
142	250  	1        	1       	0.5	0.622531	0.745062	0.122531             	0.707107	0.853553	1  	0.146447
143	258  	1        	1       	0.5	0.622531	0.745062	0.122531             	0.707107	0.853553	1  	0.146447
144	254  	1        	1       	0.5	0.622531	0.745062	0.122531             	0.707107	0.853553	1  	0.146447
145	256  	1        	1       	0.5	0.622531	0.745062	0.122531             	0.707107	0.853553	1  	0.146447
146	247  	1        	1       	0.5	0.622531	0.745062	0.122531             	0.707107	0.853553	1  	0.146447
147	245  	1        	1       	0.5	0.622531	0.745062	0.122531             	0.707107	0.853553	1  	0.146447
148	233  	1        	1       	0.5	0.622531	0.745062	0.122531             	0.707107	0.853553	1  	0.146447
149	247  	1        	1       	0.5	0.622531	0.745062	0.122531             	0.707107	0.853553	1  	0.146447

ASSIGNING STRATA FOR MULTI-OUTCOME DATA LGG_MV
Assigning strata for outcome named survival of type survival
Counts:
censored 0: 160
censored 1: 93
deceased 0: 39
deceased 1: 37
VIEW: LOG_MIRNA
   	     	         	        	   survival SKSurv Cox model concordance index   	                 root leanness                  
   	     	         	        	-------------------------------------------------	------------------------------------------------
gen	evals	gen_feats	explored	min	avg     	max     	std                  	min     	avg     	max	std     
0  	500  	28       	28      	0.5	0.763488	0.872112	0.063144             	0.185695	0.268758	1  	0.153157
1  	375  	185      	185     	0.5	0.781101	0.872112	0.0639942            	0.182574	0.298523	1  	0.118955
2  	389  	204      	228     	0.5	0.798993	0.877037	0.0657305            	0.188982	0.336366	1  	0.119385
3  	362  	198      	244     	0.5	0.811094	0.877037	0.0673048            	0.19245 	0.356685	1  	0.131568
4  	373  	207      	251     	0.5	0.82121 	0.877037	0.0588757            	0.196116	0.357641	1  	0.13634 
5  	392  	213      	255     	0.5	0.827985	0.880286	0.0532654            	0.204124	0.358543	1  	0.135665
6  	382  	210      	255     	0.5	0.832342	0.883091	0.0508882            	0.208514	0.357056	1  	0.13356 
7  	381  	207      	255     	0.5	0.834938	0.883091	0.050131             	0.208514	0.357831	1  	0.133004
8  	380  	209      	255     	0.5	0.837125	0.888   	0.0503793            	0.208514	0.357422	1  	0.133382
9  	380  	216      	255     	0.5	0.839113	0.888   	0.0506126            	0.208514	0.357119	1  	0.133084
10 	388  	206      	255     	0.5	0.840939	0.888   	0.0499885            	0.213201	0.357958	1  	0.132811
11 	373  	215      	255     	0.5	0.842935	0.888   	0.0489129            	0.208514	0.356996	1  	0.131944
12 	380  	215      	255     	0.5	0.843778	0.888   	0.0494086            	0.208514	0.358847	1  	0.132318
13 	373  	211      	255     	0.5	0.84512 	0.888   	0.0490226            	0.208514	0.359093	1  	0.13212 
14 	363  	206      	255     	0.5	0.845328	0.888   	0.0498238            	0.208514	0.361986	1  	0.132858
15 	379  	201      	255     	0.5	0.845154	0.888   	0.0501919            	0.208514	0.366798	1  	0.13261 
16 	392  	212      	255     	0.5	0.846501	0.888335	0.049822             	0.213201	0.36564 	1  	0.13272 
17 	398  	215      	255     	0.5	0.848697	0.888335	0.0474023            	0.213201	0.36274 	1  	0.132528
18 	379  	217      	255     	0.5	0.849437	0.892516	0.047176             	0.213201	0.363154	1  	0.132251
19 	376  	207      	255     	0.5	0.850404	0.892516	0.046165             	0.213201	0.363549	1  	0.131927
20 	372  	208      	255     	0.5	0.851019	0.892516	0.0460197            	0.218218	0.363957	1  	0.13162 
21 	371  	213      	255     	0.5	0.851707	0.892516	0.0460879            	0.218218	0.363319	1  	0.132013
22 	403  	207      	255     	0.5	0.8525  	0.892516	0.0460447            	0.218218	0.363498	1  	0.131925
23 	382  	207      	255     	0.5	0.853416	0.892516	0.0462541            	0.218218	0.361842	1  	0.132893
24 	372  	215      	255     	0.5	0.854717	0.892516	0.0456284            	0.213201	0.35958 	1  	0.131763
25 	375  	216      	255     	0.5	0.855466	0.892516	0.0453814            	0.213201	0.359423	1  	0.131868
26 	387  	208      	255     	0.5	0.855239	0.893695	0.0464046            	0.213201	0.361803	1  	0.132731
27 	367  	210      	255     	0.5	0.856096	0.893695	0.0460756            	0.213201	0.36081 	1  	0.13229 
28 	374  	212      	255     	0.5	0.85689 	0.895178	0.0454916            	0.213201	0.35968 	1  	0.131632
29 	398  	221      	255     	0.5	0.857159	0.895184	0.0455814            	0.213201	0.360126	1  	0.13132 
30 	375  	206      	255     	0.5	0.856921	0.895184	0.0458084            	0.213201	0.362422	1  	0.132035
31 	366  	209      	255     	0.5	0.85697 	0.895184	0.0458957            	0.213201	0.363403	1  	0.132108
32 	375  	197      	255     	0.5	0.85822 	0.89894 	0.0453668            	0.213201	0.360458	1  	0.13187 
33 	364  	218      	255     	0.5	0.858823	0.89894 	0.0451567            	0.213201	0.359915	1  	0.131532
34 	373  	206      	255     	0.5	0.859219	0.89894 	0.0453241            	0.213201	0.359881	1  	0.131541
35 	379  	206      	255     	0.5	0.859895	0.89894 	0.0454891            	0.213201	0.357812	1  	0.13232 
36 	390  	209      	255     	0.5	0.859929	0.89894 	0.0455749            	0.213201	0.359163	1  	0.132168
37 	399  	218      	255     	0.5	0.860228	0.89894 	0.0456835            	0.208514	0.358722	1  	0.132538
38 	371  	203      	255     	0.5	0.859288	0.901252	0.0467371            	0.208514	0.363535	1  	0.132082
39 	375  	207      	255     	0.5	0.859734	0.901252	0.0464598            	0.208514	0.363336	1  	0.132141
40 	379  	210      	255     	0.5	0.860171	0.901252	0.0465517            	0.208514	0.362527	1  	0.132248
41 	373  	208      	255     	0.5	0.861225	0.90857 	0.0460053            	0.208514	0.360045	1  	0.131409
42 	389  	217      	255     	0.5	0.860529	0.90857 	0.0474377            	0.208514	0.362399	1  	0.132376
43 	385  	211      	255     	0.5	0.861743	0.90857 	0.0460256            	0.208514	0.359951	1  	0.131504
44 	386  	205      	255     	0.5	0.862007	0.90857 	0.0460358            	0.208514	0.360077	1  	0.131391
45 	376  	205      	255     	0.5	0.862247	0.90857 	0.0461333            	0.208514	0.359879	1  	0.131568
46 	372  	215      	255     	0.5	0.862375	0.90857 	0.0462043            	0.208514	0.359886	1  	0.131566
47 	388  	210      	255     	0.5	0.862669	0.90857 	0.0463591            	0.213201	0.359519	1  	0.13186 
48 	380  	208      	255     	0.5	0.863131	0.90857 	0.0465618            	0.213201	0.358578	1  	0.132342
49 	360  	208      	255     	0.5	0.863334	0.90857 	0.0466473            	0.213201	0.358481	1  	0.132353
50 	378  	217      	255     	0.5	0.863798	0.90857 	0.0466873            	0.208514	0.35744 	1  	0.13215 
51 	384  	206      	255     	0.5	0.864707	0.90857 	0.0462137            	0.208514	0.35561 	1  	0.131382
52 	391  	211      	255     	0.5	0.8647  	0.90857 	0.0463055            	0.208514	0.356262	1  	0.131314
53 	366  	211      	255     	0.5	0.864311	0.90857 	0.0469499            	0.208514	0.357841	1  	0.132118
54 	383  	215      	255     	0.5	0.864087	0.90857 	0.0470279            	0.208514	0.359315	1  	0.132005
55 	371  	202      	255     	0.5	0.864663	0.90857 	0.0470271            	0.208514	0.357969	1  	0.131873
56 	387  	216      	255     	0.5	0.86442 	0.90857 	0.0471526            	0.208514	0.359626	1  	0.131603
57 	372  	214      	255     	0.5	0.865514	0.90857 	0.0466321            	0.208514	0.356319	1  	0.131151
58 	365  	204      	255     	0.5	0.864749	0.90857 	0.0478796            	0.208514	0.35907 	1  	0.131882
59 	365  	206      	255     	0.5	0.865444	0.909209	0.0474252            	0.208514	0.35749 	1  	0.131942
60 	378  	206      	255     	0.5	0.865513	0.909209	0.0475342            	0.208514	0.357944	1  	0.131864
61 	388  	204      	255     	0.5	0.86599 	0.909209	0.046748             	0.208514	0.357605	1  	0.131218
62 	386  	204      	255     	0.5	0.866476	0.909209	0.0468171            	0.208514	0.356515	1  	0.131165
63 	389  	211      	255     	0.5	0.86682 	0.909209	0.0468891            	0.208514	0.355852	1  	0.131229
64 	373  	210      	255     	0.5	0.867026	0.909209	0.0469995            	0.208514	0.355439	1  	0.131566
65 	388  	205      	255     	0.5	0.867409	0.909209	0.047164             	0.208514	0.354321	1  	0.132157
66 	381  	209      	255     	0.5	0.868231	0.909333	0.0467057            	0.208514	0.352358	1  	0.13138 
67 	383  	209      	255     	0.5	0.867883	0.909333	0.0475141            	0.208514	0.353692	1  	0.132098
68 	389  	217      	255     	0.5	0.868101	0.909333	0.0475653            	0.208514	0.353989	1  	0.132072
69 	384  	213      	255     	0.5	0.868452	0.90978 	0.0474241            	0.208514	0.35381 	1  	0.132111
70 	379  	211      	255     	0.5	0.868122	0.90978 	0.0473884            	0.204124	0.355737	1  	0.131365
71 	380  	205      	255     	0.5	0.868766	0.910274	0.047607             	0.204124	0.354161	1  	0.132037
72 	376  	213      	255     	0.5	0.869554	0.910274	0.0477133            	0.2     	0.352187	1  	0.132144
73 	389  	219      	255     	0.5	0.87016 	0.911379	0.0472777            	0.2     	0.350955	1  	0.13156 
74 	367  	202      	255     	0.5	0.870311	0.911379	0.0473645            	0.196116	0.350719	1  	0.131784
75 	379  	214      	255     	0.5	0.870763	0.911379	0.0475075            	0.196116	0.349372	1  	0.132293
76 	379  	219      	255     	0.5	0.870682	0.911379	0.0475936            	0.196116	0.350026	1  	0.132334
77 	362  	205      	255     	0.5	0.871913	0.911379	0.0471217            	0.196116	0.346516	1  	0.131834
78 	379  	205      	255     	0.5	0.872166	0.911379	0.0471577            	0.2     	0.346032	1  	0.131694
79 	358  	205      	255     	0.5	0.872273	0.911379	0.047189             	0.2     	0.34592 	1  	0.131803
80 	384  	217      	255     	0.5	0.872791	0.911379	0.047327             	0.2     	0.344299	1  	0.132344
81 	370  	222      	255     	0.5	0.872995	0.912539	0.0473027            	0.2     	0.343872	1  	0.132461
82 	396  	221      	255     	0.5	0.872774	0.912539	0.0473469            	0.2     	0.345144	1  	0.132281
83 	364  	204      	255     	0.5	0.872736	0.912539	0.0473144            	0.196116	0.345854	1  	0.131875
84 	404  	221      	255     	0.5	0.873391	0.912539	0.0474746            	0.196116	0.343845	1  	0.132477
85 	360  	206      	255     	0.5	0.874455	0.912539	0.0466815            	0.196116	0.341163	1  	0.131643
86 	375  	210      	255     	0.5	0.874554	0.912539	0.0467328            	0.196116	0.341105	1  	0.131693
87 	391  	201      	255     	0.5	0.874694	0.912539	0.0466499            	0.196116	0.341393	1  	0.131436
88 	368  	207      	255     	0.5	0.87481 	0.913312	0.0467024            	0.196116	0.341465	1  	0.131368
89 	387  	223      	255     	0.5	0.874988	0.913312	0.0467598            	0.196116	0.340974	1  	0.131707
90 	375  	222      	255     	0.5	0.875212	0.913312	0.0468301            	0.196116	0.340438	1  	0.131863
91 	382  	215      	255     	0.5	0.875482	0.913312	0.0469004            	0.196116	0.339601	1  	0.132072
92 	362  	212      	255     	0.5	0.875563	0.914006	0.0468939            	0.196116	0.339831	1  	0.131714
93 	374  	207      	255     	0.5	0.875817	0.914006	0.0470109            	0.196116	0.339026	1  	0.132376
94 	359  	220      	255     	0.5	0.875994	0.914006	0.0469821            	0.196116	0.338548	1  	0.132064
95 	377  	210      	255     	0.5	0.875824	0.914006	0.0471955            	0.196116	0.339465	1  	0.132475
96 	373  	212      	255     	0.5	0.876457	0.915386	0.0466696            	0.196116	0.33804 	1  	0.131761
97 	377  	217      	255     	0.5	0.876042	0.916447	0.0477351            	0.188982	0.339373	1  	0.132372
98 	386  	217      	255     	0.5	0.877178	0.916447	0.0466589            	0.188982	0.336684	1  	0.131008
99 	359  	208      	255     	0.5	0.876362	0.916447	0.0475072            	0.188982	0.339212	1  	0.132245
100	372  	203      	255     	0.5	0.876871	0.916447	0.0468976            	0.188982	0.338354	1  	0.131351
101	360  	200      	255     	0.5	0.877506	0.916447	0.046831             	0.188982	0.3364  	1  	0.131193
102	369  	214      	255     	0.5	0.877402	0.918055	0.0468995            	0.188982	0.336983	1  	0.131272
103	376  	217      	255     	0.5	0.877661	0.918055	0.046894             	0.188982	0.336437	1  	0.131158
104	385  	207      	255     	0.5	0.877711	0.918055	0.0469286            	0.188982	0.336389	1  	0.131221
105	369  	213      	255     	0.5	0.877753	0.918055	0.0469304            	0.188982	0.336542	1  	0.131089
106	373  	211      	255     	0.5	0.87784 	0.918055	0.0469794            	0.188982	0.336225	1  	0.131345
107	366  	201      	255     	0.5	0.877956	0.918055	0.0470439            	0.188982	0.336015	1  	0.131447
108	389  	210      	255     	0.5	0.877952	0.918055	0.0470376            	0.188982	0.336472	1  	0.131142
109	365  	217      	255     	0.5	0.878011	0.918055	0.0470789            	0.188982	0.336372	1  	0.131233
110	360  	214      	255     	0.5	0.87812 	0.923537	0.0471603            	0.188982	0.336268	1  	0.131313
111	366  	210      	255     	0.5	0.878201	0.923537	0.0471892            	0.188982	0.336232	1  	0.131355
112	367  	209      	255     	0.5	0.87826 	0.923537	0.0472272            	0.2     	0.336296	1  	0.1313  
113	379  	205      	255     	0.5	0.878311	0.923537	0.0472521            	0.2     	0.336326	1  	0.131279
114	367  	213      	255     	0.5	0.878415	0.923537	0.0472778            	0.2     	0.336231	1  	0.131357
115	387  	201      	255     	0.5	0.878561	0.923537	0.047311             	0.2     	0.336009	1  	0.131522
116	370  	214      	255     	0.5	0.8786  	0.923537	0.0473463            	0.2     	0.336137	1  	0.131447
117	385  	203      	255     	0.5	0.878745	0.923537	0.0474377            	0.19245 	0.335589	1  	0.13188 
118	382  	206      	255     	0.5	0.878974	0.923537	0.0475452            	0.19245 	0.334947	1  	0.132264
119	375  	213      	255     	0.5	0.879368	0.923537	0.0476303            	0.19245 	0.333928	1  	0.132506
120	372  	210      	255     	0.5	0.879182	0.923537	0.0476749            	0.19245 	0.334849	1  	0.132363
121	360  	203      	255     	0.5	0.879166	0.923537	0.0476647            	0.19245 	0.335253	1  	0.132121
122	384  	214      	255     	0.5	0.879167	0.923537	0.0476608            	0.196116	0.335752	1  	0.131719
123	369  	215      	255     	0.5	0.879242	0.923537	0.0477142            	0.196116	0.335673	1  	0.13179 
124	378  	201      	255     	0.5	0.879305	0.923537	0.0477659            	0.196116	0.335655	1  	0.131832
125	377  	210      	255     	0.5	0.879516	0.923537	0.0478265            	0.19245 	0.33501 	1  	0.132111
126	358  	201      	255     	0.5	0.880034	0.923537	0.0475165            	0.19245 	0.333846	1  	0.132527
127	372  	212      	255     	0.5	0.879629	0.923537	0.0474794            	0.19245 	0.33526 	1  	0.132167
128	386  	207      	255     	0.5	0.879856	0.923537	0.0475452            	0.19245 	0.334823	1  	0.132259
129	377  	209      	255     	0.5	0.880473	0.924007	0.0477318            	0.19245 	0.333177	1  	0.132776
130	372  	201      	255     	0.5	0.881352	0.924007	0.0470505            	0.19245 	0.330758	1  	0.131423
131	392  	202      	255     	0.5	0.881432	0.924007	0.0471007            	0.19245 	0.330784	1  	0.131403
132	351  	196      	255     	0.5	0.881487	0.924007	0.0471083            	0.19245 	0.33099 	1  	0.131221
133	374  	212      	255     	0.5	0.881557	0.924007	0.0471568            	0.188982	0.330772	1  	0.131398
134	378  	218      	255     	0.5	0.881607	0.924007	0.0471951            	0.188982	0.330933	1  	0.131272
135	372  	204      	255     	0.5	0.881638	0.924007	0.047212             	0.188982	0.331142	1  	0.131088
136	383  	208      	255     	0.5	0.881676	0.924007	0.047233             	0.188982	0.331117	1  	0.131113
137	368  	196      	255     	0.5	0.881735	0.924007	0.0472467            	0.188982	0.331081	1  	0.131147
138	382  	215      	255     	0.5	0.881791	0.924007	0.0472942            	0.188982	0.33107 	1  	0.131189
139	379  	206      	255     	0.5	0.881996	0.924007	0.0474073            	0.188982	0.330497	1  	0.131567
140	380  	218      	255     	0.5	0.882047	0.924007	0.0474123            	0.188982	0.330728	1  	0.131393
141	384  	212      	255     	0.5	0.88209 	0.92615 	0.0474555            	0.19245 	0.331033	1  	0.1312  
142	381  	213      	255     	0.5	0.882341	0.92615 	0.0475334            	0.19245 	0.330384	1  	0.131449
143	378  	220      	255     	0.5	0.882381	0.92615 	0.0475647            	0.19245 	0.330512	1  	0.131357
144	370  	217      	255     	0.5	0.882515	0.92615 	0.047665             	0.19245 	0.330189	1  	0.131615
145	392  	216      	255     	0.5	0.883679	0.92615 	0.0471004            	0.188982	0.326972	1  	0.130694
146	380  	206      	255     	0.5	0.882852	0.92615 	0.04792              	0.19245 	0.329318	1  	0.131881
147	374  	207      	255     	0.5	0.882914	0.92615 	0.0479334            	0.19245 	0.329323	1  	0.131729
148	385  	214      	255     	0.5	0.882587	0.92615 	0.0479413            	0.188982	0.330441	1  	0.13157 
149	358  	207      	255     	0.5	0.88251 	0.92615 	0.0478295            	0.19245 	0.330942	1  	0.131219

STARTING MASTER RUNNER CONCATENATED MASTER

CONCATENATED MASTER WITH SYMMETRIC FLIP
MASTER
   	     	         	        	       survival SKSurv Cox model concordance index       	                     root leanness                      
   	     	         	        	---------------------------------------------------------	--------------------------------------------------------
gen	evals	gen_feats	explored	min     	avg     	max     	std             	min     	avg     	max     	std     
0  	500  	160      	160     	0.622737	0.844406	0.884811	0.0409545       	0.188982	0.319243	0.707107	0.117219
1  	367  	197      	215     	0.5     	0.848032	0.887051	0.0372154       	0.196116	0.345262	1       	0.123645
2  	373  	210      	242     	0.5     	0.849507	0.887051	0.0390725       	0.188982	0.345913	1       	0.126904
3  	374  	212      	255     	0.5     	0.848855	0.887051	0.0454256       	0.19245 	0.348777	1       	0.134038
4  	380  	207      	256     	0.5     	0.850122	0.887051	0.0438724       	0.196116	0.348884	1       	0.134071
5  	378  	221      	256     	0.5     	0.851242	0.888752	0.042513        	0.196116	0.349001	1       	0.134053
6  	358  	200      	256     	0.5     	0.852156	0.888752	0.042488        	0.19245 	0.347813	1       	0.134547
7  	370  	213      	256     	0.5     	0.853109	0.889566	0.0419942       	0.19245 	0.346837	1       	0.134382
8  	377  	208      	256     	0.5     	0.854309	0.89043 	0.0414604       	0.19245 	0.345109	1       	0.133322
9  	392  	217      	256     	0.5     	0.854226	0.89043 	0.0426708       	0.19245 	0.346746	1       	0.134591
10 	367  	213      	256     	0.5     	0.854424	0.89043 	0.0423079       	0.19245 	0.348378	1       	0.134434
11 	378  	208      	256     	0.5     	0.854829	0.89043 	0.0424758       	0.188982	0.348565	1       	0.134344
12 	378  	213      	256     	0.5     	0.855355	0.890762	0.0424766       	0.188982	0.348138	1       	0.134412
13 	388  	215      	256     	0.5     	0.856004	0.892125	0.0426162       	0.188982	0.346972	1       	0.134566
14 	394  	215      	256     	0.5     	0.856266	0.892125	0.0425064       	0.188982	0.347463	1       	0.13468 
15 	376  	215      	256     	0.5     	0.85754 	0.893806	0.0420895       	0.188982	0.344166	1       	0.13424 
16 	372  	213      	256     	0.5     	0.857139	0.893806	0.0428056       	0.188982	0.347261	1       	0.134499
17 	377  	217      	256     	0.5     	0.858224	0.893806	0.0422215       	0.188982	0.344809	1       	0.133725
18 	363  	216      	256     	0.5     	0.858644	0.893806	0.0423966       	0.188982	0.343751	1       	0.134382
19 	377  	222      	256     	0.5     	0.859074	0.893806	0.042485        	0.188982	0.342919	1       	0.13468 
20 	387  	218      	256     	0.5     	0.858947	0.896256	0.0425638       	0.188982	0.344266	1       	0.134304
21 	386  	225      	256     	0.5     	0.859397	0.896256	0.0426549       	0.188982	0.343835	1       	0.134284
22 	391  	218      	256     	0.5     	0.859524	0.899357	0.0426599       	0.188982	0.345519	1       	0.133133
23 	364  	215      	256     	0.5     	0.859207	0.899357	0.0434822       	0.19245 	0.347281	1       	0.133832
24 	360  	209      	256     	0.5     	0.85919 	0.899357	0.0435996       	0.188982	0.349082	1       	0.133587
25 	380  	212      	256     	0.5     	0.859151	0.899357	0.0436148       	0.188982	0.351325	1       	0.13211 
26 	388  	215      	256     	0.5     	0.859601	0.899357	0.0436161       	0.188982	0.350371	1       	0.1326  
27 	369  	215      	256     	0.5     	0.859798	0.899357	0.0436639       	0.188982	0.350862	1       	0.13252 
28 	397  	229      	256     	0.5     	0.860071	0.899357	0.0437355       	0.188982	0.350548	1       	0.132793
29 	371  	210      	256     	0.5     	0.860434	0.899357	0.0438647       	0.188982	0.349761	1       	0.133179
30 	370  	219      	256     	0.5     	0.859471	0.899357	0.0445734       	0.188982	0.353888	1       	0.133515
31 	390  	212      	256     	0.5     	0.859634	0.899357	0.0446124       	0.188982	0.354067	1       	0.133429
32 	377  	213      	256     	0.5     	0.859554	0.899357	0.0445891       	0.188982	0.355357	1       	0.132622
33 	360  	210      	256     	0.5     	0.859746	0.899357	0.0446893       	0.188982	0.355366	1       	0.132623
34 	376  	208      	256     	0.5     	0.859974	0.900013	0.044799        	0.188982	0.355414	1       	0.132577
35 	368  	212      	256     	0.5     	0.860347	0.900013	0.0449446       	0.188982	0.354627	1       	0.13287 
36 	379  	207      	256     	0.5     	0.860301	0.900013	0.0449211       	0.188982	0.35551 	1       	0.132534
37 	380  	222      	256     	0.5     	0.860592	0.900013	0.0450456       	0.188982	0.355257	1       	0.132687
38 	379  	212      	256     	0.5     	0.860696	0.900883	0.0450973       	0.19245 	0.355642	1       	0.132391
39 	380  	218      	256     	0.5     	0.860912	0.904359	0.0452045       	0.19245 	0.355558	1       	0.132485
40 	382  	213      	256     	0.5     	0.860332	0.904359	0.0458438       	0.19245 	0.358006	1       	0.133001
41 	377  	211      	256     	0.5     	0.860329	0.904359	0.0459384       	0.19245 	0.358779	1       	0.132926
42 	372  	208      	256     	0.5     	0.861467	0.904359	0.0454243       	0.19245 	0.355805	1       	0.132243
43 	381  	217      	256     	0.5     	0.861788	0.904359	0.0454103       	0.196116	0.355245	1       	0.131853
44 	390  	214      	256     	0.5     	0.861115	0.904359	0.0461468       	0.19245 	0.357748	1       	0.132481
45 	368  	217      	256     	0.5     	0.860849	0.904359	0.0460612       	0.19245 	0.35941 	1       	0.132022
46 	383  	219      	256     	0.5     	0.861085	0.904359	0.0461272       	0.19245 	0.359566	1       	0.131895
47 	357  	217      	256     	0.5     	0.861329	0.904359	0.0462509       	0.19245 	0.359179	1       	0.132138
48 	379  	206      	256     	0.5     	0.861548	0.904359	0.0463369       	0.19245 	0.358953	1       	0.132228
49 	390  	212      	256     	0.5     	0.861636	0.904359	0.0464028       	0.19245 	0.359096	1       	0.132217
50 	375  	209      	256     	0.5     	0.861676	0.904359	0.0464309       	0.19245 	0.359247	1       	0.13219 
51 	369  	207      	256     	0.5     	0.862379	0.904359	0.0466431       	0.188982	0.357318	1       	0.132864
52 	385  	221      	256     	0.5     	0.863261	0.904359	0.0461191       	0.188982	0.355295	1       	0.131802
53 	375  	227      	256     	0.5     	0.863641	0.906221	0.0462545       	0.188982	0.354154	1       	0.132302
54 	352  	218      	256     	0.5     	0.863563	0.906221	0.0463031       	0.196116	0.355232	1       	0.131759
55 	374  	218      	256     	0.5     	0.863717	0.906221	0.0464038       	0.196116	0.355072	1       	0.131877
56 	383  	198      	256     	0.5     	0.863909	0.908413	0.0464846       	0.196116	0.35495 	1       	0.131853
57 	365  	201      	256     	0.5     	0.864087	0.908413	0.0465435       	0.196116	0.354678	1       	0.13193 
58 	387  	204      	256     	0.5     	0.865313	0.908413	0.0460734       	0.196116	0.350988	1       	0.131486
59 	391  	211      	256     	0.5     	0.865414	0.908413	0.0461383       	0.196116	0.35075 	1       	0.131712
60 	375  	202      	256     	0.5     	0.865574	0.908413	0.0462106       	0.196116	0.350602	1       	0.131844
61 	376  	207      	256     	0.5     	0.865648	0.908413	0.046255        	0.2     	0.350792	1       	0.131679
62 	385  	213      	256     	0.5     	0.865953	0.913254	0.0463632       	0.2     	0.35031 	1       	0.131748
63 	375  	214      	256     	0.5     	0.866029	0.913254	0.0464414       	0.2     	0.35029 	1       	0.131927
64 	390  	211      	256     	0.5     	0.866759	0.913254	0.046014        	0.2     	0.348272	1       	0.131582
65 	371  	212      	256     	0.5     	0.866954	0.913254	0.0471149       	0.19245 	0.347191	1       	0.132364
66 	376  	204      	256     	0.5     	0.867706	0.913254	0.0461754       	0.188982	0.34575 	1       	0.131834
67 	370  	213      	256     	0.5     	0.868745	0.913254	0.0457788       	0.188982	0.34274 	1       	0.131557
68 	388  	204      	256     	0.5     	0.86834 	0.913254	0.0469696       	0.188982	0.343844	1       	0.132449
69 	386  	205      	256     	0.5     	0.869283	0.913254	0.0458812       	0.188982	0.341972	1       	0.131448
70 	376  	213      	256     	0.5     	0.869611	0.913254	0.045953        	0.188982	0.341015	1       	0.131653
71 	381  	218      	256     	0.5     	0.869628	0.913254	0.0459783       	0.188982	0.341304	1       	0.131476
72 	394  	219      	256     	0.5     	0.869825	0.914602	0.0460679       	0.188982	0.340686	1       	0.131894
73 	371  	211      	256     	0.5     	0.87048 	0.914602	0.0461827       	0.188982	0.338649	1       	0.132404
74 	383  	217      	256     	0.5     	0.870881	0.914602	0.0461345       	0.188982	0.337443	1       	0.132222
75 	380  	209      	256     	0.5     	0.870474	0.914602	0.046323        	0.188982	0.339052	1       	0.132533
76 	370  	223      	256     	0.5     	0.870783	0.914602	0.0457829       	0.188982	0.338435	1       	0.131561
77 	383  	226      	256     	0.5     	0.871564	0.914602	0.0457621       	0.188982	0.336456	1       	0.131308
78 	381  	210      	256     	0.5     	0.871642	0.914602	0.0458159       	0.188982	0.336601	1       	0.131178
79 	382  	216      	256     	0.5     	0.871733	0.914602	0.0458545       	0.188982	0.336634	1       	0.131149
80 	386  	207      	256     	0.5     	0.871902	0.914602	0.0459381       	0.188982	0.336288	1       	0.131363
81 	356  	203      	256     	0.5     	0.871975	0.914602	0.0459673       	0.188982	0.336274	1       	0.131379
82 	381  	214      	256     	0.5     	0.872051	0.914602	0.046016        	0.188982	0.336035	1       	0.131582
83 	376  	220      	256     	0.5     	0.872298	0.914602	0.046103        	0.188982	0.335475	1       	0.131806
84 	401  	222      	256     	0.5     	0.872971	0.914602	0.0461525       	0.185695	0.333061	1       	0.132164
85 	386  	211      	256     	0.5     	0.873609	0.914602	0.0455972       	0.185695	0.331302	1       	0.131325
86 	379  	210      	256     	0.5     	0.873796	0.914602	0.0456396       	0.185695	0.330767	1       	0.131519
87 	375  	217      	256     	0.5     	0.873907	0.914602	0.0457149       	0.185695	0.330638	1       	0.131632
88 	376  	211      	256     	0.5     	0.873949	0.914602	0.0457452       	0.185695	0.330717	1       	0.131558
89 	372  	209      	256     	0.5     	0.874157	0.914602	0.0458623       	0.185695	0.330182	1       	0.13191 
90 	378  	207      	256     	0.5     	0.874462	0.914602	0.0459815       	0.182574	0.329351	1       	0.132296
91 	376  	208      	256     	0.5     	0.87421 	0.914602	0.0459273       	0.182574	0.330567	1       	0.131668
92 	363  	210      	256     	0.5     	0.87426 	0.914602	0.0459574       	0.182574	0.330873	1       	0.13141 
93 	369  	203      	256     	0.5     	0.874352	0.914602	0.0460052       	0.182574	0.330994	1       	0.131304
94 	365  	202      	256     	0.5     	0.873539	0.914602	0.047244        	0.182574	0.333148	1       	0.132631
95 	388  	204      	256     	0.5     	0.874548	0.914602	0.0461057       	0.182574	0.330853	1       	0.131446
96 	369  	209      	256     	0.5     	0.874632	0.914602	0.0461655       	0.182574	0.330635	1       	0.131642
97 	387  	209      	256     	0.5     	0.874784	0.914602	0.0462283       	0.182574	0.330209	1       	0.131935
98 	386  	211      	256     	0.5     	0.874745	0.914602	0.0462275       	0.182574	0.330661	1       	0.131624
99 	366  	209      	256     	0.5     	0.874851	0.914602	0.0462892       	0.182574	0.330339	1       	0.131857
100	383  	212      	256     	0.5     	0.874947	0.916348	0.0463061       	0.179605	0.330217	1       	0.13197 
101	404  	220      	256     	0.5     	0.875097	0.916348	0.0463892       	0.179605	0.329864	1       	0.132209
102	376  	210      	256     	0.5     	0.87503 	0.916382	0.0463763       	0.179605	0.33027 	1       	0.131977
103	384  	219      	256     	0.5     	0.875099	0.916382	0.0463981       	0.179605	0.330222	1       	0.132025
104	385  	208      	256     	0.5     	0.875165	0.916382	0.0464226       	0.182574	0.330466	1       	0.131815
105	368  	215      	256     	0.5     	0.875209	0.916382	0.046445        	0.182574	0.330499	1       	0.131778
106	387  	213      	256     	0.5     	0.875123	0.916382	0.0464576       	0.182574	0.331092	1       	0.131497
107	387  	197      	256     	0.5     	0.875191	0.916382	0.0464748       	0.182574	0.331056	1       	0.131525
108	379  	220      	256     	0.5     	0.875395	0.916382	0.0465361       	0.182574	0.33057 	1       	0.131722
109	397  	203      	256     	0.5     	0.875644	0.916382	0.0466504       	0.182574	0.329717	1       	0.132251
110	372  	214      	256     	0.5     	0.876245	0.916382	0.0465644       	0.182574	0.328098	1       	0.131549
111	382  	211      	256     	0.5     	0.875573	0.916382	0.0467629       	0.182574	0.330656	1       	0.131655
112	403  	211      	256     	0.5     	0.875688	0.916382	0.0467512       	0.185695	0.33076 	1       	0.131552
113	356  	217      	256     	0.5     	0.875725	0.916382	0.0467783       	0.185695	0.330897	1       	0.131421
114	378  	209      	256     	0.5     	0.875801	0.918875	0.0467988       	0.185695	0.330833	1       	0.131474
115	373  	210      	256     	0.5     	0.875864	0.918875	0.0468345       	0.185695	0.330905	1       	0.131418
116	384  	207      	256     	0.5     	0.875964	0.918875	0.0468871       	0.185695	0.330656	1       	0.131623
117	381  	211      	256     	0.5     	0.876467	0.918875	0.0470483       	0.179605	0.329216	1       	0.132246
118	361  	216      	256     	0.5     	0.877148	0.918875	0.0470844       	0.179605	0.327397	1       	0.132097
119	365  	214      	256     	0.5     	0.877209	0.918875	0.0471287       	0.179605	0.327378	1       	0.132109
120	381  	205      	256     	0.5     	0.877231	0.918875	0.0471541       	0.179605	0.327766	1       	0.131794
121	373  	211      	256     	0.5     	0.877257	0.918875	0.0471754       	0.185695	0.327931	1       	0.131543
122	383  	215      	256     	0.5     	0.876744	0.918875	0.0473058       	0.185695	0.329876	1       	0.131705
123	382  	210      	256     	0.5     	0.877011	0.918875	0.047168        	0.185695	0.329135	1       	0.131186
124	365  	209      	256     	0.5     	0.87688 	0.918875	0.0472932       	0.185695	0.329735	1       	0.131491
125	366  	214      	256     	0.5     	0.876523	0.918875	0.0472397       	0.185695	0.331153	1       	0.131075
126	383  	211      	256     	0.5     	0.876459	0.918875	0.0471946       	0.185695	0.33151 	1       	0.13084 
127	383  	204      	256     	0.5     	0.876652	0.918875	0.0472166       	0.185695	0.330987	1       	0.130889
128	365  	205      	256     	0.5     	0.876684	0.920315	0.0473248       	0.185695	0.331017	1       	0.131138
129	379  	212      	256     	0.5     	0.876761	0.920315	0.0473764       	0.185695	0.330828	1       	0.131282
130	359  	223      	256     	0.5     	0.876923	0.920315	0.0473844       	0.185695	0.330414	1       	0.131332
131	369  	204      	256     	0.5     	0.877037	0.920315	0.0473989       	0.185695	0.330378	1       	0.131179
132	373  	209      	256     	0.5     	0.876722	0.920315	0.0473306       	0.185695	0.331417	1       	0.130843
133	394  	218      	256     	0.5     	0.876642	0.920315	0.0472886       	0.185695	0.331765	1       	0.130629
134	399  	210      	256     	0.5     	0.87667 	0.920315	0.0473003       	0.185695	0.331702	1       	0.130683
135	378  	203      	256     	0.5     	0.876761	0.920315	0.0473468       	0.185695	0.331594	1       	0.130759
136	357  	205      	256     	0.5     	0.876791	0.920315	0.0473615       	0.185695	0.331568	1       	0.130784
137	378  	210      	256     	0.5     	0.877073	0.920315	0.047397        	0.185695	0.330766	1       	0.130915
138	388  	208      	256     	0.5     	0.876834	0.920315	0.047358        	0.185695	0.331575	1       	0.130783
139	376  	209      	256     	0.5     	0.87709 	0.920315	0.0473808       	0.185695	0.330925	1       	0.130816
140	372  	199      	256     	0.5     	0.876862	0.920315	0.0473923       	0.185695	0.331673	1       	0.130699
141	361  	204      	256     	0.5     	0.877022	0.920315	0.0474667       	0.185695	0.331245	1       	0.130948
142	388  	217      	256     	0.5     	0.87719 	0.920315	0.04744         	0.185695	0.330806	1       	0.130859
143	363  	217      	256     	0.5     	0.877087	0.920315	0.0475366       	0.185695	0.331135	1       	0.131055
144	379  	206      	256     	0.5     	0.877502	0.920315	0.0475666       	0.185695	0.329994	1       	0.131117
145	373  	213      	256     	0.5     	0.877585	0.920315	0.0476618       	0.185695	0.329885	1       	0.131388
146	375  	202      	256     	0.5     	0.877898	0.920315	0.0477303       	0.185695	0.329101	1       	0.131635
147	384  	209      	256     	0.5     	0.878276	0.920315	0.0470896       	0.185695	0.328233	1       	0.130441
148	373  	214      	256     	0.5     	0.878032	0.92036 	0.0481865       	0.185695	0.328412	1       	0.131329
149	394  	212      	256     	0.5     	0.877881	0.920787	0.0477923       	0.19245 	0.329216	1       	0.131322

CURRENT HALLS OF FAME

PARETO FRONT
Number of solutions = 21
Features in hall of fame by prevalence:
36 features: [1_hsa.miR.15b.5p, 1_hsa.miR.10b.5p, 1_hsa.miR.3074.5p, 1_hsa.miR.550a.3p, 0_age_at_initial_pathologic_diagnosis, 1_hsa.miR.215.5p, 1_hsa.let.7g.5p, 1_hsa.miR.1228.3p, 1_hsa.miR.346, 1_hsa.miR.222.5p, 1_hsa.miR.513a.3p, 1_hsa.miR.520e, 1_hsa.miR.548d.3p, 1_hsa.miR.3157.3p, 1_hsa.miR.148a.5p, 1_hsa.miR.196b.5p, 1_hsa.miR.616.3p, 1_hsa.miR.6715a.3p, 1_hsa.miR.483.3p, 1_hsa.miR.10b.3p, 1_hsa.miR.28.3p, 1_hsa.miR.296.3p, 1_hsa.miR.365b.5p, 1_hsa.miR.429, 1_hsa.miR.455.5p, 1_hsa.miR.193b.5p, 1_hsa.miR.199a.5p, 1_hsa.miR.200a.5p, 1_hsa.miR.222.3p, 1_hsa.miR.26a.5p, 1_hsa.miR.335.3p, 1_hsa.miR.378a.3p, 1_hsa.miR.4709.3p, 1_hsa.miR.628.3p, 1_hsa.miR.6502.5p, 1_hsa.miR.519e.3p]

LAST POPULATION
Number of solutions = 500
Features in hall of fame by prevalence:
150 features: [1_hsa.miR.15b.5p, 1_hsa.miR.10b.5p, 1_hsa.miR.550a.3p, 1_hsa.miR.3074.5p, 0_age_at_initial_pathologic_diagnosis, 1_hsa.miR.1228.3p, 1_hsa.miR.215.5p, 1_hsa.miR.346, 1_hsa.let.7g.5p, 1_hsa.miR.222.5p, 1_hsa.miR.520e, 1_hsa.miR.513a.3p, 1_hsa.miR.548d.3p, 1_hsa.miR.3157.3p, 1_hsa.miR.616.3p, 1_hsa.miR.196b.5p, 1_hsa.miR.6715a.3p, 1_hsa.miR.148a.5p, 1_hsa.miR.519e.3p, 1_hsa.miR.429, 1_hsa.miR.483.3p, 1_hsa.miR.10b.3p, 1_hsa.miR.296.3p, 1_hsa.miR.455.5p, 1_hsa.miR.32.3p, 1_hsa.miR.365b.5p, 1_hsa.miR.335.3p, 1_hsa.miR.23b.5p, 1_hsa.miR.378a.3p, 1_hsa.miR.24.3p, 1_hsa.miR.320c, 1_hsa.miR.361.3p, 1_hsa.miR.483.5p, 1_hsa.miR.31.3p, 1_hsa.miR.501.3p, 1_hsa.miR.92b.5p, 1_hsa.miR.628.3p, 1_hsa.miR.200c.3p, 1_hsa.miR.214.5p, 1_hsa.miR.146b.5p, 1_hsa.miR.362.3p, 1_hsa.miR.130b.5p, 1_hsa.miR.139.5p, 1_hsa.miR.199a.5p, 1_hsa.miR.200b.3p, 1_hsa.miR.4709.3p, 1_hsa.miR.503.5p, 1_hsa.miR.6502.5p, 1_hsa.miR.664a.3p, 1_hsa.miR.141.3p, 1_hsa.miR.216a.3p, 1_hsa.miR.216a.5p, 1_hsa.miR.3613.5p, 1_hsa.miR.10a.5p, 1_hsa.miR.155.5p, 1_hsa.miR.193b.5p, 1_hsa.miR.196a.5p, 1_hsa.miR.217, 1_hsa.miR.542.5p, 1_hsa.let.7a.5p, 1_hsa.let.7e.5p, 1_hsa.miR.143.5p, 1_hsa.miR.200a.5p, 1_hsa.miR.221.5p, 1_hsa.miR.26a.2.3p, 1_hsa.miR.3613.3p, 1_hsa.miR.424.5p, 1_hsa.miR.4772.3p, 1_hsa.miR.1292.5p, 1_hsa.miR.146b.3p, 1_hsa.miR.148b.3p, 1_hsa.miR.187.3p, 1_hsa.miR.190b, 1_hsa.miR.23a.3p, 1_hsa.miR.23b.3p, 1_hsa.miR.26a.5p, 1_hsa.miR.28.3p, 1_hsa.miR.331.3p, 1_hsa.miR.335.5p, 1_hsa.miR.504.5p, 1_hsa.miR.551b.3p, 1_hsa.miR.653.5p, 1_hsa.miR.106b.5p, 1_hsa.miR.125a.3p, 1_hsa.miR.1296.5p, 1_hsa.miR.181a.2.3p, 1_hsa.miR.216b.5p, 1_hsa.miR.222.3p, 1_hsa.miR.27a.5p, 1_hsa.miR.3200.3p, 1_hsa.miR.320b, 1_hsa.miR.455.3p, 1_hsa.miR.675.3p, 1_hsa.miR.9.5p, 1_hsa.let.7f.5p, 1_hsa.miR.125a.5p, 1_hsa.miR.148a.3p, 1_hsa.miR.155.3p, 1_hsa.miR.15b.3p, 1_hsa.miR.16.5p, ...]

BEST SUMS WITH SIZE 50
Number of solutions = 50
Features in hall of fame by prevalence:
46 features: [1_hsa.miR.10b.3p, 1_hsa.miR.15b.5p, 1_hsa.miR.10b.5p, 1_hsa.miR.335.3p, 0_age_at_initial_pathologic_diagnosis, 1_hsa.let.7e.5p, 1_hsa.let.7f.5p, 1_hsa.let.7i.5p, 1_hsa.miR.10a.5p, 1_hsa.miR.1228.3p, 1_hsa.miR.125b.1.3p, 1_hsa.miR.135b.5p, 1_hsa.miR.146b.5p, 1_hsa.miR.148a.3p, 1_hsa.miR.148a.5p, 1_hsa.miR.148b.3p, 1_hsa.miR.149.3p, 1_hsa.miR.155.5p, 1_hsa.miR.15b.3p, 1_hsa.miR.16.2.3p, 1_hsa.miR.16.5p, 1_hsa.miR.188.5p, 1_hsa.miR.196a.5p, 1_hsa.miR.196b.5p, 1_hsa.miR.199a.3p, 1_hsa.miR.199b.3p, 1_hsa.miR.21.3p, 1_hsa.miR.222.5p, 1_hsa.miR.23b.5p, 1_hsa.miR.25.3p, 1_hsa.miR.27a.3p, 1_hsa.miR.27a.5p, 1_hsa.miR.320b, 1_hsa.miR.335.5p, 1_hsa.miR.346, 1_hsa.miR.3677.3p, 1_hsa.miR.4677.3p, 1_hsa.miR.4746.5p, 1_hsa.miR.615.3p, 1_hsa.miR.6509.5p, 1_hsa.miR.651.5p, 1_hsa.miR.6806.3p, 1_hsa.miR.6892.5p, 1_hsa.miR.942.5p, 1_hsa.miR.9.5p, 1_hsa.miR.99b.3p]

BEST SUMS WITH SIZE 100
Number of solutions = 100
Features in hall of fame by prevalence:
75 features: [1_hsa.miR.15b.5p, 1_hsa.miR.10b.3p, 1_hsa.miR.10b.5p, 1_hsa.let.7e.5p, 1_hsa.miR.335.3p, 0_age_at_initial_pathologic_diagnosis, 1_hsa.miR.1228.3p, 1_hsa.miR.148a.5p, 1_hsa.let.7f.5p, 1_hsa.miR.155.5p, 1_hsa.miR.196a.5p, 1_hsa.miR.196b.5p, 1_hsa.miR.222.5p, 1_hsa.miR.23a.3p, 1_hsa.miR.25.3p, 1_hsa.miR.335.5p, 1_hsa.miR.346, 1_hsa.miR.615.3p, 1_hsa.miR.651.5p, 1_hsa.let.7i.5p, 1_hsa.miR.106b.3p, 1_hsa.miR.10a.5p, 1_hsa.miR.125b.1.3p, 1_hsa.miR.1266.5p, 1_hsa.miR.1296.5p, 1_hsa.miR.135b.5p, 1_hsa.miR.142.3p, 1_hsa.miR.142.5p, 1_hsa.miR.143.3p, 1_hsa.miR.146b.5p, 1_hsa.miR.148a.3p, 1_hsa.miR.148b.3p, 1_hsa.miR.149.3p, 1_hsa.miR.15b.3p, 1_hsa.miR.16.2.3p, 1_hsa.miR.16.5p, 1_hsa.miR.188.5p, 1_hsa.miR.199a.3p, 1_hsa.miR.199b.3p, 1_hsa.miR.199b.5p, 1_hsa.miR.21.3p, 1_hsa.miR.21.5p, 1_hsa.miR.216a.3p, 1_hsa.miR.216a.5p, 1_hsa.miR.216b.5p, 1_hsa.miR.217, 1_hsa.miR.221.3p, 1_hsa.miR.23b.5p, 1_hsa.miR.26a.5p, 1_hsa.miR.27a.3p, 1_hsa.miR.27a.5p, 1_hsa.miR.320b, 1_hsa.miR.320d, 1_hsa.miR.3677.3p, 1_hsa.miR.378d, 1_hsa.miR.455.3p, 1_hsa.miR.455.5p, 1_hsa.miR.4677.3p, 1_hsa.miR.4746.5p, 1_hsa.miR.483.5p, 1_hsa.miR.503.5p, 1_hsa.miR.550a.3p, 1_hsa.miR.551b.3p, 1_hsa.miR.590.3p, 1_hsa.miR.6509.5p, 1_hsa.miR.653.5p, 1_hsa.miR.664a.3p, 1_hsa.miR.671.5p, 1_hsa.miR.6806.3p, 1_hsa.miR.6892.5p, 1_hsa.miR.887.3p, 1_hsa.miR.942.5p, 1_hsa.miR.9.5p, 1_hsa.miR.99b.3p, 1_hsa.miR.99b.5p]
Optimization on fold finished in 00-00:31:58

FEATURE SETS SELECTED

PARETO FRONT
Number of solutions = 21
Features in hall of fame by prevalence:
36 features: [1_hsa.miR.15b.5p, 1_hsa.miR.10b.5p, 1_hsa.miR.3074.5p, 1_hsa.miR.550a.3p, 0_age_at_initial_pathologic_diagnosis, 1_hsa.miR.215.5p, 1_hsa.let.7g.5p, 1_hsa.miR.1228.3p, 1_hsa.miR.346, 1_hsa.miR.222.5p, 1_hsa.miR.513a.3p, 1_hsa.miR.520e, 1_hsa.miR.548d.3p, 1_hsa.miR.3157.3p, 1_hsa.miR.148a.5p, 1_hsa.miR.196b.5p, 1_hsa.miR.616.3p, 1_hsa.miR.6715a.3p, 1_hsa.miR.483.3p, 1_hsa.miR.10b.3p, 1_hsa.miR.28.3p, 1_hsa.miR.296.3p, 1_hsa.miR.365b.5p, 1_hsa.miR.429, 1_hsa.miR.455.5p, 1_hsa.miR.193b.5p, 1_hsa.miR.199a.5p, 1_hsa.miR.200a.5p, 1_hsa.miR.222.3p, 1_hsa.miR.26a.5p, 1_hsa.miR.335.3p, 1_hsa.miR.378a.3p, 1_hsa.miR.4709.3p, 1_hsa.miR.628.3p, 1_hsa.miR.6502.5p, 1_hsa.miR.519e.3p]

LAST POPULATION
Number of solutions = 500
Features in hall of fame by prevalence:
150 features: [1_hsa.miR.15b.5p, 1_hsa.miR.10b.5p, 1_hsa.miR.550a.3p, 1_hsa.miR.3074.5p, 0_age_at_initial_pathologic_diagnosis, 1_hsa.miR.1228.3p, 1_hsa.miR.215.5p, 1_hsa.miR.346, 1_hsa.let.7g.5p, 1_hsa.miR.222.5p, 1_hsa.miR.520e, 1_hsa.miR.513a.3p, 1_hsa.miR.548d.3p, 1_hsa.miR.3157.3p, 1_hsa.miR.616.3p, 1_hsa.miR.196b.5p, 1_hsa.miR.6715a.3p, 1_hsa.miR.148a.5p, 1_hsa.miR.519e.3p, 1_hsa.miR.429, 1_hsa.miR.483.3p, 1_hsa.miR.10b.3p, 1_hsa.miR.296.3p, 1_hsa.miR.455.5p, 1_hsa.miR.32.3p, 1_hsa.miR.365b.5p, 1_hsa.miR.335.3p, 1_hsa.miR.23b.5p, 1_hsa.miR.378a.3p, 1_hsa.miR.24.3p, 1_hsa.miR.320c, 1_hsa.miR.361.3p, 1_hsa.miR.483.5p, 1_hsa.miR.31.3p, 1_hsa.miR.501.3p, 1_hsa.miR.92b.5p, 1_hsa.miR.628.3p, 1_hsa.miR.200c.3p, 1_hsa.miR.214.5p, 1_hsa.miR.146b.5p, 1_hsa.miR.362.3p, 1_hsa.miR.130b.5p, 1_hsa.miR.139.5p, 1_hsa.miR.199a.5p, 1_hsa.miR.200b.3p, 1_hsa.miR.4709.3p, 1_hsa.miR.503.5p, 1_hsa.miR.6502.5p, 1_hsa.miR.664a.3p, 1_hsa.miR.141.3p, 1_hsa.miR.216a.3p, 1_hsa.miR.216a.5p, 1_hsa.miR.3613.5p, 1_hsa.miR.10a.5p, 1_hsa.miR.155.5p, 1_hsa.miR.193b.5p, 1_hsa.miR.196a.5p, 1_hsa.miR.217, 1_hsa.miR.542.5p, 1_hsa.let.7a.5p, 1_hsa.let.7e.5p, 1_hsa.miR.143.5p, 1_hsa.miR.200a.5p, 1_hsa.miR.221.5p, 1_hsa.miR.26a.2.3p, 1_hsa.miR.3613.3p, 1_hsa.miR.424.5p, 1_hsa.miR.4772.3p, 1_hsa.miR.1292.5p, 1_hsa.miR.146b.3p, 1_hsa.miR.148b.3p, 1_hsa.miR.187.3p, 1_hsa.miR.190b, 1_hsa.miR.23a.3p, 1_hsa.miR.23b.3p, 1_hsa.miR.26a.5p, 1_hsa.miR.28.3p, 1_hsa.miR.331.3p, 1_hsa.miR.335.5p, 1_hsa.miR.504.5p, 1_hsa.miR.551b.3p, 1_hsa.miR.653.5p, 1_hsa.miR.106b.5p, 1_hsa.miR.125a.3p, 1_hsa.miR.1296.5p, 1_hsa.miR.181a.2.3p, 1_hsa.miR.216b.5p, 1_hsa.miR.222.3p, 1_hsa.miR.27a.5p, 1_hsa.miR.3200.3p, 1_hsa.miR.320b, 1_hsa.miR.455.3p, 1_hsa.miR.675.3p, 1_hsa.miR.9.5p, 1_hsa.let.7f.5p, 1_hsa.miR.125a.5p, 1_hsa.miR.148a.3p, 1_hsa.miR.155.3p, 1_hsa.miR.15b.3p, 1_hsa.miR.16.5p, ...]

BEST SUMS WITH SIZE 50
Number of solutions = 50
Features in hall of fame by prevalence:
46 features: [1_hsa.miR.10b.3p, 1_hsa.miR.15b.5p, 1_hsa.miR.10b.5p, 1_hsa.miR.335.3p, 0_age_at_initial_pathologic_diagnosis, 1_hsa.let.7e.5p, 1_hsa.let.7f.5p, 1_hsa.let.7i.5p, 1_hsa.miR.10a.5p, 1_hsa.miR.1228.3p, 1_hsa.miR.125b.1.3p, 1_hsa.miR.135b.5p, 1_hsa.miR.146b.5p, 1_hsa.miR.148a.3p, 1_hsa.miR.148a.5p, 1_hsa.miR.148b.3p, 1_hsa.miR.149.3p, 1_hsa.miR.155.5p, 1_hsa.miR.15b.3p, 1_hsa.miR.16.2.3p, 1_hsa.miR.16.5p, 1_hsa.miR.188.5p, 1_hsa.miR.196a.5p, 1_hsa.miR.196b.5p, 1_hsa.miR.199a.3p, 1_hsa.miR.199b.3p, 1_hsa.miR.21.3p, 1_hsa.miR.222.5p, 1_hsa.miR.23b.5p, 1_hsa.miR.25.3p, 1_hsa.miR.27a.3p, 1_hsa.miR.27a.5p, 1_hsa.miR.320b, 1_hsa.miR.335.5p, 1_hsa.miR.346, 1_hsa.miR.3677.3p, 1_hsa.miR.4677.3p, 1_hsa.miR.4746.5p, 1_hsa.miR.615.3p, 1_hsa.miR.6509.5p, 1_hsa.miR.651.5p, 1_hsa.miR.6806.3p, 1_hsa.miR.6892.5p, 1_hsa.miR.942.5p, 1_hsa.miR.9.5p, 1_hsa.miR.99b.3p]

BEST SUMS WITH SIZE 100
Number of solutions = 100
Features in hall of fame by prevalence:
75 features: [1_hsa.miR.15b.5p, 1_hsa.miR.10b.3p, 1_hsa.miR.10b.5p, 1_hsa.let.7e.5p, 1_hsa.miR.335.3p, 0_age_at_initial_pathologic_diagnosis, 1_hsa.miR.1228.3p, 1_hsa.miR.148a.5p, 1_hsa.let.7f.5p, 1_hsa.miR.155.5p, 1_hsa.miR.196a.5p, 1_hsa.miR.196b.5p, 1_hsa.miR.222.5p, 1_hsa.miR.23a.3p, 1_hsa.miR.25.3p, 1_hsa.miR.335.5p, 1_hsa.miR.346, 1_hsa.miR.615.3p, 1_hsa.miR.651.5p, 1_hsa.let.7i.5p, 1_hsa.miR.106b.3p, 1_hsa.miR.10a.5p, 1_hsa.miR.125b.1.3p, 1_hsa.miR.1266.5p, 1_hsa.miR.1296.5p, 1_hsa.miR.135b.5p, 1_hsa.miR.142.3p, 1_hsa.miR.142.5p, 1_hsa.miR.143.3p, 1_hsa.miR.146b.5p, 1_hsa.miR.148a.3p, 1_hsa.miR.148b.3p, 1_hsa.miR.149.3p, 1_hsa.miR.15b.3p, 1_hsa.miR.16.2.3p, 1_hsa.miR.16.5p, 1_hsa.miR.188.5p, 1_hsa.miR.199a.3p, 1_hsa.miR.199b.3p, 1_hsa.miR.199b.5p, 1_hsa.miR.21.3p, 1_hsa.miR.21.5p, 1_hsa.miR.216a.3p, 1_hsa.miR.216a.5p, 1_hsa.miR.216b.5p, 1_hsa.miR.217, 1_hsa.miR.221.3p, 1_hsa.miR.23b.5p, 1_hsa.miR.26a.5p, 1_hsa.miR.27a.3p, 1_hsa.miR.27a.5p, 1_hsa.miR.320b, 1_hsa.miR.320d, 1_hsa.miR.3677.3p, 1_hsa.miR.378d, 1_hsa.miR.455.3p, 1_hsa.miR.455.5p, 1_hsa.miR.4677.3p, 1_hsa.miR.4746.5p, 1_hsa.miR.483.5p, 1_hsa.miR.503.5p, 1_hsa.miR.550a.3p, 1_hsa.miR.551b.3p, 1_hsa.miR.590.3p, 1_hsa.miR.6509.5p, 1_hsa.miR.653.5p, 1_hsa.miR.664a.3p, 1_hsa.miR.671.5p, 1_hsa.miR.6806.3p, 1_hsa.miR.6892.5p, 1_hsa.miR.887.3p, 1_hsa.miR.942.5p, 1_hsa.miR.9.5p, 1_hsa.miR.99b.3p, 1_hsa.miR.99b.5p]
