
OPTIMIZING ON FOLD NUMBER 0
Number of workers = 96

COMPUTING LOCAL ACTIVE FEATURES
Computing active features for view clinic
Existing features: 8
Applying union strategy for feature selection using composite feature selector with
categorical: feature selector any na and anova
survival: feature selector Cox

Computing active features for outcome survival
Features selected for this outcome: 1
Features active in total: 1
Computing active features for view log_mirna
Existing features: 740
Applying union strategy for feature selection using composite feature selector with
categorical: feature selector any na and anova
survival: feature selector Cox

Computing active features for outcome survival
Features selected for this outcome: 362
Features active in total: 362
Computing feature importance
Running optimizer

STARTING 2-STEPS GENETIC ALGORITHM

CREATING INNER FOLDS

ASSIGNING STRATA FOR MULTI-OUTCOME DATA LGG_MV
Assigning strata for outcome named survival of type survival
Counts:
censored 0: 160
censored 1: 92
deceased 0: 38
deceased 1: 38

STARTING SWEEP NUMBER 1
folds_creator_seed = 4107908117

ASSIGNING STRATA FOR MULTI-OUTCOME DATA LGG_MV
Assigning strata for outcome named survival of type survival
Counts:
censored 0: 160
censored 1: 92
deceased 0: 38
deceased 1: 38
ga_runner_seed = 3091794638
VIEW: CLINIC
   	     	         	        	  survival SKSurv Cox model concordance index   	                 root leanness                  
   	     	         	        	------------------------------------------------	------------------------------------------------
gen	evals	gen_feats	explored	min	avg     	max     	std                  	min     	avg     	max	std     
0  	500  	1        	1       	0.5	0.638263	0.773246	0.136613             	0.707107	0.851796	1  	0.146436
1  	253  	1        	1       	0.5	0.636623	0.773246	0.136623             	0.707107	0.853553	1  	0.146447
2  	254  	1        	1       	0.5	0.636623	0.773246	0.136623             	0.707107	0.853553	1  	0.146447
3  	234  	1        	1       	0.5	0.636623	0.773246	0.136623             	0.707107	0.853553	1  	0.146447
4  	251  	1        	1       	0.5	0.636623	0.773246	0.136623             	0.707107	0.853553	1  	0.146447
5  	257  	1        	1       	0.5	0.636623	0.773246	0.136623             	0.707107	0.853553	1  	0.146447
6  	243  	1        	1       	0.5	0.636623	0.773246	0.136623             	0.707107	0.853553	1  	0.146447
7  	253  	1        	1       	0.5	0.636623	0.773246	0.136623             	0.707107	0.853553	1  	0.146447
8  	249  	1        	1       	0.5	0.636623	0.773246	0.136623             	0.707107	0.853553	1  	0.146447
9  	249  	1        	1       	0.5	0.636623	0.773246	0.136623             	0.707107	0.853553	1  	0.146447
10 	259  	1        	1       	0.5	0.636623	0.773246	0.136623             	0.707107	0.853553	1  	0.146447
11 	258  	1        	1       	0.5	0.636623	0.773246	0.136623             	0.707107	0.853553	1  	0.146447
12 	253  	1        	1       	0.5	0.636623	0.773246	0.136623             	0.707107	0.853553	1  	0.146447
13 	255  	1        	1       	0.5	0.636623	0.773246	0.136623             	0.707107	0.853553	1  	0.146447
14 	244  	1        	1       	0.5	0.636623	0.773246	0.136623             	0.707107	0.853553	1  	0.146447
15 	248  	1        	1       	0.5	0.636623	0.773246	0.136623             	0.707107	0.853553	1  	0.146447
16 	259  	1        	1       	0.5	0.636623	0.773246	0.136623             	0.707107	0.853553	1  	0.146447
17 	245  	1        	1       	0.5	0.636623	0.773246	0.136623             	0.707107	0.853553	1  	0.146447
18 	247  	1        	1       	0.5	0.636623	0.773246	0.136623             	0.707107	0.853553	1  	0.146447
19 	230  	1        	1       	0.5	0.636623	0.773246	0.136623             	0.707107	0.853553	1  	0.146447
20 	230  	1        	1       	0.5	0.636623	0.773246	0.136623             	0.707107	0.853553	1  	0.146447
21 	241  	1        	1       	0.5	0.636623	0.773246	0.136623             	0.707107	0.853553	1  	0.146447
22 	247  	1        	1       	0.5	0.636623	0.773246	0.136623             	0.707107	0.853553	1  	0.146447
23 	255  	1        	1       	0.5	0.636623	0.773246	0.136623             	0.707107	0.853553	1  	0.146447
24 	241  	1        	1       	0.5	0.636623	0.773246	0.136623             	0.707107	0.853553	1  	0.146447
25 	232  	1        	1       	0.5	0.636623	0.773246	0.136623             	0.707107	0.853553	1  	0.146447
26 	249  	1        	1       	0.5	0.636623	0.773246	0.136623             	0.707107	0.853553	1  	0.146447
27 	213  	1        	1       	0.5	0.636623	0.773246	0.136623             	0.707107	0.853553	1  	0.146447
28 	258  	1        	1       	0.5	0.636623	0.773246	0.136623             	0.707107	0.853553	1  	0.146447
29 	253  	1        	1       	0.5	0.636623	0.773246	0.136623             	0.707107	0.853553	1  	0.146447
30 	238  	1        	1       	0.5	0.636623	0.773246	0.136623             	0.707107	0.853553	1  	0.146447
31 	250  	1        	1       	0.5	0.636623	0.773246	0.136623             	0.707107	0.853553	1  	0.146447
32 	242  	1        	1       	0.5	0.636623	0.773246	0.136623             	0.707107	0.853553	1  	0.146447
33 	246  	1        	1       	0.5	0.636623	0.773246	0.136623             	0.707107	0.853553	1  	0.146447
34 	256  	1        	1       	0.5	0.636623	0.773246	0.136623             	0.707107	0.853553	1  	0.146447
35 	264  	1        	1       	0.5	0.636623	0.773246	0.136623             	0.707107	0.853553	1  	0.146447
36 	245  	1        	1       	0.5	0.636623	0.773246	0.136623             	0.707107	0.853553	1  	0.146447
37 	258  	1        	1       	0.5	0.636623	0.773246	0.136623             	0.707107	0.853553	1  	0.146447
38 	251  	1        	1       	0.5	0.636623	0.773246	0.136623             	0.707107	0.853553	1  	0.146447
39 	244  	1        	1       	0.5	0.636623	0.773246	0.136623             	0.707107	0.853553	1  	0.146447
40 	235  	1        	1       	0.5	0.636623	0.773246	0.136623             	0.707107	0.853553	1  	0.146447
41 	253  	1        	1       	0.5	0.636623	0.773246	0.136623             	0.707107	0.853553	1  	0.146447
42 	259  	1        	1       	0.5	0.636623	0.773246	0.136623             	0.707107	0.853553	1  	0.146447
43 	232  	1        	1       	0.5	0.636623	0.773246	0.136623             	0.707107	0.853553	1  	0.146447
44 	249  	1        	1       	0.5	0.636623	0.773246	0.136623             	0.707107	0.853553	1  	0.146447
45 	246  	1        	1       	0.5	0.636623	0.773246	0.136623             	0.707107	0.853553	1  	0.146447
46 	228  	1        	1       	0.5	0.636623	0.773246	0.136623             	0.707107	0.853553	1  	0.146447
47 	252  	1        	1       	0.5	0.636623	0.773246	0.136623             	0.707107	0.853553	1  	0.146447
48 	244  	1        	1       	0.5	0.636623	0.773246	0.136623             	0.707107	0.853553	1  	0.146447
49 	257  	1        	1       	0.5	0.636623	0.773246	0.136623             	0.707107	0.853553	1  	0.146447
50 	254  	1        	1       	0.5	0.636623	0.773246	0.136623             	0.707107	0.853553	1  	0.146447
51 	233  	1        	1       	0.5	0.636623	0.773246	0.136623             	0.707107	0.853553	1  	0.146447
52 	237  	1        	1       	0.5	0.636623	0.773246	0.136623             	0.707107	0.853553	1  	0.146447
53 	256  	1        	1       	0.5	0.636623	0.773246	0.136623             	0.707107	0.853553	1  	0.146447
54 	264  	1        	1       	0.5	0.636623	0.773246	0.136623             	0.707107	0.853553	1  	0.146447
55 	255  	1        	1       	0.5	0.636623	0.773246	0.136623             	0.707107	0.853553	1  	0.146447
56 	255  	1        	1       	0.5	0.636623	0.773246	0.136623             	0.707107	0.853553	1  	0.146447
57 	261  	1        	1       	0.5	0.636623	0.773246	0.136623             	0.707107	0.853553	1  	0.146447
58 	250  	1        	1       	0.5	0.636623	0.773246	0.136623             	0.707107	0.853553	1  	0.146447
59 	250  	1        	1       	0.5	0.636623	0.773246	0.136623             	0.707107	0.853553	1  	0.146447
60 	241  	1        	1       	0.5	0.636623	0.773246	0.136623             	0.707107	0.853553	1  	0.146447
61 	232  	1        	1       	0.5	0.636623	0.773246	0.136623             	0.707107	0.853553	1  	0.146447
62 	231  	1        	1       	0.5	0.636623	0.773246	0.136623             	0.707107	0.853553	1  	0.146447
63 	241  	1        	1       	0.5	0.636623	0.773246	0.136623             	0.707107	0.853553	1  	0.146447
64 	242  	1        	1       	0.5	0.636623	0.773246	0.136623             	0.707107	0.853553	1  	0.146447
65 	235  	1        	1       	0.5	0.636623	0.773246	0.136623             	0.707107	0.853553	1  	0.146447
66 	242  	1        	1       	0.5	0.636623	0.773246	0.136623             	0.707107	0.853553	1  	0.146447
67 	260  	1        	1       	0.5	0.636623	0.773246	0.136623             	0.707107	0.853553	1  	0.146447
68 	256  	1        	1       	0.5	0.636623	0.773246	0.136623             	0.707107	0.853553	1  	0.146447
69 	255  	1        	1       	0.5	0.636623	0.773246	0.136623             	0.707107	0.853553	1  	0.146447
70 	255  	1        	1       	0.5	0.636623	0.773246	0.136623             	0.707107	0.853553	1  	0.146447
71 	240  	1        	1       	0.5	0.636623	0.773246	0.136623             	0.707107	0.853553	1  	0.146447
72 	245  	1        	1       	0.5	0.636623	0.773246	0.136623             	0.707107	0.853553	1  	0.146447
73 	250  	1        	1       	0.5	0.636623	0.773246	0.136623             	0.707107	0.853553	1  	0.146447
74 	224  	1        	1       	0.5	0.636623	0.773246	0.136623             	0.707107	0.853553	1  	0.146447
75 	250  	1        	1       	0.5	0.636623	0.773246	0.136623             	0.707107	0.853553	1  	0.146447
76 	253  	1        	1       	0.5	0.636623	0.773246	0.136623             	0.707107	0.853553	1  	0.146447
77 	239  	1        	1       	0.5	0.636623	0.773246	0.136623             	0.707107	0.853553	1  	0.146447
78 	254  	1        	1       	0.5	0.636623	0.773246	0.136623             	0.707107	0.853553	1  	0.146447
79 	249  	1        	1       	0.5	0.636623	0.773246	0.136623             	0.707107	0.853553	1  	0.146447
80 	259  	1        	1       	0.5	0.636623	0.773246	0.136623             	0.707107	0.853553	1  	0.146447
81 	246  	1        	1       	0.5	0.636623	0.773246	0.136623             	0.707107	0.853553	1  	0.146447
82 	265  	1        	1       	0.5	0.636623	0.773246	0.136623             	0.707107	0.853553	1  	0.146447
83 	246  	1        	1       	0.5	0.636623	0.773246	0.136623             	0.707107	0.853553	1  	0.146447
84 	260  	1        	1       	0.5	0.636623	0.773246	0.136623             	0.707107	0.853553	1  	0.146447
85 	263  	1        	1       	0.5	0.636623	0.773246	0.136623             	0.707107	0.853553	1  	0.146447
86 	256  	1        	1       	0.5	0.636623	0.773246	0.136623             	0.707107	0.853553	1  	0.146447
87 	259  	1        	1       	0.5	0.636623	0.773246	0.136623             	0.707107	0.853553	1  	0.146447
88 	254  	1        	1       	0.5	0.636623	0.773246	0.136623             	0.707107	0.853553	1  	0.146447
89 	253  	1        	1       	0.5	0.636623	0.773246	0.136623             	0.707107	0.853553	1  	0.146447
90 	256  	1        	1       	0.5	0.636623	0.773246	0.136623             	0.707107	0.853553	1  	0.146447
91 	274  	1        	1       	0.5	0.636623	0.773246	0.136623             	0.707107	0.853553	1  	0.146447
92 	256  	1        	1       	0.5	0.636623	0.773246	0.136623             	0.707107	0.853553	1  	0.146447
93 	235  	1        	1       	0.5	0.636623	0.773246	0.136623             	0.707107	0.853553	1  	0.146447
94 	238  	1        	1       	0.5	0.636623	0.773246	0.136623             	0.707107	0.853553	1  	0.146447
95 	248  	1        	1       	0.5	0.636623	0.773246	0.136623             	0.707107	0.853553	1  	0.146447
96 	257  	1        	1       	0.5	0.636623	0.773246	0.136623             	0.707107	0.853553	1  	0.146447
97 	259  	1        	1       	0.5	0.636623	0.773246	0.136623             	0.707107	0.853553	1  	0.146447
98 	249  	1        	1       	0.5	0.636623	0.773246	0.136623             	0.707107	0.853553	1  	0.146447
99 	262  	1        	1       	0.5	0.636623	0.773246	0.136623             	0.707107	0.853553	1  	0.146447
100	238  	1        	1       	0.5	0.636623	0.773246	0.136623             	0.707107	0.853553	1  	0.146447
101	269  	1        	1       	0.5	0.636623	0.773246	0.136623             	0.707107	0.853553	1  	0.146447
102	234  	1        	1       	0.5	0.636623	0.773246	0.136623             	0.707107	0.853553	1  	0.146447
103	239  	1        	1       	0.5	0.636623	0.773246	0.136623             	0.707107	0.853553	1  	0.146447
104	246  	1        	1       	0.5	0.636623	0.773246	0.136623             	0.707107	0.853553	1  	0.146447
105	236  	1        	1       	0.5	0.636623	0.773246	0.136623             	0.707107	0.853553	1  	0.146447
106	251  	1        	1       	0.5	0.636623	0.773246	0.136623             	0.707107	0.853553	1  	0.146447
107	246  	1        	1       	0.5	0.636623	0.773246	0.136623             	0.707107	0.853553	1  	0.146447
108	271  	1        	1       	0.5	0.636623	0.773246	0.136623             	0.707107	0.853553	1  	0.146447
109	235  	1        	1       	0.5	0.636623	0.773246	0.136623             	0.707107	0.853553	1  	0.146447
110	251  	1        	1       	0.5	0.636623	0.773246	0.136623             	0.707107	0.853553	1  	0.146447
111	262  	1        	1       	0.5	0.636623	0.773246	0.136623             	0.707107	0.853553	1  	0.146447
112	264  	1        	1       	0.5	0.636623	0.773246	0.136623             	0.707107	0.853553	1  	0.146447
113	240  	1        	1       	0.5	0.636623	0.773246	0.136623             	0.707107	0.853553	1  	0.146447
114	257  	1        	1       	0.5	0.636623	0.773246	0.136623             	0.707107	0.853553	1  	0.146447
115	248  	1        	1       	0.5	0.636623	0.773246	0.136623             	0.707107	0.853553	1  	0.146447
116	251  	1        	1       	0.5	0.636623	0.773246	0.136623             	0.707107	0.853553	1  	0.146447
117	256  	1        	1       	0.5	0.636623	0.773246	0.136623             	0.707107	0.853553	1  	0.146447
118	242  	1        	1       	0.5	0.636623	0.773246	0.136623             	0.707107	0.853553	1  	0.146447
119	248  	1        	1       	0.5	0.636623	0.773246	0.136623             	0.707107	0.853553	1  	0.146447
120	264  	1        	1       	0.5	0.636623	0.773246	0.136623             	0.707107	0.853553	1  	0.146447
121	252  	1        	1       	0.5	0.636623	0.773246	0.136623             	0.707107	0.853553	1  	0.146447
122	254  	1        	1       	0.5	0.636623	0.773246	0.136623             	0.707107	0.853553	1  	0.146447
123	234  	1        	1       	0.5	0.636623	0.773246	0.136623             	0.707107	0.853553	1  	0.146447
124	248  	1        	1       	0.5	0.636623	0.773246	0.136623             	0.707107	0.853553	1  	0.146447
125	271  	1        	1       	0.5	0.636623	0.773246	0.136623             	0.707107	0.853553	1  	0.146447
126	252  	1        	1       	0.5	0.636623	0.773246	0.136623             	0.707107	0.853553	1  	0.146447
127	239  	1        	1       	0.5	0.636623	0.773246	0.136623             	0.707107	0.853553	1  	0.146447
128	230  	1        	1       	0.5	0.636623	0.773246	0.136623             	0.707107	0.853553	1  	0.146447
129	232  	1        	1       	0.5	0.636623	0.773246	0.136623             	0.707107	0.853553	1  	0.146447
130	252  	1        	1       	0.5	0.636623	0.773246	0.136623             	0.707107	0.853553	1  	0.146447
131	238  	1        	1       	0.5	0.636623	0.773246	0.136623             	0.707107	0.853553	1  	0.146447
132	250  	1        	1       	0.5	0.636623	0.773246	0.136623             	0.707107	0.853553	1  	0.146447
133	246  	1        	1       	0.5	0.636623	0.773246	0.136623             	0.707107	0.853553	1  	0.146447
134	250  	1        	1       	0.5	0.636623	0.773246	0.136623             	0.707107	0.853553	1  	0.146447
135	266  	1        	1       	0.5	0.636623	0.773246	0.136623             	0.707107	0.853553	1  	0.146447
136	234  	1        	1       	0.5	0.636623	0.773246	0.136623             	0.707107	0.853553	1  	0.146447
137	251  	1        	1       	0.5	0.636623	0.773246	0.136623             	0.707107	0.853553	1  	0.146447
138	250  	1        	1       	0.5	0.636623	0.773246	0.136623             	0.707107	0.853553	1  	0.146447
139	275  	1        	1       	0.5	0.636623	0.773246	0.136623             	0.707107	0.853553	1  	0.146447
140	252  	1        	1       	0.5	0.636623	0.773246	0.136623             	0.707107	0.853553	1  	0.146447
141	285  	1        	1       	0.5	0.636623	0.773246	0.136623             	0.707107	0.853553	1  	0.146447
142	250  	1        	1       	0.5	0.636623	0.773246	0.136623             	0.707107	0.853553	1  	0.146447
143	258  	1        	1       	0.5	0.636623	0.773246	0.136623             	0.707107	0.853553	1  	0.146447
144	254  	1        	1       	0.5	0.636623	0.773246	0.136623             	0.707107	0.853553	1  	0.146447
145	256  	1        	1       	0.5	0.636623	0.773246	0.136623             	0.707107	0.853553	1  	0.146447
146	247  	1        	1       	0.5	0.636623	0.773246	0.136623             	0.707107	0.853553	1  	0.146447
147	245  	1        	1       	0.5	0.636623	0.773246	0.136623             	0.707107	0.853553	1  	0.146447
148	233  	1        	1       	0.5	0.636623	0.773246	0.136623             	0.707107	0.853553	1  	0.146447
149	247  	1        	1       	0.5	0.636623	0.773246	0.136623             	0.707107	0.853553	1  	0.146447

ASSIGNING STRATA FOR MULTI-OUTCOME DATA LGG_MV
Assigning strata for outcome named survival of type survival
Counts:
censored 0: 160
censored 1: 92
deceased 0: 38
deceased 1: 38
VIEW: LOG_MIRNA
   	     	         	        	       survival SKSurv Cox model concordance index       	                 root leanness                  
   	     	         	        	---------------------------------------------------------	------------------------------------------------
gen	evals	gen_feats	explored	min     	avg     	max     	std             	min     	avg     	max	std     
0  	500  	18       	18      	0.5     	0.683927	0.853446	0.104913        	0.229416	0.291113	1  	0.144249
1  	370  	199      	199     	0.5     	0.792956	0.855165	0.066532        	0.213201	0.313941	1  	0.114408
2  	358  	243      	285     	0.5     	0.818144	0.859487	0.0488975       	0.223607	0.352986	1  	0.110347
3  	374  	259      	330     	0.5     	0.821255	0.861867	0.0520434       	0.229416	0.380953	1  	0.115079
4  	386  	236      	343     	0.5     	0.821686	0.862181	0.0562139       	0.229416	0.397366	1  	0.121316
5  	379  	262      	351     	0.474128	0.825541	0.86627 	0.0571586       	0.242536	0.398576	1  	0.123028
6  	374  	245      	356     	0.474128	0.824595	0.86627 	0.0630179       	0.242536	0.408538	1  	0.129175
7  	384  	255      	358     	0.5     	0.827093	0.86627 	0.0593558       	0.25    	0.411253	1  	0.129412
8  	382  	246      	359     	0.5     	0.828726	0.867796	0.0593695       	0.258199	0.414478	1  	0.129008
9  	363  	249      	359     	0.5     	0.83054 	0.869862	0.0578981       	0.229416	0.415677	1  	0.129403
10 	387  	259      	361     	0.5     	0.832184	0.871869	0.0565771       	0.229416	0.417411	1  	0.128958
11 	380  	264      	362     	0.5     	0.833044	0.87495 	0.0568832       	0.229416	0.418923	1  	0.12947 
12 	378  	263      	362     	0.5     	0.83308 	0.882216	0.0572129       	0.25    	0.425206	1  	0.128537
13 	377  	259      	362     	0.5     	0.83536 	0.882216	0.0549449       	0.25    	0.422935	1  	0.128565
14 	370  	262      	362     	0.5     	0.837538	0.882216	0.0525818       	0.25    	0.419739	1  	0.129241
15 	383  	265      	362     	0.5     	0.839429	0.883557	0.0518956       	0.25    	0.415421	1  	0.129816
16 	370  	255      	362     	0.5     	0.841449	0.883557	0.0506936       	0.25    	0.411437	1  	0.129368
17 	372  	247      	362     	0.5     	0.843493	0.887111	0.0496321       	0.235702	0.407377	1  	0.130094
18 	386  	279      	362     	0.5     	0.845234	0.887111	0.048202        	0.235702	0.404721	1  	0.130068
19 	379  	275      	362     	0.5     	0.845975	0.887111	0.04853         	0.235702	0.404126	1  	0.130564
20 	378  	275      	362     	0.5     	0.847579	0.887111	0.0477471       	0.235702	0.401157	1  	0.130577
21 	379  	271      	362     	0.5     	0.84831 	0.88744 	0.0480421       	0.223607	0.400174	1  	0.130954
22 	350  	256      	362     	0.5     	0.849233	0.888518	0.0475318       	0.223607	0.399642	1  	0.130946
23 	373  	267      	362     	0.5     	0.849197	0.888518	0.0480174       	0.235702	0.404268	1  	0.130399
24 	388  	269      	362     	0.5     	0.850479	0.893379	0.0477012       	0.229416	0.401784	1  	0.130066
25 	383  	262      	362     	0.5     	0.851531	0.893379	0.0479217       	0.223607	0.399349	1  	0.131007
26 	374  	276      	362     	0.5     	0.853004	0.893379	0.0475326       	0.223607	0.395452	1  	0.131418
27 	355  	264      	362     	0.5     	0.853429	0.894241	0.0478234       	0.223607	0.3973  	1  	0.130744
28 	385  	263      	362     	0.5     	0.853698	0.894241	0.0479798       	0.223607	0.398183	1  	0.130457
29 	389  	264      	362     	0.5     	0.855243	0.894241	0.0474552       	0.223607	0.395069	1  	0.130329
30 	377  	262      	362     	0.5     	0.855914	0.894241	0.0477609       	0.223607	0.394535	1  	0.130626
31 	378  	249      	362     	0.5     	0.857238	0.894241	0.0472894       	0.223607	0.391597	1  	0.130495
32 	381  	274      	362     	0.5     	0.858712	0.898493	0.0470345       	0.223607	0.387223	1  	0.131018
33 	385  	263      	362     	0.5     	0.859164	0.898493	0.0471294       	0.213201	0.388076	1  	0.130607
34 	387  	258      	362     	0.5     	0.858746	0.898493	0.0479108       	0.213201	0.390898	1  	0.131173
35 	392  	261      	362     	0.5     	0.860081	0.898493	0.0475543       	0.2     	0.387081	1  	0.13154 
36 	381  	266      	362     	0.5     	0.861474	0.899605	0.047           	0.2     	0.383317	1  	0.131911
37 	388  	272      	362     	0.5     	0.862263	0.899605	0.0471206       	0.2     	0.381091	1  	0.132763
38 	387  	268      	362     	0.5     	0.863324	0.899605	0.0467159       	0.2     	0.3784  	1  	0.132577
39 	378  	263      	362     	0.5     	0.864564	0.90426 	0.0463354       	0.2     	0.374976	1  	0.132585
40 	382  	259      	362     	0.5     	0.86494 	0.904499	0.0465226       	0.2     	0.375199	1  	0.13229 
41 	353  	266      	362     	0.5     	0.865472	0.904499	0.0466633       	0.2     	0.374436	1  	0.132598
42 	371  	264      	362     	0.5     	0.866639	0.904499	0.0462196       	0.2     	0.372455	1  	0.131399
43 	389  	248      	362     	0.5     	0.867054	0.904499	0.0464052       	0.2     	0.37187 	1  	0.131839
44 	364  	268      	362     	0.5     	0.867508	0.904499	0.0465753       	0.2     	0.371037	1  	0.132132
45 	369  	254      	362     	0.5     	0.868017	0.904499	0.0467674       	0.2     	0.369951	1  	0.132455
46 	387  	246      	362     	0.5     	0.868096	0.904499	0.0466377       	0.2     	0.3713  	1  	0.132373
47 	376  	275      	362     	0.5     	0.869299	0.904499	0.0461205       	0.2     	0.367974	1  	0.131829
48 	374  	262      	362     	0.5     	0.869804	0.904609	0.0461461       	0.2     	0.366575	1  	0.132712
49 	386  	261      	362     	0.5     	0.870952	0.904669	0.0456277       	0.208514	0.363846	1  	0.13181 
50 	388  	264      	362     	0.5     	0.871316	0.906122	0.0454049       	0.208514	0.364029	1  	0.131649
51 	380  	268      	362     	0.5     	0.871448	0.907941	0.0455169       	0.208514	0.364094	1  	0.13188 
52 	374  	271      	362     	0.5     	0.871779	0.907941	0.0456645       	0.208514	0.363465	1  	0.132356
53 	377  	266      	362     	0.5     	0.873071	0.907941	0.0451701       	0.208514	0.359233	1  	0.132255
54 	378  	278      	362     	0.5     	0.873574	0.911359	0.0452126       	0.208514	0.358235	1  	0.13228 
55 	382  	264      	362     	0.5     	0.874523	0.911359	0.0446931       	0.204124	0.355734	1  	0.131614
56 	387  	263      	362     	0.5     	0.874759	0.911359	0.0448186       	0.204124	0.355242	1  	0.131984
57 	371  	266      	362     	0.5     	0.875043	0.911359	0.0449766       	0.204124	0.354947	1  	0.132216
58 	360  	252      	362     	0.5     	0.876221	0.911359	0.044386        	0.204124	0.351378	1  	0.131411
59 	367  	254      	362     	0.5     	0.876344	0.911359	0.0444566       	0.204124	0.351652	1  	0.131274
60 	377  	261      	362     	0.5     	0.876573	0.91172 	0.0445468       	0.208514	0.351583	1  	0.131316
61 	352  	251      	362     	0.5     	0.876691	0.91172 	0.0446049       	0.208514	0.351889	1  	0.131045
62 	362  	242      	362     	0.5     	0.875748	0.91172 	0.0453848       	0.213201	0.356242	1  	0.131249
63 	367  	255      	362     	0.5     	0.875952	0.91172 	0.0454603       	0.213201	0.356266	1  	0.131216
64 	364  	263      	362     	0.5     	0.876125	0.91172 	0.0455499       	0.213201	0.355761	1  	0.131566
65 	379  	263      	362     	0.5     	0.87624 	0.914232	0.0456114       	0.213201	0.35608 	1  	0.131392
66 	376  	253      	362     	0.5     	0.876349	0.914232	0.0456694       	0.213201	0.356091	1  	0.131418
67 	359  	246      	362     	0.5     	0.876558	0.914232	0.0457804       	0.213201	0.355364	1  	0.131893
68 	386  	255      	362     	0.5     	0.877069	0.914232	0.0458771       	0.213201	0.353902	1  	0.13206 
69 	381  	267      	362     	0.5     	0.877667	0.914232	0.0452778       	0.213201	0.352462	1  	0.131463
70 	386  	259      	362     	0.5     	0.878007	0.914232	0.0452947       	0.213201	0.351906	1  	0.131065
71 	380  	242      	362     	0.5     	0.877016	0.914232	0.046601        	0.213201	0.35551 	1  	0.131808
72 	387  	266      	362     	0.5     	0.87773 	0.914232	0.0455038       	0.213201	0.35398 	1  	0.131233
73 	377  	263      	362     	0.5     	0.87848 	0.915764	0.0455401       	0.213201	0.351646	1  	0.131301
74 	363  	253      	362     	0.5     	0.878476	0.915764	0.0456414       	0.208514	0.351986	1  	0.131543
75 	371  	232      	362     	0.5     	0.878825	0.915764	0.0457125       	0.208514	0.351343	1  	0.131595
76 	388  	254      	362     	0.5     	0.879066	0.915764	0.0458368       	0.204124	0.351196	1  	0.131736
77 	387  	257      	362     	0.5     	0.878389	0.915764	0.0468447       	0.204124	0.353574	1  	0.133061
78 	383  	246      	362     	0.5     	0.878913	0.915764	0.0469207       	0.204124	0.352562	1  	0.133102
79 	367  	239      	362     	0.5     	0.879687	0.915764	0.0461625       	0.204124	0.35076 	1  	0.132133
80 	374  	259      	362     	0.5     	0.880211	0.918687	0.0462964       	0.204124	0.34884 	1  	0.132844
81 	373  	244      	362     	0.5     	0.880122	0.918687	0.0463168       	0.204124	0.350407	1  	0.132097
82 	380  	264      	362     	0.5     	0.880236	0.918687	0.046374        	0.204124	0.350467	1  	0.132057
83 	378  	249      	362     	0.5     	0.880878	0.918687	0.0464309       	0.204124	0.347861	1  	0.132564
84 	355  	251      	362     	0.5     	0.881196	0.918687	0.0465071       	0.204124	0.347028	1  	0.132754
85 	384  	249      	362     	0.5     	0.881724	0.918687	0.0459544       	0.204124	0.345892	1  	0.131867
86 	370  	250      	362     	0.5     	0.881548	0.918687	0.0460576       	0.204124	0.347082	1  	0.131724
87 	380  	245      	362     	0.5     	0.881922	0.918687	0.0460734       	0.2     	0.345942	1  	0.131845
88 	390  	259      	362     	0.5     	0.880766	0.918687	0.0474301       	0.2     	0.349735	1  	0.132632
89 	386  	252      	362     	0.5     	0.881014	0.918687	0.0474354       	0.2     	0.348899	1  	0.13312 
90 	367  	271      	362     	0.5     	0.881308	0.918687	0.0471517       	0.2     	0.348336	1  	0.133001
91 	383  	253      	362     	0.5     	0.881246	0.918687	0.0471677       	0.2     	0.348847	1  	0.13309 
92 	377  	245      	362     	0.5     	0.881837	0.918687	0.0469285       	0.2     	0.347101	1  	0.132911
93 	364  	247      	362     	0.5     	0.882275	0.918687	0.0463519       	0.2     	0.346097	1  	0.132077
94 	375  	250      	362     	0.5     	0.882446	0.918687	0.0463793       	0.2     	0.345588	1  	0.132165
95 	369  	257      	362     	0.5     	0.882547	0.919674	0.0464317       	0.2     	0.345298	1  	0.132364
96 	372  	265      	362     	0.5     	0.88357 	0.919674	0.0458532       	0.2     	0.342052	1  	0.131588
97 	377  	248      	362     	0.5     	0.882765	0.919674	0.0467602       	0.2     	0.34509 	1  	0.132361
98 	372  	261      	362     	0.5     	0.882817	0.919674	0.046773        	0.2     	0.34525 	1  	0.132257
99 	382  	246      	362     	0.5     	0.883017	0.919674	0.0468657       	0.2     	0.344574	1  	0.132578
100	376  	268      	362     	0.5     	0.884021	0.919674	0.0460326       	0.2     	0.341885	1  	0.131349
101	380  	264      	362     	0.5     	0.884615	0.919674	0.0460886       	0.2     	0.339822	1  	0.131725
102	393  	264      	362     	0.5     	0.884708	0.919674	0.0462729       	0.2     	0.339349	1  	0.132431
103	394  	265      	362     	0.5     	0.885735	0.919674	0.0455554       	0.2     	0.336356	1  	0.131259
104	376  	264      	362     	0.5     	0.885797	0.919674	0.0455872       	0.2     	0.336255	1  	0.131353
105	368  	254      	362     	0.5     	0.885857	0.919674	0.0456202       	0.2     	0.336222	1  	0.131361
106	385  	251      	362     	0.5     	0.884744	0.919674	0.0468386       	0.204124	0.339936	1  	0.132242
107	382  	248      	362     	0.5     	0.884766	0.919674	0.0466886       	0.204124	0.340296	1  	0.132003
108	370  	258      	362     	0.5     	0.885785	0.919674	0.0457062       	0.204124	0.337584	1  	0.13131 
109	388  	254      	362     	0.5     	0.885167	0.919674	0.0463579       	0.204124	0.339556	1  	0.132128
110	387  	261      	362     	0.5     	0.885606	0.919674	0.0464241       	0.204124	0.338108	1  	0.132448
111	380  	259      	362     	0.5     	0.886018	0.92058 	0.0457834       	0.204124	0.337206	1  	0.131324
112	388  	267      	362     	0.5     	0.885274	0.92058 	0.0468918       	0.204124	0.339247	1  	0.132648
113	362  	245      	362     	0.5     	0.8864  	0.92058 	0.0458067       	0.204124	0.336251	1  	0.131312
114	375  	261      	362     	0.5     	0.885472	0.92058 	0.0465771       	0.204124	0.339182	1  	0.132466
115	371  	260      	362     	0.5     	0.886133	0.92058 	0.0458351       	0.204124	0.337856	1  	0.131515
116	365  	249      	362     	0.5     	0.886163	0.92058 	0.045893        	0.204124	0.337889	1  	0.131608
117	391  	256      	362     	0.5     	0.886675	0.920639	0.0457983       	0.204124	0.336379	1  	0.131206
118	388  	263      	362     	0.5     	0.886736	0.921984	0.0458371       	0.196116	0.336509	1  	0.131098
119	364  	258      	362     	0.5     	0.886792	0.921984	0.0458648       	0.196116	0.336416	1  	0.131176
120	384  	253      	362     	0.5     	0.88704 	0.921984	0.0459092       	0.196116	0.335715	1  	0.131333
121	364  	251      	362     	0.5     	0.886969	0.921984	0.0459746       	0.196116	0.336333	1  	0.131219
122	362  	254      	362     	0.5     	0.887006	0.921984	0.0459791       	0.196116	0.336434	1  	0.13115 
123	400  	267      	362     	0.5     	0.887105	0.921984	0.0460228       	0.196116	0.336542	1  	0.131056
124	388  	269      	362     	0.5     	0.887142	0.921984	0.0460394       	0.196116	0.336434	1  	0.131135
125	376  	255      	362     	0.5     	0.887186	0.923273	0.0460685       	0.196116	0.336543	1  	0.131063
126	379  	251      	362     	0.5     	0.887368	0.923273	0.0461207       	0.196116	0.33571 	1  	0.131444
127	365  	260      	362     	0.5     	0.887259	0.923273	0.0461107       	0.196116	0.336638	1  	0.130985
128	384  	270      	362     	0.5     	0.887324	0.923273	0.0461267       	0.196116	0.336619	1  	0.131003
129	394  	263      	362     	0.5     	0.887395	0.923273	0.0461626       	0.2     	0.336833	1  	0.130809
130	375  	257      	362     	0.5     	0.887461	0.923273	0.0461915       	0.196116	0.336737	1  	0.130899
131	393  	261      	362     	0.5     	0.887506	0.923273	0.0462052       	0.196116	0.336853	1  	0.130796
132	381  	268      	362     	0.5     	0.887332	0.923273	0.0463164       	0.196116	0.337603	1  	0.131099
133	377  	263      	362     	0.5     	0.886752	0.924781	0.0470571       	0.196116	0.339325	1  	0.131638
134	381  	259      	362     	0.5     	0.886813	0.924781	0.0469757       	0.196116	0.339418	1  	0.131598
135	376  	257      	362     	0.5     	0.886785	0.924781	0.047078        	0.196116	0.33978 	1  	0.131981
136	376  	265      	362     	0.5     	0.887208	0.924781	0.0463546       	0.196116	0.33899 	1  	0.130499
137	372  	253      	362     	0.5     	0.887691	0.924781	0.0463657       	0.196116	0.337451	1  	0.130574
138	361  	249      	362     	0.5     	0.887313	0.924781	0.047144        	0.196116	0.338398	1  	0.131534
139	375  	257      	362     	0.5     	0.887947	0.924781	0.0464548       	0.196116	0.33685 	1  	0.13079 
140	368  	233      	362     	0.5     	0.887968	0.924781	0.0464632       	0.196116	0.336883	1  	0.130762
141	352  	252      	362     	0.5     	0.888019	0.92564 	0.0464981       	0.196116	0.336816	1  	0.130826
142	386  	257      	362     	0.5     	0.888062	0.92564 	0.0465162       	0.196116	0.336728	1  	0.130902
143	384  	259      	362     	0.5     	0.88813 	0.92564 	0.046552        	0.2     	0.336811	1  	0.130828
144	376  	241      	362     	0.5     	0.8882  	0.927574	0.0465983       	0.19245 	0.336677	1  	0.130941
145	369  	245      	362     	0.5     	0.888241	0.927574	0.0466207       	0.19245 	0.336716	1  	0.130911
146	389  	255      	362     	0.5     	0.888274	0.927574	0.0466388       	0.19245 	0.336783	1  	0.13086 
147	405  	243      	362     	0.5     	0.888333	0.927574	0.0466736       	0.19245 	0.336656	1  	0.130966
148	379  	265      	362     	0.5     	0.888377	0.927574	0.0466991       	0.19245 	0.336643	1  	0.130982
149	370  	241      	362     	0.5     	0.888409	0.927574	0.0467102       	0.19245 	0.336641	1  	0.130988

STARTING MASTER RUNNER CONCATENATED MASTER

CONCATENATED MASTER WITH SYMMETRIC FLIP
MASTER
   	     	         	        	   survival SKSurv Cox model concordance index   	                 root leanness                  
   	     	         	        	-------------------------------------------------	------------------------------------------------
gen	evals	gen_feats	explored	min	avg     	max     	std                  	min     	avg     	max	std     
0  	500  	179      	179     	0.5	0.861937	0.911847	0.0511582            	0.19245 	0.324914	1  	0.120126
1  	365  	257      	272     	0.5	0.870738	0.911847	0.0517399            	0.208514	0.366641	1  	0.123254
2  	390  	249      	324     	0.5	0.871753	0.911847	0.053235             	0.208514	0.37393 	1  	0.129258
3  	387  	253      	348     	0.5	0.872838	0.913016	0.0542895            	0.208514	0.374554	1  	0.132881
4  	361  	239      	356     	0.5	0.874681	0.913016	0.0515467            	0.208514	0.374392	1  	0.133125
5  	388  	256      	360     	0.5	0.876044	0.91478 	0.0508199            	0.208514	0.372587	1  	0.134148
6  	373  	266      	360     	0.5	0.877683	0.91478 	0.050056             	0.208514	0.370369	1  	0.13335 
7  	360  	253      	361     	0.5	0.878196	0.91478 	0.0502216            	0.208514	0.369768	1  	0.133838
8  	400  	263      	362     	0.5	0.880145	0.915372	0.0485847            	0.208514	0.365531	1  	0.133925
9  	397  	282      	363     	0.5	0.880651	0.915372	0.0488229            	0.208514	0.366428	1  	0.13324 
10 	397  	273      	363     	0.5	0.880801	0.915372	0.0499552            	0.208514	0.367544	1  	0.133785
11 	363  	250      	363     	0.5	0.881898	0.918868	0.0488684            	0.208514	0.366924	1  	0.132828
12 	383  	262      	363     	0.5	0.881255	0.918868	0.0501707            	0.208514	0.371207	1  	0.132592
13 	376  	264      	363     	0.5	0.881716	0.918868	0.0502141            	0.208514	0.370741	1  	0.133005
14 	376  	259      	363     	0.5	0.88217 	0.918868	0.049857             	0.208514	0.3711  	1  	0.132703
15 	369  	263      	363     	0.5	0.882579	0.919356	0.0495405            	0.208514	0.371031	1  	0.132765
16 	357  	253      	363     	0.5	0.882951	0.919356	0.0495291            	0.208514	0.370248	1  	0.133319
17 	372  	256      	363     	0.5	0.883265	0.919642	0.0496729            	0.208514	0.369812	1  	0.133528
18 	383  	264      	363     	0.5	0.883812	0.920268	0.0496998            	0.208514	0.368743	1  	0.1335  
19 	377  	255      	363     	0.5	0.883878	0.920268	0.0498693            	0.204124	0.369859	1  	0.133191
20 	386  	268      	363     	0.5	0.884941	0.920268	0.0492172            	0.204124	0.367409	1  	0.132339
21 	380  	249      	363     	0.5	0.884279	0.920268	0.0506199            	0.208514	0.369915	1  	0.133068
22 	387  	270      	363     	0.5	0.88377 	0.920268	0.050859             	0.208514	0.372936	1  	0.133433
23 	360  	261      	363     	0.5	0.885676	0.920268	0.0493786            	0.208514	0.367372	1  	0.132456
24 	370  	267      	363     	0.5	0.88622 	0.921664	0.0495657            	0.208514	0.365935	1  	0.132885
25 	378  	260      	363     	0.5	0.887099	0.921664	0.0488779            	0.208514	0.364323	1  	0.131712
26 	367  	260      	363     	0.5	0.887355	0.921664	0.0489766            	0.208514	0.363973	1  	0.131711
27 	368  	247      	363     	0.5	0.887695	0.921664	0.0490495            	0.204124	0.363083	1  	0.132292
28 	374  	265      	363     	0.5	0.887782	0.921664	0.0490398            	0.204124	0.363818	1  	0.131833
29 	364  	262      	363     	0.5	0.887993	0.921664	0.0491118            	0.204124	0.363877	1  	0.131758
30 	362  	251      	363     	0.5	0.888118	0.923795	0.0491738            	0.204124	0.364103	1  	0.13155 
31 	375  	260      	363     	0.5	0.88814 	0.92397 	0.0491773            	0.204124	0.365258	1  	0.131025
32 	373  	260      	363     	0.5	0.887624	0.924683	0.049953             	0.204124	0.367555	1  	0.131858
33 	364  	267      	363     	0.5	0.887884	0.924683	0.0499927            	0.204124	0.366935	1  	0.13193 
34 	362  	254      	363     	0.5	0.888514	0.924683	0.0494289            	0.204124	0.365404	1  	0.131424
35 	360  	257      	363     	0.5	0.888476	0.92755 	0.0500581            	0.204124	0.365272	1  	0.132123
36 	392  	250      	363     	0.5	0.889051	0.92755 	0.0494799            	0.204124	0.36398 	1  	0.131641
37 	375  	251      	363     	0.5	0.889132	0.92755 	0.0495173            	0.204124	0.364109	1  	0.131532
38 	371  	255      	363     	0.5	0.889294	0.92755 	0.049578             	0.204124	0.363497	1  	0.131975
39 	374  	253      	363     	0.5	0.889513	0.92755 	0.0496522            	0.208514	0.36285 	1  	0.132188
40 	368  	273      	363     	0.5	0.890051	0.92755 	0.0496334            	0.208514	0.361029	1  	0.132141
41 	377  	256      	363     	0.5	0.889864	0.92755 	0.0497728            	0.208514	0.36227 	1  	0.132255
42 	380  	265      	363     	0.5	0.889686	0.92755 	0.0498028            	0.208514	0.363452	1  	0.132056
43 	375  	246      	363     	0.5	0.890771	0.928488	0.0491536            	0.208514	0.360411	1  	0.131275
44 	381  	254      	363     	0.5	0.890929	0.928488	0.0492193            	0.208514	0.359857	1  	0.131574
45 	390  	266      	363     	0.5	0.891051	0.928488	0.0492817            	0.213201	0.360186	1  	0.131291
46 	388  	254      	363     	0.5	0.89118 	0.928488	0.0493502            	0.213201	0.360187	1  	0.13129 
47 	384  	261      	363     	0.5	0.891444	0.929742	0.0494695            	0.208514	0.358983	1  	0.132081
48 	380  	252      	363     	0.5	0.892571	0.929742	0.0488381            	0.204124	0.355713	1  	0.131336
49 	385  	245      	363     	0.5	0.892694	0.929742	0.0489092            	0.204124	0.355558	1  	0.131478
50 	369  	251      	363     	0.5	0.892846	0.929742	0.0489955            	0.204124	0.355686	1  	0.13136 
51 	376  	249      	363     	0.5	0.892947	0.929742	0.0490535            	0.204124	0.355568	1  	0.131448
52 	374  	262      	363     	0.5	0.893097	0.929742	0.049144             	0.204124	0.355404	1  	0.131609
53 	376  	261      	363     	0.5	0.893219	0.929742	0.0492044            	0.204124	0.354887	1  	0.131984
54 	382  	260      	363     	0.5	0.89376 	0.929742	0.0493087            	0.204124	0.352709	1  	0.13251 
55 	376  	253      	363     	0.5	0.894455	0.929742	0.0485845            	0.204124	0.351053	1  	0.131397
56 	396  	266      	363     	0.5	0.894556	0.929742	0.0486008            	0.204124	0.35104 	1  	0.131402
57 	372  	253      	363     	0.5	0.894645	0.929742	0.0486439            	0.204124	0.350736	1  	0.131645
58 	393  	259      	363     	0.5	0.894764	0.929742	0.0487018            	0.2     	0.350735	1  	0.131676
59 	392  	253      	363     	0.5	0.894815	0.929742	0.0487295            	0.2     	0.351038	1  	0.131407
60 	366  	252      	363     	0.5	0.894893	0.929742	0.0487668            	0.2     	0.351022	1  	0.131432
61 	374  	261      	363     	0.5	0.894893	0.929742	0.0487609            	0.2     	0.35138 	1  	0.131293
62 	371  	266      	363     	0.5	0.894439	0.929742	0.0498914            	0.2     	0.352359	1  	0.132107
63 	372  	248      	363     	0.5	0.894852	0.929742	0.0489697            	0.2     	0.351962	1  	0.13165 
64 	374  	262      	363     	0.5	0.893838	0.930322	0.0503295            	0.2     	0.355185	1  	0.131819
65 	372  	249      	363     	0.5	0.894451	0.930322	0.0496883            	0.2     	0.353627	1  	0.131903
66 	371  	260      	363     	0.5	0.89524 	0.930322	0.0489602            	0.2     	0.351424	1  	0.131236
67 	389  	256      	363     	0.5	0.895273	0.930322	0.0488251            	0.2     	0.351757	1  	0.13117 
68 	371  	246      	363     	0.5	0.895523	0.930322	0.0489215            	0.2     	0.350816	1  	0.131648
69 	378  	263      	363     	0.5	0.895551	0.930322	0.0489358            	0.2     	0.351046	1  	0.131455
70 	381  	260      	363     	0.5	0.895533	0.930322	0.0489321            	0.2     	0.351352	1  	0.131287
71 	394  	267      	363     	0.5	0.895714	0.930322	0.0489572            	0.2     	0.350693	1  	0.131596
72 	367  	256      	363     	0.5	0.895612	0.930322	0.0489286            	0.2     	0.351409	1  	0.131249
73 	385  	253      	363     	0.5	0.895673	0.930322	0.048965             	0.2     	0.351277	1  	0.131369
74 	383  	255      	363     	0.5	0.895773	0.931225	0.0490219            	0.196116	0.350895	1  	0.131703
75 	380  	266      	363     	0.5	0.895803	0.931225	0.0490367            	0.196116	0.351118	1  	0.131521
76 	388  	250      	363     	0.5	0.895953	0.931225	0.0491096            	0.196116	0.350424	1  	0.131987
77 	388  	246      	363     	0.5	0.896282	0.931225	0.0491396            	0.196116	0.349114	1  	0.132129
78 	376  	249      	363     	0.5	0.896727	0.931225	0.0484255            	0.196116	0.348181	1  	0.131152
79 	363  	251      	363     	0.5	0.897169	0.931225	0.0484699            	0.196116	0.346738	1  	0.131166
80 	375  	272      	363     	0.5	0.89637 	0.931225	0.0498054            	0.196116	0.348773	1  	0.13206 
81 	391  	245      	363     	0.5	0.897214	0.931225	0.0485016            	0.196116	0.346854	1  	0.131136
82 	357  	245      	363     	0.5	0.897173	0.931225	0.0485489            	0.196116	0.347049	1  	0.131275
83 	389  	253      	363     	0.5	0.896998	0.931225	0.0486775            	0.196116	0.347781	1  	0.131539
84 	379  	259      	363     	0.5	0.8974  	0.931225	0.0485587            	0.196116	0.346478	1  	0.131236
85 	380  	245      	363     	0.5	0.897436	0.931225	0.0485673            	0.196116	0.346512	1  	0.131205
86 	374  	262      	363     	0.5	0.897308	0.931225	0.0485986            	0.196116	0.34704 	1  	0.13129 
87 	389  	263      	363     	0.5	0.897481	0.931225	0.0485922            	0.196116	0.346398	1  	0.13131 
88 	382  	255      	363     	0.5	0.897636	0.931225	0.0486575            	0.19245 	0.345508	1  	0.131887
89 	369  	246      	363     	0.5	0.897572	0.932314	0.0486379            	0.19245 	0.34606 	1  	0.131603
90 	380  	259      	363     	0.5	0.897604	0.932314	0.0486552            	0.19245 	0.346188	1  	0.1315  
91 	371  	260      	363     	0.5	0.89773 	0.932314	0.048694             	0.19245 	0.345698	1  	0.131753
92 	381  	252      	363     	0.5	0.897882	0.932314	0.0487572            	0.19245 	0.345069	1  	0.132061
93 	394  	270      	363     	0.5	0.898647	0.932314	0.0480071            	0.19245 	0.342804	1  	0.131025
94 	362  	267      	363     	0.5	0.897978	0.932536	0.0488645            	0.19245 	0.344532	1  	0.132344
95 	379  	252      	363     	0.5	0.897865	0.932536	0.048855             	0.19245 	0.345114	1  	0.132293
96 	393  	259      	363     	0.5	0.89832 	0.932536	0.0489297            	0.19245 	0.343275	1  	0.1328  
97 	379  	246      	363     	0.5	0.898412	0.932536	0.0488511            	0.188982	0.343105	1  	0.132594
98 	366  	247      	363     	0.5	0.898533	0.93378 	0.0487927            	0.188982	0.342844	1  	0.132516
99 	380  	256      	363     	0.5	0.899216	0.93378 	0.048159             	0.19245 	0.341164	1  	0.131609
100	380  	257      	363     	0.5	0.899255	0.93378 	0.0481827            	0.19245 	0.341163	1  	0.131609
101	383  	246      	363     	0.5	0.899304	0.93378 	0.0482056            	0.19245 	0.340944	1  	0.131805
102	381  	252      	363     	0.5	0.899351	0.93378 	0.0481995            	0.19245 	0.341022	1  	0.13173 
103	392  	269      	363     	0.5	0.899371	0.93378 	0.0482113            	0.19245 	0.340923	1  	0.131829
104	389  	266      	363     	0.5	0.899393	0.93378 	0.0482209            	0.19245 	0.340956	1  	0.131799
105	387  	259      	363     	0.5	0.899467	0.93378 	0.0482494            	0.19245 	0.340901	1  	0.131842
106	376  	268      	363     	0.5	0.898309	0.93378 	0.0491262            	0.188982	0.344667	1  	0.132687
107	379  	270      	363     	0.5	0.898308	0.93378 	0.0490742            	0.188982	0.344824	1  	0.132642
108	353  	250      	363     	0.5	0.898593	0.93378 	0.0490268            	0.188982	0.343937	1  	0.132701
109	369  	254      	363     	0.5	0.898956	0.935918	0.0489805            	0.188982	0.342829	1  	0.13255 
110	374  	257      	363     	0.5	0.899585	0.935918	0.0483414            	0.188982	0.341063	1  	0.131921
111	376  	251      	363     	0.5	0.899626	0.935918	0.048362             	0.188982	0.341029	1  	0.131944
112	382  	262      	363     	0.5	0.899723	0.935918	0.0484107            	0.188982	0.34053 	1  	0.132306
113	372  	262      	363     	0.5	0.899852	0.935918	0.0484767            	0.188982	0.340121	1  	0.132544
114	366  	252      	363     	0.5	0.900107	0.935918	0.0485245            	0.188982	0.339102	1  	0.132735
115	384  	250      	363     	0.5	0.899912	0.935918	0.0485159            	0.188982	0.33994 	1  	0.132632
116	368  	252      	363     	0.5	0.900543	0.935918	0.0484366            	0.188982	0.337418	1  	0.132647
117	360  	251      	363     	0.5	0.901093	0.935918	0.047785             	0.188982	0.335974	1  	0.131863
118	374  	267      	363     	0.5	0.900096	0.935918	0.0487892            	0.188982	0.339015	1  	0.133172
119	397  	268      	363     	0.5	0.899826	0.935918	0.0486778            	0.188982	0.34078 	1  	0.132199
120	380  	274      	363     	0.5	0.899947	0.935918	0.0486903            	0.188982	0.340338	1  	0.132415
121	369  	262      	363     	0.5	0.90005 	0.935918	0.0486109            	0.188982	0.339957	1  	0.132679
122	378  	261      	363     	0.5	0.900199	0.935918	0.0486554            	0.188982	0.339321	1  	0.132971
123	389  	258      	363     	0.5	0.900268	0.935918	0.0486874            	0.188982	0.339033	1  	0.133231
124	393  	280      	363     	0.5	0.901125	0.935918	0.0478996            	0.188982	0.336524	1  	0.132052
125	361  	249      	363     	0.5	0.901285	0.935918	0.047917             	0.188982	0.336057	1  	0.132018
126	378  	255      	363     	0.5	0.901538	0.936396	0.0480035            	0.188982	0.334916	1  	0.132572
127	382  	265      	363     	0.5	0.901601	0.936396	0.0480334            	0.188982	0.334445	1  	0.132971
128	374  	260      	363     	0.5	0.901856	0.936396	0.048097             	0.188982	0.333285	1  	0.133391
129	382  	254      	363     	0.5	0.902404	0.936396	0.0480005            	0.188982	0.33133 	1  	0.133059
130	378  	268      	363     	0.5	0.902968	0.936396	0.0473554            	0.188982	0.329955	1  	0.132237
131	383  	268      	363     	0.5	0.902488	0.936396	0.0485649            	0.188982	0.330872	1  	0.133264
132	380  	281      	363     	0.5	0.901957	0.936396	0.0485923            	0.188982	0.333119	1  	0.133569
133	371  	257      	363     	0.5	0.901778	0.936396	0.0485061            	0.188982	0.334288	1  	0.133036
134	371  	258      	363     	0.5	0.901829	0.938632	0.048529             	0.188982	0.334328	1  	0.133012
135	387  	253      	363     	0.5	0.90258 	0.938632	0.047613             	0.188982	0.332392	1  	0.132347
136	393  	261      	363     	0.5	0.903099	0.938632	0.0475017            	0.188982	0.330749	1  	0.131994
137	379  	266      	363     	0.5	0.903228	0.938632	0.0475205            	0.188982	0.330377	1  	0.132001
138	364  	241      	363     	0.5	0.903336	0.938632	0.0475481            	0.188982	0.330244	1  	0.131967
139	368  	261      	363     	0.5	0.903394	0.938632	0.0475822            	0.188982	0.330101	1  	0.132069
140	379  	247      	363     	0.5	0.903406	0.938632	0.0475879            	0.188982	0.330067	1  	0.132108
141	360  	254      	363     	0.5	0.90329 	0.938632	0.0476461            	0.188982	0.330975	1  	0.13195 
142	369  	258      	363     	0.5	0.903489	0.938632	0.0476302            	0.188982	0.330481	1  	0.131769
143	372  	263      	363     	0.5	0.90353 	0.938632	0.0476461            	0.188982	0.33044 	1  	0.131814
144	382  	276      	363     	0.5	0.902728	0.938632	0.0486774            	0.188982	0.332748	1  	0.133209
145	375  	250      	363     	0.5	0.90362 	0.938632	0.0476989            	0.185695	0.330309	1  	0.131932
146	384  	265      	363     	0.5	0.903722	0.938632	0.0477325            	0.185695	0.329865	1  	0.132158
147	381  	270      	363     	0.5	0.904011	0.938632	0.0477992            	0.185695	0.328607	1  	0.132506
148	376  	275      	363     	0.5	0.905011	0.938632	0.0469916            	0.185695	0.325491	1  	0.131325
149	371  	257      	363     	0.5	0.903955	0.938632	0.0480349            	0.19245 	0.328699	1  	0.132723

CURRENT HALLS OF FAME

PARETO FRONT
Number of solutions = 19
(0.9386318662632499, 0.2) 24 features: [0_age_at_initial_pathologic_diagnosis, 1_hsa.miR.10b.5p, 1_hsa.miR.1228.3p, 1_hsa.miR.126.5p, 1_hsa.miR.144.3p, 1_hsa.miR.148a.5p, 1_hsa.miR.150.3p, 1_hsa.miR.151b, 1_hsa.miR.15a.5p, 1_hsa.miR.15b.5p, 1_hsa.miR.193a.5p, 1_hsa.miR.193b.5p, 1_hsa.miR.196a.5p, 1_hsa.miR.200b.5p, 1_hsa.miR.24.1.5p, 1_hsa.miR.346, 1_hsa.miR.34c.3p, 1_hsa.miR.361.5p, 1_hsa.miR.375, 1_hsa.miR.382.3p, 1_hsa.miR.451a, 1_hsa.miR.455.3p, 1_hsa.miR.4772.3p, 1_hsa.miR.6720.3p]
(0.9365409465531623, 0.23570226039551584) 17 features: [0_age_at_initial_pathologic_diagnosis, 1_hsa.let.7a.2.3p, 1_hsa.miR.10b.5p, 1_hsa.miR.1228.3p, 1_hsa.miR.126.5p, 1_hsa.miR.144.3p, 1_hsa.miR.1468.5p, 1_hsa.miR.151b, 1_hsa.miR.15b.5p, 1_hsa.miR.193a.5p, 1_hsa.miR.193b.5p, 1_hsa.miR.196a.5p, 1_hsa.miR.204.3p, 1_hsa.miR.331.3p, 1_hsa.miR.346, 1_hsa.miR.382.3p, 1_hsa.miR.412.5p]
(0.9351987985722787, 0.24253562503633297) 16 features: [0_age_at_initial_pathologic_diagnosis, 1_hsa.let.7a.2.3p, 1_hsa.miR.10b.5p, 1_hsa.miR.1228.3p, 1_hsa.miR.126.5p, 1_hsa.miR.144.3p, 1_hsa.miR.1468.5p, 1_hsa.miR.151b, 1_hsa.miR.15b.5p, 1_hsa.miR.193a.5p, 1_hsa.miR.193b.5p, 1_hsa.miR.204.3p, 1_hsa.miR.331.3p, 1_hsa.miR.346, 1_hsa.miR.382.3p, 1_hsa.miR.412.5p]
(0.9328612804916069, 0.25) 15 features: [0_age_at_initial_pathologic_diagnosis, 1_hsa.let.7a.2.3p, 1_hsa.miR.10b.5p, 1_hsa.miR.1228.3p, 1_hsa.miR.126.5p, 1_hsa.miR.144.3p, 1_hsa.miR.1468.5p, 1_hsa.miR.151b, 1_hsa.miR.15b.5p, 1_hsa.miR.193a.5p, 1_hsa.miR.193b.5p, 1_hsa.miR.331.3p, 1_hsa.miR.346, 1_hsa.miR.382.3p, 1_hsa.miR.412.5p]
(0.9311423616933413, 0.2581988897471611) 14 features: [0_age_at_initial_pathologic_diagnosis, 1_hsa.miR.10b.5p, 1_hsa.miR.1228.3p, 1_hsa.miR.126.5p, 1_hsa.miR.144.3p, 1_hsa.miR.151b, 1_hsa.miR.15b.5p, 1_hsa.miR.193a.5p, 1_hsa.miR.193b.5p, 1_hsa.miR.331.3p, 1_hsa.miR.346, 1_hsa.miR.382.3p, 1_hsa.miR.455.5p, 1_hsa.miR.6720.3p]
(0.930913900457634, 0.2672612419124244) 13 features: [0_age_at_initial_pathologic_diagnosis, 1_hsa.miR.10b.5p, 1_hsa.miR.1228.3p, 1_hsa.miR.126.5p, 1_hsa.miR.144.3p, 1_hsa.miR.15b.5p, 1_hsa.miR.188.3p, 1_hsa.miR.193a.5p, 1_hsa.miR.193b.5p, 1_hsa.miR.346, 1_hsa.miR.382.3p, 1_hsa.miR.455.3p, 1_hsa.miR.942.3p]
(0.9278588793901105, 0.2773500981126146) 12 features: [0_age_at_initial_pathologic_diagnosis, 1_hsa.miR.1228.3p, 1_hsa.miR.126.5p, 1_hsa.miR.144.3p, 1_hsa.miR.151b, 1_hsa.miR.15b.5p, 1_hsa.miR.193a.5p, 1_hsa.miR.193b.5p, 1_hsa.miR.204.3p, 1_hsa.miR.331.3p, 1_hsa.miR.346, 1_hsa.miR.382.3p]
(0.9234695031030764, 0.28867513459481287) 11 features: [0_age_at_initial_pathologic_diagnosis, 1_hsa.miR.10b.5p, 1_hsa.miR.1228.3p, 1_hsa.miR.15b.5p, 1_hsa.miR.193a.5p, 1_hsa.miR.193b.5p, 1_hsa.miR.199a.5p, 1_hsa.miR.346, 1_hsa.miR.382.3p, 1_hsa.miR.455.5p, 1_hsa.miR.6720.3p]
(0.9211825230338452, 0.30151134457776363) 10 features: [0_age_at_initial_pathologic_diagnosis, 1_hsa.let.7a.2.3p, 1_hsa.miR.10b.5p, 1_hsa.miR.1228.3p, 1_hsa.miR.126.5p, 1_hsa.miR.144.3p, 1_hsa.miR.15b.5p, 1_hsa.miR.193b.5p, 1_hsa.miR.346, 1_hsa.miR.382.3p]
(0.9169197532581874, 0.31622776601683794) 9 features: [0_age_at_initial_pathologic_diagnosis, 1_hsa.miR.1228.3p, 1_hsa.miR.144.3p, 1_hsa.miR.151b, 1_hsa.miR.15b.5p, 1_hsa.miR.193b.5p, 1_hsa.miR.331.3p, 1_hsa.miR.346, 1_hsa.miR.382.3p]
(0.9113752926179023, 0.3333333333333333) 8 features: [0_age_at_initial_pathologic_diagnosis, 1_hsa.miR.10b.5p, 1_hsa.miR.1228.3p, 1_hsa.miR.15b.5p, 1_hsa.miR.193b.5p, 1_hsa.miR.346, 1_hsa.miR.378a.3p, 1_hsa.miR.382.3p]
(0.9081366100722544, 0.3535533905932738) 7 features: [0_age_at_initial_pathologic_diagnosis, 1_hsa.miR.10b.5p, 1_hsa.miR.1228.3p, 1_hsa.miR.15b.5p, 1_hsa.miR.193b.5p, 1_hsa.miR.346, 1_hsa.miR.432.5p]
(0.9004604211684087, 0.3779644730092272) 6 features: [0_age_at_initial_pathologic_diagnosis, 1_hsa.miR.10b.5p, 1_hsa.miR.15b.5p, 1_hsa.miR.346, 1_hsa.miR.432.5p, 1_hsa.miR.6720.3p]
(0.8938900544124392, 0.408248290463863) 5 features: [0_age_at_initial_pathologic_diagnosis, 1_hsa.miR.10b.5p, 1_hsa.miR.15b.5p, 1_hsa.miR.346, 1_hsa.miR.432.5p]
(0.8819422627873381, 0.4472135954999579) 4 features: [0_age_at_initial_pathologic_diagnosis, 1_hsa.miR.15b.5p, 1_hsa.miR.346, 1_hsa.miR.432.5p]
(0.8709970909437895, 0.5) [0_age_at_initial_pathologic_diagnosis, 1_hsa.miR.15b.5p, 1_hsa.miR.346]
(0.8503699475536814, 0.5773502691896257) [0_age_at_initial_pathologic_diagnosis, 1_hsa.miR.15b.5p]
(0.8090750619809, 0.7071067811865476) [1_hsa.miR.15b.5p]
(0.5, 1.0) []
Features in hall of fame by prevalence:
35 features: [1_hsa.miR.15b.5p, 0_age_at_initial_pathologic_diagnosis, 1_hsa.miR.346, 1_hsa.miR.10b.5p, 1_hsa.miR.1228.3p, 1_hsa.miR.193b.5p, 1_hsa.miR.382.3p, 1_hsa.miR.144.3p, 1_hsa.miR.126.5p, 1_hsa.miR.193a.5p, 1_hsa.miR.151b, 1_hsa.miR.331.3p, 1_hsa.let.7a.2.3p, 1_hsa.miR.432.5p, 1_hsa.miR.6720.3p, 1_hsa.miR.1468.5p, 1_hsa.miR.204.3p, 1_hsa.miR.412.5p, 1_hsa.miR.196a.5p, 1_hsa.miR.455.3p, 1_hsa.miR.455.5p, 1_hsa.miR.148a.5p, 1_hsa.miR.150.3p, 1_hsa.miR.15a.5p, 1_hsa.miR.188.3p, 1_hsa.miR.199a.5p, 1_hsa.miR.200b.5p, 1_hsa.miR.24.1.5p, 1_hsa.miR.34c.3p, 1_hsa.miR.361.5p, 1_hsa.miR.375, 1_hsa.miR.378a.3p, 1_hsa.miR.451a, 1_hsa.miR.4772.3p, 1_hsa.miR.942.3p]

LAST POPULATION
Number of solutions = 500
Features in hall of fame by prevalence:
206 features: [1_hsa.miR.15b.5p, 0_age_at_initial_pathologic_diagnosis, 1_hsa.miR.346, 1_hsa.miR.1228.3p, 1_hsa.miR.382.3p, 1_hsa.miR.10b.5p, 1_hsa.miR.193b.5p, 1_hsa.miR.144.3p, 1_hsa.miR.151b, 1_hsa.miR.193a.5p, 1_hsa.miR.126.5p, 1_hsa.miR.6720.3p, 1_hsa.miR.331.3p, 1_hsa.miR.1468.5p, 1_hsa.miR.204.3p, 1_hsa.miR.34c.3p, 1_hsa.miR.455.5p, 1_hsa.miR.412.5p, 1_hsa.miR.199a.5p, 1_hsa.miR.432.5p, 1_hsa.miR.455.3p, 1_hsa.miR.942.3p, 1_hsa.miR.15a.5p, 1_hsa.miR.423.3p, 1_hsa.miR.4772.3p, 1_hsa.miR.196a.5p, 1_hsa.let.7a.2.3p, 1_hsa.miR.451a, 1_hsa.let.7i.5p, 1_hsa.miR.150.3p, 1_hsa.miR.375, 1_hsa.miR.378a.3p, 1_hsa.miR.148a.5p, 1_hsa.miR.361.5p, 1_hsa.miR.24.1.5p, 1_hsa.miR.200b.5p, 1_hsa.miR.149.5p, 1_hsa.miR.483.3p, 1_hsa.miR.550a.3p, 1_hsa.miR.188.3p, 1_hsa.miR.6806.3p, 1_hsa.miR.3613.5p, 1_hsa.miR.493.3p, 1_hsa.miR.7704, 1_hsa.miR.222.5p, 1_hsa.miR.937.3p, 1_hsa.let.7c.5p, 1_hsa.miR.140.5p, 1_hsa.miR.551a, 1_hsa.miR.143.3p, 1_hsa.miR.150.5p, 1_hsa.miR.34a.5p, 1_hsa.miR.6718.5p, 1_hsa.miR.487a.3p, 1_hsa.miR.141.5p, 1_hsa.miR.146a.3p, 1_hsa.miR.20b.3p, 1_hsa.miR.769.3p, 1_hsa.miR.942.5p, 1_hsa.miR.9.5p, 1_hsa.miR.331.5p, 1_hsa.miR.34b.3p, 1_hsa.miR.4772.5p, 1_hsa.miR.671.5p, 1_hsa.miR.100.5p, 1_hsa.miR.10a.5p, 1_hsa.miR.3074.5p, 1_hsa.miR.30e.5p, 1_hsa.miR.378c, 1_hsa.miR.4746.5p, 1_hsa.miR.548d.3p, 1_hsa.miR.6502.5p, 1_hsa.miR.10b.3p, 1_hsa.miR.1266.5p, 1_hsa.miR.130a.3p, 1_hsa.miR.135b.5p, 1_hsa.miR.145.3p, 1_hsa.miR.188.5p, 1_hsa.miR.23b.3p, 1_hsa.miR.27b.3p, 1_hsa.miR.299.3p, 1_hsa.miR.3136.5p, 1_hsa.miR.379.5p, 1_hsa.miR.504.5p, 1_hsa.miR.532.5p, 1_hsa.miR.542.3p, 1_hsa.miR.584.3p, 1_hsa.miR.767.5p, 1_hsa.miR.99b.5p, 1_hsa.miR.5584.5p, 1_hsa.miR.126.3p, 1_hsa.miR.128.3p, 1_hsa.miR.1296.5p, 1_hsa.miR.183.5p, 1_hsa.miR.193a.3p, 1_hsa.miR.196b.5p, 1_hsa.miR.204.5p, 1_hsa.miR.2110, 1_hsa.miR.222.3p, 1_hsa.miR.30d.3p, ...]

BEST SUMS WITH SIZE 50
Number of solutions = 50
Features in hall of fame by prevalence:
43 features: [0_age_at_initial_pathologic_diagnosis, 1_hsa.miR.15b.5p, 1_hsa.miR.135b.5p, 1_hsa.miR.15b.3p, 1_hsa.miR.222.5p, 1_hsa.miR.3677.3p, 1_hsa.miR.9.5p, 1_hsa.let.7e.5p, 1_hsa.miR.10a.5p, 1_hsa.miR.10b.3p, 1_hsa.miR.1228.3p, 1_hsa.miR.125a.3p, 1_hsa.miR.146b.3p, 1_hsa.miR.146b.5p, 1_hsa.miR.148a.3p, 1_hsa.miR.148a.5p, 1_hsa.miR.155.5p, 1_hsa.miR.16.2.3p, 1_hsa.miR.16.5p, 1_hsa.miR.188.5p, 1_hsa.miR.196a.5p, 1_hsa.miR.196b.5p, 1_hsa.miR.1976, 1_hsa.miR.200a.5p, 1_hsa.miR.21.3p, 1_hsa.miR.221.3p, 1_hsa.miR.23a.3p, 1_hsa.miR.23b.5p, 1_hsa.miR.27a.3p, 1_hsa.miR.335.3p, 1_hsa.miR.335.5p, 1_hsa.miR.455.5p, 1_hsa.miR.4677.3p, 1_hsa.miR.574.3p, 1_hsa.miR.590.3p, 1_hsa.miR.615.3p, 1_hsa.miR.6509.5p, 1_hsa.miR.651.5p, 1_hsa.miR.671.5p, 1_hsa.miR.6892.5p, 1_hsa.miR.942.5p, 1_hsa.miR.99b.3p, 1_hsa.miR.99b.5p]

BEST SUMS WITH SIZE 100
Number of solutions = 100
Features in hall of fame by prevalence:
68 features: [1_hsa.miR.15b.5p, 0_age_at_initial_pathologic_diagnosis, 1_hsa.miR.1228.3p, 1_hsa.miR.135b.5p, 1_hsa.miR.196a.5p, 1_hsa.miR.455.5p, 1_hsa.miR.6892.5p, 1_hsa.miR.9.5p, 1_hsa.let.7e.5p, 1_hsa.let.7i.5p, 1_hsa.miR.10b.3p, 1_hsa.miR.10b.5p, 1_hsa.miR.146b.3p, 1_hsa.miR.146b.5p, 1_hsa.miR.148a.5p, 1_hsa.miR.15b.3p, 1_hsa.miR.16.2.3p, 1_hsa.miR.188.5p, 1_hsa.miR.196b.5p, 1_hsa.miR.222.5p, 1_hsa.miR.22.3p, 1_hsa.miR.335.3p, 1_hsa.miR.3677.3p, 1_hsa.miR.590.3p, 1_hsa.miR.651.5p, 1_hsa.miR.99b.3p, 1_hsa.miR.107, 1_hsa.miR.10a.5p, 1_hsa.miR.125a.3p, 1_hsa.miR.1296.5p, 1_hsa.miR.148a.3p, 1_hsa.miR.1537.5p, 1_hsa.miR.155.5p, 1_hsa.miR.15a.5p, 1_hsa.miR.16.5p, 1_hsa.miR.188.3p, 1_hsa.miR.1976, 1_hsa.miR.199a.3p, 1_hsa.miR.199b.5p, 1_hsa.miR.200a.5p, 1_hsa.miR.21.3p, 1_hsa.miR.221.3p, 1_hsa.miR.22.5p, 1_hsa.miR.23a.3p, 1_hsa.miR.23b.5p, 1_hsa.miR.25.3p, 1_hsa.miR.27a.3p, 1_hsa.miR.28.3p, 1_hsa.miR.3136.5p, 1_hsa.miR.3154, 1_hsa.miR.335.5p, 1_hsa.miR.346, 1_hsa.miR.34a.5p, 1_hsa.miR.361.5p, 1_hsa.miR.455.3p, 1_hsa.miR.4677.3p, 1_hsa.miR.483.5p, 1_hsa.miR.574.3p, 1_hsa.miR.615.3p, 1_hsa.miR.6502.5p, 1_hsa.miR.6509.5p, 1_hsa.miR.664a.3p, 1_hsa.miR.671.5p, 1_hsa.miR.887.5p, 1_hsa.miR.937.3p, 1_hsa.miR.942.5p, 1_hsa.miR.96.5p, 1_hsa.miR.99b.5p]
Optimization on fold finished in 00-00:29:56

FEATURE SETS SELECTED

PARETO FRONT
Number of solutions = 19
(0.9386318662632499, 0.2) 24 features: [0_age_at_initial_pathologic_diagnosis, 1_hsa.miR.10b.5p, 1_hsa.miR.1228.3p, 1_hsa.miR.126.5p, 1_hsa.miR.144.3p, 1_hsa.miR.148a.5p, 1_hsa.miR.150.3p, 1_hsa.miR.151b, 1_hsa.miR.15a.5p, 1_hsa.miR.15b.5p, 1_hsa.miR.193a.5p, 1_hsa.miR.193b.5p, 1_hsa.miR.196a.5p, 1_hsa.miR.200b.5p, 1_hsa.miR.24.1.5p, 1_hsa.miR.346, 1_hsa.miR.34c.3p, 1_hsa.miR.361.5p, 1_hsa.miR.375, 1_hsa.miR.382.3p, 1_hsa.miR.451a, 1_hsa.miR.455.3p, 1_hsa.miR.4772.3p, 1_hsa.miR.6720.3p]
(0.9365409465531623, 0.23570226039551584) 17 features: [0_age_at_initial_pathologic_diagnosis, 1_hsa.let.7a.2.3p, 1_hsa.miR.10b.5p, 1_hsa.miR.1228.3p, 1_hsa.miR.126.5p, 1_hsa.miR.144.3p, 1_hsa.miR.1468.5p, 1_hsa.miR.151b, 1_hsa.miR.15b.5p, 1_hsa.miR.193a.5p, 1_hsa.miR.193b.5p, 1_hsa.miR.196a.5p, 1_hsa.miR.204.3p, 1_hsa.miR.331.3p, 1_hsa.miR.346, 1_hsa.miR.382.3p, 1_hsa.miR.412.5p]
(0.9351987985722787, 0.24253562503633297) 16 features: [0_age_at_initial_pathologic_diagnosis, 1_hsa.let.7a.2.3p, 1_hsa.miR.10b.5p, 1_hsa.miR.1228.3p, 1_hsa.miR.126.5p, 1_hsa.miR.144.3p, 1_hsa.miR.1468.5p, 1_hsa.miR.151b, 1_hsa.miR.15b.5p, 1_hsa.miR.193a.5p, 1_hsa.miR.193b.5p, 1_hsa.miR.204.3p, 1_hsa.miR.331.3p, 1_hsa.miR.346, 1_hsa.miR.382.3p, 1_hsa.miR.412.5p]
(0.9328612804916069, 0.25) 15 features: [0_age_at_initial_pathologic_diagnosis, 1_hsa.let.7a.2.3p, 1_hsa.miR.10b.5p, 1_hsa.miR.1228.3p, 1_hsa.miR.126.5p, 1_hsa.miR.144.3p, 1_hsa.miR.1468.5p, 1_hsa.miR.151b, 1_hsa.miR.15b.5p, 1_hsa.miR.193a.5p, 1_hsa.miR.193b.5p, 1_hsa.miR.331.3p, 1_hsa.miR.346, 1_hsa.miR.382.3p, 1_hsa.miR.412.5p]
(0.9311423616933413, 0.2581988897471611) 14 features: [0_age_at_initial_pathologic_diagnosis, 1_hsa.miR.10b.5p, 1_hsa.miR.1228.3p, 1_hsa.miR.126.5p, 1_hsa.miR.144.3p, 1_hsa.miR.151b, 1_hsa.miR.15b.5p, 1_hsa.miR.193a.5p, 1_hsa.miR.193b.5p, 1_hsa.miR.331.3p, 1_hsa.miR.346, 1_hsa.miR.382.3p, 1_hsa.miR.455.5p, 1_hsa.miR.6720.3p]
(0.930913900457634, 0.2672612419124244) 13 features: [0_age_at_initial_pathologic_diagnosis, 1_hsa.miR.10b.5p, 1_hsa.miR.1228.3p, 1_hsa.miR.126.5p, 1_hsa.miR.144.3p, 1_hsa.miR.15b.5p, 1_hsa.miR.188.3p, 1_hsa.miR.193a.5p, 1_hsa.miR.193b.5p, 1_hsa.miR.346, 1_hsa.miR.382.3p, 1_hsa.miR.455.3p, 1_hsa.miR.942.3p]
(0.9278588793901105, 0.2773500981126146) 12 features: [0_age_at_initial_pathologic_diagnosis, 1_hsa.miR.1228.3p, 1_hsa.miR.126.5p, 1_hsa.miR.144.3p, 1_hsa.miR.151b, 1_hsa.miR.15b.5p, 1_hsa.miR.193a.5p, 1_hsa.miR.193b.5p, 1_hsa.miR.204.3p, 1_hsa.miR.331.3p, 1_hsa.miR.346, 1_hsa.miR.382.3p]
(0.9234695031030764, 0.28867513459481287) 11 features: [0_age_at_initial_pathologic_diagnosis, 1_hsa.miR.10b.5p, 1_hsa.miR.1228.3p, 1_hsa.miR.15b.5p, 1_hsa.miR.193a.5p, 1_hsa.miR.193b.5p, 1_hsa.miR.199a.5p, 1_hsa.miR.346, 1_hsa.miR.382.3p, 1_hsa.miR.455.5p, 1_hsa.miR.6720.3p]
(0.9211825230338452, 0.30151134457776363) 10 features: [0_age_at_initial_pathologic_diagnosis, 1_hsa.let.7a.2.3p, 1_hsa.miR.10b.5p, 1_hsa.miR.1228.3p, 1_hsa.miR.126.5p, 1_hsa.miR.144.3p, 1_hsa.miR.15b.5p, 1_hsa.miR.193b.5p, 1_hsa.miR.346, 1_hsa.miR.382.3p]
(0.9169197532581874, 0.31622776601683794) 9 features: [0_age_at_initial_pathologic_diagnosis, 1_hsa.miR.1228.3p, 1_hsa.miR.144.3p, 1_hsa.miR.151b, 1_hsa.miR.15b.5p, 1_hsa.miR.193b.5p, 1_hsa.miR.331.3p, 1_hsa.miR.346, 1_hsa.miR.382.3p]
(0.9113752926179023, 0.3333333333333333) 8 features: [0_age_at_initial_pathologic_diagnosis, 1_hsa.miR.10b.5p, 1_hsa.miR.1228.3p, 1_hsa.miR.15b.5p, 1_hsa.miR.193b.5p, 1_hsa.miR.346, 1_hsa.miR.378a.3p, 1_hsa.miR.382.3p]
(0.9081366100722544, 0.3535533905932738) 7 features: [0_age_at_initial_pathologic_diagnosis, 1_hsa.miR.10b.5p, 1_hsa.miR.1228.3p, 1_hsa.miR.15b.5p, 1_hsa.miR.193b.5p, 1_hsa.miR.346, 1_hsa.miR.432.5p]
(0.9004604211684087, 0.3779644730092272) 6 features: [0_age_at_initial_pathologic_diagnosis, 1_hsa.miR.10b.5p, 1_hsa.miR.15b.5p, 1_hsa.miR.346, 1_hsa.miR.432.5p, 1_hsa.miR.6720.3p]
(0.8938900544124392, 0.408248290463863) 5 features: [0_age_at_initial_pathologic_diagnosis, 1_hsa.miR.10b.5p, 1_hsa.miR.15b.5p, 1_hsa.miR.346, 1_hsa.miR.432.5p]
(0.8819422627873381, 0.4472135954999579) 4 features: [0_age_at_initial_pathologic_diagnosis, 1_hsa.miR.15b.5p, 1_hsa.miR.346, 1_hsa.miR.432.5p]
(0.8709970909437895, 0.5) [0_age_at_initial_pathologic_diagnosis, 1_hsa.miR.15b.5p, 1_hsa.miR.346]
(0.8503699475536814, 0.5773502691896257) [0_age_at_initial_pathologic_diagnosis, 1_hsa.miR.15b.5p]
(0.8090750619809, 0.7071067811865476) [1_hsa.miR.15b.5p]
(0.5, 1.0) []
Features in hall of fame by prevalence:
35 features: [1_hsa.miR.15b.5p, 0_age_at_initial_pathologic_diagnosis, 1_hsa.miR.346, 1_hsa.miR.10b.5p, 1_hsa.miR.1228.3p, 1_hsa.miR.193b.5p, 1_hsa.miR.382.3p, 1_hsa.miR.144.3p, 1_hsa.miR.126.5p, 1_hsa.miR.193a.5p, 1_hsa.miR.151b, 1_hsa.miR.331.3p, 1_hsa.let.7a.2.3p, 1_hsa.miR.432.5p, 1_hsa.miR.6720.3p, 1_hsa.miR.1468.5p, 1_hsa.miR.204.3p, 1_hsa.miR.412.5p, 1_hsa.miR.196a.5p, 1_hsa.miR.455.3p, 1_hsa.miR.455.5p, 1_hsa.miR.148a.5p, 1_hsa.miR.150.3p, 1_hsa.miR.15a.5p, 1_hsa.miR.188.3p, 1_hsa.miR.199a.5p, 1_hsa.miR.200b.5p, 1_hsa.miR.24.1.5p, 1_hsa.miR.34c.3p, 1_hsa.miR.361.5p, 1_hsa.miR.375, 1_hsa.miR.378a.3p, 1_hsa.miR.451a, 1_hsa.miR.4772.3p, 1_hsa.miR.942.3p]

LAST POPULATION
Number of solutions = 500
Features in hall of fame by prevalence:
206 features: [1_hsa.miR.15b.5p, 0_age_at_initial_pathologic_diagnosis, 1_hsa.miR.346, 1_hsa.miR.1228.3p, 1_hsa.miR.382.3p, 1_hsa.miR.10b.5p, 1_hsa.miR.193b.5p, 1_hsa.miR.144.3p, 1_hsa.miR.151b, 1_hsa.miR.193a.5p, 1_hsa.miR.126.5p, 1_hsa.miR.6720.3p, 1_hsa.miR.331.3p, 1_hsa.miR.1468.5p, 1_hsa.miR.204.3p, 1_hsa.miR.34c.3p, 1_hsa.miR.455.5p, 1_hsa.miR.412.5p, 1_hsa.miR.199a.5p, 1_hsa.miR.432.5p, 1_hsa.miR.455.3p, 1_hsa.miR.942.3p, 1_hsa.miR.15a.5p, 1_hsa.miR.423.3p, 1_hsa.miR.4772.3p, 1_hsa.miR.196a.5p, 1_hsa.let.7a.2.3p, 1_hsa.miR.451a, 1_hsa.let.7i.5p, 1_hsa.miR.150.3p, 1_hsa.miR.375, 1_hsa.miR.378a.3p, 1_hsa.miR.148a.5p, 1_hsa.miR.361.5p, 1_hsa.miR.24.1.5p, 1_hsa.miR.200b.5p, 1_hsa.miR.149.5p, 1_hsa.miR.483.3p, 1_hsa.miR.550a.3p, 1_hsa.miR.188.3p, 1_hsa.miR.6806.3p, 1_hsa.miR.3613.5p, 1_hsa.miR.493.3p, 1_hsa.miR.7704, 1_hsa.miR.222.5p, 1_hsa.miR.937.3p, 1_hsa.let.7c.5p, 1_hsa.miR.140.5p, 1_hsa.miR.551a, 1_hsa.miR.143.3p, 1_hsa.miR.150.5p, 1_hsa.miR.34a.5p, 1_hsa.miR.6718.5p, 1_hsa.miR.487a.3p, 1_hsa.miR.141.5p, 1_hsa.miR.146a.3p, 1_hsa.miR.20b.3p, 1_hsa.miR.769.3p, 1_hsa.miR.942.5p, 1_hsa.miR.9.5p, 1_hsa.miR.331.5p, 1_hsa.miR.34b.3p, 1_hsa.miR.4772.5p, 1_hsa.miR.671.5p, 1_hsa.miR.100.5p, 1_hsa.miR.10a.5p, 1_hsa.miR.3074.5p, 1_hsa.miR.30e.5p, 1_hsa.miR.378c, 1_hsa.miR.4746.5p, 1_hsa.miR.548d.3p, 1_hsa.miR.6502.5p, 1_hsa.miR.10b.3p, 1_hsa.miR.1266.5p, 1_hsa.miR.130a.3p, 1_hsa.miR.135b.5p, 1_hsa.miR.145.3p, 1_hsa.miR.188.5p, 1_hsa.miR.23b.3p, 1_hsa.miR.27b.3p, 1_hsa.miR.299.3p, 1_hsa.miR.3136.5p, 1_hsa.miR.379.5p, 1_hsa.miR.504.5p, 1_hsa.miR.532.5p, 1_hsa.miR.542.3p, 1_hsa.miR.584.3p, 1_hsa.miR.767.5p, 1_hsa.miR.99b.5p, 1_hsa.miR.5584.5p, 1_hsa.miR.126.3p, 1_hsa.miR.128.3p, 1_hsa.miR.1296.5p, 1_hsa.miR.183.5p, 1_hsa.miR.193a.3p, 1_hsa.miR.196b.5p, 1_hsa.miR.204.5p, 1_hsa.miR.2110, 1_hsa.miR.222.3p, 1_hsa.miR.30d.3p, ...]

BEST SUMS WITH SIZE 50
Number of solutions = 50
Features in hall of fame by prevalence:
43 features: [0_age_at_initial_pathologic_diagnosis, 1_hsa.miR.15b.5p, 1_hsa.miR.135b.5p, 1_hsa.miR.15b.3p, 1_hsa.miR.222.5p, 1_hsa.miR.3677.3p, 1_hsa.miR.9.5p, 1_hsa.let.7e.5p, 1_hsa.miR.10a.5p, 1_hsa.miR.10b.3p, 1_hsa.miR.1228.3p, 1_hsa.miR.125a.3p, 1_hsa.miR.146b.3p, 1_hsa.miR.146b.5p, 1_hsa.miR.148a.3p, 1_hsa.miR.148a.5p, 1_hsa.miR.155.5p, 1_hsa.miR.16.2.3p, 1_hsa.miR.16.5p, 1_hsa.miR.188.5p, 1_hsa.miR.196a.5p, 1_hsa.miR.196b.5p, 1_hsa.miR.1976, 1_hsa.miR.200a.5p, 1_hsa.miR.21.3p, 1_hsa.miR.221.3p, 1_hsa.miR.23a.3p, 1_hsa.miR.23b.5p, 1_hsa.miR.27a.3p, 1_hsa.miR.335.3p, 1_hsa.miR.335.5p, 1_hsa.miR.455.5p, 1_hsa.miR.4677.3p, 1_hsa.miR.574.3p, 1_hsa.miR.590.3p, 1_hsa.miR.615.3p, 1_hsa.miR.6509.5p, 1_hsa.miR.651.5p, 1_hsa.miR.671.5p, 1_hsa.miR.6892.5p, 1_hsa.miR.942.5p, 1_hsa.miR.99b.3p, 1_hsa.miR.99b.5p]

BEST SUMS WITH SIZE 100
Number of solutions = 100
Features in hall of fame by prevalence:
68 features: [1_hsa.miR.15b.5p, 0_age_at_initial_pathologic_diagnosis, 1_hsa.miR.1228.3p, 1_hsa.miR.135b.5p, 1_hsa.miR.196a.5p, 1_hsa.miR.455.5p, 1_hsa.miR.6892.5p, 1_hsa.miR.9.5p, 1_hsa.let.7e.5p, 1_hsa.let.7i.5p, 1_hsa.miR.10b.3p, 1_hsa.miR.10b.5p, 1_hsa.miR.146b.3p, 1_hsa.miR.146b.5p, 1_hsa.miR.148a.5p, 1_hsa.miR.15b.3p, 1_hsa.miR.16.2.3p, 1_hsa.miR.188.5p, 1_hsa.miR.196b.5p, 1_hsa.miR.222.5p, 1_hsa.miR.22.3p, 1_hsa.miR.335.3p, 1_hsa.miR.3677.3p, 1_hsa.miR.590.3p, 1_hsa.miR.651.5p, 1_hsa.miR.99b.3p, 1_hsa.miR.107, 1_hsa.miR.10a.5p, 1_hsa.miR.125a.3p, 1_hsa.miR.1296.5p, 1_hsa.miR.148a.3p, 1_hsa.miR.1537.5p, 1_hsa.miR.155.5p, 1_hsa.miR.15a.5p, 1_hsa.miR.16.5p, 1_hsa.miR.188.3p, 1_hsa.miR.1976, 1_hsa.miR.199a.3p, 1_hsa.miR.199b.5p, 1_hsa.miR.200a.5p, 1_hsa.miR.21.3p, 1_hsa.miR.221.3p, 1_hsa.miR.22.5p, 1_hsa.miR.23a.3p, 1_hsa.miR.23b.5p, 1_hsa.miR.25.3p, 1_hsa.miR.27a.3p, 1_hsa.miR.28.3p, 1_hsa.miR.3136.5p, 1_hsa.miR.3154, 1_hsa.miR.335.5p, 1_hsa.miR.346, 1_hsa.miR.34a.5p, 1_hsa.miR.361.5p, 1_hsa.miR.455.3p, 1_hsa.miR.4677.3p, 1_hsa.miR.483.5p, 1_hsa.miR.574.3p, 1_hsa.miR.615.3p, 1_hsa.miR.6502.5p, 1_hsa.miR.6509.5p, 1_hsa.miR.664a.3p, 1_hsa.miR.671.5p, 1_hsa.miR.887.5p, 1_hsa.miR.937.3p, 1_hsa.miR.942.5p, 1_hsa.miR.96.5p, 1_hsa.miR.99b.5p]
