
OPTIMIZING FINAL MODEL ON WHOLE DATASET

COMPUTING LOCAL ACTIVE FEATURES
Computing active features for view clinic
Existing features: 8
Applying union strategy for feature selection using composite feature selector with
categorical: feature selector any na and anova
survival: feature selector Cox

Computing active features for outcome survival
Features selected for this outcome: 1
Features active in total: 1
Computing active features for view log_mirna
Existing features: 740
Applying union strategy for feature selection using composite feature selector with
categorical: feature selector any na and anova
survival: feature selector Cox

Computing active features for outcome survival
Features selected for this outcome: 345
Features active in total: 345
Computing feature importance
Running optimizer

STARTING 2-STEPS GENETIC ALGORITHM

CREATING INNER FOLDS

ASSIGNING STRATA FOR MULTI-OUTCOME DATA LGG_MV
Assigning strata for outcome named survival of type survival
Counts:
censored 0: 200
censored 1: 116
deceased 0: 49
deceased 1: 46

STARTING SWEEP NUMBER 1
folds_creator_seed = 3321969487

ASSIGNING STRATA FOR MULTI-OUTCOME DATA LGG_MV
Assigning strata for outcome named survival of type survival
Counts:
censored 0: 200
censored 1: 116
deceased 0: 49
deceased 1: 46
ga_runner_seed = 4165620236
VIEW: CLINIC
   	     	         	        	survival SKSurv Cox model concordance index	                 root leanness                  
   	     	         	        	---------------------------------------    	------------------------------------------------
gen	evals	gen_feats	explored	min	avg    	max     	std                   	min     	avg     	max	std     
0  	500  	1        	1       	0.5	0.62882	0.757639	0.12882               	0.707107	0.853553	1  	0.146447
1  	252  	1        	1       	0.5	0.62882	0.757639	0.12882               	0.707107	0.853553	1  	0.146447
2  	254  	1        	1       	0.5	0.62882	0.757639	0.12882               	0.707107	0.853553	1  	0.146447
3  	250  	1        	1       	0.5	0.62882	0.757639	0.12882               	0.707107	0.853553	1  	0.146447
4  	264  	1        	1       	0.5	0.62882	0.757639	0.12882               	0.707107	0.853553	1  	0.146447
5  	247  	1        	1       	0.5	0.62882	0.757639	0.12882               	0.707107	0.853553	1  	0.146447
6  	248  	1        	1       	0.5	0.62882	0.757639	0.12882               	0.707107	0.853553	1  	0.146447
7  	236  	1        	1       	0.5	0.62882	0.757639	0.12882               	0.707107	0.853553	1  	0.146447
8  	241  	1        	1       	0.5	0.62882	0.757639	0.12882               	0.707107	0.853553	1  	0.146447
9  	255  	1        	1       	0.5	0.62882	0.757639	0.12882               	0.707107	0.853553	1  	0.146447
10 	237  	1        	1       	0.5	0.62882	0.757639	0.12882               	0.707107	0.853553	1  	0.146447
11 	255  	1        	1       	0.5	0.62882	0.757639	0.12882               	0.707107	0.853553	1  	0.146447
12 	253  	1        	1       	0.5	0.62882	0.757639	0.12882               	0.707107	0.853553	1  	0.146447
13 	268  	1        	1       	0.5	0.62882	0.757639	0.12882               	0.707107	0.853553	1  	0.146447
14 	245  	1        	1       	0.5	0.62882	0.757639	0.12882               	0.707107	0.853553	1  	0.146447
15 	241  	1        	1       	0.5	0.62882	0.757639	0.12882               	0.707107	0.853553	1  	0.146447
16 	227  	1        	1       	0.5	0.62882	0.757639	0.12882               	0.707107	0.853553	1  	0.146447
17 	247  	1        	1       	0.5	0.62882	0.757639	0.12882               	0.707107	0.853553	1  	0.146447
18 	267  	1        	1       	0.5	0.62882	0.757639	0.12882               	0.707107	0.853553	1  	0.146447
19 	238  	1        	1       	0.5	0.62882	0.757639	0.12882               	0.707107	0.853553	1  	0.146447
20 	255  	1        	1       	0.5	0.62882	0.757639	0.12882               	0.707107	0.853553	1  	0.146447
21 	239  	1        	1       	0.5	0.62882	0.757639	0.12882               	0.707107	0.853553	1  	0.146447
22 	251  	1        	1       	0.5	0.62882	0.757639	0.12882               	0.707107	0.853553	1  	0.146447
23 	250  	1        	1       	0.5	0.62882	0.757639	0.12882               	0.707107	0.853553	1  	0.146447
24 	242  	1        	1       	0.5	0.62882	0.757639	0.12882               	0.707107	0.853553	1  	0.146447
25 	251  	1        	1       	0.5	0.62882	0.757639	0.12882               	0.707107	0.853553	1  	0.146447
26 	224  	1        	1       	0.5	0.62882	0.757639	0.12882               	0.707107	0.853553	1  	0.146447
27 	255  	1        	1       	0.5	0.62882	0.757639	0.12882               	0.707107	0.853553	1  	0.146447
28 	256  	1        	1       	0.5	0.62882	0.757639	0.12882               	0.707107	0.853553	1  	0.146447
29 	242  	1        	1       	0.5	0.62882	0.757639	0.12882               	0.707107	0.853553	1  	0.146447
30 	253  	1        	1       	0.5	0.62882	0.757639	0.12882               	0.707107	0.853553	1  	0.146447
31 	241  	1        	1       	0.5	0.62882	0.757639	0.12882               	0.707107	0.853553	1  	0.146447
32 	252  	1        	1       	0.5	0.62882	0.757639	0.12882               	0.707107	0.853553	1  	0.146447
33 	277  	1        	1       	0.5	0.62882	0.757639	0.12882               	0.707107	0.853553	1  	0.146447
34 	245  	1        	1       	0.5	0.62882	0.757639	0.12882               	0.707107	0.853553	1  	0.146447
35 	243  	1        	1       	0.5	0.62882	0.757639	0.12882               	0.707107	0.853553	1  	0.146447
36 	235  	1        	1       	0.5	0.62882	0.757639	0.12882               	0.707107	0.853553	1  	0.146447
37 	237  	1        	1       	0.5	0.62882	0.757639	0.12882               	0.707107	0.853553	1  	0.146447
38 	263  	1        	1       	0.5	0.62882	0.757639	0.12882               	0.707107	0.853553	1  	0.146447
39 	256  	1        	1       	0.5	0.62882	0.757639	0.12882               	0.707107	0.853553	1  	0.146447
40 	237  	1        	1       	0.5	0.62882	0.757639	0.12882               	0.707107	0.853553	1  	0.146447
41 	255  	1        	1       	0.5	0.62882	0.757639	0.12882               	0.707107	0.853553	1  	0.146447
42 	249  	1        	1       	0.5	0.62882	0.757639	0.12882               	0.707107	0.853553	1  	0.146447
43 	241  	1        	1       	0.5	0.62882	0.757639	0.12882               	0.707107	0.853553	1  	0.146447
44 	251  	1        	1       	0.5	0.62882	0.757639	0.12882               	0.707107	0.853553	1  	0.146447
45 	252  	1        	1       	0.5	0.62882	0.757639	0.12882               	0.707107	0.853553	1  	0.146447
46 	247  	1        	1       	0.5	0.62882	0.757639	0.12882               	0.707107	0.853553	1  	0.146447
47 	248  	1        	1       	0.5	0.62882	0.757639	0.12882               	0.707107	0.853553	1  	0.146447
48 	251  	1        	1       	0.5	0.62882	0.757639	0.12882               	0.707107	0.853553	1  	0.146447
49 	232  	1        	1       	0.5	0.62882	0.757639	0.12882               	0.707107	0.853553	1  	0.146447
50 	246  	1        	1       	0.5	0.62882	0.757639	0.12882               	0.707107	0.853553	1  	0.146447
51 	263  	1        	1       	0.5	0.62882	0.757639	0.12882               	0.707107	0.853553	1  	0.146447
52 	251  	1        	1       	0.5	0.62882	0.757639	0.12882               	0.707107	0.853553	1  	0.146447
53 	240  	1        	1       	0.5	0.62882	0.757639	0.12882               	0.707107	0.853553	1  	0.146447
54 	274  	1        	1       	0.5	0.62882	0.757639	0.12882               	0.707107	0.853553	1  	0.146447
55 	262  	1        	1       	0.5	0.62882	0.757639	0.12882               	0.707107	0.853553	1  	0.146447
56 	244  	1        	1       	0.5	0.62882	0.757639	0.12882               	0.707107	0.853553	1  	0.146447
57 	260  	1        	1       	0.5	0.62882	0.757639	0.12882               	0.707107	0.853553	1  	0.146447
58 	269  	1        	1       	0.5	0.62882	0.757639	0.12882               	0.707107	0.853553	1  	0.146447
59 	250  	1        	1       	0.5	0.62882	0.757639	0.12882               	0.707107	0.853553	1  	0.146447
60 	262  	1        	1       	0.5	0.62882	0.757639	0.12882               	0.707107	0.853553	1  	0.146447
61 	253  	1        	1       	0.5	0.62882	0.757639	0.12882               	0.707107	0.853553	1  	0.146447
62 	247  	1        	1       	0.5	0.62882	0.757639	0.12882               	0.707107	0.853553	1  	0.146447
63 	229  	1        	1       	0.5	0.62882	0.757639	0.12882               	0.707107	0.853553	1  	0.146447
64 	237  	1        	1       	0.5	0.62882	0.757639	0.12882               	0.707107	0.853553	1  	0.146447
65 	250  	1        	1       	0.5	0.62882	0.757639	0.12882               	0.707107	0.853553	1  	0.146447
66 	259  	1        	1       	0.5	0.62882	0.757639	0.12882               	0.707107	0.853553	1  	0.146447
67 	267  	1        	1       	0.5	0.62882	0.757639	0.12882               	0.707107	0.853553	1  	0.146447
68 	277  	1        	1       	0.5	0.62882	0.757639	0.12882               	0.707107	0.853553	1  	0.146447
69 	247  	1        	1       	0.5	0.62882	0.757639	0.12882               	0.707107	0.853553	1  	0.146447
70 	239  	1        	1       	0.5	0.62882	0.757639	0.12882               	0.707107	0.853553	1  	0.146447
71 	250  	1        	1       	0.5	0.62882	0.757639	0.12882               	0.707107	0.853553	1  	0.146447
72 	257  	1        	1       	0.5	0.62882	0.757639	0.12882               	0.707107	0.853553	1  	0.146447
73 	242  	1        	1       	0.5	0.62882	0.757639	0.12882               	0.707107	0.853553	1  	0.146447
74 	248  	1        	1       	0.5	0.62882	0.757639	0.12882               	0.707107	0.853553	1  	0.146447
75 	262  	1        	1       	0.5	0.62882	0.757639	0.12882               	0.707107	0.853553	1  	0.146447
76 	232  	1        	1       	0.5	0.62882	0.757639	0.12882               	0.707107	0.853553	1  	0.146447
77 	264  	1        	1       	0.5	0.62882	0.757639	0.12882               	0.707107	0.853553	1  	0.146447
78 	233  	1        	1       	0.5	0.62882	0.757639	0.12882               	0.707107	0.853553	1  	0.146447
79 	232  	1        	1       	0.5	0.62882	0.757639	0.12882               	0.707107	0.853553	1  	0.146447
80 	253  	1        	1       	0.5	0.62882	0.757639	0.12882               	0.707107	0.853553	1  	0.146447
81 	245  	1        	1       	0.5	0.62882	0.757639	0.12882               	0.707107	0.853553	1  	0.146447
82 	256  	1        	1       	0.5	0.62882	0.757639	0.12882               	0.707107	0.853553	1  	0.146447
83 	250  	1        	1       	0.5	0.62882	0.757639	0.12882               	0.707107	0.853553	1  	0.146447
84 	266  	1        	1       	0.5	0.62882	0.757639	0.12882               	0.707107	0.853553	1  	0.146447
85 	244  	1        	1       	0.5	0.62882	0.757639	0.12882               	0.707107	0.853553	1  	0.146447
86 	255  	1        	1       	0.5	0.62882	0.757639	0.12882               	0.707107	0.853553	1  	0.146447
87 	231  	1        	1       	0.5	0.62882	0.757639	0.12882               	0.707107	0.853553	1  	0.146447
88 	239  	1        	1       	0.5	0.62882	0.757639	0.12882               	0.707107	0.853553	1  	0.146447
89 	245  	1        	1       	0.5	0.62882	0.757639	0.12882               	0.707107	0.853553	1  	0.146447
90 	245  	1        	1       	0.5	0.62882	0.757639	0.12882               	0.707107	0.853553	1  	0.146447
91 	252  	1        	1       	0.5	0.62882	0.757639	0.12882               	0.707107	0.853553	1  	0.146447
92 	258  	1        	1       	0.5	0.62882	0.757639	0.12882               	0.707107	0.853553	1  	0.146447
93 	247  	1        	1       	0.5	0.62882	0.757639	0.12882               	0.707107	0.853553	1  	0.146447
94 	254  	1        	1       	0.5	0.62882	0.757639	0.12882               	0.707107	0.853553	1  	0.146447
95 	244  	1        	1       	0.5	0.62882	0.757639	0.12882               	0.707107	0.853553	1  	0.146447
96 	255  	1        	1       	0.5	0.62882	0.757639	0.12882               	0.707107	0.853553	1  	0.146447
97 	248  	1        	1       	0.5	0.62882	0.757639	0.12882               	0.707107	0.853553	1  	0.146447
98 	239  	1        	1       	0.5	0.62882	0.757639	0.12882               	0.707107	0.853553	1  	0.146447
99 	256  	1        	1       	0.5	0.62882	0.757639	0.12882               	0.707107	0.853553	1  	0.146447
100	242  	1        	1       	0.5	0.62882	0.757639	0.12882               	0.707107	0.853553	1  	0.146447
101	269  	1        	1       	0.5	0.62882	0.757639	0.12882               	0.707107	0.853553	1  	0.146447
102	259  	1        	1       	0.5	0.62882	0.757639	0.12882               	0.707107	0.853553	1  	0.146447
103	257  	1        	1       	0.5	0.62882	0.757639	0.12882               	0.707107	0.853553	1  	0.146447
104	238  	1        	1       	0.5	0.62882	0.757639	0.12882               	0.707107	0.853553	1  	0.146447
105	254  	1        	1       	0.5	0.62882	0.757639	0.12882               	0.707107	0.853553	1  	0.146447
106	248  	1        	1       	0.5	0.62882	0.757639	0.12882               	0.707107	0.853553	1  	0.146447
107	255  	1        	1       	0.5	0.62882	0.757639	0.12882               	0.707107	0.853553	1  	0.146447
108	250  	1        	1       	0.5	0.62882	0.757639	0.12882               	0.707107	0.853553	1  	0.146447
109	234  	1        	1       	0.5	0.62882	0.757639	0.12882               	0.707107	0.853553	1  	0.146447
110	243  	1        	1       	0.5	0.62882	0.757639	0.12882               	0.707107	0.853553	1  	0.146447
111	239  	1        	1       	0.5	0.62882	0.757639	0.12882               	0.707107	0.853553	1  	0.146447
112	260  	1        	1       	0.5	0.62882	0.757639	0.12882               	0.707107	0.853553	1  	0.146447
113	266  	1        	1       	0.5	0.62882	0.757639	0.12882               	0.707107	0.853553	1  	0.146447
114	270  	1        	1       	0.5	0.62882	0.757639	0.12882               	0.707107	0.853553	1  	0.146447
115	261  	1        	1       	0.5	0.62882	0.757639	0.12882               	0.707107	0.853553	1  	0.146447
116	256  	1        	1       	0.5	0.62882	0.757639	0.12882               	0.707107	0.853553	1  	0.146447
117	251  	1        	1       	0.5	0.62882	0.757639	0.12882               	0.707107	0.853553	1  	0.146447
118	260  	1        	1       	0.5	0.62882	0.757639	0.12882               	0.707107	0.853553	1  	0.146447
119	243  	1        	1       	0.5	0.62882	0.757639	0.12882               	0.707107	0.853553	1  	0.146447
120	247  	1        	1       	0.5	0.62882	0.757639	0.12882               	0.707107	0.853553	1  	0.146447
121	252  	1        	1       	0.5	0.62882	0.757639	0.12882               	0.707107	0.853553	1  	0.146447
122	258  	1        	1       	0.5	0.62882	0.757639	0.12882               	0.707107	0.853553	1  	0.146447
123	249  	1        	1       	0.5	0.62882	0.757639	0.12882               	0.707107	0.853553	1  	0.146447
124	238  	1        	1       	0.5	0.62882	0.757639	0.12882               	0.707107	0.853553	1  	0.146447
125	239  	1        	1       	0.5	0.62882	0.757639	0.12882               	0.707107	0.853553	1  	0.146447
126	244  	1        	1       	0.5	0.62882	0.757639	0.12882               	0.707107	0.853553	1  	0.146447
127	241  	1        	1       	0.5	0.62882	0.757639	0.12882               	0.707107	0.853553	1  	0.146447
128	247  	1        	1       	0.5	0.62882	0.757639	0.12882               	0.707107	0.853553	1  	0.146447
129	249  	1        	1       	0.5	0.62882	0.757639	0.12882               	0.707107	0.853553	1  	0.146447
130	253  	1        	1       	0.5	0.62882	0.757639	0.12882               	0.707107	0.853553	1  	0.146447
131	239  	1        	1       	0.5	0.62882	0.757639	0.12882               	0.707107	0.853553	1  	0.146447
132	243  	1        	1       	0.5	0.62882	0.757639	0.12882               	0.707107	0.853553	1  	0.146447
133	262  	1        	1       	0.5	0.62882	0.757639	0.12882               	0.707107	0.853553	1  	0.146447
134	254  	1        	1       	0.5	0.62882	0.757639	0.12882               	0.707107	0.853553	1  	0.146447
135	252  	1        	1       	0.5	0.62882	0.757639	0.12882               	0.707107	0.853553	1  	0.146447
136	232  	1        	1       	0.5	0.62882	0.757639	0.12882               	0.707107	0.853553	1  	0.146447
137	235  	1        	1       	0.5	0.62882	0.757639	0.12882               	0.707107	0.853553	1  	0.146447
138	252  	1        	1       	0.5	0.62882	0.757639	0.12882               	0.707107	0.853553	1  	0.146447
139	267  	1        	1       	0.5	0.62882	0.757639	0.12882               	0.707107	0.853553	1  	0.146447
140	248  	1        	1       	0.5	0.62882	0.757639	0.12882               	0.707107	0.853553	1  	0.146447
141	257  	1        	1       	0.5	0.62882	0.757639	0.12882               	0.707107	0.853553	1  	0.146447
142	248  	1        	1       	0.5	0.62882	0.757639	0.12882               	0.707107	0.853553	1  	0.146447
143	262  	1        	1       	0.5	0.62882	0.757639	0.12882               	0.707107	0.853553	1  	0.146447
144	244  	1        	1       	0.5	0.62882	0.757639	0.12882               	0.707107	0.853553	1  	0.146447
145	245  	1        	1       	0.5	0.62882	0.757639	0.12882               	0.707107	0.853553	1  	0.146447
146	256  	1        	1       	0.5	0.62882	0.757639	0.12882               	0.707107	0.853553	1  	0.146447
147	280  	1        	1       	0.5	0.62882	0.757639	0.12882               	0.707107	0.853553	1  	0.146447
148	252  	1        	1       	0.5	0.62882	0.757639	0.12882               	0.707107	0.853553	1  	0.146447
149	248  	1        	1       	0.5	0.62882	0.757639	0.12882               	0.707107	0.853553	1  	0.146447

ASSIGNING STRATA FOR MULTI-OUTCOME DATA LGG_MV
Assigning strata for outcome named survival of type survival
Counts:
censored 0: 200
censored 1: 116
deceased 0: 49
deceased 1: 46
VIEW: LOG_MIRNA
   	     	         	        	       survival SKSurv Cox model concordance index       	                 root leanness                  
   	     	         	        	---------------------------------------------------------	------------------------------------------------
gen	evals	gen_feats	explored	min     	avg     	max     	std             	min     	avg     	max	std     
0  	500  	31       	31      	0.405184	0.601402	0.855283	0.157978        	0.176777	0.251753	1  	0.135665
1  	368  	218      	218     	0.426661	0.725929	0.860777	0.10185         	0.174078	0.285772	1  	0.118031
2  	367  	241      	296     	0.5     	0.791964	0.860777	0.0698679       	0.188982	0.327134	1  	0.117472
3  	377  	252      	325     	0.5     	0.812969	0.860822	0.0524304       	0.196116	0.347877	1  	0.127526
4  	375  	255      	337     	0.5     	0.818693	0.86374 	0.0525899       	0.19245 	0.351052	1  	0.132249
5  	360  	248      	342     	0.5     	0.821703	0.86374 	0.0528766       	0.19245 	0.354534	1  	0.134405
6  	361  	240      	343     	0.5     	0.824104	0.864126	0.0528622       	0.19245 	0.355958	1  	0.136122
7  	365  	252      	345     	0.5     	0.827938	0.867558	0.0509695       	0.185695	0.352778	1  	0.136457
8  	379  	249      	345     	0.5     	0.831046	0.869095	0.0465249       	0.182574	0.350876	1  	0.136187
9  	366  	244      	345     	0.5     	0.832279	0.869095	0.0468268       	0.182574	0.353358	1  	0.136846
10 	399  	254      	345     	0.5     	0.835714	0.875325	0.044606        	0.188982	0.349597	1  	0.136138
11 	381  	253      	345     	0.5     	0.837766	0.875325	0.0435821       	0.185695	0.346694	1  	0.134796
12 	374  	256      	345     	0.5     	0.838154	0.875325	0.0444984       	0.182574	0.349727	1  	0.135922
13 	358  	269      	345     	0.5     	0.83891 	0.875325	0.044797        	0.182574	0.350601	1  	0.136092
14 	389  	270      	345     	0.5     	0.840939	0.875325	0.0436394       	0.182574	0.347225	1  	0.135031
15 	371  	256      	345     	0.5     	0.841958	0.875325	0.0438909       	0.185695	0.34687 	1  	0.135333
16 	371  	261      	345     	0.5     	0.842295	0.875325	0.0445815       	0.185695	0.348408	1  	0.136531
17 	385  	265      	345     	0.5     	0.843236	0.875325	0.0444329       	0.185695	0.3486  	1  	0.135807
18 	354  	256      	345     	0.5     	0.844032	0.877141	0.0440118       	0.182574	0.349088	1  	0.136169
19 	378  	270      	345     	0.5     	0.84548 	0.877141	0.0427222       	0.188982	0.347378	1  	0.134508
20 	374  	260      	345     	0.5     	0.846054	0.878602	0.0429209       	0.188982	0.346739	1  	0.134855
21 	358  	257      	345     	0.5     	0.846897	0.879919	0.0424105       	0.188982	0.345578	1  	0.134532
22 	403  	272      	345     	0.5     	0.847924	0.879919	0.0418015       	0.188982	0.343511	1  	0.133693
23 	374  	255      	345     	0.5     	0.848595	0.883813	0.0420672       	0.188982	0.342814	1  	0.134156
24 	377  	258      	345     	0.5     	0.849485	0.883813	0.0422967       	0.188982	0.340473	1  	0.134483
25 	367  	253      	345     	0.5     	0.85153 	0.884359	0.040588        	0.188982	0.334541	1  	0.132601
26 	371  	272      	345     	0.5     	0.851025	0.884359	0.0421445       	0.188982	0.338416	1  	0.133257
27 	382  	264      	345     	0.5     	0.851787	0.884359	0.0416551       	0.188982	0.336448	1  	0.134236
28 	365  	270      	345     	0.5     	0.85189 	0.884359	0.0417081       	0.19245 	0.339165	1  	0.133217
29 	359  	263      	345     	0.5     	0.852546	0.884359	0.0418947       	0.19245 	0.337619	1  	0.133435
30 	379  	254      	345     	0.5     	0.852718	0.884359	0.0420065       	0.19245 	0.33841 	1  	0.133206
31 	374  	257      	345     	0.5     	0.854043	0.885598	0.0412684       	0.19245 	0.335174	1  	0.132008
32 	370  	265      	345     	0.5     	0.854439	0.889787	0.0414046       	0.19245 	0.335237	1  	0.131934
33 	365  	267      	345     	0.5     	0.854744	0.889787	0.0415461       	0.19245 	0.335568	1  	0.131959
34 	362  	261      	345     	0.5     	0.854458	0.889787	0.0428309       	0.19245 	0.337455	1  	0.133125
35 	384  	270      	345     	0.5     	0.855441	0.889787	0.0418452       	0.19245 	0.335886	1  	0.132693
36 	389  	261      	345     	0.5     	0.856293	0.889931	0.0415189       	0.19245 	0.333821	1  	0.133116
37 	377  	272      	345     	0.5     	0.856674	0.889931	0.0416682       	0.19245 	0.333776	1  	0.133103
38 	375  	256      	345     	0.5     	0.857027	0.890059	0.0418216       	0.188982	0.333605	1  	0.133277
39 	369  	263      	345     	0.5     	0.857718	0.890059	0.0419678       	0.188982	0.331514	1  	0.133649
40 	373  	270      	345     	0.5     	0.858142	0.890059	0.0419184       	0.196116	0.331674	1  	0.132823
41 	363  	257      	345     	0.5     	0.857939	0.890059	0.0421672       	0.196116	0.334246	1  	0.132553
42 	380  	263      	345     	0.5     	0.858129	0.890059	0.0421577       	0.196116	0.335329	1  	0.131935
43 	384  	269      	345     	0.5     	0.85845 	0.890059	0.0422683       	0.196116	0.334764	1  	0.132336
44 	351  	261      	345     	0.5     	0.858862	0.890888	0.0424235       	0.196116	0.334001	1  	0.132636
45 	385  	270      	345     	0.5     	0.859369	0.890888	0.0423969       	0.19245 	0.332736	1  	0.132903
46 	371  	262      	345     	0.5     	0.860311	0.890888	0.0417143       	0.19245 	0.33078 	1  	0.131209
47 	352  	255      	345     	0.5     	0.860245	0.890888	0.0417957       	0.19245 	0.332088	1  	0.131518
48 	374  	262      	345     	0.5     	0.860198	0.891649	0.0424779       	0.2     	0.332481	1  	0.132218
49 	376  	253      	345     	0.5     	0.860018	0.891649	0.0424631       	0.2     	0.334445	1  	0.1323  
50 	358  	257      	345     	0.5     	0.860075	0.891649	0.0425219       	0.2     	0.335362	1  	0.131937
51 	382  	261      	345     	0.5     	0.860238	0.891649	0.0425613       	0.2     	0.335608	1  	0.131724
52 	373  	272      	345     	0.5     	0.859442	0.891649	0.0432217       	0.2     	0.33942 	1  	0.132701
53 	377  	255      	345     	0.5     	0.859611	0.891971	0.0432545       	0.204124	0.339982	1  	0.132255
54 	378  	244      	345     	0.5     	0.859905	0.891971	0.0433411       	0.204124	0.339208	1  	0.13251 
55 	370  	257      	345     	0.5     	0.860919	0.891991	0.0426897       	0.204124	0.336189	1  	0.131316
56 	365  	251      	345     	0.5     	0.860993	0.892594	0.0427368       	0.204124	0.336618	1  	0.131217
57 	384  	258      	345     	0.5     	0.861333	0.892594	0.0428511       	0.204124	0.336025	1  	0.131464
58 	398  	257      	345     	0.5     	0.861538	0.892594	0.0429466       	0.204124	0.336013	1  	0.131466
59 	351  	243      	345     	0.5     	0.861858	0.892594	0.0427147       	0.204124	0.335705	1  	0.131701
60 	357  	247      	345     	0.5     	0.86199 	0.893094	0.0427781       	0.204124	0.33589 	1  	0.131555
61 	370  	233      	345     	0.5     	0.862117	0.894131	0.0428088       	0.204124	0.335996	1  	0.131448
62 	388  	253      	345     	0.5     	0.862349	0.894131	0.0429136       	0.2     	0.335501	1  	0.13174 
63 	394  	255      	345     	0.5     	0.862587	0.894131	0.0425352       	0.2     	0.335741	1  	0.131627
64 	368  	246      	345     	0.5     	0.862674	0.894237	0.0425787       	0.2     	0.336135	1  	0.131399
65 	369  	251      	345     	0.5     	0.86294 	0.894237	0.04225         	0.2     	0.33601 	1  	0.131486
66 	390  	269      	345     	0.5     	0.863104	0.894237	0.0423215       	0.2     	0.335976	1  	0.131522
67 	357  	244      	345     	0.5     	0.863499	0.895426	0.0424505       	0.2     	0.334516	1  	0.131999
68 	395  	251      	345     	0.5     	0.863452	0.895426	0.042492        	0.2     	0.335163	1  	0.131925
69 	393  	249      	345     	0.5     	0.86338 	0.895426	0.0424692       	0.196116	0.335962	1  	0.131551
70 	383  	245      	345     	0.5     	0.863594	0.895426	0.0422107       	0.196116	0.335802	1  	0.131674
71 	381  	251      	345     	0.5     	0.863664	0.895426	0.0422501       	0.188982	0.335931	1  	0.131605
72 	369  	239      	345     	0.5     	0.863789	0.895426	0.0422797       	0.185695	0.335782	1  	0.131744
73 	387  	248      	345     	0.5     	0.863938	0.896809	0.0423489       	0.185695	0.335416	1  	0.131994
74 	367  	228      	345     	0.5     	0.864159	0.896809	0.0424114       	0.185695	0.334826	1  	0.132255
75 	379  	240      	345     	0.5     	0.864861	0.896809	0.042409        	0.185695	0.332035	1  	0.132187
76 	373  	262      	345     	0.5     	0.865002	0.897097	0.041903        	0.185695	0.332444	1  	0.131637
77 	395  	258      	345     	0.5     	0.865299	0.897097	0.0419177       	0.185695	0.331753	1  	0.131566
78 	372  	242      	345     	0.5     	0.865628	0.897097	0.0419191       	0.185695	0.330978	1  	0.131249
79 	378  	255      	345     	0.5     	0.86584 	0.897097	0.0419993       	0.185695	0.330273	1  	0.131757
80 	384  	254      	345     	0.5     	0.865924	0.897097	0.0420376       	0.185695	0.330125	1  	0.131922
81 	384  	259      	345     	0.5     	0.865976	0.897097	0.0420606       	0.185695	0.330122	1  	0.131891
82 	365  	240      	345     	0.5     	0.866112	0.897318	0.0421265       	0.182574	0.329926	1  	0.132084
83 	374  	252      	345     	0.5     	0.866955	0.897318	0.0421454       	0.182574	0.326328	1  	0.132293
84 	382  	266      	345     	0.5     	0.867441	0.897318	0.0415158       	0.182574	0.325042	1  	0.131539
85 	362  	249      	345     	0.5     	0.867758	0.897318	0.041645        	0.182574	0.323593	1  	0.132355
86 	374  	240      	345     	0.5     	0.868195	0.897318	0.0416632       	0.182574	0.322111	1  	0.132259
87 	372  	250      	345     	0.5     	0.867986	0.89764 	0.0417599       	0.182574	0.323631	1  	0.132379
88 	379  	250      	345     	0.5     	0.868273	0.89764 	0.0417886       	0.179605	0.322643	1  	0.13241 
89 	373  	244      	345     	0.5     	0.868014	0.897937	0.0417833       	0.179605	0.324425	1  	0.131883
90 	382  	253      	345     	0.5     	0.868272	0.898007	0.0418948       	0.179605	0.323501	1  	0.132375
91 	392  	249      	345     	0.5     	0.868751	0.898007	0.0418269       	0.179605	0.321717	1  	0.132181
92 	373  	253      	345     	0.5     	0.8686  	0.898082	0.041542        	0.179605	0.323195	1  	0.132503
93 	384  	250      	345     	0.5     	0.869311	0.898082	0.0408691       	0.176777	0.321171	1  	0.1316  
94 	353  	240      	345     	0.5     	0.869778	0.898764	0.040824        	0.176777	0.319442	1  	0.1313  
95 	365  	233      	345     	0.5     	0.869813	0.898764	0.0408384       	0.176777	0.319689	1  	0.131085
96 	370  	257      	345     	0.5     	0.869881	0.898764	0.0408745       	0.176777	0.319482	1  	0.131273
97 	364  	252      	345     	0.5     	0.869955	0.898764	0.0409089       	0.176777	0.319495	1  	0.131269
98 	394  	247      	345     	0.5     	0.870046	0.899729	0.0409595       	0.176777	0.319389	1  	0.131371
99 	370  	248      	345     	0.5     	0.870068	0.899729	0.0409709       	0.176777	0.31946 	1  	0.131328
100	389  	266      	345     	0.5     	0.870295	0.899729	0.0410312       	0.174078	0.318354	1  	0.131761
101	358  	256      	345     	0.5     	0.870435	0.899729	0.0410489       	0.176777	0.31807 	1  	0.131677
102	380  	250      	345     	0.5     	0.870839	0.902482	0.0411234       	0.174078	0.316367	1  	0.132233
103	378  	247      	345     	0.5     	0.871077	0.902482	0.0410972       	0.174078	0.315651	1  	0.131955
104	366  	243      	345     	0.5     	0.871677	0.902482	0.0403864       	0.174078	0.313883	1  	0.130859
105	376  	252      	345     	0.5     	0.871727	0.902482	0.0404089       	0.174078	0.314017	1  	0.130738
106	379  	253      	345     	0.5     	0.871812	0.902482	0.0404495       	0.179605	0.314236	1  	0.130531
107	393  	262      	345     	0.5     	0.871868	0.902482	0.0404732       	0.179605	0.314279	1  	0.130496
108	396  	250      	345     	0.5     	0.871924	0.902482	0.0405013       	0.179605	0.314335	1  	0.130443
109	356  	243      	345     	0.5     	0.872012	0.904222	0.0405481       	0.179605	0.314233	1  	0.130543
110	385  	241      	345     	0.5     	0.872083	0.904222	0.0405835       	0.179605	0.314267	1  	0.13051 
111	379  	262      	345     	0.5     	0.872111	0.904222	0.0405993       	0.179605	0.314372	1  	0.130425
112	375  	260      	345     	0.5     	0.872274	0.904222	0.0406475       	0.179605	0.313624	1  	0.130951
113	388  	262      	345     	0.5     	0.872312	0.904222	0.0406598       	0.179605	0.31375 	1  	0.130855
114	369  	251      	345     	0.5     	0.872625	0.904222	0.04063         	0.179605	0.312494	1  	0.130702
115	379  	264      	345     	0.5     	0.872892	0.904222	0.0408462       	0.174078	0.311027	1  	0.13165 
116	386  	250      	345     	0.5     	0.873765	0.904222	0.039917        	0.174078	0.30838 	1  	0.130051
117	366  	247      	345     	0.5     	0.873865	0.904222	0.0398378       	0.174078	0.308237	1  	0.130173
118	362  	257      	345     	0.5     	0.873906	0.904222	0.0398613       	0.174078	0.308141	1  	0.130256
119	376  	239      	345     	0.5     	0.873955	0.904222	0.0398882       	0.174078	0.308182	1  	0.130223
120	374  	252      	345     	0.5     	0.874061	0.904222	0.0399326       	0.174078	0.307896	1  	0.130383
121	371  	241      	345     	0.5     	0.874126	0.904272	0.0399735       	0.174078	0.308043	1  	0.13034 
122	380  	249      	345     	0.5     	0.874961	0.904272	0.0400189       	0.174078	0.304188	1  	0.130802
123	361  	251      	345     	0.5     	0.874681	0.904272	0.0401792       	0.174078	0.305646	1  	0.131339
124	384  	264      	345     	0.5     	0.874579	0.904272	0.04019         	0.174078	0.306418	1  	0.131174
125	382  	267      	345     	0.5     	0.874577	0.904272	0.0402152       	0.174078	0.306575	1  	0.131182
126	373  	255      	345     	0.5     	0.874548	0.904272	0.0401988       	0.174078	0.306887	1  	0.130975
127	368  	257      	345     	0.5     	0.874499	0.904272	0.0401958       	0.174078	0.30721 	1  	0.130897
128	399  	249      	345     	0.5     	0.874473	0.904272	0.0401707       	0.176777	0.307699	1  	0.13058 
129	389  	258      	345     	0.5     	0.874492	0.904272	0.0401723       	0.176777	0.307745	1  	0.13056 
130	370  	243      	345     	0.5     	0.874538	0.904272	0.0401825       	0.176777	0.307994	1  	0.130359
131	393  	256      	345     	0.5     	0.874586	0.904272	0.0402081       	0.176777	0.308176	1  	0.130214
132	376  	247      	345     	0.5     	0.874628	0.904272	0.0402231       	0.176777	0.308217	1  	0.13018 
133	391  	261      	345     	0.5     	0.874682	0.904272	0.0402504       	0.176777	0.308047	1  	0.130309
134	375  	242      	345     	0.5     	0.874757	0.904272	0.0402929       	0.176777	0.307836	1  	0.130476
135	355  	250      	345     	0.5     	0.874776	0.904272	0.040305        	0.176777	0.307907	1  	0.130427
136	381  	260      	345     	0.5     	0.874827	0.904272	0.0403323       	0.176777	0.307806	1  	0.130502
137	380  	245      	345     	0.5     	0.87485 	0.904272	0.0403447       	0.176777	0.307905	1  	0.130427
138	362  	251      	345     	0.5     	0.87496 	0.904272	0.0403988       	0.176777	0.30746 	1  	0.130718
139	382  	252      	345     	0.5     	0.875023	0.905027	0.0404271       	0.176777	0.307447	1  	0.130717
140	378  	245      	345     	0.5     	0.875201	0.905027	0.0404628       	0.176777	0.306791	1  	0.13083 
141	383  	247      	345     	0.5     	0.874989	0.905027	0.0404228       	0.176777	0.307972	1  	0.130365
142	390  	250      	345     	0.5     	0.875129	0.905027	0.0404863       	0.176777	0.307523	1  	0.130667
143	395  	266      	345     	0.5     	0.875284	0.905027	0.0405493       	0.176777	0.306906	1  	0.13105 
144	376  	246      	345     	0.5     	0.875373	0.905027	0.040562        	0.176777	0.306713	1  	0.131044
145	376  	247      	345     	0.5     	0.875412	0.906127	0.040604        	0.176777	0.306764	1  	0.131087
146	380  	265      	345     	0.5     	0.875895	0.906127	0.0406116       	0.176777	0.304774	1  	0.131203
147	374  	271      	345     	0.5     	0.876139	0.906127	0.040021        	0.176777	0.304488	1  	0.130302
148	377  	252      	345     	0.5     	0.876086	0.906127	0.0400344       	0.176777	0.304917	1  	0.130194
149	383  	250      	345     	0.5     	0.87578 	0.906127	0.0408          	0.176777	0.305672	1  	0.131043

STARTING MASTER RUNNER LEAN CONCATENATED MASTER

LEAN CONCATENATED MASTER WITH SYMMETRIC FLIP
MASTER
   	     	         	        	   survival SKSurv Cox model concordance index   	                 root leanness                  
   	     	         	        	-------------------------------------------------	------------------------------------------------
gen	evals	gen_feats	explored	min	avg     	max     	std                  	min     	avg     	max	std     
0  	500  	161      	161     	0.5	0.779845	0.882447	0.0898923            	0.185695	0.438609	1  	0.19524 
1  	347  	226      	250     	0.5	0.820361	0.890556	0.0527095            	0.185695	0.38008 	1  	0.141195
2  	391  	255      	300     	0.5	0.832113	0.890556	0.0463249            	0.185695	0.365996	1  	0.13961 
3  	380  	257      	328     	0.5	0.839639	0.890556	0.0437904            	0.182574	0.355381	1  	0.138692
4  	358  	266      	339     	0.5	0.843652	0.890556	0.0436543            	0.182574	0.353162	1  	0.137049
5  	377  	272      	342     	0.5	0.845372	0.890556	0.0448838            	0.182574	0.356956	1  	0.13769 
6  	389  	265      	346     	0.5	0.849779	0.892878	0.0433631            	0.182574	0.34777 	1  	0.137762
7  	381  	275      	346     	0.5	0.852668	0.898211	0.0425061            	0.182574	0.344764	1  	0.136759
8  	382  	270      	346     	0.5	0.85456 	0.898211	0.0428786            	0.182574	0.344807	1  	0.136   
9  	377  	273      	346     	0.5	0.85592 	0.898211	0.0430483            	0.179605	0.34736 	1  	0.134797
10 	362  	268      	346     	0.5	0.856566	0.898211	0.0443849            	0.182574	0.349648	1  	0.136316
11 	395  	261      	346     	0.5	0.8596  	0.898211	0.0430077            	0.185695	0.343286	1  	0.134109
12 	372  	271      	346     	0.5	0.860616	0.898211	0.0431017            	0.185695	0.342371	1  	0.134713
13 	387  	269      	346     	0.5	0.861289	0.898211	0.043158             	0.185695	0.343391	1  	0.134046
14 	398  	268      	346     	0.5	0.862137	0.898211	0.0433964            	0.185695	0.341668	1  	0.135005
15 	376  	262      	346     	0.5	0.863248	0.901772	0.0426169            	0.179605	0.340343	1  	0.133818
16 	380  	260      	346     	0.5	0.863703	0.901772	0.043577             	0.179605	0.340114	1  	0.134252
17 	377  	249      	346     	0.5	0.864672	0.901772	0.0426939            	0.179605	0.339207	1  	0.133225
18 	364  	260      	346     	0.5	0.865221	0.901772	0.0428882            	0.185695	0.338731	1  	0.133404
19 	388  	270      	346     	0.5	0.86569 	0.901772	0.0426279            	0.185695	0.339912	1  	0.132614
20 	382  	259      	346     	0.5	0.866314	0.901772	0.0428795            	0.185695	0.339292	1  	0.133043
21 	371  	253      	346     	0.5	0.866787	0.901772	0.0430522            	0.185695	0.339211	1  	0.133035
22 	375  	257      	346     	0.5	0.867382	0.901772	0.0432721            	0.185695	0.338193	1  	0.13336 
23 	380  	254      	346     	0.5	0.867677	0.901772	0.0433927            	0.185695	0.338648	1  	0.133182
24 	367  	244      	346     	0.5	0.8688  	0.901772	0.0427272            	0.185695	0.335576	1  	0.131969
25 	383  	251      	346     	0.5	0.869191	0.901772	0.0428945            	0.182574	0.335161	1  	0.132347
26 	401  	266      	346     	0.5	0.869689	0.901772	0.0430749            	0.185695	0.333959	1  	0.132888
27 	358  	250      	346     	0.5	0.870327	0.901772	0.043098             	0.185695	0.331825	1  	0.132961
28 	381  	243      	346     	0.5	0.871182	0.901772	0.04239              	0.185695	0.330298	1  	0.131859
29 	361  	243      	346     	0.5	0.870604	0.903489	0.0425139            	0.185695	0.333888	1  	0.131617
30 	392  	258      	346     	0.5	0.87094 	0.903489	0.0439102            	0.185695	0.332152	1  	0.132644
31 	376  	238      	346     	0.5	0.87178 	0.903489	0.042678             	0.185695	0.330365	1  	0.13191 
32 	364  	250      	346     	0.5	0.871981	0.905064	0.0427562            	0.185695	0.330438	1  	0.131838
33 	390  	260      	346     	0.5	0.872135	0.905064	0.0428017            	0.185695	0.330429	1  	0.131876
34 	369  	243      	346     	0.5	0.871681	0.905064	0.0440571            	0.185695	0.332122	1  	0.133154
35 	371  	251      	346     	0.5	0.871706	0.905115	0.0434552            	0.185695	0.334024	1  	0.132926
36 	386  	251      	346     	0.5	0.872997	0.905115	0.042767             	0.182574	0.330256	1  	0.13196 
37 	373  	249      	346     	0.5	0.873263	0.905308	0.0428884            	0.182574	0.330058	1  	0.132058
38 	367  	244      	346     	0.5	0.873422	0.907048	0.042964             	0.182574	0.330374	1  	0.131847
39 	370  	258      	346     	0.5	0.873597	0.907048	0.0430295            	0.182574	0.330428	1  	0.131813
40 	382  	261      	346     	0.5	0.874006	0.907048	0.043121             	0.182574	0.32894 	1  	0.132355
41 	386  	269      	346     	0.5	0.875195	0.907412	0.0424627            	0.182574	0.325112	1  	0.131534
42 	382  	242      	346     	0.5	0.87536 	0.907412	0.0425135            	0.179605	0.324813	1  	0.131796
43 	367  	244      	346     	0.5	0.87556 	0.907412	0.0424946            	0.179605	0.324793	1  	0.131847
44 	390  	263      	346     	0.5	0.875891	0.907412	0.0426131            	0.179605	0.323769	1  	0.132264
45 	383  	241      	346     	0.5	0.876067	0.907412	0.0426883            	0.179605	0.323584	1  	0.132345
46 	368  	260      	346     	0.5	0.876011	0.907412	0.0426682            	0.182574	0.325138	1  	0.131494
47 	376  	253      	346     	0.5	0.876201	0.908255	0.042759             	0.182574	0.32475 	1  	0.131791
48 	367  	256      	346     	0.5	0.876365	0.908255	0.042799             	0.182574	0.324982	1  	0.131597
49 	361  	261      	346     	0.5	0.876541	0.908255	0.042886             	0.182574	0.324778	1  	0.131767
50 	365  	239      	346     	0.5	0.876709	0.909709	0.0429584            	0.182574	0.325009	1  	0.131572
51 	384  	266      	346     	0.5	0.876887	0.909709	0.0429801            	0.182574	0.325074	1  	0.131516
52 	371  	250      	346     	0.5	0.877034	0.909709	0.0430514            	0.182574	0.324893	1  	0.13165 
53 	383  	263      	346     	0.5	0.877173	0.909709	0.0431176            	0.182574	0.324561	1  	0.131932
54 	378  	257      	346     	0.5	0.877517	0.910265	0.0432283            	0.182574	0.323121	1  	0.1326  
55 	363  	247      	346     	0.5	0.877421	0.910265	0.0432233            	0.182574	0.324501	1  	0.132016
56 	377  	257      	346     	0.5	0.87765 	0.910265	0.0433018            	0.182574	0.32374 	1  	0.132337
57 	378  	258      	346     	0.5	0.877818	0.910265	0.0433809            	0.182574	0.323214	1  	0.132608
58 	380  	254      	346     	0.5	0.878412	0.910265	0.0431168            	0.182574	0.321437	1  	0.132455
59 	385  	263      	346     	0.5	0.879164	0.910265	0.0424606            	0.182574	0.319242	1  	0.131485
60 	376  	246      	346     	0.5	0.879256	0.910265	0.0425066            	0.182574	0.319385	1  	0.131365
61 	375  	251      	346     	0.5	0.878841	0.91057 	0.0427147            	0.185695	0.321486	1  	0.131895
62 	373  	253      	346     	0.5	0.879488	0.91057 	0.0425362            	0.185695	0.319377	1  	0.131364
63 	382  	248      	346     	0.5	0.879585	0.91057 	0.04257              	0.185695	0.319125	1  	0.131575
64 	366  	243      	346     	0.5	0.87973 	0.912936	0.0426382            	0.185695	0.318702	1  	0.131829
65 	358  	238      	346     	0.5	0.879829	0.912936	0.042684             	0.185695	0.31869 	1  	0.131835
66 	382  	238      	346     	0.5	0.880128	0.912936	0.0427834            	0.185695	0.317642	1  	0.132299
67 	394  	259      	346     	0.5	0.881112	0.912936	0.04193              	0.185695	0.314634	1  	0.130713
68 	378  	252      	346     	0.5	0.880331	0.912936	0.0429071            	0.185695	0.317403	1  	0.132216
69 	392  	266      	346     	0.5	0.880248	0.912936	0.0429361            	0.185695	0.318081	1  	0.132155
70 	380  	257      	346     	0.5	0.880351	0.912936	0.0429699            	0.182574	0.317943	1  	0.132269
71 	357  	245      	346     	0.5	0.880592	0.912936	0.0429716            	0.182574	0.317485	1  	0.132386
72 	369  	263      	346     	0.5	0.881259	0.912936	0.0422349            	0.182574	0.315582	1  	0.131135
73 	380  	269      	346     	0.5	0.881767	0.912936	0.0421672            	0.182574	0.313854	1  	0.130859
74 	374  	244      	346     	0.5	0.881884	0.912936	0.042227             	0.182574	0.31387 	1  	0.130849
75 	366  	264      	346     	0.5	0.881554	0.912936	0.0430045            	0.182574	0.314989	1  	0.131842
76 	369  	247      	346     	0.5	0.881245	0.913458	0.0431749            	0.182574	0.316523	1  	0.132316
77 	369  	253      	346     	0.5	0.881299	0.913458	0.0433446            	0.182574	0.316436	1  	0.132689
78 	375  	244      	346     	0.5	0.882327	0.913458	0.0424089            	0.182574	0.313552	1  	0.131099
79 	374  	255      	346     	0.5	0.882437	0.913458	0.0424623            	0.179605	0.313616	1  	0.131063
80 	378  	239      	346     	0.5	0.882514	0.913458	0.0425018            	0.179605	0.313481	1  	0.131179
81 	389  	257      	346     	0.5	0.882654	0.914576	0.0424687            	0.179605	0.313381	1  	0.131275
82 	372  	239      	346     	0.5	0.882748	0.914576	0.0425152            	0.179605	0.313391	1  	0.131255
83 	391  	257      	346     	0.5	0.882848	0.91486 	0.0425473            	0.179605	0.31328 	1  	0.131342
84 	383  	232      	346     	0.5	0.883504	0.91486 	0.0426561            	0.179605	0.310421	1  	0.132107
85 	379  	259      	346     	0.5	0.883027	0.91486 	0.0426542            	0.179605	0.313   	1  	0.131534
86 	369  	250      	346     	0.5	0.883056	0.91486 	0.042655             	0.179605	0.313518	1  	0.131181
87 	368  	251      	346     	0.5	0.883204	0.91486 	0.0427321            	0.179605	0.313075	1  	0.131468
88 	394  	262      	346     	0.5	0.883389	0.915527	0.0428136            	0.179605	0.312601	1  	0.131701
89 	376  	244      	346     	0.5	0.883872	0.915527	0.0429026            	0.179605	0.310999	1  	0.132066
90 	382  	251      	346     	0.5	0.884646	0.915527	0.0420729            	0.179605	0.308762	1  	0.130563
91 	358  	244      	346     	0.5	0.883876	0.915527	0.0431692            	0.179605	0.311364	1  	0.132082
92 	384  	247      	346     	0.5	0.883804	0.915527	0.0430756            	0.179605	0.312281	1  	0.13182 
93 	393  	246      	346     	0.5	0.883797	0.915527	0.04304              	0.179605	0.312872	1  	0.131471
94 	382  	247      	346     	0.5	0.883737	0.915527	0.0430163            	0.179605	0.313576	1  	0.131086
95 	390  	263      	346     	0.5	0.883962	0.915527	0.0431208            	0.179605	0.312819	1  	0.131543
96 	356  	232      	346     	0.5	0.884345	0.915527	0.0431807            	0.179605	0.311558	1  	0.131689
97 	369  	245      	346     	0.5	0.885499	0.915527	0.0423168            	0.179605	0.307885	1  	0.130431
98 	370  	238      	346     	0.5	0.884571	0.916374	0.0435892            	0.179605	0.311044	1  	0.132008
99 	367  	239      	346     	0.5	0.884454	0.916587	0.0433526            	0.179605	0.311922	1  	0.132058
100	366  	236      	346     	0.5	0.884292	0.916587	0.0432657            	0.179605	0.313445	1  	0.131189
101	388  	253      	346     	0.5	0.884419	0.916587	0.0433293            	0.179605	0.313086	1  	0.13146 
102	387  	241      	346     	0.5	0.884401	0.916587	0.0433061            	0.179605	0.313602	1  	0.13109 
103	393  	245      	346     	0.5	0.884609	0.916587	0.0433639            	0.179605	0.31296 	1  	0.131504
104	393  	249      	346     	0.5	0.884669	0.916587	0.0433941            	0.179605	0.313116	1  	0.131381
105	375  	237      	346     	0.5	0.884614	0.916587	0.0433658            	0.179605	0.313742	1  	0.130942
106	391  	252      	346     	0.5	0.884636	0.916587	0.0433773            	0.179605	0.313958	1  	0.130777
107	376  	243      	346     	0.5	0.884709	0.916587	0.0434102            	0.179605	0.313918	1  	0.130815
108	370  	236      	346     	0.5	0.884836	0.917739	0.0434749            	0.179605	0.313523	1  	0.131086
109	382  	243      	346     	0.5	0.88499 	0.917739	0.0435278            	0.179605	0.313149	1  	0.13117 
110	387  	254      	346     	0.5	0.884926	0.917739	0.0435405            	0.179605	0.313579	1  	0.131045
111	376  	248      	346     	0.5	0.885094	0.917739	0.0436175            	0.179605	0.313121	1  	0.131326
112	375  	251      	346     	0.5	0.885087	0.919385	0.0436263            	0.179605	0.31363 	1  	0.131007
113	365  	229      	346     	0.5	0.885159	0.919385	0.0436583            	0.179605	0.313579	1  	0.131045
114	372  	248      	346     	0.5	0.885198	0.919385	0.0436796            	0.179605	0.314062	1  	0.130698
115	388  	261      	346     	0.5	0.885285	0.919385	0.0437279            	0.179605	0.313899	1  	0.130827
116	376  	252      	346     	0.5	0.885451	0.919385	0.0437859            	0.179605	0.313332	1  	0.131057
117	372  	250      	346     	0.5	0.885878	0.919385	0.0438941            	0.179605	0.311615	1  	0.131554
118	373  	237      	346     	0.5	0.886198	0.919385	0.0438072            	0.176777	0.310606	1  	0.131194
119	381  	251      	346     	0.5	0.885803	0.919385	0.043936             	0.176777	0.312422	1  	0.131505
120	394  	248      	346     	0.5	0.886021	0.919385	0.0439058            	0.176777	0.311887	1  	0.131704
121	376  	236      	346     	0.5	0.886439	0.919385	0.0437978            	0.176777	0.3106  	1  	0.131223
122	361  	236      	346     	0.5	0.886188	0.919385	0.0439386            	0.174078	0.311561	1  	0.131617
123	385  	254      	346     	0.5	0.885895	0.920593	0.0439441            	0.174078	0.312992	1  	0.13144 
124	384  	249      	346     	0.5	0.8861  	0.920593	0.0440297            	0.174078	0.312356	1  	0.131759
125	388  	250      	346     	0.5	0.885939	0.920593	0.0439742            	0.174078	0.313165	1  	0.131351
126	384  	248      	346     	0.5	0.886132	0.920593	0.0440025            	0.174078	0.312575	1  	0.131497
127	366  	247      	346     	0.5	0.88704 	0.920593	0.043417             	0.174078	0.30964 	1  	0.13086 
128	391  	260      	346     	0.5	0.887527	0.920593	0.043279             	0.174078	0.307967	1  	0.130376
129	378  	250      	346     	0.5	0.887604	0.920593	0.0433249            	0.174078	0.307801	1  	0.13048 
130	381  	252      	346     	0.5	0.887745	0.920593	0.0433926            	0.174078	0.30728 	1  	0.130786
131	371  	247      	346     	0.5	0.887746	0.920593	0.0433971            	0.174078	0.307687	1  	0.130539
132	394  	247      	346     	0.5	0.887772	0.920593	0.0434117            	0.174078	0.30776 	1  	0.130503
133	382  	264      	346     	0.5	0.88827 	0.920593	0.0434965            	0.174078	0.305835	1  	0.130883
134	388  	245      	346     	0.5	0.887842	0.920593	0.043494             	0.174078	0.307623	1  	0.130557
135	403  	248      	346     	0.5	0.8879  	0.921131	0.0435125            	0.174078	0.307764	1  	0.130494
136	366  	249      	346     	0.5	0.888092	0.921131	0.0435227            	0.174078	0.30741 	1  	0.130379
137	375  	243      	346     	0.5	0.887949	0.921757	0.0435309            	0.182574	0.308291	1  	0.130095
138	375  	257      	346     	0.5	0.887976	0.921757	0.0435495            	0.179605	0.308615	1  	0.12986 
139	378  	239      	346     	0.5	0.888062	0.921923	0.0435971            	0.179605	0.308417	1  	0.130021
140	367  	242      	346     	0.5	0.888108	0.921923	0.0436214            	0.179605	0.308457	1  	0.129984
141	367  	243      	346     	0.5	0.888152	0.921923	0.043647             	0.179605	0.308362	1  	0.130063
142	390  	256      	346     	0.5	0.888186	0.921923	0.0436639            	0.179605	0.308556	1  	0.129899
143	378  	250      	346     	0.5	0.888244	0.923942	0.0436899            	0.179605	0.308609	1  	0.129858
144	381  	251      	346     	0.5	0.888293	0.923942	0.0437208            	0.179605	0.308508	1  	0.129943
145	392  	248      	346     	0.5	0.888349	0.923942	0.0437479            	0.179605	0.308496	1  	0.129955
146	379  	240      	346     	0.5	0.888385	0.923942	0.0437721            	0.179605	0.308431	1  	0.130009
147	383  	247      	346     	0.5	0.888528	0.923942	0.0438427            	0.179605	0.307973	1  	0.130283
148	368  	237      	346     	0.5	0.88854 	0.923942	0.0438546            	0.182574	0.308225	1  	0.130132
149	379  	253      	346     	0.5	0.888513	0.923942	0.0438403            	0.182574	0.308454	1  	0.129985

CURRENT HALLS OF FAME

PARETO FRONT
Number of solutions = 25
Features in hall of fame by prevalence:
42 features: [1_hsa.miR.15b.5p, 0_age_at_initial_pathologic_diagnosis, 1_hsa.miR.346, 1_hsa.miR.513a.3p, 1_hsa.miR.215.5p, 1_hsa.miR.3074.5p, 1_hsa.let.7f.5p, 1_hsa.miR.10b.5p, 1_hsa.miR.30a.3p, 1_hsa.miR.222.5p, 1_hsa.miR.1296.5p, 1_hsa.miR.154.5p, 1_hsa.miR.1228.3p, 1_hsa.miR.432.5p, 1_hsa.miR.21.5p, 1_hsa.miR.3940.3p, 1_hsa.miR.4709.3p, 1_hsa.miR.7974, 1_hsa.miR.520e, 1_hsa.miR.6806.3p, 1_hsa.miR.196b.5p, 1_hsa.miR.671.5p, 1_hsa.miR.3131, 1_hsa.miR.4423.5p, 1_hsa.miR.23b.5p, 1_hsa.miR.302b.3p, 1_hsa.miR.6892.5p, 1_hsa.miR.93.5p, 1_hsa.miR.1287.5p, 1_hsa.miR.148a.3p, 1_hsa.miR.148a.5p, 1_hsa.miR.154.3p, 1_hsa.miR.16.5p, 1_hsa.miR.193a.3p, 1_hsa.miR.25.5p, 1_hsa.miR.26a.2.3p, 1_hsa.miR.3150b.3p, 1_hsa.miR.377.3p, 1_hsa.miR.455.5p, 1_hsa.miR.493.3p, 1_hsa.miR.503.5p, 1_hsa.miR.552.5p]

LAST POPULATION
Number of solutions = 500
Features in hall of fame by prevalence:
173 features: [1_hsa.miR.15b.5p, 0_age_at_initial_pathologic_diagnosis, 1_hsa.miR.346, 1_hsa.miR.10b.5p, 1_hsa.miR.215.5p, 1_hsa.miR.513a.3p, 1_hsa.miR.3074.5p, 1_hsa.let.7f.5p, 1_hsa.miR.30a.3p, 1_hsa.miR.222.5p, 1_hsa.miR.1296.5p, 1_hsa.miR.1228.3p, 1_hsa.miR.154.5p, 1_hsa.miR.21.5p, 1_hsa.miR.3940.3p, 1_hsa.miR.7974, 1_hsa.miR.432.5p, 1_hsa.miR.520e, 1_hsa.miR.4709.3p, 1_hsa.miR.6806.3p, 1_hsa.miR.3131, 1_hsa.miR.4423.5p, 1_hsa.miR.23b.5p, 1_hsa.miR.671.5p, 1_hsa.miR.377.3p, 1_hsa.miR.34c.3p, 1_hsa.miR.93.5p, 1_hsa.miR.552.5p, 1_hsa.miR.550a.3p, 1_hsa.miR.6502.5p, 1_hsa.miR.302b.3p, 1_hsa.miR.3150b.3p, 1_hsa.miR.3923, 1_hsa.miR.16.5p, 1_hsa.miR.26a.2.3p, 1_hsa.miR.34b.5p, 1_hsa.miR.25.5p, 1_hsa.miR.148a.5p, 1_hsa.miR.493.3p, 1_hsa.miR.6892.5p, 1_hsa.miR.769.3p, 1_hsa.miR.1306.3p, 1_hsa.miR.196b.5p, 1_hsa.miR.409.3p, 1_hsa.miR.548f.3p, 1_hsa.miR.1287.5p, 1_hsa.miR.301b, 1_hsa.miR.34c.5p, 1_hsa.miR.193a.3p, 1_hsa.miR.1266.5p, 1_hsa.miR.154.3p, 1_hsa.miR.181a.2.3p, 1_hsa.miR.455.5p, 1_hsa.miR.503.5p, 1_hsa.miR.1249, 1_hsa.miR.148a.3p, 1_hsa.miR.3136.5p, 1_hsa.miR.335.3p, 1_hsa.miR.370.3p, 1_hsa.miR.495.5p, 1_hsa.miR.584.3p, 1_hsa.miR.106b.3p, 1_hsa.miR.10b.3p, 1_hsa.miR.149.5p, 1_hsa.miR.25.3p, 1_hsa.miR.3677.3p, 1_hsa.miR.376a.3p, 1_hsa.miR.504.5p, 1_hsa.miR.183.5p, 1_hsa.miR.590.5p, 1_hsa.miR.615.3p, 1_hsa.miR.937.3p, 1_hsa.let.7e.5p, 1_hsa.let.7f.1.3p, 1_hsa.miR.130a.3p, 1_hsa.miR.195.5p, 1_hsa.miR.216a.5p, 1_hsa.miR.216b.5p, 1_hsa.miR.221.5p, 1_hsa.miR.29b.1.5p, 1_hsa.miR.32.3p, 1_hsa.miR.424.5p, 1_hsa.miR.135b.5p, 1_hsa.miR.155.3p, 1_hsa.miR.182.5p, 1_hsa.miR.190a.5p, 1_hsa.miR.28.3p, 1_hsa.miR.296.3p, 1_hsa.miR.3154, 1_hsa.miR.335.5p, 1_hsa.miR.382.5p, 1_hsa.miR.4521, 1_hsa.miR.4677.3p, 1_hsa.miR.6718.5p, 1_hsa.miR.942.5p, 1_hsa.miR.9.5p, 1_hsa.miR.125b.1.3p, 1_hsa.miR.1307.5p, 1_hsa.miR.141.3p, 1_hsa.miR.196a.5p, ...]

BEST SUMS WITH SIZE 50
Number of solutions = 50
Features in hall of fame by prevalence:
46 features: [1_hsa.miR.15b.5p, 0_age_at_initial_pathologic_diagnosis, 1_hsa.miR.10b.5p, 1_hsa.miR.615.3p, 1_hsa.let.7e.5p, 1_hsa.let.7f.5p, 1_hsa.miR.10a.5p, 1_hsa.miR.10b.3p, 1_hsa.miR.1228.3p, 1_hsa.miR.125a.3p, 1_hsa.miR.125b.1.3p, 1_hsa.miR.1266.5p, 1_hsa.miR.135b.5p, 1_hsa.miR.146b.3p, 1_hsa.miR.146b.5p, 1_hsa.miR.148a.5p, 1_hsa.miR.155.5p, 1_hsa.miR.15b.3p, 1_hsa.miR.16.2.3p, 1_hsa.miR.16.5p, 1_hsa.miR.196a.5p, 1_hsa.miR.196b.5p, 1_hsa.miR.1976, 1_hsa.miR.200a.5p, 1_hsa.miR.21.3p, 1_hsa.miR.221.3p, 1_hsa.miR.222.3p, 1_hsa.miR.222.5p, 1_hsa.miR.23b.5p, 1_hsa.miR.25.3p, 1_hsa.miR.27a.5p, 1_hsa.miR.335.3p, 1_hsa.miR.335.5p, 1_hsa.miR.3677.3p, 1_hsa.miR.378a.3p, 1_hsa.miR.431.5p, 1_hsa.miR.455.5p, 1_hsa.miR.4677.3p, 1_hsa.miR.651.5p, 1_hsa.miR.664a.3p, 1_hsa.miR.671.5p, 1_hsa.miR.6806.3p, 1_hsa.miR.6892.5p, 1_hsa.miR.942.5p, 1_hsa.miR.9.5p, 1_hsa.miR.99b.3p]

BEST SUMS WITH SIZE 100
Number of solutions = 100
Features in hall of fame by prevalence:
78 features: [1_hsa.miR.15b.5p, 0_age_at_initial_pathologic_diagnosis, 1_hsa.miR.335.3p, 1_hsa.miR.10b.5p, 1_hsa.miR.10b.3p, 1_hsa.miR.222.5p, 1_hsa.let.7e.5p, 1_hsa.miR.1228.3p, 1_hsa.miR.1266.5p, 1_hsa.miR.148a.5p, 1_hsa.miR.196a.5p, 1_hsa.miR.196b.5p, 1_hsa.miR.23b.5p, 1_hsa.miR.3677.3p, 1_hsa.miR.455.5p, 1_hsa.miR.615.3p, 1_hsa.miR.651.5p, 1_hsa.miR.664a.3p, 1_hsa.let.7f.5p, 1_hsa.miR.103a.2.5p, 1_hsa.miR.107, 1_hsa.miR.10a.5p, 1_hsa.miR.125a.3p, 1_hsa.miR.125b.1.3p, 1_hsa.miR.135b.5p, 1_hsa.miR.143.3p, 1_hsa.miR.146b.3p, 1_hsa.miR.146b.5p, 1_hsa.miR.151b, 1_hsa.miR.155.5p, 1_hsa.miR.15b.3p, 1_hsa.miR.16.2.3p, 1_hsa.miR.16.5p, 1_hsa.miR.181b.5p, 1_hsa.miR.187.3p, 1_hsa.miR.193b.5p, 1_hsa.miR.1976, 1_hsa.miR.199a.3p, 1_hsa.miR.199b.3p, 1_hsa.miR.199b.5p, 1_hsa.miR.200a.5p, 1_hsa.miR.204.3p, 1_hsa.miR.21.3p, 1_hsa.miR.21.5p, 1_hsa.miR.216a.5p, 1_hsa.miR.216b.5p, 1_hsa.miR.221.3p, 1_hsa.miR.222.3p, 1_hsa.miR.224.5p, 1_hsa.miR.25.3p, 1_hsa.miR.27a.5p, 1_hsa.miR.27b.5p, 1_hsa.miR.28.3p, 1_hsa.miR.3131, 1_hsa.miR.320b, 1_hsa.miR.335.5p, 1_hsa.miR.346, 1_hsa.miR.378a.3p, 1_hsa.miR.3923, 1_hsa.miR.431.5p, 1_hsa.miR.432.5p, 1_hsa.miR.4431, 1_hsa.miR.455.3p, 1_hsa.miR.4677.3p, 1_hsa.miR.532.3p, 1_hsa.miR.548y, 1_hsa.miR.550a.5p, 1_hsa.miR.551b.3p, 1_hsa.miR.590.3p, 1_hsa.miR.671.5p, 1_hsa.miR.6806.3p, 1_hsa.miR.6892.5p, 1_hsa.miR.887.5p, 1_hsa.miR.942.5p, 1_hsa.miR.9.5p, 1_hsa.miR.99b.3p, 1_hsa.miR.302b.3p, 1_hsa.miR.520e]
Sweeping genetic algorithm multi-view multi-objective optimizer with lean concatenated master (MO-3-folds creator, pop 500, uniform(0, 50), gen [150], sort NSGA3CICR, crossover 0.33, mutation 1.0 symmetric flip) with (multi-view lasso FI, multi-view Cox FI) final optimization execution time = 00-00:29:13

FEATURE SETS SELECTED ON WHOLE DATASET

PARETO FRONT
Number of solutions = 25
Features in hall of fame by prevalence:
42 features: [1_hsa.miR.15b.5p, 0_age_at_initial_pathologic_diagnosis, 1_hsa.miR.346, 1_hsa.miR.513a.3p, 1_hsa.miR.215.5p, 1_hsa.miR.3074.5p, 1_hsa.let.7f.5p, 1_hsa.miR.10b.5p, 1_hsa.miR.30a.3p, 1_hsa.miR.222.5p, 1_hsa.miR.1296.5p, 1_hsa.miR.154.5p, 1_hsa.miR.1228.3p, 1_hsa.miR.432.5p, 1_hsa.miR.21.5p, 1_hsa.miR.3940.3p, 1_hsa.miR.4709.3p, 1_hsa.miR.7974, 1_hsa.miR.520e, 1_hsa.miR.6806.3p, 1_hsa.miR.196b.5p, 1_hsa.miR.671.5p, 1_hsa.miR.3131, 1_hsa.miR.4423.5p, 1_hsa.miR.23b.5p, 1_hsa.miR.302b.3p, 1_hsa.miR.6892.5p, 1_hsa.miR.93.5p, 1_hsa.miR.1287.5p, 1_hsa.miR.148a.3p, 1_hsa.miR.148a.5p, 1_hsa.miR.154.3p, 1_hsa.miR.16.5p, 1_hsa.miR.193a.3p, 1_hsa.miR.25.5p, 1_hsa.miR.26a.2.3p, 1_hsa.miR.3150b.3p, 1_hsa.miR.377.3p, 1_hsa.miR.455.5p, 1_hsa.miR.493.3p, 1_hsa.miR.503.5p, 1_hsa.miR.552.5p]

LAST POPULATION
Number of solutions = 500
Features in hall of fame by prevalence:
173 features: [1_hsa.miR.15b.5p, 0_age_at_initial_pathologic_diagnosis, 1_hsa.miR.346, 1_hsa.miR.10b.5p, 1_hsa.miR.215.5p, 1_hsa.miR.513a.3p, 1_hsa.miR.3074.5p, 1_hsa.let.7f.5p, 1_hsa.miR.30a.3p, 1_hsa.miR.222.5p, 1_hsa.miR.1296.5p, 1_hsa.miR.1228.3p, 1_hsa.miR.154.5p, 1_hsa.miR.21.5p, 1_hsa.miR.3940.3p, 1_hsa.miR.7974, 1_hsa.miR.432.5p, 1_hsa.miR.520e, 1_hsa.miR.4709.3p, 1_hsa.miR.6806.3p, 1_hsa.miR.3131, 1_hsa.miR.4423.5p, 1_hsa.miR.23b.5p, 1_hsa.miR.671.5p, 1_hsa.miR.377.3p, 1_hsa.miR.34c.3p, 1_hsa.miR.93.5p, 1_hsa.miR.552.5p, 1_hsa.miR.550a.3p, 1_hsa.miR.6502.5p, 1_hsa.miR.302b.3p, 1_hsa.miR.3150b.3p, 1_hsa.miR.3923, 1_hsa.miR.16.5p, 1_hsa.miR.26a.2.3p, 1_hsa.miR.34b.5p, 1_hsa.miR.25.5p, 1_hsa.miR.148a.5p, 1_hsa.miR.493.3p, 1_hsa.miR.6892.5p, 1_hsa.miR.769.3p, 1_hsa.miR.1306.3p, 1_hsa.miR.196b.5p, 1_hsa.miR.409.3p, 1_hsa.miR.548f.3p, 1_hsa.miR.1287.5p, 1_hsa.miR.301b, 1_hsa.miR.34c.5p, 1_hsa.miR.193a.3p, 1_hsa.miR.1266.5p, 1_hsa.miR.154.3p, 1_hsa.miR.181a.2.3p, 1_hsa.miR.455.5p, 1_hsa.miR.503.5p, 1_hsa.miR.1249, 1_hsa.miR.148a.3p, 1_hsa.miR.3136.5p, 1_hsa.miR.335.3p, 1_hsa.miR.370.3p, 1_hsa.miR.495.5p, 1_hsa.miR.584.3p, 1_hsa.miR.106b.3p, 1_hsa.miR.10b.3p, 1_hsa.miR.149.5p, 1_hsa.miR.25.3p, 1_hsa.miR.3677.3p, 1_hsa.miR.376a.3p, 1_hsa.miR.504.5p, 1_hsa.miR.183.5p, 1_hsa.miR.590.5p, 1_hsa.miR.615.3p, 1_hsa.miR.937.3p, 1_hsa.let.7e.5p, 1_hsa.let.7f.1.3p, 1_hsa.miR.130a.3p, 1_hsa.miR.195.5p, 1_hsa.miR.216a.5p, 1_hsa.miR.216b.5p, 1_hsa.miR.221.5p, 1_hsa.miR.29b.1.5p, 1_hsa.miR.32.3p, 1_hsa.miR.424.5p, 1_hsa.miR.135b.5p, 1_hsa.miR.155.3p, 1_hsa.miR.182.5p, 1_hsa.miR.190a.5p, 1_hsa.miR.28.3p, 1_hsa.miR.296.3p, 1_hsa.miR.3154, 1_hsa.miR.335.5p, 1_hsa.miR.382.5p, 1_hsa.miR.4521, 1_hsa.miR.4677.3p, 1_hsa.miR.6718.5p, 1_hsa.miR.942.5p, 1_hsa.miR.9.5p, 1_hsa.miR.125b.1.3p, 1_hsa.miR.1307.5p, 1_hsa.miR.141.3p, 1_hsa.miR.196a.5p, ...]

BEST SUMS WITH SIZE 50
Number of solutions = 50
Features in hall of fame by prevalence:
46 features: [1_hsa.miR.15b.5p, 0_age_at_initial_pathologic_diagnosis, 1_hsa.miR.10b.5p, 1_hsa.miR.615.3p, 1_hsa.let.7e.5p, 1_hsa.let.7f.5p, 1_hsa.miR.10a.5p, 1_hsa.miR.10b.3p, 1_hsa.miR.1228.3p, 1_hsa.miR.125a.3p, 1_hsa.miR.125b.1.3p, 1_hsa.miR.1266.5p, 1_hsa.miR.135b.5p, 1_hsa.miR.146b.3p, 1_hsa.miR.146b.5p, 1_hsa.miR.148a.5p, 1_hsa.miR.155.5p, 1_hsa.miR.15b.3p, 1_hsa.miR.16.2.3p, 1_hsa.miR.16.5p, 1_hsa.miR.196a.5p, 1_hsa.miR.196b.5p, 1_hsa.miR.1976, 1_hsa.miR.200a.5p, 1_hsa.miR.21.3p, 1_hsa.miR.221.3p, 1_hsa.miR.222.3p, 1_hsa.miR.222.5p, 1_hsa.miR.23b.5p, 1_hsa.miR.25.3p, 1_hsa.miR.27a.5p, 1_hsa.miR.335.3p, 1_hsa.miR.335.5p, 1_hsa.miR.3677.3p, 1_hsa.miR.378a.3p, 1_hsa.miR.431.5p, 1_hsa.miR.455.5p, 1_hsa.miR.4677.3p, 1_hsa.miR.651.5p, 1_hsa.miR.664a.3p, 1_hsa.miR.671.5p, 1_hsa.miR.6806.3p, 1_hsa.miR.6892.5p, 1_hsa.miR.942.5p, 1_hsa.miR.9.5p, 1_hsa.miR.99b.3p]

BEST SUMS WITH SIZE 100
Number of solutions = 100
Features in hall of fame by prevalence:
78 features: [1_hsa.miR.15b.5p, 0_age_at_initial_pathologic_diagnosis, 1_hsa.miR.335.3p, 1_hsa.miR.10b.5p, 1_hsa.miR.10b.3p, 1_hsa.miR.222.5p, 1_hsa.let.7e.5p, 1_hsa.miR.1228.3p, 1_hsa.miR.1266.5p, 1_hsa.miR.148a.5p, 1_hsa.miR.196a.5p, 1_hsa.miR.196b.5p, 1_hsa.miR.23b.5p, 1_hsa.miR.3677.3p, 1_hsa.miR.455.5p, 1_hsa.miR.615.3p, 1_hsa.miR.651.5p, 1_hsa.miR.664a.3p, 1_hsa.let.7f.5p, 1_hsa.miR.103a.2.5p, 1_hsa.miR.107, 1_hsa.miR.10a.5p, 1_hsa.miR.125a.3p, 1_hsa.miR.125b.1.3p, 1_hsa.miR.135b.5p, 1_hsa.miR.143.3p, 1_hsa.miR.146b.3p, 1_hsa.miR.146b.5p, 1_hsa.miR.151b, 1_hsa.miR.155.5p, 1_hsa.miR.15b.3p, 1_hsa.miR.16.2.3p, 1_hsa.miR.16.5p, 1_hsa.miR.181b.5p, 1_hsa.miR.187.3p, 1_hsa.miR.193b.5p, 1_hsa.miR.1976, 1_hsa.miR.199a.3p, 1_hsa.miR.199b.3p, 1_hsa.miR.199b.5p, 1_hsa.miR.200a.5p, 1_hsa.miR.204.3p, 1_hsa.miR.21.3p, 1_hsa.miR.21.5p, 1_hsa.miR.216a.5p, 1_hsa.miR.216b.5p, 1_hsa.miR.221.3p, 1_hsa.miR.222.3p, 1_hsa.miR.224.5p, 1_hsa.miR.25.3p, 1_hsa.miR.27a.5p, 1_hsa.miR.27b.5p, 1_hsa.miR.28.3p, 1_hsa.miR.3131, 1_hsa.miR.320b, 1_hsa.miR.335.5p, 1_hsa.miR.346, 1_hsa.miR.378a.3p, 1_hsa.miR.3923, 1_hsa.miR.431.5p, 1_hsa.miR.432.5p, 1_hsa.miR.4431, 1_hsa.miR.455.3p, 1_hsa.miR.4677.3p, 1_hsa.miR.532.3p, 1_hsa.miR.548y, 1_hsa.miR.550a.5p, 1_hsa.miR.551b.3p, 1_hsa.miR.590.3p, 1_hsa.miR.671.5p, 1_hsa.miR.6806.3p, 1_hsa.miR.6892.5p, 1_hsa.miR.887.5p, 1_hsa.miR.942.5p, 1_hsa.miR.9.5p, 1_hsa.miR.99b.3p, 1_hsa.miR.302b.3p, 1_hsa.miR.520e]

SAVING FEATURES AND FITNESSES FOR EACH SELECTED INDIVIDUAL TO FILES.
