
OPTIMIZING ON FOLD NUMBER 4
Number of workers = 96

COMPUTING LOCAL ACTIVE FEATURES
Computing active features for view clinic
Existing features: 8
Applying union strategy for feature selection using composite feature selector with
categorical: feature selector any na and anova
survival: feature selector Cox

Computing active features for outcome survival
Features selected for this outcome: 1
Features active in total: 1
Computing active features for view log_mirna
Existing features: 740
Applying union strategy for feature selection using composite feature selector with
categorical: feature selector any na and anova
survival: feature selector Cox

Computing active features for outcome survival
Features selected for this outcome: 354
Features active in total: 354
Computing feature importance
Running optimizer

STARTING 2-STEPS GENETIC ALGORITHM

CREATING INNER FOLDS

ASSIGNING STRATA FOR MULTI-OUTCOME DATA LGG_MV
Assigning strata for outcome named survival of type survival
Counts:
censored 0: 160
censored 1: 93
deceased 0: 39
deceased 1: 37

STARTING SWEEP NUMBER 1
folds_creator_seed = 4107908117

ASSIGNING STRATA FOR MULTI-OUTCOME DATA LGG_MV
Assigning strata for outcome named survival of type survival
Counts:
censored 0: 160
censored 1: 93
deceased 0: 39
deceased 1: 37
ga_runner_seed = 3091794638
VIEW: CLINIC
   	     	         	        	  survival SKSurv Cox model concordance index   	                 root leanness                  
   	     	         	        	------------------------------------------------	------------------------------------------------
gen	evals	gen_feats	explored	min	avg     	max     	std                  	min     	avg     	max	std     
0  	500  	1        	1       	0.5	0.635204	0.767202	0.133591             	0.707107	0.851796	1  	0.146436
1  	253  	1        	1       	0.5	0.633601	0.767202	0.133601             	0.707107	0.853553	1  	0.146447
2  	254  	1        	1       	0.5	0.633601	0.767202	0.133601             	0.707107	0.853553	1  	0.146447
3  	234  	1        	1       	0.5	0.633601	0.767202	0.133601             	0.707107	0.853553	1  	0.146447
4  	251  	1        	1       	0.5	0.633601	0.767202	0.133601             	0.707107	0.853553	1  	0.146447
5  	257  	1        	1       	0.5	0.633601	0.767202	0.133601             	0.707107	0.853553	1  	0.146447
6  	243  	1        	1       	0.5	0.633601	0.767202	0.133601             	0.707107	0.853553	1  	0.146447
7  	253  	1        	1       	0.5	0.633601	0.767202	0.133601             	0.707107	0.853553	1  	0.146447
8  	249  	1        	1       	0.5	0.633601	0.767202	0.133601             	0.707107	0.853553	1  	0.146447
9  	249  	1        	1       	0.5	0.633601	0.767202	0.133601             	0.707107	0.853553	1  	0.146447
10 	259  	1        	1       	0.5	0.633601	0.767202	0.133601             	0.707107	0.853553	1  	0.146447
11 	258  	1        	1       	0.5	0.633601	0.767202	0.133601             	0.707107	0.853553	1  	0.146447
12 	253  	1        	1       	0.5	0.633601	0.767202	0.133601             	0.707107	0.853553	1  	0.146447
13 	255  	1        	1       	0.5	0.633601	0.767202	0.133601             	0.707107	0.853553	1  	0.146447
14 	244  	1        	1       	0.5	0.633601	0.767202	0.133601             	0.707107	0.853553	1  	0.146447
15 	248  	1        	1       	0.5	0.633601	0.767202	0.133601             	0.707107	0.853553	1  	0.146447
16 	259  	1        	1       	0.5	0.633601	0.767202	0.133601             	0.707107	0.853553	1  	0.146447
17 	245  	1        	1       	0.5	0.633601	0.767202	0.133601             	0.707107	0.853553	1  	0.146447
18 	247  	1        	1       	0.5	0.633601	0.767202	0.133601             	0.707107	0.853553	1  	0.146447
19 	230  	1        	1       	0.5	0.633601	0.767202	0.133601             	0.707107	0.853553	1  	0.146447
20 	230  	1        	1       	0.5	0.633601	0.767202	0.133601             	0.707107	0.853553	1  	0.146447
21 	241  	1        	1       	0.5	0.633601	0.767202	0.133601             	0.707107	0.853553	1  	0.146447
22 	247  	1        	1       	0.5	0.633601	0.767202	0.133601             	0.707107	0.853553	1  	0.146447
23 	255  	1        	1       	0.5	0.633601	0.767202	0.133601             	0.707107	0.853553	1  	0.146447
24 	241  	1        	1       	0.5	0.633601	0.767202	0.133601             	0.707107	0.853553	1  	0.146447
25 	232  	1        	1       	0.5	0.633601	0.767202	0.133601             	0.707107	0.853553	1  	0.146447
26 	249  	1        	1       	0.5	0.633601	0.767202	0.133601             	0.707107	0.853553	1  	0.146447
27 	213  	1        	1       	0.5	0.633601	0.767202	0.133601             	0.707107	0.853553	1  	0.146447
28 	258  	1        	1       	0.5	0.633601	0.767202	0.133601             	0.707107	0.853553	1  	0.146447
29 	253  	1        	1       	0.5	0.633601	0.767202	0.133601             	0.707107	0.853553	1  	0.146447
30 	238  	1        	1       	0.5	0.633601	0.767202	0.133601             	0.707107	0.853553	1  	0.146447
31 	250  	1        	1       	0.5	0.633601	0.767202	0.133601             	0.707107	0.853553	1  	0.146447
32 	242  	1        	1       	0.5	0.633601	0.767202	0.133601             	0.707107	0.853553	1  	0.146447
33 	246  	1        	1       	0.5	0.633601	0.767202	0.133601             	0.707107	0.853553	1  	0.146447
34 	256  	1        	1       	0.5	0.633601	0.767202	0.133601             	0.707107	0.853553	1  	0.146447
35 	264  	1        	1       	0.5	0.633601	0.767202	0.133601             	0.707107	0.853553	1  	0.146447
36 	245  	1        	1       	0.5	0.633601	0.767202	0.133601             	0.707107	0.853553	1  	0.146447
37 	258  	1        	1       	0.5	0.633601	0.767202	0.133601             	0.707107	0.853553	1  	0.146447
38 	251  	1        	1       	0.5	0.633601	0.767202	0.133601             	0.707107	0.853553	1  	0.146447
39 	244  	1        	1       	0.5	0.633601	0.767202	0.133601             	0.707107	0.853553	1  	0.146447
40 	235  	1        	1       	0.5	0.633601	0.767202	0.133601             	0.707107	0.853553	1  	0.146447
41 	253  	1        	1       	0.5	0.633601	0.767202	0.133601             	0.707107	0.853553	1  	0.146447
42 	259  	1        	1       	0.5	0.633601	0.767202	0.133601             	0.707107	0.853553	1  	0.146447
43 	232  	1        	1       	0.5	0.633601	0.767202	0.133601             	0.707107	0.853553	1  	0.146447
44 	249  	1        	1       	0.5	0.633601	0.767202	0.133601             	0.707107	0.853553	1  	0.146447
45 	246  	1        	1       	0.5	0.633601	0.767202	0.133601             	0.707107	0.853553	1  	0.146447
46 	228  	1        	1       	0.5	0.633601	0.767202	0.133601             	0.707107	0.853553	1  	0.146447
47 	252  	1        	1       	0.5	0.633601	0.767202	0.133601             	0.707107	0.853553	1  	0.146447
48 	244  	1        	1       	0.5	0.633601	0.767202	0.133601             	0.707107	0.853553	1  	0.146447
49 	257  	1        	1       	0.5	0.633601	0.767202	0.133601             	0.707107	0.853553	1  	0.146447
50 	254  	1        	1       	0.5	0.633601	0.767202	0.133601             	0.707107	0.853553	1  	0.146447
51 	233  	1        	1       	0.5	0.633601	0.767202	0.133601             	0.707107	0.853553	1  	0.146447
52 	237  	1        	1       	0.5	0.633601	0.767202	0.133601             	0.707107	0.853553	1  	0.146447
53 	256  	1        	1       	0.5	0.633601	0.767202	0.133601             	0.707107	0.853553	1  	0.146447
54 	264  	1        	1       	0.5	0.633601	0.767202	0.133601             	0.707107	0.853553	1  	0.146447
55 	255  	1        	1       	0.5	0.633601	0.767202	0.133601             	0.707107	0.853553	1  	0.146447
56 	255  	1        	1       	0.5	0.633601	0.767202	0.133601             	0.707107	0.853553	1  	0.146447
57 	261  	1        	1       	0.5	0.633601	0.767202	0.133601             	0.707107	0.853553	1  	0.146447
58 	250  	1        	1       	0.5	0.633601	0.767202	0.133601             	0.707107	0.853553	1  	0.146447
59 	250  	1        	1       	0.5	0.633601	0.767202	0.133601             	0.707107	0.853553	1  	0.146447
60 	241  	1        	1       	0.5	0.633601	0.767202	0.133601             	0.707107	0.853553	1  	0.146447
61 	232  	1        	1       	0.5	0.633601	0.767202	0.133601             	0.707107	0.853553	1  	0.146447
62 	231  	1        	1       	0.5	0.633601	0.767202	0.133601             	0.707107	0.853553	1  	0.146447
63 	241  	1        	1       	0.5	0.633601	0.767202	0.133601             	0.707107	0.853553	1  	0.146447
64 	242  	1        	1       	0.5	0.633601	0.767202	0.133601             	0.707107	0.853553	1  	0.146447
65 	235  	1        	1       	0.5	0.633601	0.767202	0.133601             	0.707107	0.853553	1  	0.146447
66 	242  	1        	1       	0.5	0.633601	0.767202	0.133601             	0.707107	0.853553	1  	0.146447
67 	260  	1        	1       	0.5	0.633601	0.767202	0.133601             	0.707107	0.853553	1  	0.146447
68 	256  	1        	1       	0.5	0.633601	0.767202	0.133601             	0.707107	0.853553	1  	0.146447
69 	255  	1        	1       	0.5	0.633601	0.767202	0.133601             	0.707107	0.853553	1  	0.146447
70 	255  	1        	1       	0.5	0.633601	0.767202	0.133601             	0.707107	0.853553	1  	0.146447
71 	240  	1        	1       	0.5	0.633601	0.767202	0.133601             	0.707107	0.853553	1  	0.146447
72 	245  	1        	1       	0.5	0.633601	0.767202	0.133601             	0.707107	0.853553	1  	0.146447
73 	250  	1        	1       	0.5	0.633601	0.767202	0.133601             	0.707107	0.853553	1  	0.146447
74 	224  	1        	1       	0.5	0.633601	0.767202	0.133601             	0.707107	0.853553	1  	0.146447
75 	250  	1        	1       	0.5	0.633601	0.767202	0.133601             	0.707107	0.853553	1  	0.146447
76 	253  	1        	1       	0.5	0.633601	0.767202	0.133601             	0.707107	0.853553	1  	0.146447
77 	239  	1        	1       	0.5	0.633601	0.767202	0.133601             	0.707107	0.853553	1  	0.146447
78 	254  	1        	1       	0.5	0.633601	0.767202	0.133601             	0.707107	0.853553	1  	0.146447
79 	249  	1        	1       	0.5	0.633601	0.767202	0.133601             	0.707107	0.853553	1  	0.146447
80 	259  	1        	1       	0.5	0.633601	0.767202	0.133601             	0.707107	0.853553	1  	0.146447
81 	246  	1        	1       	0.5	0.633601	0.767202	0.133601             	0.707107	0.853553	1  	0.146447
82 	265  	1        	1       	0.5	0.633601	0.767202	0.133601             	0.707107	0.853553	1  	0.146447
83 	246  	1        	1       	0.5	0.633601	0.767202	0.133601             	0.707107	0.853553	1  	0.146447
84 	260  	1        	1       	0.5	0.633601	0.767202	0.133601             	0.707107	0.853553	1  	0.146447
85 	263  	1        	1       	0.5	0.633601	0.767202	0.133601             	0.707107	0.853553	1  	0.146447
86 	256  	1        	1       	0.5	0.633601	0.767202	0.133601             	0.707107	0.853553	1  	0.146447
87 	259  	1        	1       	0.5	0.633601	0.767202	0.133601             	0.707107	0.853553	1  	0.146447
88 	254  	1        	1       	0.5	0.633601	0.767202	0.133601             	0.707107	0.853553	1  	0.146447
89 	253  	1        	1       	0.5	0.633601	0.767202	0.133601             	0.707107	0.853553	1  	0.146447
90 	256  	1        	1       	0.5	0.633601	0.767202	0.133601             	0.707107	0.853553	1  	0.146447
91 	274  	1        	1       	0.5	0.633601	0.767202	0.133601             	0.707107	0.853553	1  	0.146447
92 	256  	1        	1       	0.5	0.633601	0.767202	0.133601             	0.707107	0.853553	1  	0.146447
93 	235  	1        	1       	0.5	0.633601	0.767202	0.133601             	0.707107	0.853553	1  	0.146447
94 	238  	1        	1       	0.5	0.633601	0.767202	0.133601             	0.707107	0.853553	1  	0.146447
95 	248  	1        	1       	0.5	0.633601	0.767202	0.133601             	0.707107	0.853553	1  	0.146447
96 	257  	1        	1       	0.5	0.633601	0.767202	0.133601             	0.707107	0.853553	1  	0.146447
97 	259  	1        	1       	0.5	0.633601	0.767202	0.133601             	0.707107	0.853553	1  	0.146447
98 	249  	1        	1       	0.5	0.633601	0.767202	0.133601             	0.707107	0.853553	1  	0.146447
99 	262  	1        	1       	0.5	0.633601	0.767202	0.133601             	0.707107	0.853553	1  	0.146447
100	238  	1        	1       	0.5	0.633601	0.767202	0.133601             	0.707107	0.853553	1  	0.146447
101	269  	1        	1       	0.5	0.633601	0.767202	0.133601             	0.707107	0.853553	1  	0.146447
102	234  	1        	1       	0.5	0.633601	0.767202	0.133601             	0.707107	0.853553	1  	0.146447
103	239  	1        	1       	0.5	0.633601	0.767202	0.133601             	0.707107	0.853553	1  	0.146447
104	246  	1        	1       	0.5	0.633601	0.767202	0.133601             	0.707107	0.853553	1  	0.146447
105	236  	1        	1       	0.5	0.633601	0.767202	0.133601             	0.707107	0.853553	1  	0.146447
106	251  	1        	1       	0.5	0.633601	0.767202	0.133601             	0.707107	0.853553	1  	0.146447
107	246  	1        	1       	0.5	0.633601	0.767202	0.133601             	0.707107	0.853553	1  	0.146447
108	271  	1        	1       	0.5	0.633601	0.767202	0.133601             	0.707107	0.853553	1  	0.146447
109	235  	1        	1       	0.5	0.633601	0.767202	0.133601             	0.707107	0.853553	1  	0.146447
110	251  	1        	1       	0.5	0.633601	0.767202	0.133601             	0.707107	0.853553	1  	0.146447
111	262  	1        	1       	0.5	0.633601	0.767202	0.133601             	0.707107	0.853553	1  	0.146447
112	264  	1        	1       	0.5	0.633601	0.767202	0.133601             	0.707107	0.853553	1  	0.146447
113	240  	1        	1       	0.5	0.633601	0.767202	0.133601             	0.707107	0.853553	1  	0.146447
114	257  	1        	1       	0.5	0.633601	0.767202	0.133601             	0.707107	0.853553	1  	0.146447
115	248  	1        	1       	0.5	0.633601	0.767202	0.133601             	0.707107	0.853553	1  	0.146447
116	251  	1        	1       	0.5	0.633601	0.767202	0.133601             	0.707107	0.853553	1  	0.146447
117	256  	1        	1       	0.5	0.633601	0.767202	0.133601             	0.707107	0.853553	1  	0.146447
118	242  	1        	1       	0.5	0.633601	0.767202	0.133601             	0.707107	0.853553	1  	0.146447
119	248  	1        	1       	0.5	0.633601	0.767202	0.133601             	0.707107	0.853553	1  	0.146447
120	264  	1        	1       	0.5	0.633601	0.767202	0.133601             	0.707107	0.853553	1  	0.146447
121	252  	1        	1       	0.5	0.633601	0.767202	0.133601             	0.707107	0.853553	1  	0.146447
122	254  	1        	1       	0.5	0.633601	0.767202	0.133601             	0.707107	0.853553	1  	0.146447
123	234  	1        	1       	0.5	0.633601	0.767202	0.133601             	0.707107	0.853553	1  	0.146447
124	248  	1        	1       	0.5	0.633601	0.767202	0.133601             	0.707107	0.853553	1  	0.146447
125	271  	1        	1       	0.5	0.633601	0.767202	0.133601             	0.707107	0.853553	1  	0.146447
126	252  	1        	1       	0.5	0.633601	0.767202	0.133601             	0.707107	0.853553	1  	0.146447
127	239  	1        	1       	0.5	0.633601	0.767202	0.133601             	0.707107	0.853553	1  	0.146447
128	230  	1        	1       	0.5	0.633601	0.767202	0.133601             	0.707107	0.853553	1  	0.146447
129	232  	1        	1       	0.5	0.633601	0.767202	0.133601             	0.707107	0.853553	1  	0.146447
130	252  	1        	1       	0.5	0.633601	0.767202	0.133601             	0.707107	0.853553	1  	0.146447
131	238  	1        	1       	0.5	0.633601	0.767202	0.133601             	0.707107	0.853553	1  	0.146447
132	250  	1        	1       	0.5	0.633601	0.767202	0.133601             	0.707107	0.853553	1  	0.146447
133	246  	1        	1       	0.5	0.633601	0.767202	0.133601             	0.707107	0.853553	1  	0.146447
134	250  	1        	1       	0.5	0.633601	0.767202	0.133601             	0.707107	0.853553	1  	0.146447
135	266  	1        	1       	0.5	0.633601	0.767202	0.133601             	0.707107	0.853553	1  	0.146447
136	234  	1        	1       	0.5	0.633601	0.767202	0.133601             	0.707107	0.853553	1  	0.146447
137	251  	1        	1       	0.5	0.633601	0.767202	0.133601             	0.707107	0.853553	1  	0.146447
138	250  	1        	1       	0.5	0.633601	0.767202	0.133601             	0.707107	0.853553	1  	0.146447
139	275  	1        	1       	0.5	0.633601	0.767202	0.133601             	0.707107	0.853553	1  	0.146447
140	252  	1        	1       	0.5	0.633601	0.767202	0.133601             	0.707107	0.853553	1  	0.146447
141	285  	1        	1       	0.5	0.633601	0.767202	0.133601             	0.707107	0.853553	1  	0.146447
142	250  	1        	1       	0.5	0.633601	0.767202	0.133601             	0.707107	0.853553	1  	0.146447
143	258  	1        	1       	0.5	0.633601	0.767202	0.133601             	0.707107	0.853553	1  	0.146447
144	254  	1        	1       	0.5	0.633601	0.767202	0.133601             	0.707107	0.853553	1  	0.146447
145	256  	1        	1       	0.5	0.633601	0.767202	0.133601             	0.707107	0.853553	1  	0.146447
146	247  	1        	1       	0.5	0.633601	0.767202	0.133601             	0.707107	0.853553	1  	0.146447
147	245  	1        	1       	0.5	0.633601	0.767202	0.133601             	0.707107	0.853553	1  	0.146447
148	233  	1        	1       	0.5	0.633601	0.767202	0.133601             	0.707107	0.853553	1  	0.146447
149	247  	1        	1       	0.5	0.633601	0.767202	0.133601             	0.707107	0.853553	1  	0.146447

ASSIGNING STRATA FOR MULTI-OUTCOME DATA LGG_MV
Assigning strata for outcome named survival of type survival
Counts:
censored 0: 160
censored 1: 93
deceased 0: 39
deceased 1: 37
VIEW: LOG_MIRNA
   	     	         	        	       survival SKSurv Cox model concordance index       	                 root leanness                  
   	     	         	        	---------------------------------------------------------	------------------------------------------------
gen	evals	gen_feats	explored	min     	avg     	max     	std             	min     	avg     	max	std     
0  	500  	24       	24      	0.5     	0.699459	0.844355	0.0603526       	0.2     	0.276888	1  	0.156586
1  	355  	183      	183     	0.481234	0.716197	0.845347	0.0673437       	0.19245 	0.293987	1  	0.109849
2  	365  	235      	272     	0.5     	0.746302	0.845946	0.0639821       	0.196116	0.337834	1  	0.112935
3  	373  	238      	308     	0.477391	0.772747	0.845946	0.0573451       	0.204124	0.377411	1  	0.110352
4  	377  	252      	334     	0.477391	0.787082	0.846961	0.0541716       	0.235702	0.401441	1  	0.115026
5  	377  	253      	345     	0.477391	0.795347	0.851945	0.0513658       	0.235702	0.407287	1  	0.121821
6  	381  	248      	352     	0.477391	0.801004	0.853721	0.051816        	0.235702	0.408772	1  	0.123513
7  	360  	243      	353     	0.477391	0.803264	0.854114	0.0562026       	0.235702	0.409356	1  	0.128775
8  	378  	257      	354     	0.5     	0.805854	0.854894	0.0541262       	0.25    	0.413874	1  	0.129547
9  	383  	244      	354     	0.5     	0.809589	0.855716	0.0518383       	0.242536	0.414047	1  	0.129371
10 	377  	258      	354     	0.5     	0.811855	0.855716	0.0514557       	0.25    	0.41366 	1  	0.129662
11 	402  	258      	354     	0.5     	0.814551	0.855716	0.0500806       	0.242536	0.41109 	1  	0.129804
12 	365  	262      	354     	0.5     	0.817695	0.8666  	0.0476878       	0.235702	0.407213	1  	0.130522
13 	363  	261      	354     	0.5     	0.821118	0.8666  	0.044915        	0.229416	0.400872	1  	0.130739
14 	397  	252      	354     	0.5     	0.822418	0.8666  	0.0444912       	0.229416	0.401525	1  	0.130477
15 	359  	246      	354     	0.5     	0.822615	0.8666  	0.0452998       	0.229416	0.40337 	1  	0.131518
16 	346  	247      	354     	0.5     	0.824345	0.8666  	0.0437802       	0.229416	0.400312	1  	0.131478
17 	386  	254      	354     	0.5     	0.825821	0.8666  	0.043517        	0.223607	0.396862	1  	0.132856
18 	371  	264      	354     	0.5     	0.8279  	0.8666  	0.0421047       	0.223607	0.392579	1  	0.132468
19 	385  	252      	354     	0.5     	0.829225	0.8666  	0.0416804       	0.223607	0.38991 	1  	0.132195
20 	388  	256      	354     	0.5     	0.831566	0.8666  	0.040729        	0.223607	0.382918	1  	0.132086
21 	367  	260      	354     	0.5     	0.832307	0.8666  	0.0409745       	0.218218	0.382568	1  	0.132533
22 	359  	265      	354     	0.5     	0.832509	0.8666  	0.0414768       	0.218218	0.384636	1  	0.13273 
23 	373  	258      	354     	0.5     	0.833761	0.8666  	0.0406249       	0.218218	0.382893	1  	0.131831
24 	364  	253      	354     	0.5     	0.834336	0.8666  	0.0403385       	0.213201	0.382863	1  	0.131859
25 	392  	250      	354     	0.5     	0.834857	0.8666  	0.0405048       	0.213201	0.382503	1  	0.132111
26 	378  	264      	354     	0.5     	0.836088	0.8666  	0.0399705       	0.218218	0.37968 	1  	0.131651
27 	397  	263      	354     	0.5     	0.836734	0.866881	0.0396142       	0.213201	0.37951 	1  	0.131899
28 	388  	266      	354     	0.5     	0.83733 	0.866881	0.0397873       	0.213201	0.378251	1  	0.132931
29 	362  	260      	354     	0.5     	0.839003	0.866881	0.0385954       	0.213201	0.371649	1  	0.132208
30 	380  	262      	354     	0.5     	0.839446	0.869948	0.0387812       	0.208514	0.371439	1  	0.132399
31 	369  	268      	354     	0.5     	0.839774	0.869948	0.0389394       	0.208514	0.371116	1  	0.132677
32 	355  	275      	354     	0.5     	0.840908	0.869948	0.0383486       	0.208514	0.367421	1  	0.132336
33 	381  	270      	354     	0.5     	0.841177	0.869948	0.0384599       	0.208514	0.367451	1  	0.132181
34 	384  	258      	354     	0.5     	0.841427	0.869948	0.0386555       	0.213201	0.368348	1  	0.132189
35 	359  	263      	354     	0.5     	0.841936	0.869948	0.038672        	0.213201	0.367505	1  	0.13214 
36 	370  	260      	354     	0.5     	0.841655	0.873741	0.0394451       	0.213201	0.370282	1  	0.132901
37 	398  	274      	354     	0.5     	0.84193 	0.873741	0.0394877       	0.213201	0.371282	1  	0.132424
38 	393  	264      	354     	0.5     	0.842513	0.873741	0.039612        	0.213201	0.370142	1  	0.132992
39 	389  	272      	354     	0.5     	0.842733	0.873741	0.0397096       	0.213201	0.370974	1  	0.132516
40 	377  	259      	354     	0.5     	0.843871	0.873893	0.0391653       	0.213201	0.367393	1  	0.132152
41 	397  	274      	354     	0.5     	0.844146	0.873893	0.0392653       	0.213201	0.367663	1  	0.131972
42 	356  	243      	354     	0.5     	0.843623	0.873893	0.0397892       	0.213201	0.370841	1  	0.132651
43 	401  	262      	354     	0.5     	0.843864	0.877839	0.0398807       	0.218218	0.371084	1  	0.132417
44 	381  	261      	354     	0.5     	0.844142	0.877839	0.0399918       	0.218218	0.370537	1  	0.132877
45 	369  	263      	354     	0.5     	0.844428	0.877839	0.0401245       	0.218218	0.370287	1  	0.133082
46 	390  	239      	354     	0.5     	0.844859	0.877839	0.0402305       	0.218218	0.369726	1  	0.133096
47 	367  	257      	354     	0.5     	0.845224	0.877839	0.0402836       	0.218218	0.368779	1  	0.13305 
48 	387  	257      	354     	0.5     	0.846032	0.879212	0.0398475       	0.218218	0.366835	1  	0.132651
49 	377  	259      	354     	0.5     	0.84626 	0.879212	0.0399438       	0.218218	0.366715	1  	0.132736
50 	367  	243      	354     	0.5     	0.846524	0.879212	0.0400083       	0.218218	0.366219	1  	0.133053
51 	382  	247      	354     	0.5     	0.847414	0.879212	0.0395333       	0.218218	0.363614	1  	0.132517
52 	397  	260      	354     	0.5     	0.847298	0.879453	0.0406233       	0.218218	0.363827	1  	0.133652
53 	370  	259      	354     	0.5     	0.848051	0.879453	0.0397157       	0.218218	0.362356	1  	0.132887
54 	394  	260      	354     	0.5     	0.848358	0.880036	0.0396029       	0.218218	0.362358	1  	0.13292 
55 	377  	263      	354     	0.5     	0.848526	0.880036	0.0396728       	0.218218	0.362866	1  	0.132581
56 	376  	262      	354     	0.5     	0.849065	0.880036	0.0398136       	0.213201	0.360805	1  	0.133292
57 	378  	269      	354     	0.5     	0.849102	0.881914	0.0399208       	0.218218	0.362004	1  	0.133056
58 	376  	270      	354     	0.5     	0.849256	0.881914	0.0400048       	0.208514	0.361924	1  	0.13333 
59 	385  	268      	354     	0.5     	0.849625	0.881914	0.0400789       	0.208514	0.360729	1  	0.13354 
60 	365  	257      	354     	0.5     	0.850317	0.881914	0.0396423       	0.208514	0.358941	1  	0.133089
61 	387  	271      	354     	0.5     	0.850588	0.881914	0.0396829       	0.208514	0.35858 	1  	0.13305 
62 	363  	261      	354     	0.5     	0.850121	0.88284 	0.0406654       	0.208514	0.362083	1  	0.133147
63 	378  	262      	354     	0.5     	0.850218	0.88284 	0.0406844       	0.208514	0.362667	1  	0.13296 
64 	376  	267      	354     	0.5     	0.85048 	0.883952	0.040799        	0.208514	0.362626	1  	0.132829
65 	368  	271      	354     	0.5     	0.850031	0.883952	0.0421225       	0.208514	0.365384	1  	0.133387
66 	380  	245      	354     	0.5     	0.850817	0.883952	0.0409929       	0.208514	0.364284	1  	0.132767
67 	364  	246      	354     	0.5     	0.850549	0.884199	0.0417819       	0.208514	0.366279	1  	0.133129
68 	374  	261      	354     	0.5     	0.850757	0.884199	0.041834        	0.208514	0.366942	1  	0.132781
69 	371  	254      	354     	0.5     	0.85026 	0.88518 	0.0429568       	0.208514	0.370177	1  	0.133215
70 	373  	259      	354     	0.5     	0.850701	0.88518 	0.0429844       	0.208514	0.369673	1  	0.133481
71 	373  	261      	354     	0.5     	0.851706	0.88518 	0.0422964       	0.188982	0.367824	1  	0.132022
72 	387  	259      	354     	0.5     	0.851136	0.88518 	0.04311         	0.188982	0.370664	1  	0.132945
73 	382  	261      	354     	0.5     	0.850614	0.887619	0.0440658       	0.188982	0.373845	1  	0.133288
74 	375  	254      	354     	0.5     	0.851692	0.887619	0.0433303       	0.185695	0.371232	1  	0.132568
75 	386  	264      	354     	0.5     	0.852143	0.887619	0.0435116       	0.185695	0.369868	1  	0.133362
76 	387  	263      	354     	0.5     	0.852205	0.887619	0.0435371       	0.185695	0.370778	1  	0.132806
77 	384  	255      	354     	0.5     	0.853313	0.887619	0.0429912       	0.185695	0.367824	1  	0.132051
78 	391  	257      	354     	0.5     	0.853579	0.887619	0.0431145       	0.185695	0.367264	1  	0.1325  
79 	393  	266      	354     	0.5     	0.853744	0.887619	0.0432066       	0.185695	0.367764	1  	0.13213 
80 	383  	257      	354     	0.5     	0.853918	0.887619	0.0432892       	0.185695	0.367657	1  	0.132213
81 	381  	269      	354     	0.5     	0.853116	0.887619	0.0442111       	0.185695	0.37103 	1  	0.1326  
82 	379  	258      	354     	0.5     	0.853268	0.887858	0.044141        	0.185695	0.371766	1  	0.132164
83 	370  	249      	354     	0.5     	0.853533	0.888913	0.0442855       	0.185695	0.371647	1  	0.132295
84 	357  	239      	354     	0.5     	0.853712	0.892089	0.0443946       	0.185695	0.371495	1  	0.13245 
85 	362  	240      	354     	0.5     	0.853831	0.892089	0.0444429       	0.185695	0.37127 	1  	0.132666
86 	378  	254      	354     	0.5     	0.853986	0.892089	0.0445221       	0.185695	0.371039	1  	0.132825
87 	368  	258      	354     	0.5     	0.855138	0.892089	0.043945        	0.185695	0.367155	1  	0.13278 
88 	372  	232      	354     	0.5     	0.855328	0.892089	0.0440486       	0.185695	0.366995	1  	0.132919
89 	391  	252      	354     	0.5     	0.8557  	0.892089	0.0442382       	0.185695	0.365541	1  	0.133879
90 	366  	250      	354     	0.5     	0.856704	0.892089	0.0435257       	0.185695	0.362287	1  	0.133338
91 	382  	240      	354     	0.5     	0.856799	0.892089	0.0435767       	0.185695	0.362498	1  	0.133168
92 	386  	250      	354     	0.5     	0.857015	0.892089	0.043661        	0.185695	0.361608	1  	0.133628
93 	395  	271      	354     	0.5     	0.857863	0.892089	0.0432174       	0.185695	0.358992	1  	0.133368
94 	364  	248      	354     	0.5     	0.858689	0.894567	0.0431456       	0.185695	0.356126	1  	0.133158
95 	378  	263      	354     	0.5     	0.858656	0.894567	0.0432705       	0.185695	0.356696	1  	0.133435
96 	386  	269      	354     	0.5     	0.858631	0.894567	0.0434063       	0.185695	0.357424	1  	0.133518
97 	373  	253      	354     	0.5     	0.858858	0.894567	0.0434357       	0.185695	0.357197	1  	0.133294
98 	361  	244      	354     	0.5     	0.858691	0.894567	0.0435584       	0.185695	0.358513	1  	0.132995
99 	395  	265      	354     	0.5     	0.858828	0.894567	0.0435492       	0.185695	0.358831	1  	0.132782
100	375  	238      	354     	0.5     	0.858936	0.894567	0.0436063       	0.185695	0.358773	1  	0.132834
101	362  	245      	354     	0.5     	0.859059	0.894567	0.0436748       	0.185695	0.358703	1  	0.132896
102	358  	240      	354     	0.5     	0.859232	0.894567	0.0437437       	0.185695	0.358432	1  	0.133107
103	379  	245      	354     	0.5     	0.859547	0.894567	0.0438112       	0.185695	0.357314	1  	0.133355
104	393  	248      	354     	0.5     	0.859633	0.894567	0.0437854       	0.185695	0.357348	1  	0.133003
105	379  	256      	354     	0.5     	0.860433	0.894567	0.0432504       	0.185695	0.354759	1  	0.132601
106	361  	236      	354     	0.5     	0.860605	0.894567	0.0433021       	0.185695	0.354389	1  	0.132699
107	393  	251      	354     	0.5     	0.859787	0.894567	0.0440845       	0.188982	0.357578	1  	0.13333 
108	378  	252      	354     	0.5     	0.860854	0.901001	0.0434369       	0.188982	0.354137	1  	0.132888
109	391  	264      	354     	0.5     	0.861071	0.901001	0.0435156       	0.188982	0.353676	1  	0.132891
110	400  	266      	354     	0.5     	0.860984	0.901001	0.0435248       	0.188982	0.354729	1  	0.132321
111	367  	253      	354     	0.5     	0.86127 	0.901001	0.0436264       	0.188982	0.353641	1  	0.132778
112	375  	264      	354     	0.5     	0.862227	0.901001	0.0430008       	0.188982	0.35102 	1  	0.131662
113	376  	240      	354     	0.5     	0.86126 	0.901001	0.0439671       	0.188982	0.354531	1  	0.132351
114	377  	231      	354     	0.5     	0.861416	0.901001	0.0439926       	0.188982	0.354333	1  	0.132465
115	374  	253      	354     	0.5     	0.861838	0.901001	0.0440221       	0.188982	0.353065	1  	0.13257 
116	385  	244      	354     	0.5     	0.861715	0.901001	0.0441005       	0.19245 	0.354281	1  	0.132362
117	385  	257      	354     	0.5     	0.861641	0.901001	0.0441079       	0.19245 	0.355287	1  	0.131871
118	379  	246      	354     	0.5     	0.861728	0.901001	0.0441417       	0.19245 	0.355363	1  	0.131823
119	390  	256      	354     	0.5     	0.861869	0.901001	0.0442226       	0.19245 	0.355419	1  	0.131758
120	361  	251      	354     	0.5     	0.861948	0.901001	0.0442724       	0.19245 	0.35533 	1  	0.131832
121	362  	253      	354     	0.5     	0.862048	0.901001	0.0443227       	0.19245 	0.354719	1  	0.132263
122	379  	249      	354     	0.5     	0.862951	0.901001	0.0435701       	0.19245 	0.352206	1  	0.131385
123	375  	254      	354     	0.5     	0.8633  	0.901001	0.043626        	0.19245 	0.351139	1  	0.131592
124	375  	244      	354     	0.5     	0.862404	0.901001	0.0448309       	0.19245 	0.353958	1  	0.132303
125	379  	266      	354     	0.5     	0.863474	0.901001	0.0437314       	0.19245 	0.351205	1  	0.131534
126	384  	243      	354     	0.5     	0.862634	0.901001	0.0447355       	0.19245 	0.354053	1  	0.132544
127	382  	269      	354     	0.5     	0.863257	0.901001	0.0444936       	0.19245 	0.352156	1  	0.132638
128	381  	255      	354     	0.5     	0.863471	0.901001	0.0445641       	0.19245 	0.351644	1  	0.132757
129	380  	263      	354     	0.5     	0.863208	0.901001	0.0446852       	0.188982	0.352793	1  	0.133171
130	394  	244      	354     	0.5     	0.863006	0.901001	0.044586        	0.188982	0.354244	1  	0.132801
131	401  	252      	354     	0.5     	0.86365 	0.901001	0.0446314       	0.188982	0.352097	1  	0.13304 
132	386  	247      	354     	0.5     	0.863354	0.901001	0.0447585       	0.188982	0.353709	1  	0.132927
133	365  	248      	354     	0.5     	0.863977	0.902541	0.0442228       	0.188982	0.352549	1  	0.132055
134	375  	251      	354     	0.5     	0.863609	0.902541	0.0449877       	0.188982	0.353501	1  	0.132893
135	377  	249      	354     	0.5     	0.863526	0.902541	0.0449728       	0.188982	0.354381	1  	0.132593
136	384  	257      	354     	0.5     	0.863486	0.902541	0.0449392       	0.188982	0.355261	1  	0.131971
137	382  	252      	354     	0.5     	0.863709	0.902541	0.0450482       	0.188982	0.354862	1  	0.132246
138	372  	264      	354     	0.5     	0.863997	0.902541	0.0451549       	0.188982	0.353652	1  	0.132862
139	379  	250      	354     	0.5     	0.863829	0.902541	0.0450932       	0.188982	0.355028	1  	0.132136
140	376  	245      	354     	0.5     	0.864171	0.902541	0.0452341       	0.188982	0.353643	1  	0.132962
141	385  	249      	354     	0.5     	0.864222	0.902541	0.0450403       	0.188982	0.354461	1  	0.132447
142	385  	253      	354     	0.5     	0.863907	0.902541	0.0450764       	0.188982	0.356015	1  	0.132131
143	382  	250      	354     	0.5     	0.864293	0.902541	0.0451222       	0.188982	0.35482 	1  	0.132358
144	373  	258      	354     	0.5     	0.864424	0.902541	0.0451919       	0.188982	0.354209	1  	0.132852
145	383  	241      	354     	0.5     	0.864915	0.902541	0.0451498       	0.188982	0.352665	1  	0.132942
146	379  	245      	354     	0.5     	0.86522 	0.902541	0.0447757       	0.188982	0.352127	1  	0.132526
147	380  	245      	354     	0.5     	0.865861	0.902541	0.0447318       	0.188982	0.3503  	1  	0.13229 
148	363  	244      	354     	0.5     	0.865867	0.902541	0.0447428       	0.185695	0.35048 	1  	0.132185
149	385  	257      	354     	0.5     	0.865899	0.902541	0.0447468       	0.185695	0.350333	1  	0.13234 

STARTING MASTER RUNNER LEAN CONCATENATED MASTER

LEAN CONCATENATED MASTER WITH SYMMETRIC FLIP
MASTER
   	     	         	        	       survival SKSurv Cox model concordance index       	                 root leanness                  
   	     	         	        	---------------------------------------------------------	------------------------------------------------
gen	evals	gen_feats	explored	min     	avg     	max     	std             	min     	avg     	max	std     
0  	500  	140      	140     	0.5     	0.768695	0.887002	0.0931973       	0.196116	0.488995	1  	0.197409
1  	390  	244      	260     	0.483055	0.806419	0.887002	0.0625139       	0.19245 	0.419943	1  	0.134512
2  	378  	248      	303     	0.5     	0.817464	0.887002	0.0586954       	0.19245 	0.411976	1  	0.136501
3  	382  	272      	331     	0.5     	0.825467	0.887002	0.0539599       	0.19245 	0.404776	1  	0.134121
4  	371  	269      	342     	0.5     	0.830595	0.887002	0.0521669       	0.19245 	0.398339	1  	0.134553
5  	364  	264      	349     	0.5     	0.834897	0.887002	0.0494637       	0.19245 	0.391861	1  	0.133508
6  	395  	259      	351     	0.5     	0.83865 	0.887002	0.0475905       	0.2     	0.385891	1  	0.132833
7  	372  	273      	354     	0.5     	0.841631	0.887002	0.0465918       	0.2     	0.381562	1  	0.133302
8  	386  	264      	354     	0.5     	0.843325	0.887002	0.0467699       	0.2     	0.380014	1  	0.13301 
9  	400  	267      	355     	0.5     	0.845716	0.887002	0.0446998       	0.196116	0.375088	1  	0.132588
10 	375  	259      	355     	0.5     	0.846845	0.887844	0.044848        	0.19245 	0.375388	1  	0.132239
11 	370  	268      	355     	0.5     	0.848595	0.888566	0.0443474       	0.19245 	0.37179 	1  	0.13202 
12 	376  	266      	355     	0.5     	0.84938 	0.889959	0.0446987       	0.19245 	0.372366	1  	0.131496
13 	385  	258      	355     	0.5     	0.850329	0.892542	0.0448601       	0.188982	0.371209	1  	0.132346
14 	393  	266      	355     	0.5     	0.850998	0.893386	0.0449634       	0.196116	0.371549	1  	0.131963
15 	364  	259      	355     	0.5     	0.851707	0.893386	0.0453294       	0.196116	0.371026	1  	0.132276
16 	381  	268      	355     	0.5     	0.8522  	0.893386	0.0453523       	0.213201	0.371968	1  	0.131648
17 	396  	249      	355     	0.5     	0.852767	0.893386	0.0450037       	0.213201	0.372461	1  	0.131276
18 	386  	242      	355     	0.5     	0.853418	0.893386	0.0449753       	0.213201	0.371983	1  	0.131644
19 	393  	254      	355     	0.5     	0.853764	0.893386	0.0450432       	0.223607	0.372893	1  	0.130913
20 	406  	268      	355     	0.5     	0.854281	0.893386	0.0452005       	0.213201	0.372769	1  	0.131009
21 	369  	258      	355     	0.5     	0.854828	0.896949	0.0448351       	0.213201	0.372523	1  	0.13126 
22 	376  	257      	355     	0.5     	0.855273	0.896949	0.0445615       	0.213201	0.372085	1  	0.131491
23 	390  	263      	355     	0.5     	0.855564	0.896949	0.0446456       	0.213201	0.372504	1  	0.131282
24 	356  	252      	355     	0.5     	0.856133	0.896949	0.0448582       	0.213201	0.371482	1  	0.131951
25 	387  	261      	355     	0.5     	0.856324	0.896949	0.044946        	0.213201	0.372047	1  	0.131642
26 	385  	250      	355     	0.5     	0.856524	0.896949	0.0449823       	0.213201	0.372524	1  	0.131312
27 	363  	254      	355     	0.5     	0.856008	0.896949	0.0453969       	0.213201	0.375439	1  	0.131792
28 	407  	265      	355     	0.5     	0.856926	0.896949	0.0448127       	0.213201	0.373778	1  	0.131468
29 	369  	251      	355     	0.5     	0.857599	0.896949	0.0448703       	0.213201	0.372506	1  	0.131327
30 	370  	256      	355     	0.5     	0.858953	0.897245	0.044377        	0.213201	0.368487	1  	0.131374
31 	384  	263      	355     	0.5     	0.859644	0.897245	0.0445771       	0.213201	0.366911	1  	0.132121
32 	383  	272      	355     	0.5     	0.859837	0.897245	0.0446791       	0.213201	0.366982	1  	0.132233
33 	348  	244      	355     	0.5     	0.860005	0.899809	0.0446842       	0.213201	0.367265	1  	0.131971
34 	404  	257      	355     	0.5     	0.860506	0.899809	0.0447728       	0.213201	0.365969	1  	0.132364
35 	375  	256      	355     	0.5     	0.861384	0.899809	0.0441488       	0.213201	0.36393 	1  	0.131729
36 	367  	255      	355     	0.5     	0.861682	0.899809	0.0442577       	0.213201	0.363257	1  	0.132021
37 	401  	258      	355     	0.5     	0.861718	0.899809	0.0442513       	0.208514	0.36422 	1  	0.131467
38 	381  	255      	355     	0.5     	0.861976	0.899809	0.0443603       	0.208514	0.364346	1  	0.131387
39 	386  	262      	355     	0.5     	0.862232	0.899809	0.0444548       	0.208514	0.364319	1  	0.131375
40 	378  	257      	355     	0.5     	0.862172	0.899809	0.0446199       	0.208514	0.365452	1  	0.131672
41 	370  	250      	355     	0.5     	0.862645	0.901415	0.0445776       	0.208514	0.364239	1  	0.131444
42 	389  	261      	355     	0.5     	0.862886	0.901415	0.0445388       	0.208514	0.363913	1  	0.131671
43 	387  	252      	355     	0.5     	0.862973	0.901415	0.0445651       	0.208514	0.36432 	1  	0.131395
44 	386  	261      	355     	0.5     	0.863343	0.901415	0.0446683       	0.208514	0.363531	1  	0.131736
45 	386  	246      	355     	0.5     	0.863476	0.901415	0.0447414       	0.213201	0.363702	1  	0.131803
46 	388  	261      	355     	0.5     	0.86375 	0.901415	0.0448243       	0.218218	0.363421	1  	0.131879
47 	370  	243      	355     	0.5     	0.863901	0.901415	0.0448792       	0.208514	0.363426	1  	0.131882
48 	385  	270      	355     	0.5     	0.864154	0.901415	0.0449197       	0.218218	0.362837	1  	0.131897
49 	370  	258      	355     	0.5     	0.864209	0.901415	0.0447224       	0.218218	0.363785	1  	0.131699
50 	378  	261      	355     	0.5     	0.864555	0.902315	0.0446099       	0.218218	0.363568	1  	0.131637
51 	366  	252      	355     	0.5     	0.865717	0.905986	0.0441035       	0.218218	0.360359	1  	0.131106
52 	381  	258      	355     	0.5     	0.865928	0.905986	0.0442122       	0.213201	0.360087	1  	0.131346
53 	363  	244      	355     	0.5     	0.866114	0.905986	0.0442685       	0.213201	0.360219	1  	0.13124 
54 	385  	276      	355     	0.5     	0.865537	0.905986	0.0452025       	0.208514	0.362751	1  	0.132155
55 	369  	253      	355     	0.5     	0.865656	0.905986	0.0452581       	0.208514	0.362683	1  	0.132226
56 	363  	248      	355     	0.5     	0.866595	0.905986	0.04448         	0.208514	0.360109	1  	0.131363
57 	389  	261      	355     	0.5     	0.86694 	0.905986	0.0446304       	0.208514	0.359077	1  	0.131984
58 	364  	248      	355     	0.5     	0.867052	0.905986	0.0446847       	0.208514	0.358948	1  	0.132112
59 	384  	263      	355     	0.5     	0.867232	0.905986	0.044738        	0.208514	0.358818	1  	0.132091
60 	367  	263      	355     	0.5     	0.867668	0.905986	0.0448393       	0.204124	0.357296	1  	0.132525
61 	368  	262      	355     	0.5     	0.86794 	0.905986	0.0442453       	0.204124	0.357426	1  	0.131353
62 	389  	261      	355     	0.5     	0.868571	0.905986	0.0442678       	0.204124	0.355561	1  	0.131436
63 	373  	258      	355     	0.5     	0.868758	0.905986	0.0443419       	0.208514	0.35549 	1  	0.131498
64 	367  	243      	355     	0.5     	0.869042	0.905986	0.044478        	0.208514	0.354681	1  	0.132047
65 	386  	247      	355     	0.5     	0.869261	0.906013	0.0445768       	0.204124	0.354212	1  	0.132289
66 	375  	256      	355     	0.5     	0.869234	0.906013	0.0445718       	0.208514	0.354841	1  	0.131994
67 	381  	249      	355     	0.5     	0.869304	0.906013	0.0445995       	0.208514	0.354875	1  	0.131971
68 	368  	256      	355     	0.5     	0.869892	0.906013	0.0446409       	0.208514	0.352701	1  	0.132361
69 	361  	248      	355     	0.5     	0.870594	0.906013	0.0440878       	0.2     	0.350649	1  	0.131752
70 	371  	270      	355     	0.5     	0.870962	0.906013	0.0441812       	0.2     	0.349492	1  	0.132138
71 	364  	258      	355     	0.5     	0.871399	0.906013	0.0442377       	0.2     	0.347883	1  	0.132595
72 	377  	262      	355     	0.5     	0.872144	0.906013	0.0436273       	0.2     	0.345881	1  	0.131736
73 	358  	246      	355     	0.5     	0.872328	0.906013	0.0437254       	0.2     	0.345697	1  	0.131903
74 	371  	252      	355     	0.5     	0.872522	0.907831	0.043827        	0.204124	0.34535 	1  	0.132163
75 	383  	264      	355     	0.5     	0.87329 	0.910311	0.0439168       	0.204124	0.342477	1  	0.132685
76 	395  	252      	355     	0.5     	0.87399 	0.910311	0.0433876       	0.204124	0.340768	1  	0.131876
77 	403  	251      	355     	0.5     	0.874431	0.910311	0.0434711       	0.196116	0.339554	1  	0.132103
78 	398  	269      	355     	0.5     	0.87437 	0.910311	0.043537        	0.196116	0.340601	1  	0.131882
79 	366  	247      	355     	0.5     	0.874443	0.911935	0.0435872       	0.2     	0.341185	1  	0.131542
80 	364  	262      	355     	0.5     	0.874642	0.911935	0.0436994       	0.196116	0.340641	1  	0.131988
81 	366  	246      	355     	0.5     	0.874721	0.911935	0.0437131       	0.196116	0.34081 	1  	0.131873
82 	386  	260      	355     	0.5     	0.876164	0.911935	0.0432366       	0.196116	0.336083	1  	0.131498
83 	385  	253      	355     	0.5     	0.876309	0.91226 	0.043321        	0.196116	0.336065	1  	0.131521
84 	372  	250      	355     	0.5     	0.876385	0.91226 	0.0433478       	0.196116	0.336207	1  	0.131398
85 	394  	263      	355     	0.5     	0.876582	0.91348 	0.0434664       	0.196116	0.336101	1  	0.131491
86 	376  	254      	355     	0.5     	0.876751	0.91348 	0.0435387       	0.196116	0.336119	1  	0.131473
87 	392  	272      	355     	0.5     	0.876642	0.91348 	0.0436443       	0.19245 	0.336813	1  	0.131731
88 	360  	246      	355     	0.5     	0.877046	0.91348 	0.0436832       	0.19245 	0.335766	1  	0.131796
89 	388  	249      	355     	0.5     	0.87737 	0.91348 	0.043823        	0.19245 	0.334494	1  	0.132505
90 	386  	248      	355     	0.5     	0.878098	0.91348 	0.043804        	0.19245 	0.332004	1  	0.132305
91 	368  	255      	355     	0.5     	0.878742	0.91348 	0.0432927       	0.19245 	0.330644	1  	0.131552
92 	376  	260      	355     	0.5     	0.878948	0.91348 	0.0433971       	0.19245 	0.330474	1  	0.131668
93 	386  	239      	355     	0.5     	0.879085	0.91348 	0.0434773       	0.188982	0.33001 	1  	0.132029
94 	368  	258      	355     	0.5     	0.879293	0.91489 	0.0435916       	0.188982	0.329749	1  	0.13216 
95 	367  	250      	355     	0.5     	0.879505	0.914923	0.0436807       	0.19245 	0.329538	1  	0.132171
96 	361  	257      	355     	0.5     	0.87965 	0.914923	0.0437791       	0.19245 	0.329616	1  	0.132177
97 	378  	249      	355     	0.5     	0.879925	0.914923	0.0438333       	0.19245 	0.329138	1  	0.132096
98 	364  	255      	355     	0.5     	0.880043	0.914923	0.0439268       	0.19245 	0.32908 	1  	0.132264
99 	385  	252      	355     	0.5     	0.880328	0.915376	0.0438704       	0.19245 	0.3286  	1  	0.131779
100	383  	257      	355     	0.5     	0.879993	0.915376	0.0440026       	0.19245 	0.330399	1  	0.131745
101	362  	264      	355     	0.5     	0.880297	0.916041	0.044149        	0.19245 	0.329672	1  	0.1322  
102	404  	265      	355     	0.5     	0.880286	0.916067	0.0441588       	0.19245 	0.330241	1  	0.131982
103	383  	259      	355     	0.5     	0.880495	0.916067	0.0442392       	0.19245 	0.329864	1  	0.13211 
104	380  	269      	355     	0.5     	0.880576	0.916067	0.0443014       	0.19245 	0.330267	1  	0.131887
105	381  	256      	355     	0.5     	0.880701	0.916067	0.0443641       	0.188982	0.330001	1  	0.132111
106	368  	246      	355     	0.5     	0.880635	0.916067	0.0443364       	0.188982	0.330735	1  	0.131622
107	379  	267      	355     	0.5     	0.880794	0.916067	0.0443995       	0.188982	0.330843	1  	0.131527
108	362  	248      	355     	0.5     	0.88096 	0.917239	0.0444753       	0.188982	0.330429	1  	0.131834
109	382  	260      	355     	0.5     	0.881153	0.917239	0.0445687       	0.188982	0.329988	1  	0.132127
110	365  	250      	355     	0.5     	0.881619	0.917239	0.0447052       	0.188982	0.328616	1  	0.132553
111	360  	248      	355     	0.5     	0.881679	0.917239	0.04475         	0.188982	0.328834	1  	0.132491
112	365  	243      	355     	0.5     	0.882783	0.917239	0.0440485       	0.185695	0.325835	1  	0.131069
113	378  	246      	355     	0.5     	0.882046	0.917239	0.0452471       	0.185695	0.328107	1  	0.132578
114	370  	244      	355     	0.5     	0.882921	0.919136	0.0441543       	0.185695	0.326218	1  	0.131025
115	380  	260      	355     	0.5     	0.882085	0.919136	0.0455896       	0.185695	0.328579	1  	0.132474
116	366  	246      	355     	0.5     	0.883035	0.919136	0.0443071       	0.185695	0.326323	1  	0.131292
117	372  	248      	355     	0.5     	0.882826	0.919136	0.0452253       	0.185695	0.326853	1  	0.132072
118	377  	250      	355     	0.5     	0.882541	0.919136	0.0453734       	0.185695	0.328115	1  	0.132397
119	382  	256      	355     	0.5     	0.882096	0.919136	0.0450662       	0.185695	0.330537	1  	0.131809
120	383  	259      	355     	0.5     	0.882363	0.919136	0.0451689       	0.185695	0.32978 	1  	0.132194
121	381  	261      	355     	0.5     	0.882581	0.919136	0.0452374       	0.185695	0.329218	1  	0.132324
122	384  	254      	355     	0.5     	0.882304	0.919136	0.045172        	0.185695	0.330901	1  	0.131517
123	384  	257      	355     	0.5     	0.882383	0.919136	0.0451406       	0.185695	0.331034	1  	0.131475
124	371  	241      	355     	0.5     	0.882527	0.919136	0.045216        	0.185695	0.330729	1  	0.131691
125	391  	260      	355     	0.5     	0.882563	0.919136	0.0452093       	0.185695	0.330878	1  	0.131629
126	377  	254      	355     	0.5     	0.882673	0.919136	0.0452788       	0.188982	0.33059 	1  	0.131886
127	382  	256      	355     	0.5     	0.882755	0.919136	0.0453209       	0.182574	0.330539	1  	0.131928
128	368  	248      	355     	0.5     	0.882822	0.919995	0.0453479       	0.182574	0.330657	1  	0.13183 
129	379  	260      	355     	0.5     	0.882897	0.922243	0.0453991       	0.182574	0.330728	1  	0.131758
130	364  	246      	355     	0.5     	0.88314 	0.922243	0.0455227       	0.182574	0.329878	1  	0.132322
131	354  	251      	355     	0.5     	0.883756	0.922243	0.0455031       	0.182574	0.327662	1  	0.132402
132	388  	260      	355     	0.5     	0.884567	0.922243	0.0449562       	0.182574	0.325351	1  	0.131548
133	376  	265      	355     	0.5     	0.884724	0.922243	0.0446985       	0.182574	0.325381	1  	0.131519
134	381  	268      	355     	0.5     	0.884839	0.922243	0.04475         	0.182574	0.32527 	1  	0.131574
135	377  	258      	355     	0.5     	0.884899	0.922243	0.0447713       	0.182574	0.32519 	1  	0.131611
136	389  	274      	355     	0.5     	0.884948	0.922243	0.0447982       	0.182574	0.325229	1  	0.13154 
137	373  	245      	355     	0.5     	0.884936	0.922243	0.0448048       	0.182574	0.325877	1  	0.131068
138	372  	239      	355     	0.5     	0.885023	0.922243	0.0448625       	0.182574	0.32588 	1  	0.131072
139	362  	259      	355     	0.5     	0.885113	0.922243	0.0449047       	0.182574	0.325665	1  	0.131171
140	381  	266      	355     	0.5     	0.885218	0.922243	0.0449474       	0.182574	0.325857	1  	0.131011
141	367  	260      	355     	0.5     	0.885202	0.922243	0.0449566       	0.182574	0.326056	1  	0.130918
142	375  	248      	355     	0.5     	0.884361	0.922243	0.0460378       	0.182574	0.32849 	1  	0.131985
143	361  	257      	355     	0.5     	0.884499	0.922243	0.0458815       	0.188982	0.328448	1  	0.131803
144	370  	248      	355     	0.5     	0.885294	0.922243	0.0450254       	0.188982	0.326501	1  	0.130669
145	378  	253      	355     	0.5     	0.883934	0.922243	0.0458092       	0.188982	0.331045	1  	0.131362
146	373  	251      	355     	0.5     	0.883896	0.922243	0.0457871       	0.188982	0.331531	1  	0.131014
147	376  	258      	355     	0.5     	0.884141	0.922243	0.0458812       	0.188982	0.330841	1  	0.131478
148	375  	248      	355     	0.5     	0.884096	0.922243	0.0457145       	0.188982	0.331464	1  	0.131069
149	381  	255      	355     	0.5     	0.884227	0.922243	0.0457758       	0.188982	0.331087	1  	0.131329

CURRENT HALLS OF FAME

PARETO FRONT
Number of solutions = 21
Features in hall of fame by prevalence:
37 features: [0_age_at_initial_pathologic_diagnosis, 1_hsa.miR.10b.5p, 1_hsa.miR.15b.5p, 1_hsa.miR.3074.5p, 1_hsa.miR.148a.5p, 1_hsa.miR.215.5p, 1_hsa.miR.23b.5p, 1_hsa.miR.346, 1_hsa.miR.3940.3p, 1_hsa.miR.550a.3p, 1_hsa.miR.432.5p, 1_hsa.miR.148b.3p, 1_hsa.miR.29b.1.5p, 1_hsa.miR.379.5p, 1_hsa.miR.132.5p, 1_hsa.miR.769.5p, 1_hsa.miR.1228.3p, 1_hsa.miR.767.3p, 1_hsa.miR.181a.2.3p, 1_hsa.miR.216b.5p, 1_hsa.miR.675.3p, 1_hsa.miR.7704, 1_hsa.let.7d.5p, 1_hsa.let.7g.5p, 1_hsa.miR.1197, 1_hsa.miR.126.5p, 1_hsa.miR.128.3p, 1_hsa.miR.146b.3p, 1_hsa.miR.146b.5p, 1_hsa.miR.222.5p, 1_hsa.miR.301b, 1_hsa.miR.381.3p, 1_hsa.miR.3923, 1_hsa.miR.543, 1_hsa.miR.616.5p, 1_hsa.miR.7974, 1_hsa.miR.940]

LAST POPULATION
Number of solutions = 500
Features in hall of fame by prevalence:
182 features: [0_age_at_initial_pathologic_diagnosis, 1_hsa.miR.10b.5p, 1_hsa.miR.15b.5p, 1_hsa.miR.3074.5p, 1_hsa.miR.148a.5p, 1_hsa.miR.550a.3p, 1_hsa.miR.346, 1_hsa.miR.432.5p, 1_hsa.miR.215.5p, 1_hsa.miR.3940.3p, 1_hsa.miR.148b.3p, 1_hsa.miR.23b.5p, 1_hsa.miR.29b.1.5p, 1_hsa.miR.379.5p, 1_hsa.miR.132.5p, 1_hsa.miR.769.5p, 1_hsa.miR.1228.3p, 1_hsa.miR.543, 1_hsa.miR.7704, 1_hsa.miR.767.3p, 1_hsa.miR.675.3p, 1_hsa.miR.216b.5p, 1_hsa.miR.616.5p, 1_hsa.let.7g.5p, 1_hsa.miR.142.5p, 1_hsa.miR.106b.3p, 1_hsa.miR.1197, 1_hsa.let.7d.5p, 1_hsa.miR.7974, 1_hsa.miR.146b.5p, 1_hsa.miR.149.5p, 1_hsa.miR.126.5p, 1_hsa.miR.27a.5p, 1_hsa.miR.342.5p, 1_hsa.miR.382.3p, 1_hsa.miR.216a.5p, 1_hsa.miR.487b.5p, 1_hsa.miR.222.5p, 1_hsa.miR.299.5p, 1_hsa.miR.4709.3p, 1_hsa.miR.767.5p, 1_hsa.miR.126.3p, 1_hsa.miR.128.3p, 1_hsa.miR.146b.3p, 1_hsa.miR.181a.2.3p, 1_hsa.miR.29b.2.5p, 1_hsa.miR.7641, 1_hsa.miR.496, 1_hsa.miR.887.3p, 1_hsa.miR.99b.5p, 1_hsa.miR.125a.3p, 1_hsa.miR.181b.5p, 1_hsa.miR.223.5p, 1_hsa.miR.301b, 1_hsa.miR.365a.5p, 1_hsa.miR.99b.3p, 1_hsa.miR.214.5p, 1_hsa.miR.98.3p, 1_hsa.miR.1301.3p, 1_hsa.miR.154.3p, 1_hsa.miR.3923, 1_hsa.miR.5690, 1_hsa.miR.9.5p, 1_hsa.miR.148a.3p, 1_hsa.miR.1468.5p, 1_hsa.miR.193a.5p, 1_hsa.miR.196a.5p, 1_hsa.miR.222.3p, 1_hsa.miR.31.3p, 1_hsa.miR.34b.3p, 1_hsa.miR.3613.3p, 1_hsa.miR.376b.3p, 1_hsa.miR.378a.5p, 1_hsa.miR.548d.3p, 1_hsa.miR.6503.3p, 1_hsa.miR.940, 1_hsa.let.7e.5p, 1_hsa.miR.191.5p, 1_hsa.miR.196b.5p, 1_hsa.miR.221.3p, 1_hsa.miR.27b.5p, 1_hsa.miR.335.3p, 1_hsa.miR.487b.3p, 1_hsa.miR.499a.5p, 1_hsa.miR.501.5p, 1_hsa.miR.625.3p, 1_hsa.miR.6502.5p, 1_hsa.miR.664a.3p, 1_hsa.let.7a.5p, 1_hsa.miR.10b.3p, 1_hsa.miR.135b.5p, 1_hsa.miR.149.3p, 1_hsa.miR.187.3p, 1_hsa.miR.195.5p, 1_hsa.miR.214.3p, 1_hsa.miR.24.1.5p, 1_hsa.miR.30e.5p, 1_hsa.miR.362.3p, 1_hsa.miR.377.3p, 1_hsa.miR.382.5p, ...]

BEST SUMS WITH SIZE 50
Number of solutions = 50
Features in hall of fame by prevalence:
47 features: [0_age_at_initial_pathologic_diagnosis, 1_hsa.miR.146b.5p, 1_hsa.miR.15b.5p, 1_hsa.let.7e.5p, 1_hsa.miR.10a.5p, 1_hsa.miR.10b.3p, 1_hsa.miR.10b.5p, 1_hsa.miR.1228.3p, 1_hsa.miR.125a.3p, 1_hsa.miR.125b.1.3p, 1_hsa.miR.135b.5p, 1_hsa.miR.143.3p, 1_hsa.miR.146b.3p, 1_hsa.miR.148a.3p, 1_hsa.miR.148a.5p, 1_hsa.miR.149.3p, 1_hsa.miR.155.5p, 1_hsa.miR.15b.3p, 1_hsa.miR.16.5p, 1_hsa.miR.196a.5p, 1_hsa.miR.1976, 1_hsa.miR.199a.3p, 1_hsa.miR.199b.3p, 1_hsa.miR.200a.5p, 1_hsa.miR.21.3p, 1_hsa.miR.221.3p, 1_hsa.miR.221.5p, 1_hsa.miR.222.3p, 1_hsa.miR.222.5p, 1_hsa.miR.23b.5p, 1_hsa.miR.25.3p, 1_hsa.miR.27a.5p, 1_hsa.miR.335.3p, 1_hsa.miR.335.5p, 1_hsa.miR.3677.3p, 1_hsa.miR.378a.3p, 1_hsa.miR.431.5p, 1_hsa.miR.4677.3p, 1_hsa.miR.550a.3p, 1_hsa.miR.615.3p, 1_hsa.miR.6509.5p, 1_hsa.miR.651.5p, 1_hsa.miR.664a.3p, 1_hsa.miR.6806.3p, 1_hsa.miR.6892.5p, 1_hsa.miR.9.5p, 1_hsa.miR.99b.5p]

BEST SUMS WITH SIZE 100
Number of solutions = 100
Features in hall of fame by prevalence:
72 features: [0_age_at_initial_pathologic_diagnosis, 1_hsa.miR.15b.5p, 1_hsa.miR.10b.5p, 1_hsa.miR.148a.5p, 1_hsa.miR.10b.3p, 1_hsa.miR.146b.3p, 1_hsa.miR.146b.5p, 1_hsa.let.7e.5p, 1_hsa.miR.125b.1.3p, 1_hsa.miR.135b.5p, 1_hsa.miR.149.3p, 1_hsa.miR.149.5p, 1_hsa.miR.15b.3p, 1_hsa.miR.196a.5p, 1_hsa.miR.21.3p, 1_hsa.miR.222.3p, 1_hsa.miR.222.5p, 1_hsa.miR.335.3p, 1_hsa.miR.651.5p, 1_hsa.miR.6892.5p, 1_hsa.miR.9.5p, 1_hsa.let.7i.5p, 1_hsa.miR.107, 1_hsa.miR.10a.5p, 1_hsa.miR.1228.3p, 1_hsa.miR.125a.3p, 1_hsa.miR.130b.3p, 1_hsa.miR.134.5p, 1_hsa.miR.143.3p, 1_hsa.miR.148a.3p, 1_hsa.miR.148b.3p, 1_hsa.miR.155.5p, 1_hsa.miR.16.5p, 1_hsa.miR.188.5p, 1_hsa.miR.1976, 1_hsa.miR.199a.3p, 1_hsa.miR.199b.3p, 1_hsa.miR.200a.5p, 1_hsa.miR.200b.3p, 1_hsa.miR.21.5p, 1_hsa.miR.216b.5p, 1_hsa.miR.221.3p, 1_hsa.miR.221.5p, 1_hsa.miR.23b.5p, 1_hsa.miR.25.3p, 1_hsa.miR.27a.5p, 1_hsa.miR.27b.5p, 1_hsa.miR.28.3p, 1_hsa.miR.301b, 1_hsa.miR.3136.5p, 1_hsa.miR.320b, 1_hsa.miR.335.5p, 1_hsa.miR.34a.5p, 1_hsa.miR.361.5p, 1_hsa.miR.3677.3p, 1_hsa.miR.378a.3p, 1_hsa.miR.429, 1_hsa.miR.431.5p, 1_hsa.miR.4677.3p, 1_hsa.miR.4709.3p, 1_hsa.miR.4746.5p, 1_hsa.miR.550a.3p, 1_hsa.miR.550a.5p, 1_hsa.miR.615.3p, 1_hsa.miR.6509.5p, 1_hsa.miR.664a.3p, 1_hsa.miR.664a.5p, 1_hsa.miR.675.3p, 1_hsa.miR.6806.3p, 1_hsa.miR.942.5p, 1_hsa.miR.944, 1_hsa.miR.99b.5p]
Optimization on fold finished in 00-00:29:27

FEATURE SETS SELECTED

PARETO FRONT
Number of solutions = 21
Features in hall of fame by prevalence:
37 features: [0_age_at_initial_pathologic_diagnosis, 1_hsa.miR.10b.5p, 1_hsa.miR.15b.5p, 1_hsa.miR.3074.5p, 1_hsa.miR.148a.5p, 1_hsa.miR.215.5p, 1_hsa.miR.23b.5p, 1_hsa.miR.346, 1_hsa.miR.3940.3p, 1_hsa.miR.550a.3p, 1_hsa.miR.432.5p, 1_hsa.miR.148b.3p, 1_hsa.miR.29b.1.5p, 1_hsa.miR.379.5p, 1_hsa.miR.132.5p, 1_hsa.miR.769.5p, 1_hsa.miR.1228.3p, 1_hsa.miR.767.3p, 1_hsa.miR.181a.2.3p, 1_hsa.miR.216b.5p, 1_hsa.miR.675.3p, 1_hsa.miR.7704, 1_hsa.let.7d.5p, 1_hsa.let.7g.5p, 1_hsa.miR.1197, 1_hsa.miR.126.5p, 1_hsa.miR.128.3p, 1_hsa.miR.146b.3p, 1_hsa.miR.146b.5p, 1_hsa.miR.222.5p, 1_hsa.miR.301b, 1_hsa.miR.381.3p, 1_hsa.miR.3923, 1_hsa.miR.543, 1_hsa.miR.616.5p, 1_hsa.miR.7974, 1_hsa.miR.940]

LAST POPULATION
Number of solutions = 500
Features in hall of fame by prevalence:
182 features: [0_age_at_initial_pathologic_diagnosis, 1_hsa.miR.10b.5p, 1_hsa.miR.15b.5p, 1_hsa.miR.3074.5p, 1_hsa.miR.148a.5p, 1_hsa.miR.550a.3p, 1_hsa.miR.346, 1_hsa.miR.432.5p, 1_hsa.miR.215.5p, 1_hsa.miR.3940.3p, 1_hsa.miR.148b.3p, 1_hsa.miR.23b.5p, 1_hsa.miR.29b.1.5p, 1_hsa.miR.379.5p, 1_hsa.miR.132.5p, 1_hsa.miR.769.5p, 1_hsa.miR.1228.3p, 1_hsa.miR.543, 1_hsa.miR.7704, 1_hsa.miR.767.3p, 1_hsa.miR.675.3p, 1_hsa.miR.216b.5p, 1_hsa.miR.616.5p, 1_hsa.let.7g.5p, 1_hsa.miR.142.5p, 1_hsa.miR.106b.3p, 1_hsa.miR.1197, 1_hsa.let.7d.5p, 1_hsa.miR.7974, 1_hsa.miR.146b.5p, 1_hsa.miR.149.5p, 1_hsa.miR.126.5p, 1_hsa.miR.27a.5p, 1_hsa.miR.342.5p, 1_hsa.miR.382.3p, 1_hsa.miR.216a.5p, 1_hsa.miR.487b.5p, 1_hsa.miR.222.5p, 1_hsa.miR.299.5p, 1_hsa.miR.4709.3p, 1_hsa.miR.767.5p, 1_hsa.miR.126.3p, 1_hsa.miR.128.3p, 1_hsa.miR.146b.3p, 1_hsa.miR.181a.2.3p, 1_hsa.miR.29b.2.5p, 1_hsa.miR.7641, 1_hsa.miR.496, 1_hsa.miR.887.3p, 1_hsa.miR.99b.5p, 1_hsa.miR.125a.3p, 1_hsa.miR.181b.5p, 1_hsa.miR.223.5p, 1_hsa.miR.301b, 1_hsa.miR.365a.5p, 1_hsa.miR.99b.3p, 1_hsa.miR.214.5p, 1_hsa.miR.98.3p, 1_hsa.miR.1301.3p, 1_hsa.miR.154.3p, 1_hsa.miR.3923, 1_hsa.miR.5690, 1_hsa.miR.9.5p, 1_hsa.miR.148a.3p, 1_hsa.miR.1468.5p, 1_hsa.miR.193a.5p, 1_hsa.miR.196a.5p, 1_hsa.miR.222.3p, 1_hsa.miR.31.3p, 1_hsa.miR.34b.3p, 1_hsa.miR.3613.3p, 1_hsa.miR.376b.3p, 1_hsa.miR.378a.5p, 1_hsa.miR.548d.3p, 1_hsa.miR.6503.3p, 1_hsa.miR.940, 1_hsa.let.7e.5p, 1_hsa.miR.191.5p, 1_hsa.miR.196b.5p, 1_hsa.miR.221.3p, 1_hsa.miR.27b.5p, 1_hsa.miR.335.3p, 1_hsa.miR.487b.3p, 1_hsa.miR.499a.5p, 1_hsa.miR.501.5p, 1_hsa.miR.625.3p, 1_hsa.miR.6502.5p, 1_hsa.miR.664a.3p, 1_hsa.let.7a.5p, 1_hsa.miR.10b.3p, 1_hsa.miR.135b.5p, 1_hsa.miR.149.3p, 1_hsa.miR.187.3p, 1_hsa.miR.195.5p, 1_hsa.miR.214.3p, 1_hsa.miR.24.1.5p, 1_hsa.miR.30e.5p, 1_hsa.miR.362.3p, 1_hsa.miR.377.3p, 1_hsa.miR.382.5p, ...]

BEST SUMS WITH SIZE 50
Number of solutions = 50
Features in hall of fame by prevalence:
47 features: [0_age_at_initial_pathologic_diagnosis, 1_hsa.miR.146b.5p, 1_hsa.miR.15b.5p, 1_hsa.let.7e.5p, 1_hsa.miR.10a.5p, 1_hsa.miR.10b.3p, 1_hsa.miR.10b.5p, 1_hsa.miR.1228.3p, 1_hsa.miR.125a.3p, 1_hsa.miR.125b.1.3p, 1_hsa.miR.135b.5p, 1_hsa.miR.143.3p, 1_hsa.miR.146b.3p, 1_hsa.miR.148a.3p, 1_hsa.miR.148a.5p, 1_hsa.miR.149.3p, 1_hsa.miR.155.5p, 1_hsa.miR.15b.3p, 1_hsa.miR.16.5p, 1_hsa.miR.196a.5p, 1_hsa.miR.1976, 1_hsa.miR.199a.3p, 1_hsa.miR.199b.3p, 1_hsa.miR.200a.5p, 1_hsa.miR.21.3p, 1_hsa.miR.221.3p, 1_hsa.miR.221.5p, 1_hsa.miR.222.3p, 1_hsa.miR.222.5p, 1_hsa.miR.23b.5p, 1_hsa.miR.25.3p, 1_hsa.miR.27a.5p, 1_hsa.miR.335.3p, 1_hsa.miR.335.5p, 1_hsa.miR.3677.3p, 1_hsa.miR.378a.3p, 1_hsa.miR.431.5p, 1_hsa.miR.4677.3p, 1_hsa.miR.550a.3p, 1_hsa.miR.615.3p, 1_hsa.miR.6509.5p, 1_hsa.miR.651.5p, 1_hsa.miR.664a.3p, 1_hsa.miR.6806.3p, 1_hsa.miR.6892.5p, 1_hsa.miR.9.5p, 1_hsa.miR.99b.5p]

BEST SUMS WITH SIZE 100
Number of solutions = 100
Features in hall of fame by prevalence:
72 features: [0_age_at_initial_pathologic_diagnosis, 1_hsa.miR.15b.5p, 1_hsa.miR.10b.5p, 1_hsa.miR.148a.5p, 1_hsa.miR.10b.3p, 1_hsa.miR.146b.3p, 1_hsa.miR.146b.5p, 1_hsa.let.7e.5p, 1_hsa.miR.125b.1.3p, 1_hsa.miR.135b.5p, 1_hsa.miR.149.3p, 1_hsa.miR.149.5p, 1_hsa.miR.15b.3p, 1_hsa.miR.196a.5p, 1_hsa.miR.21.3p, 1_hsa.miR.222.3p, 1_hsa.miR.222.5p, 1_hsa.miR.335.3p, 1_hsa.miR.651.5p, 1_hsa.miR.6892.5p, 1_hsa.miR.9.5p, 1_hsa.let.7i.5p, 1_hsa.miR.107, 1_hsa.miR.10a.5p, 1_hsa.miR.1228.3p, 1_hsa.miR.125a.3p, 1_hsa.miR.130b.3p, 1_hsa.miR.134.5p, 1_hsa.miR.143.3p, 1_hsa.miR.148a.3p, 1_hsa.miR.148b.3p, 1_hsa.miR.155.5p, 1_hsa.miR.16.5p, 1_hsa.miR.188.5p, 1_hsa.miR.1976, 1_hsa.miR.199a.3p, 1_hsa.miR.199b.3p, 1_hsa.miR.200a.5p, 1_hsa.miR.200b.3p, 1_hsa.miR.21.5p, 1_hsa.miR.216b.5p, 1_hsa.miR.221.3p, 1_hsa.miR.221.5p, 1_hsa.miR.23b.5p, 1_hsa.miR.25.3p, 1_hsa.miR.27a.5p, 1_hsa.miR.27b.5p, 1_hsa.miR.28.3p, 1_hsa.miR.301b, 1_hsa.miR.3136.5p, 1_hsa.miR.320b, 1_hsa.miR.335.5p, 1_hsa.miR.34a.5p, 1_hsa.miR.361.5p, 1_hsa.miR.3677.3p, 1_hsa.miR.378a.3p, 1_hsa.miR.429, 1_hsa.miR.431.5p, 1_hsa.miR.4677.3p, 1_hsa.miR.4709.3p, 1_hsa.miR.4746.5p, 1_hsa.miR.550a.3p, 1_hsa.miR.550a.5p, 1_hsa.miR.615.3p, 1_hsa.miR.6509.5p, 1_hsa.miR.664a.3p, 1_hsa.miR.664a.5p, 1_hsa.miR.675.3p, 1_hsa.miR.6806.3p, 1_hsa.miR.942.5p, 1_hsa.miR.944, 1_hsa.miR.99b.5p]
