
OPTIMIZING FINAL MODEL ON WHOLE DATASET

COMPUTING LOCAL ACTIVE FEATURES
Computing active features for view clinic
Existing features: 8
Applying union strategy for feature selection using composite feature selector with
categorical: feature selector any na and anova
survival: feature selector Cox

Computing active features for outcome survival
Features selected for this outcome: 1
Features active in total: 1
Computing active features for view log_mirna
Existing features: 740
Applying union strategy for feature selection using composite feature selector with
categorical: feature selector any na and anova
survival: feature selector Cox

Computing active features for outcome survival
Features selected for this outcome: 345
Features active in total: 345
Computing feature importance
Running optimizer

CREATING INNER FOLDS

ASSIGNING STRATA FOR MULTI-OUTCOME DATA LGG_MV
Assigning strata for outcome named survival of type survival
Counts:
censored 0: 200
censored 1: 116
deceased 0: 49
deceased 1: 46

RUNNING GENETIC ALGORITHM
Generations completed = 71
Generations completed = 142
Generations completed = 213
Generations completed = 286
   	     	         	        	   survival SKSurv Cox model concordance index   	                 root leanness                  
   	     	         	        	-------------------------------------------------	------------------------------------------------
gen	evals	gen_feats	explored	min    	avg     	max     	std              	min     	avg     	max	std     
0  	500  	56       	56      	0.40158	0.645134	0.893038	0.116939         	0.140028	0.2588  	1  	0.16376 
1  	514  	215      	215     	0.5    	0.737643	0.893038	0.0838809        	0.164399	0.309069	1  	0.125687
2  	500  	241      	286     	0.5    	0.79006 	0.893038	0.0675514        	0.176777	0.342961	1  	0.131309
3  	500  	233      	320     	0.5    	0.804819	0.893038	0.0629922        	0.164399	0.346857	1  	0.13697 
4  	500  	232      	334     	0.5    	0.815965	0.893038	0.0573257        	0.164399	0.340361	1  	0.141899
5  	500  	255      	341     	0.5    	0.822925	0.893038	0.0541179        	0.174078	0.338026	1  	0.140424
6  	500  	241      	342     	0.5    	0.828984	0.893611	0.0510109        	0.176777	0.337162	1  	0.13781 
7  	500  	253      	345     	0.5    	0.831303	0.896988	0.0505604        	0.174078	0.344707	1  	0.137985
8  	500  	258      	345     	0.5    	0.833704	0.896988	0.0512679        	0.174078	0.352833	1  	0.137204
9  	500  	267      	345     	0.5    	0.838747	0.896988	0.0505584        	0.176777	0.350647	1  	0.135386
10 	500  	250      	345     	0.5    	0.842942	0.896988	0.0512387        	0.176777	0.350062	1  	0.135604
11 	500  	255      	345     	0.5    	0.847476	0.896988	0.0506185        	0.179605	0.346869	1  	0.134785
12 	500  	254      	346     	0.5    	0.850638	0.896988	0.0508329        	0.19245 	0.34702 	1  	0.13387 
13 	500  	269      	346     	0.5    	0.852473	0.896988	0.0508539        	0.19245 	0.348107	1  	0.133575
14 	500  	272      	346     	0.5    	0.854426	0.89841 	0.0503635        	0.188982	0.348029	1  	0.133695
15 	500  	271      	346     	0.5    	0.856305	0.89841 	0.0505043        	0.188982	0.347488	1  	0.133819
16 	500  	260      	346     	0.5    	0.858319	0.89841 	0.0499112        	0.188982	0.346249	1  	0.133225
17 	500  	268      	346     	0.5    	0.860317	0.89841 	0.0476783        	0.188982	0.344997	1  	0.132309
18 	500  	264      	346     	0.5    	0.861663	0.89841 	0.0477324        	0.188982	0.344168	1  	0.132871
19 	500  	266      	346     	0.5    	0.862544	0.89841 	0.047554         	0.188982	0.344471	1  	0.132682
20 	500  	263      	346     	0.5    	0.863879	0.89841 	0.0475728        	0.188982	0.342654	1  	0.132504
21 	500  	261      	346     	0.5    	0.864254	0.89841 	0.0477959        	0.188982	0.344471	1  	0.13259 
22 	500  	260      	346     	0.5    	0.866092	0.899651	0.0468186        	0.188982	0.341372	1  	0.131326
23 	500  	251      	346     	0.5    	0.866996	0.899651	0.0458309        	0.188982	0.341128	1  	0.131538
24 	500  	262      	346     	0.5    	0.867838	0.899651	0.0461089        	0.188982	0.339105	1  	0.132496
25 	500  	252      	346     	0.5    	0.868118	0.899896	0.0462234        	0.2     	0.340884	1  	0.13178 
26 	500  	260      	346     	0.5    	0.868655	0.899896	0.0462936        	0.2     	0.340602	1  	0.131995
27 	500  	255      	346     	0.5    	0.869123	0.899896	0.0462614        	0.2     	0.340593	1  	0.131998
28 	500  	261      	346     	0.5    	0.869554	0.903278	0.0463715        	0.196116	0.340608	1  	0.131978
29 	500  	263      	346     	0.5    	0.869176	0.903278	0.0475186        	0.196116	0.34284 	1  	0.133256
30 	500  	263      	346     	0.5    	0.869437	0.90441 	0.0474349        	0.196116	0.344128	1  	0.132733
31 	500  	261      	346     	0.5    	0.869652	0.90441 	0.0473397        	0.196116	0.345391	1  	0.132117
32 	500  	268      	346     	0.5    	0.870068	0.90441 	0.0474032        	0.196116	0.34553 	1  	0.131993
33 	500  	261      	346     	0.5    	0.869337	0.904555	0.0484138        	0.204124	0.349675	1  	0.132444
34 	500  	263      	346     	0.5    	0.869812	0.906532	0.0485123        	0.204124	0.349334	1  	0.132482
35 	500  	263      	346     	0.5    	0.870168	0.906532	0.0485897        	0.204124	0.348767	1  	0.132686
36 	500  	253      	346     	0.5    	0.871205	0.906532	0.0477403        	0.204124	0.346383	1  	0.131652
37 	500  	241      	346     	0.5    	0.871579	0.906532	0.0478517        	0.204124	0.345786	1  	0.131807
38 	500  	255      	346     	0.5    	0.871304	0.906532	0.0481075        	0.204124	0.348083	1  	0.132975
39 	500  	249      	346     	0.5    	0.871371	0.906532	0.0480828        	0.196116	0.349139	1  	0.132798
40 	500  	261      	346     	0.5    	0.872361	0.906532	0.0475294        	0.196116	0.34704 	1  	0.132214
41 	500  	260      	346     	0.5    	0.871809	0.906532	0.0486071        	0.196116	0.349679	1  	0.132619
42 	500  	269      	346     	0.5    	0.871652	0.90879 	0.0492343        	0.19245 	0.351339	1  	0.13322 
43 	500  	261      	346     	0.5    	0.872457	0.908873	0.0485174        	0.19245 	0.349966	1  	0.132407
44 	500  	262      	346     	0.5    	0.872873	0.90963 	0.0486795        	0.19245 	0.349374	1  	0.132789
45 	500  	247      	346     	0.5    	0.873235	0.90963 	0.0488064        	0.188982	0.349516	1  	0.132611
46 	500  	267      	346     	0.5    	0.873456	0.90963 	0.0488546        	0.185695	0.349634	1  	0.13259 
47 	500  	268      	346     	0.5    	0.874025	0.90963 	0.0489679        	0.196116	0.348089	1  	0.132636
48 	500  	253      	346     	0.5    	0.873812	0.90963 	0.0490211        	0.196116	0.350348	1  	0.132007
49 	500  	253      	346     	0.5    	0.874064	0.90963 	0.0490008        	0.196116	0.350064	1  	0.132171
50 	500  	266      	346     	0.5    	0.874191	0.909637	0.0490522        	0.196116	0.350752	1  	0.131664
51 	500  	258      	346     	0.5    	0.873338	0.910349	0.0498696        	0.196116	0.354103	1  	0.132531
52 	500  	244      	346     	0.5    	0.874625	0.910349	0.0491769        	0.196116	0.350747	1  	0.131673
53 	500  	260      	346     	0.5    	0.874792	0.910349	0.0492502        	0.196116	0.350773	1  	0.131625
54 	500  	254      	346     	0.5    	0.874931	0.911012	0.0493244        	0.204124	0.350759	1  	0.131637
55 	500  	250      	346     	0.5    	0.873866	0.911012	0.0502566        	0.204124	0.355224	1  	0.131777
56 	500  	256      	346     	0.5    	0.874217	0.911012	0.0503971        	0.2     	0.354215	1  	0.132315
57 	500  	259      	346     	0.5    	0.874815	0.911012	0.0502404        	0.196116	0.352338	1  	0.132695
58 	500  	250      	346     	0.5    	0.874588	0.911085	0.0504065        	0.196116	0.353999	1  	0.132737
59 	500  	257      	346     	0.5    	0.874793	0.911937	0.0503067        	0.196116	0.35427 	1  	0.132578
60 	500  	250      	346     	0.5    	0.874959	0.911937	0.0503713        	0.196116	0.354362	1  	0.132504
61 	500  	253      	346     	0.5    	0.875209	0.911937	0.0504622        	0.196116	0.35366 	1  	0.132829
62 	500  	253      	346     	0.5    	0.87535 	0.912885	0.0502421        	0.196116	0.354479	1  	0.132332
63 	500  	260      	346     	0.5    	0.875714	0.912885	0.0503613        	0.196116	0.353498	1  	0.132764
64 	500  	254      	346     	0.5    	0.875634	0.912885	0.050289         	0.2     	0.354636	1  	0.132179
65 	500  	252      	346     	0.5    	0.875788	0.913648	0.0503635        	0.2     	0.354698	1  	0.132138
66 	500  	240      	346     	0.5    	0.87595 	0.913648	0.0504522        	0.204124	0.354832	1  	0.132004
67 	500  	257      	346     	0.5    	0.876204	0.913648	0.0505893        	0.204124	0.354409	1  	0.132384
68 	500  	251      	346     	0.5    	0.877459	0.913648	0.0499528        	0.196116	0.350726	1  	0.131984
69 	500  	261      	346     	0.5    	0.877661	0.913648	0.050002         	0.196116	0.350453	1  	0.13189 
70 	500  	262      	346     	0.5    	0.877897	0.913648	0.0500664        	0.196116	0.349904	1  	0.132071
71 	500  	253      	346     	0.5    	0.878405	0.913648	0.0500486        	0.196116	0.348473	1  	0.131936
72 	500  	254      	346     	0.5    	0.878119	0.913648	0.0500802        	0.196116	0.350112	1  	0.132193
73 	500  	267      	346     	0.5    	0.878365	0.913648	0.0497183        	0.2     	0.350487	1  	0.131905
74 	500  	254      	346     	0.5    	0.87852 	0.913648	0.0497855        	0.2     	0.350741	1  	0.131674
75 	500  	250      	346     	0.5    	0.87879 	0.914232	0.049901         	0.2     	0.34991 	1  	0.132152
76 	500  	260      	346     	0.5    	0.87878 	0.914232	0.0499267        	0.2     	0.350328	1  	0.131997
77 	500  	255      	346     	0.5    	0.879645	0.916124	0.0494299        	0.2     	0.347781	1  	0.131882
78 	500  	264      	346     	0.5    	0.879707	0.916124	0.0500349        	0.2     	0.347487	1  	0.132401
79 	500  	263      	346     	0.5    	0.880396	0.916124	0.0494203        	0.2     	0.346263	1  	0.131394
80 	500  	264      	346     	0.5    	0.880471	0.916124	0.0494502        	0.2     	0.346273	1  	0.131384
81 	500  	258      	346     	0.5    	0.880673	0.916124	0.0495637        	0.2     	0.345708	1  	0.131816
82 	500  	249      	346     	0.5    	0.880754	0.917317	0.0496055        	0.2     	0.345948	1  	0.131652
83 	500  	260      	346     	0.5    	0.881006	0.917317	0.0496119        	0.2     	0.345413	1  	0.131782
84 	500  	257      	346     	0.5    	0.880924	0.917317	0.049631         	0.2     	0.345946	1  	0.13169 
85 	500  	251      	346     	0.5    	0.881089	0.917317	0.049577         	0.2     	0.346071	1  	0.131591
86 	500  	265      	346     	0.5    	0.881307	0.917317	0.0496652        	0.2     	0.345047	1  	0.132195
87 	500  	269      	346     	0.5    	0.881218	0.917317	0.049638         	0.2     	0.346086	1  	0.131586
88 	500  	264      	346     	0.5    	0.880576	0.917317	0.0510289        	0.204124	0.347933	1  	0.1323  
89 	500  	252      	346     	0.5    	0.881457	0.917317	0.0497079        	0.204124	0.346134	1  	0.131545
90 	500  	263      	346     	0.5    	0.881638	0.917317	0.0497963        	0.204124	0.345942	1  	0.131722
91 	500  	245      	346     	0.5    	0.881704	0.917317	0.0498353        	0.2     	0.345745	1  	0.131899
92 	500  	265      	346     	0.5    	0.881962	0.917317	0.0499153        	0.2     	0.344852	1  	0.132236
93 	500  	253      	346     	0.5    	0.883133	0.917995	0.0492437        	0.2     	0.341302	1  	0.131439
94 	500  	253      	346     	0.5    	0.881927	0.917995	0.0505826        	0.2     	0.344871	1  	0.13229 
95 	500  	251      	346     	0.5    	0.882515	0.917995	0.0499819        	0.2     	0.343564	1  	0.132198
96 	500  	252      	346     	0.5    	0.882476	0.917995	0.0501558        	0.2     	0.343873	1  	0.132607
97 	500  	253      	346     	0.5    	0.883217	0.917995	0.0492886        	0.2     	0.342347	1  	0.131461
98 	500  	262      	346     	0.5    	0.883556	0.917995	0.0492984        	0.2     	0.341375	1  	0.131371
99 	500  	258      	346     	0.5    	0.883721	0.917995	0.0493742        	0.2     	0.340741	1  	0.131801
100	500  	272      	346     	0.5    	0.883865	0.917995	0.0494002        	0.2     	0.340431	1  	0.131779
101	500  	251      	346     	0.5    	0.883892	0.917995	0.0491448        	0.2     	0.34085 	1  	0.131779
102	500  	262      	346     	0.5    	0.883969	0.917998	0.0491831        	0.2     	0.340808	1  	0.131825
103	500  	259      	346     	0.5    	0.884044	0.918162	0.049192         	0.2     	0.34122 	1  	0.131509
104	500  	261      	346     	0.5    	0.884156	0.918162	0.0492545        	0.2     	0.340828	1  	0.1318  
105	500  	247      	346     	0.5    	0.884263	0.918162	0.0493055        	0.2     	0.340561	1  	0.131959
106	500  	256      	346     	0.5    	0.884301	0.919019	0.0493288        	0.2     	0.341174	1  	0.131542
107	500  	242      	346     	0.5    	0.884401	0.919019	0.0493493        	0.2     	0.340915	1  	0.131745
108	500  	271      	346     	0.5    	0.884441	0.919019	0.0493696        	0.196116	0.341256	1  	0.131479
109	500  	256      	346     	0.5    	0.884766	0.919019	0.0494592        	0.196116	0.339857	1  	0.132052
110	500  	268      	346     	0.5    	0.885498	0.919019	0.0487405        	0.196116	0.337908	1  	0.13105 
111	500  	269      	346     	0.5    	0.884863	0.919565	0.0495157        	0.196116	0.339825	1  	0.131967
112	500  	258      	346     	0.5    	0.884592	0.919565	0.0495389        	0.2     	0.341304	1  	0.131445
113	500  	263      	346     	0.5    	0.884682	0.919565	0.0495308        	0.2     	0.341343	1  	0.131407
114	500  	258      	346     	0.5    	0.884761	0.919565	0.0495569        	0.2     	0.341257	1  	0.131471
115	500  	249      	346     	0.5    	0.884967	0.919565	0.0496306        	0.2     	0.340417	1  	0.131897
116	500  	256      	346     	0.5    	0.885039	0.919953	0.0496705        	0.2     	0.340431	1  	0.131835
117	500  	259      	346     	0.5    	0.88508 	0.919953	0.0496795        	0.2     	0.340403	1  	0.131736
118	500  	270      	346     	0.5    	0.885053	0.919953	0.0497174        	0.204124	0.340754	1  	0.131733
119	500  	262      	346     	0.5    	0.885428	0.92058 	0.0498198        	0.196116	0.339439	1  	0.132245
120	500  	250      	346     	0.5    	0.886058	0.92058 	0.0491162        	0.196116	0.338044	1  	0.131001
121	500  	254      	346     	0.5    	0.885563	0.92058 	0.0497087        	0.196116	0.339677	1  	0.131963
122	500  	267      	346     	0.5    	0.886245	0.921932	0.0490114        	0.196116	0.337961	1  	0.13118 
123	500  	259      	346     	0.5    	0.886428	0.921932	0.0490228        	0.196116	0.337457	1  	0.131237
124	500  	250      	346     	0.5    	0.886099	0.921932	0.0493321        	0.196116	0.338967	1  	0.131847
125	500  	258      	346     	0.5    	0.885863	0.921932	0.0494262        	0.196116	0.339783	1  	0.131993
126	500  	257      	346     	0.5    	0.886181	0.921932	0.0494075        	0.196116	0.338927	1  	0.131981
127	500  	262      	346     	0.5    	0.886092	0.921932	0.0494294        	0.204124	0.33963 	1  	0.131766
128	500  	258      	346     	0.5    	0.886321	0.921932	0.0494591        	0.204124	0.338903	1  	0.131865
129	500  	265      	346     	0.5    	0.885834	0.921932	0.0494304        	0.204124	0.341184	1  	0.131443
130	500  	254      	346     	0.5    	0.88589 	0.921932	0.0494241        	0.204124	0.3412  	1  	0.131413
131	500  	257      	346     	0.5    	0.885893	0.921932	0.0494284        	0.204124	0.341291	1  	0.131379
132	500  	250      	346     	0.5    	0.88625 	0.921932	0.0494801        	0.204124	0.340048	1  	0.131614
133	500  	247      	346     	0.5    	0.8862  	0.921932	0.0493904        	0.204124	0.340399	1  	0.131179
134	500  	257      	346     	0.5    	0.885904	0.921932	0.0496479        	0.204124	0.341313	1  	0.131383
135	500  	251      	346     	0.5    	0.886136	0.921932	0.0495878        	0.204124	0.340673	1  	0.131766
136	500  	253      	346     	0.5    	0.886894	0.921932	0.0494308        	0.204124	0.338241	1  	0.131592
137	500  	269      	346     	0.5    	0.886953	0.921932	0.0494686        	0.2     	0.338023	1  	0.131747
138	500  	260      	346     	0.5    	0.887513	0.92237 	0.0488572        	0.196116	0.336775	1  	0.130875
139	500  	246      	346     	0.5    	0.887533	0.92237 	0.0488686        	0.196116	0.336835	1  	0.130819
140	500  	242      	346     	0.5    	0.88757 	0.92237 	0.048887         	0.196116	0.336807	1  	0.130847
141	500  	250      	346     	0.5    	0.88762 	0.92237 	0.0489026        	0.2     	0.336815	1  	0.130838
142	500  	255      	346     	0.5    	0.887631	0.92237 	0.0489076        	0.2     	0.336826	1  	0.130829
143	500  	254      	346     	0.5    	0.886873	0.92237 	0.0497142        	0.2     	0.339008	1  	0.132039
144	500  	238      	346     	0.5    	0.887709	0.92237 	0.0489554        	0.2     	0.33681 	1  	0.130846
145	500  	257      	346     	0.5    	0.887777	0.92237 	0.0489825        	0.2     	0.336591	1  	0.131034
146	500  	247      	346     	0.5    	0.887854	0.92237 	0.049025         	0.2     	0.336202	1  	0.131308
147	500  	258      	346     	0.5    	0.888035	0.92237 	0.0490501        	0.2     	0.335544	1  	0.131482
148	500  	241      	346     	0.5    	0.88857 	0.923925	0.0489953        	0.2     	0.333591	1  	0.131505
149	500  	242      	346     	0.5    	0.889203	0.923925	0.0483224        	0.2     	0.332022	1  	0.130516
150	500  	267      	346     	0.5    	0.888403	0.923925	0.0492537        	0.196116	0.334122	1  	0.132055
151	500  	241      	346     	0.5    	0.889251	0.923925	0.0482215        	0.196116	0.332204	1  	0.13117 
152	500  	255      	346     	0.5    	0.889247	0.923925	0.0480648        	0.19245 	0.332471	1  	0.130564
153	500  	251      	346     	0.5    	0.888819	0.923925	0.0491319        	0.19245 	0.333154	1  	0.131654
154	500  	257      	346     	0.5    	0.889265	0.923925	0.0481634        	0.19245 	0.332488	1  	0.13095 
155	500  	243      	346     	0.5    	0.889191	0.923925	0.0483192        	0.19245 	0.332671	1  	0.131377
156	500  	245      	346     	0.5    	0.889604	0.923925	0.0481306        	0.19245 	0.331401	1  	0.130891
157	500  	244      	346     	0.5    	0.889625	0.923925	0.0481405        	0.19245 	0.331515	1  	0.130799
158	500  	251      	346     	0.5    	0.889651	0.923925	0.0481561        	0.19245 	0.331515	1  	0.130799
159	500  	246      	346     	0.5    	0.889508	0.923925	0.0482211        	0.19245 	0.332142	1  	0.130857
160	500  	243      	346     	0.5    	0.889706	0.923925	0.0481832        	0.19245 	0.331596	1  	0.130723
161	500  	240      	346     	0.5    	0.889563	0.923925	0.0481817        	0.19245 	0.332222	1  	0.130585
162	500  	260      	346     	0.5    	0.88977 	0.923925	0.0482175        	0.19245 	0.331488	1  	0.130812
163	500  	249      	346     	0.5    	0.889783	0.923925	0.048216         	0.19245 	0.331515	1  	0.130787
164	500  	244      	346     	0.5    	0.889841	0.923925	0.0481747        	0.19245 	0.331515	1  	0.130787
165	500  	257      	346     	0.5    	0.889883	0.923925	0.0481985        	0.19245 	0.331306	1  	0.130972
166	500  	246      	346     	0.5    	0.889923	0.923925	0.0482214        	0.19245 	0.331111	1  	0.131119
167	500  	256      	346     	0.5    	0.890177	0.923925	0.0482778        	0.19245 	0.329961	1  	0.131542
168	500  	267      	346     	0.5    	0.890011	0.923925	0.0482608        	0.19245 	0.330764	1  	0.131364
169	500  	250      	346     	0.5    	0.890007	0.923925	0.0482582        	0.19245 	0.331069	1  	0.131147
170	500  	254      	346     	0.5    	0.889999	0.923925	0.048251         	0.19245 	0.331377	1  	0.13091 
171	500  	241      	346     	0.5    	0.890024	0.924169	0.0482651        	0.19245 	0.331416	1  	0.130875
172	500  	260      	346     	0.5    	0.890036	0.924169	0.0482708        	0.19245 	0.331406	1  	0.130884
173	500  	256      	346     	0.5    	0.890052	0.924169	0.0482796        	0.19245 	0.331411	1  	0.130877
174	500  	245      	346     	0.5    	0.890077	0.924169	0.0482948        	0.19245 	0.331451	1  	0.130841
175	500  	242      	346     	0.5    	0.890097	0.924169	0.0483033        	0.19245 	0.33153 	1  	0.130771
176	500  	240      	346     	0.5    	0.889341	0.924374	0.0490335        	0.19245 	0.333775	1  	0.131738
177	500  	255      	346     	0.5    	0.888843	0.924374	0.0491005        	0.19245 	0.335862	1  	0.131437
178	500  	248      	346     	0.5    	0.888905	0.924374	0.0491161        	0.19245 	0.335593	1  	0.131706
179	500  	251      	346     	0.5    	0.88895 	0.924374	0.0491175        	0.19245 	0.335474	1  	0.131796
180	500  	249      	346     	0.5    	0.889135	0.924374	0.0490976        	0.19245 	0.3349  	1  	0.131703
181	500  	249      	346     	0.5    	0.889261	0.924374	0.0491821        	0.19245 	0.334461	1  	0.131965
182	500  	272      	346     	0.5    	0.889134	0.924374	0.049186         	0.19245 	0.335035	1  	0.131978
183	500  	248      	346     	0.5    	0.889212	0.924374	0.0491238        	0.19245 	0.334861	1  	0.131705
184	500  	259      	346     	0.5    	0.889371	0.924611	0.0491917        	0.19245 	0.334361	1  	0.132005
185	500  	245      	346     	0.5    	0.889945	0.924611	0.0483973        	0.19245 	0.332948	1  	0.130729
186	500  	252      	346     	0.5    	0.889056	0.924611	0.0492381        	0.19245 	0.335636	1  	0.131612
187	500  	251      	346     	0.5    	0.888971	0.924611	0.0491927        	0.19245 	0.336221	1  	0.131319
188	500  	254      	346     	0.5    	0.889087	0.924611	0.0492065        	0.19245 	0.335911	1  	0.131513
189	500  	253      	346     	0.5    	0.889151	0.924611	0.0491669        	0.196116	0.335985	1  	0.131156
190	500  	248      	346     	0.5    	0.88922 	0.924611	0.0492355        	0.196116	0.335712	1  	0.131446
191	500  	252      	346     	0.5    	0.889048	0.924611	0.0491441        	0.2     	0.33663 	1  	0.130978
192	500  	258      	346     	0.5    	0.88908 	0.924611	0.0491549        	0.2     	0.336574	1  	0.131017
193	500  	242      	346     	0.5    	0.889195	0.924611	0.0492074        	0.2     	0.336059	1  	0.131316
194	500  	256      	346     	0.5    	0.889105	0.924611	0.049159         	0.2     	0.336703	1  	0.130913
195	500  	251      	346     	0.5    	0.889115	0.924611	0.0491576        	0.204124	0.33686 	1  	0.130773
196	500  	249      	346     	0.5    	0.88916 	0.924611	0.0491845        	0.204124	0.336624	1  	0.130957
197	500  	243      	346     	0.5    	0.889165	0.924611	0.0491856        	0.204124	0.33671 	1  	0.130897
198	500  	252      	346     	0.5    	0.889185	0.924611	0.0491978        	0.204124	0.336646	1  	0.130953
199	500  	258      	346     	0.5    	0.889264	0.924611	0.0492321        	0.204124	0.336325	1  	0.131128
200	500  	264      	346     	0.5    	0.889278	0.924611	0.0492386        	0.204124	0.336251	1  	0.131183
201	500  	251      	346     	0.5    	0.889538	0.925913	0.0492994        	0.204124	0.335265	1  	0.13153 
202	500  	265      	346     	0.5    	0.889691	0.925913	0.0493252        	0.204124	0.334714	1  	0.131641
203	500  	257      	346     	0.5    	0.889419	0.925913	0.0493306        	0.204124	0.335723	1  	0.131538
204	500  	269      	346     	0.5    	0.889304	0.925913	0.0492812        	0.204124	0.33631 	1  	0.131223
205	500  	258      	346     	0.5    	0.889412	0.925913	0.0493253        	0.204124	0.335985	1  	0.131426
206	500  	253      	346     	0.5    	0.889415	0.925913	0.0493247        	0.196116	0.336158	1  	0.131309
207	500  	255      	346     	0.5    	0.889488	0.925913	0.0493549        	0.196116	0.335891	1  	0.13145 
208	500  	246      	346     	0.5    	0.889542	0.925913	0.0493635        	0.196116	0.335712	1  	0.131471
209	500  	250      	346     	0.5    	0.889772	0.925913	0.0494165        	0.196116	0.334867	1  	0.131774
210	500  	259      	346     	0.5    	0.890493	0.925913	0.048563         	0.196116	0.332945	1  	0.130243
211	500  	263      	346     	0.5    	0.890305	0.925913	0.0487468        	0.196116	0.333521	1  	0.130789
212	500  	257      	346     	0.5    	0.890683	0.925913	0.0486323        	0.196116	0.332348	1  	0.13056 
213	500  	261      	346     	0.5    	0.890894	0.925913	0.0486529        	0.196116	0.331545	1  	0.130761
214	500  	254      	346     	0.5    	0.890896	0.925913	0.0486537        	0.196116	0.331545	1  	0.130761
215	500  	267      	346     	0.5    	0.890922	0.925913	0.0486694        	0.196116	0.331341	1  	0.130925
216	500  	266      	346     	0.5    	0.891058	0.925913	0.0486942        	0.196116	0.330875	1  	0.131041
217	500  	239      	346     	0.5    	0.890953	0.925913	0.0486929        	0.196116	0.331407	1  	0.130863
218	500  	271      	346     	0.5    	0.890949	0.925913	0.0486875        	0.196116	0.331412	1  	0.130877
219	500  	256      	346     	0.5    	0.890963	0.926236	0.0486938        	0.196116	0.331513	1  	0.130789
220	500  	251      	346     	0.5    	0.891005	0.926236	0.0487185        	0.196116	0.331424	1  	0.130862
221	500  	258      	346     	0.5    	0.89102 	0.926236	0.0487271        	0.196116	0.331433	1  	0.130853
222	500  	265      	346     	0.5    	0.891055	0.926236	0.0487354        	0.196116	0.331344	1  	0.130932
223	500  	253      	346     	0.5    	0.891072	0.926236	0.0487382        	0.196116	0.331386	1  	0.130896
224	500  	259      	346     	0.5    	0.891087	0.926236	0.0487476        	0.196116	0.331272	1  	0.130994
225	500  	252      	346     	0.5    	0.891125	0.926236	0.0487638        	0.196116	0.331069	1  	0.131149
226	500  	248      	346     	0.5    	0.891242	0.926245	0.0488306        	0.196116	0.330519	1  	0.131528
227	500  	254      	346     	0.5    	0.891455	0.926245	0.0488441        	0.196116	0.329877	1  	0.131497
228	500  	261      	346     	0.5    	0.891816	0.926245	0.048229         	0.196116	0.329145	1  	0.130685
229	500  	258      	346     	0.5    	0.892147	0.926245	0.0482383        	0.196116	0.328079	1  	0.130841
230	500  	252      	346     	0.5    	0.891713	0.926245	0.0489932        	0.196116	0.328918	1  	0.131813
231	500  	269      	346     	0.5    	0.89199 	0.926245	0.0482462        	0.196116	0.328685	1  	0.130815
232	500  	267      	346     	0.5    	0.892173	0.926245	0.0482622        	0.196116	0.328033	1  	0.130929
233	500  	255      	346     	0.5    	0.892689	0.926987	0.048126         	0.196116	0.326397	1  	0.130564
234	500  	263      	346     	0.5    	0.892795	0.926987	0.0481485        	0.196116	0.326034	1  	0.130673
235	500  	257      	346     	0.5    	0.892807	0.926987	0.0481561        	0.19245 	0.325968	1  	0.130735
236	500  	261      	346     	0.5    	0.892812	0.926987	0.0481593        	0.19245 	0.325945	1  	0.130758
237	500  	260      	346     	0.5    	0.892838	0.926987	0.0481753        	0.188982	0.325702	1  	0.13097 
238	500  	264      	346     	0.5    	0.892882	0.926987	0.0481958        	0.188982	0.325499	1  	0.131117
239	500  	248      	346     	0.5    	0.892906	0.926987	0.0482093        	0.188982	0.325378	1  	0.131203
240	500  	254      	346     	0.5    	0.892892	0.926987	0.0481877        	0.188982	0.325628	1  	0.131035
241	500  	265      	346     	0.5    	0.892914	0.926987	0.0482002        	0.188982	0.32569 	1  	0.13099 
242	500  	244      	346     	0.5    	0.892932	0.926987	0.0482103        	0.188982	0.325693	1  	0.130988
243	500  	254      	346     	0.5    	0.892965	0.926987	0.0482303        	0.188982	0.32562 	1  	0.131058
244	500  	250      	346     	0.5    	0.892968	0.926987	0.0482323        	0.188982	0.32562 	1  	0.131058
245	500  	258      	346     	0.5    	0.892989	0.926987	0.0482449        	0.188982	0.325407	1  	0.131244
246	500  	250      	346     	0.5    	0.893003	0.926987	0.048251         	0.188982	0.325334	1  	0.131302
247	500  	261      	346     	0.5    	0.893008	0.926987	0.0482543        	0.188982	0.325431	1  	0.131232
248	500  	254      	346     	0.5    	0.893073	0.926987	0.0482908        	0.188982	0.324985	1  	0.131562
249	500  	258      	346     	0.5    	0.892898	0.928902	0.0482925        	0.188982	0.326   	1  	0.131158
250	500  	254      	346     	0.5    	0.89232 	0.928902	0.0493253        	0.188982	0.32735 	1  	0.132134
251	500  	261      	346     	0.5    	0.892969	0.928902	0.0482703        	0.188982	0.325932	1  	0.131003
252	500  	257      	346     	0.5    	0.892826	0.928902	0.048471         	0.188982	0.326354	1  	0.131445
253	500  	260      	346     	0.5    	0.893104	0.928902	0.0483114        	0.188982	0.325635	1  	0.131052
254	500  	249      	346     	0.5    	0.893141	0.931482	0.0483353        	0.188982	0.325598	1  	0.131085
255	500  	248      	346     	0.5    	0.893163	0.931482	0.0483486        	0.188982	0.325454	1  	0.131196
256	500  	258      	346     	0.5    	0.893287	0.931482	0.0484147        	0.188982	0.32485 	1  	0.131576
257	500  	253      	346     	0.5    	0.893654	0.931482	0.0484353        	0.188982	0.323481	1  	0.131731
258	500  	254      	346     	0.5    	0.893281	0.931482	0.0484407        	0.188982	0.324971	1  	0.131509
259	500  	256      	346     	0.5    	0.893302	0.931482	0.0484545        	0.188982	0.324888	1  	0.1316  
260	500  	260      	346     	0.5    	0.893673	0.931482	0.0485328        	0.188982	0.323655	1  	0.131895
261	500  	260      	346     	0.5    	0.894349	0.931482	0.0477446        	0.188982	0.321799	1  	0.130633
262	500  	251      	346     	0.5    	0.894832	0.931482	0.0477473        	0.188982	0.32018 	1  	0.130691
263	500  	262      	346     	0.5    	0.894865	0.931482	0.0477681        	0.188982	0.320179	1  	0.130692
264	500  	256      	346     	0.5    	0.894892	0.931482	0.0477861        	0.188982	0.320189	1  	0.130683
265	500  	274      	346     	0.5    	0.894937	0.931482	0.0478141        	0.19245 	0.320227	1  	0.130648
266	500  	260      	346     	0.5    	0.894993	0.931503	0.0478494        	0.19245 	0.320103	1  	0.13075 
267	500  	260      	346     	0.5    	0.895038	0.931503	0.0478708        	0.19245 	0.320161	1  	0.130702
268	500  	262      	346     	0.5    	0.895062	0.931503	0.0478863        	0.19245 	0.320238	1  	0.130635
269	500  	259      	346     	0.5    	0.895136	0.931681	0.047932         	0.19245 	0.320078	1  	0.130755
270	500  	258      	346     	0.5    	0.895164	0.932091	0.0479519        	0.188982	0.320072	1  	0.130767
271	500  	243      	346     	0.5    	0.8952  	0.932091	0.0479747        	0.188982	0.319985	1  	0.130838
272	500  	250      	346     	0.5    	0.895301	0.932091	0.0480248        	0.188982	0.31956 	1  	0.131096
273	500  	249      	346     	0.5    	0.895356	0.932091	0.0480576        	0.188982	0.319442	1  	0.131177
274	500  	246      	346     	0.5    	0.895575	0.932091	0.0481136        	0.188982	0.318792	1  	0.131335
275	500  	254      	346     	0.5    	0.896348	0.932574	0.047516         	0.188982	0.316501	1  	0.130547
276	500  	267      	346     	0.5    	0.896948	0.932574	0.0473863        	0.188982	0.314599	1  	0.130206
277	500  	256      	346     	0.5    	0.89688 	0.932594	0.0473952        	0.188982	0.315001	1  	0.130093
278	500  	254      	346     	0.5    	0.896993	0.932594	0.0474135        	0.188982	0.314657	1  	0.130156
279	500  	253      	346     	0.5    	0.897007	0.932594	0.0474165        	0.188982	0.31465 	1  	0.130162
280	500  	252      	346     	0.5    	0.896378	0.932594	0.048141         	0.188982	0.316511	1  	0.13106 
281	500  	255      	346     	0.5    	0.896357	0.93314 	0.048219         	0.188982	0.316687	1  	0.13126 
282	500  	244      	346     	0.5    	0.896903	0.93314 	0.0474422        	0.188982	0.315358	1  	0.129964
283	500  	263      	346     	0.5    	0.896274	0.93314 	0.0485448        	0.188982	0.316843	1  	0.131521
284	500  	259      	346     	0.5    	0.895989	0.93314 	0.0485468        	0.188982	0.31796 	1  	0.131672
285	500  	278      	346     	0.5    	0.895862	0.93314 	0.0484483        	0.188982	0.318564	1  	0.131442
286	500  	249      	346     	0.5    	0.896304	0.93314 	0.0476944        	0.188982	0.317684	1  	0.130468
287	500  	248      	346     	0.5    	0.896616	0.93314 	0.047675         	0.188982	0.316673	1  	0.130399
288	500  	259      	346     	0.5    	0.895879	0.93314 	0.0484674        	0.188982	0.318851	1  	0.131333
289	500  	247      	346     	0.5    	0.896124	0.93314 	0.0485224        	0.188982	0.318137	1  	0.131485
290	500  	244      	346     	0.5    	0.896438	0.93314 	0.0485291        	0.188982	0.317078	1  	0.131536
291	500  	242      	346     	0.5    	0.897185	0.93314 	0.0476048        	0.185695	0.315195	1  	0.130019
292	500  	235      	346     	0.5    	0.896965	0.93314 	0.0477498        	0.185695	0.315897	1  	0.1304  
293	500  	250      	346     	0.5    	0.897143	0.93314 	0.0475898        	0.185695	0.31545 	1  	0.129896
294	500  	260      	346     	0.5    	0.896931	0.93314 	0.0478053        	0.185695	0.31605 	1  	0.130489
295	500  	263      	346     	0.5    	0.8971  	0.93314 	0.0476266        	0.185695	0.315603	1  	0.129974
296	500  	253      	346     	0.5    	0.897125	0.93314 	0.0476665        	0.185695	0.315633	1  	0.130092
297	500  	238      	346     	0.5    	0.897164	0.93314 	0.047629         	0.185695	0.315525	1  	0.129907
298	500  	251      	346     	0.5    	0.897442	0.93314 	0.0476796        	0.185695	0.314752	1  	0.130076
299	500  	259      	346     	0.5    	0.897445	0.93314 	0.0476814        	0.185695	0.314752	1  	0.130076
NSGA-III multi-view multi-objective optimizer (MO-3-folds creator, pop 500, uniform(0, 50), gen 300, sort NSGA3CICR, crossover 0.33, mutation 1.0 symmetric flip) with (multi-view lasso FI, multi-view Cox FI) final optimization execution time = 00-02:06:29

FEATURE SETS SELECTED ON WHOLE DATASET

PARETO FRONT
Number of solutions = 23
Features in hall of fame by prevalence:
37 features: [0_age_at_initial_pathologic_diagnosis, 1_hsa.miR.3074.5p, 1_hsa.miR.10b.5p, 1_hsa.let.7f.5p, 1_hsa.miR.1296.5p, 1_hsa.miR.28.3p, 1_hsa.miR.154.5p, 1_hsa.miR.346, 1_hsa.miR.548d.3p, 1_hsa.miR.520e, 1_hsa.miR.1228.3p, 1_hsa.miR.126.5p, 1_hsa.miR.222.5p, 1_hsa.miR.4728.3p, 1_hsa.miR.664a.5p, 1_hsa.miR.342.5p, 1_hsa.miR.22.5p, 1_hsa.let.7e.5p, 1_hsa.miR.135b.5p, 1_hsa.miR.155.3p, 1_hsa.miR.15b.5p, 1_hsa.miR.215.5p, 1_hsa.miR.3150b.3p, 1_hsa.miR.33a.3p, 1_hsa.miR.361.3p, 1_hsa.miR.3677.3p, 1_hsa.miR.483.5p, 1_hsa.miR.135a.3p, 1_hsa.miR.187.3p, 1_hsa.miR.26a.5p, 1_hsa.miR.301b, 1_hsa.miR.3131, 1_hsa.miR.487a.3p, 1_hsa.miR.6503.5p, 1_hsa.miR.769.3p, 1_hsa.miR.942.5p, 1_hsa.miR.513a.3p]

LAST POPULATION
Number of solutions = 500
Features in hall of fame by prevalence:
156 features: [0_age_at_initial_pathologic_diagnosis, 1_hsa.miR.3074.5p, 1_hsa.miR.10b.5p, 1_hsa.miR.1296.5p, 1_hsa.let.7f.5p, 1_hsa.miR.28.3p, 1_hsa.miR.154.5p, 1_hsa.miR.548d.3p, 1_hsa.miR.520e, 1_hsa.miR.346, 1_hsa.miR.1228.3p, 1_hsa.miR.222.5p, 1_hsa.miR.126.5p, 1_hsa.miR.4728.3p, 1_hsa.miR.342.5p, 1_hsa.miR.664a.5p, 1_hsa.miR.361.3p, 1_hsa.miR.22.5p, 1_hsa.miR.215.5p, 1_hsa.miR.33a.3p, 1_hsa.miR.3677.3p, 1_hsa.miR.3150b.3p, 1_hsa.miR.15b.5p, 1_hsa.miR.135b.5p, 1_hsa.miR.125b.1.3p, 1_hsa.let.7e.5p, 1_hsa.miR.335.5p, 1_hsa.miR.6503.5p, 1_hsa.miR.942.5p, 1_hsa.miR.204.3p, 1_hsa.miR.15a.5p, 1_hsa.miR.451a, 1_hsa.miR.148a.5p, 1_hsa.miR.503.5p, 1_hsa.miR.26a.5p, 1_hsa.miR.25.5p, 1_hsa.miR.378d, 1_hsa.miR.483.5p, 1_hsa.miR.10b.3p, 1_hsa.miR.144.5p, 1_hsa.miR.155.3p, 1_hsa.miR.495.5p, 1_hsa.miR.6502.5p, 1_hsa.miR.107, 1_hsa.miR.187.3p, 1_hsa.miR.487a.3p, 1_hsa.miR.574.3p, 1_hsa.miR.135a.3p, 1_hsa.miR.335.3p, 1_hsa.miR.432.5p, 1_hsa.let.7g.5p, 1_hsa.miR.193a.3p, 1_hsa.miR.196a.5p, 1_hsa.miR.204.5p, 1_hsa.miR.224.5p, 1_hsa.miR.30d.5p, 1_hsa.miR.3923, 1_hsa.miR.193b.5p, 1_hsa.miR.222.3p, 1_hsa.miR.23b.5p, 1_hsa.miR.28.5p, 1_hsa.miR.301b, 1_hsa.miR.320a, 1_hsa.miR.424.5p, 1_hsa.miR.4709.3p, 1_hsa.miR.98.3p, 1_hsa.miR.513a.3p, 1_hsa.miR.10a.5p, 1_hsa.miR.127.3p, 1_hsa.miR.15b.3p, 1_hsa.miR.16.2.3p, 1_hsa.miR.221.5p, 1_hsa.miR.379.5p, 1_hsa.miR.664a.3p, 1_hsa.let.7i.5p, 1_hsa.miR.149.3p, 1_hsa.miR.1537.5p, 1_hsa.miR.200b.5p, 1_hsa.miR.21.3p, 1_hsa.miR.34a.5p, 1_hsa.miR.361.5p, 1_hsa.miR.378c, 1_hsa.miR.381.3p, 1_hsa.miR.450b.5p, 1_hsa.miR.500a.5p, 1_hsa.miR.552.5p, 1_hsa.miR.584.3p, 1_hsa.miR.651.5p, 1_hsa.miR.766.3p, 1_hsa.miR.7704, 1_hsa.miR.9.5p, 1_hsa.miR.125a.3p, 1_hsa.miR.1269a, 1_hsa.miR.140.5p, 1_hsa.miR.142.3p, 1_hsa.miR.144.3p, 1_hsa.miR.148a.3p, 1_hsa.miR.150.5p, 1_hsa.miR.155.5p, 1_hsa.miR.16.1.3p, ...]

BEST SUMS WITH SIZE 50
Number of solutions = 50
Features in hall of fame by prevalence:
45 features: [1_hsa.miR.15b.5p, 0_age_at_initial_pathologic_diagnosis, 1_hsa.miR.10b.3p, 1_hsa.miR.10b.5p, 1_hsa.miR.15b.3p, 1_hsa.let.7e.5p, 1_hsa.miR.10a.5p, 1_hsa.miR.1228.3p, 1_hsa.miR.125a.3p, 1_hsa.miR.135b.5p, 1_hsa.miR.146b.3p, 1_hsa.miR.146b.5p, 1_hsa.miR.148a.3p, 1_hsa.miR.148a.5p, 1_hsa.miR.149.3p, 1_hsa.miR.155.5p, 1_hsa.miR.16.2.3p, 1_hsa.miR.16.5p, 1_hsa.miR.188.5p, 1_hsa.miR.196a.5p, 1_hsa.miR.196b.5p, 1_hsa.miR.200a.5p, 1_hsa.miR.21.3p, 1_hsa.miR.221.3p, 1_hsa.miR.222.5p, 1_hsa.miR.23b.5p, 1_hsa.miR.25.3p, 1_hsa.miR.27a.5p, 1_hsa.miR.335.3p, 1_hsa.miR.335.5p, 1_hsa.miR.3677.3p, 1_hsa.miR.431.5p, 1_hsa.miR.4677.3p, 1_hsa.miR.550a.3p, 1_hsa.miR.615.3p, 1_hsa.miR.6509.5p, 1_hsa.miR.651.5p, 1_hsa.miR.664a.3p, 1_hsa.miR.671.5p, 1_hsa.miR.6806.3p, 1_hsa.miR.6892.5p, 1_hsa.miR.942.5p, 1_hsa.miR.9.5p, 1_hsa.miR.99b.3p, 1_hsa.miR.99b.5p]

BEST SUMS WITH SIZE 100
Number of solutions = 100
Features in hall of fame by prevalence:
68 features: [0_age_at_initial_pathologic_diagnosis, 1_hsa.miR.15b.5p, 1_hsa.miR.335.3p, 1_hsa.miR.10b.5p, 1_hsa.miR.10b.3p, 1_hsa.miR.196a.5p, 1_hsa.miR.135b.5p, 1_hsa.miR.9.5p, 1_hsa.miR.125b.1.3p, 1_hsa.miR.146b.3p, 1_hsa.miR.146b.5p, 1_hsa.miR.148a.5p, 1_hsa.miR.155.5p, 1_hsa.miR.15b.3p, 1_hsa.miR.196b.5p, 1_hsa.miR.21.3p, 1_hsa.miR.222.5p, 1_hsa.miR.3677.3p, 1_hsa.miR.450b.5p, 1_hsa.miR.455.3p, 1_hsa.miR.4677.3p, 1_hsa.miR.615.3p, 1_hsa.miR.664a.3p, 1_hsa.let.7e.5p, 1_hsa.let.7f.5p, 1_hsa.let.7i.5p, 1_hsa.miR.10a.5p, 1_hsa.miR.1228.3p, 1_hsa.miR.125a.3p, 1_hsa.miR.1266.5p, 1_hsa.miR.148a.3p, 1_hsa.miR.148b.3p, 1_hsa.miR.149.3p, 1_hsa.miR.16.2.3p, 1_hsa.miR.16.5p, 1_hsa.miR.188.5p, 1_hsa.miR.199b.3p, 1_hsa.miR.199b.5p, 1_hsa.miR.200a.5p, 1_hsa.miR.21.5p, 1_hsa.miR.221.3p, 1_hsa.miR.222.3p, 1_hsa.miR.23a.3p, 1_hsa.miR.23b.5p, 1_hsa.miR.25.3p, 1_hsa.miR.27a.3p, 1_hsa.miR.27a.5p, 1_hsa.miR.3074.5p, 1_hsa.miR.320b, 1_hsa.miR.335.5p, 1_hsa.miR.34a.5p, 1_hsa.miR.361.5p, 1_hsa.miR.378a.3p, 1_hsa.miR.431.5p, 1_hsa.miR.451a, 1_hsa.miR.455.5p, 1_hsa.miR.4746.5p, 1_hsa.miR.550a.3p, 1_hsa.miR.550a.5p, 1_hsa.miR.590.3p, 1_hsa.miR.6509.5p, 1_hsa.miR.651.5p, 1_hsa.miR.671.5p, 1_hsa.miR.6806.3p, 1_hsa.miR.6892.5p, 1_hsa.miR.942.5p, 1_hsa.miR.99b.3p, 1_hsa.miR.99b.5p]

SAVING FEATURES AND FITNESSES FOR EACH SELECTED INDIVIDUAL TO FILES.
