
OPTIMIZING ON FOLD NUMBER 3
Number of workers = 80

COMPUTING LOCAL ACTIVE FEATURES
Computing active features for view clinic
Existing features: 8
Applying union strategy for feature selection using composite feature selector with
categorical: feature selector any na and anova
survival: feature selector Cox

Computing active features for outcome survival
Features selected for this outcome: 1
Features active in total: 1
Computing active features for view log_mirna
Existing features: 740
Applying union strategy for feature selection using composite feature selector with
categorical: feature selector any na and anova
survival: feature selector Cox

Computing active features for outcome survival
Features selected for this outcome: 255
Features active in total: 255
Computing feature importance
Running optimizer

CREATING INNER FOLDS

ASSIGNING STRATA FOR MULTI-OUTCOME DATA LGG_MV
Assigning strata for outcome named survival of type survival
Counts:
censored 0: 160
censored 1: 93
deceased 0: 39
deceased 1: 37

RUNNING GENETIC ALGORITHM
Generations completed = 113
Generations completed = 236
   	     	         	        	   survival SKSurv Cox model concordance index   	                 root leanness                  
   	     	         	        	-------------------------------------------------	------------------------------------------------
gen	evals	gen_feats	explored	min	avg     	max     	std                  	min     	avg     	max	std     
0  	500  	29       	29      	0.5	0.706491	0.883099	0.0995471            	0.182574	0.26328 	1  	0.148373
1  	741  	194      	194     	0.5	0.81473 	0.894542	0.0621959            	0.185695	0.320408	1  	0.117099
2  	500  	190      	232     	0.5	0.818118	0.897557	0.0660219            	0.19245 	0.349478	1  	0.130301
3  	500  	198      	248     	0.5	0.826048	0.897557	0.0650429            	0.19245 	0.352345	1  	0.134084
4  	500  	195      	254     	0.5	0.833445	0.897557	0.0598288            	0.19245 	0.350752	1  	0.134874
5  	500  	194      	256     	0.5	0.839112	0.897557	0.055761             	0.204124	0.351081	1  	0.134554
6  	500  	196      	256     	0.5	0.844206	0.897557	0.0532782            	0.204124	0.348169	1  	0.133747
7  	500  	195      	256     	0.5	0.846958	0.897557	0.0530634            	0.2     	0.348781	1  	0.133235
8  	500  	203      	256     	0.5	0.848262	0.897557	0.0529526            	0.204124	0.353442	1  	0.133223
9  	500  	212      	256     	0.5	0.850147	0.897557	0.0528296            	0.204124	0.354703	1  	0.134296
10 	500  	206      	256     	0.5	0.851866	0.90144 	0.0516056            	0.204124	0.357263	1  	0.133721
11 	500  	205      	256     	0.5	0.85471 	0.902719	0.0502696            	0.204124	0.354149	1  	0.132678
12 	500  	195      	256     	0.5	0.856571	0.902719	0.0505609            	0.204124	0.352196	1  	0.1337  
13 	500  	210      	256     	0.5	0.859138	0.903795	0.0495586            	0.204124	0.349412	1  	0.13247 
14 	500  	210      	256     	0.5	0.86026 	0.903795	0.0493407            	0.204124	0.350122	1  	0.131971
15 	500  	218      	256     	0.5	0.860286	0.903795	0.0505278            	0.204124	0.353706	1  	0.132686
16 	500  	202      	256     	0.5	0.861412	0.904483	0.0502004            	0.204124	0.354069	1  	0.132584
17 	500  	206      	256     	0.5	0.861451	0.904483	0.0505898            	0.204124	0.357223	1  	0.133586
18 	500  	201      	256     	0.5	0.863225	0.904483	0.0500903            	0.204124	0.354239	1  	0.133405
19 	500  	210      	256     	0.5	0.864915	0.906836	0.0500191            	0.204124	0.351121	1  	0.134043
20 	500  	214      	256     	0.5	0.865466	0.908098	0.0499614            	0.2     	0.351396	1  	0.134352
21 	500  	217      	256     	0.5	0.867422	0.912812	0.0493234            	0.2     	0.347477	1  	0.134026
22 	500  	221      	256     	0.5	0.869227	0.912812	0.0482687            	0.188982	0.343955	1  	0.13318 
23 	500  	209      	256     	0.5	0.870208	0.912812	0.0483502            	0.188982	0.343506	1  	0.133148
24 	500  	220      	256     	0.5	0.870814	0.912812	0.0485292            	0.188982	0.343218	1  	0.133349
25 	500  	217      	256     	0.5	0.871374	0.912812	0.0482193            	0.2     	0.344238	1  	0.132808
26 	500  	202      	256     	0.5	0.872405	0.912812	0.0482673            	0.2     	0.342457	1  	0.132948
27 	500  	206      	256     	0.5	0.873674	0.912812	0.0474914            	0.196116	0.340278	1  	0.132041
28 	500  	224      	256     	0.5	0.874178	0.912812	0.0475685            	0.196116	0.34043 	1  	0.132018
29 	500  	210      	256     	0.5	0.874532	0.912812	0.0476584            	0.196116	0.340027	1  	0.132333
30 	500  	209      	256     	0.5	0.875156	0.912812	0.0478416            	0.196116	0.338246	1  	0.133001
31 	500  	208      	256     	0.5	0.875333	0.912812	0.0478378            	0.188982	0.338855	1  	0.13275 
32 	500  	215      	256     	0.5	0.875668	0.913167	0.0479565            	0.188982	0.338645	1  	0.133036
33 	500  	220      	256     	0.5	0.87595 	0.913167	0.0479922            	0.188982	0.338667	1  	0.132886
34 	500  	215      	256     	0.5	0.876174	0.913167	0.0480054            	0.188982	0.339084	1  	0.132996
35 	500  	216      	256     	0.5	0.876353	0.913891	0.0480612            	0.188982	0.339273	1  	0.132887
36 	500  	214      	256     	0.5	0.876719	0.913891	0.0481836            	0.188982	0.338828	1  	0.133107
37 	500  	209      	256     	0.5	0.876878	0.913891	0.0481691            	0.188982	0.33908 	1  	0.132947
38 	500  	213      	256     	0.5	0.877064	0.913891	0.0482238            	0.188982	0.339031	1  	0.133079
39 	500  	218      	256     	0.5	0.877773	0.9147  	0.0482784            	0.188982	0.336976	1  	0.133562
40 	500  	214      	256     	0.5	0.878517	0.9147  	0.0474635            	0.188982	0.335804	1  	0.132546
41 	500  	214      	256     	0.5	0.878689	0.9147  	0.0475343            	0.188982	0.336081	1  	0.132309
42 	500  	216      	256     	0.5	0.877744	0.9147  	0.0479896            	0.196116	0.340293	1  	0.133038
43 	500  	223      	256     	0.5	0.877935	0.9147  	0.0480076            	0.196116	0.340324	1  	0.13298 
44 	500  	208      	256     	0.5	0.87815 	0.9147  	0.048067             	0.196116	0.340002	1  	0.133131
45 	500  	215      	256     	0.5	0.878266	0.9147  	0.0480472            	0.196116	0.340435	1  	0.132904
46 	500  	219      	256     	0.5	0.878635	0.915978	0.0481849            	0.196116	0.339173	1  	0.133508
47 	500  	220      	256     	0.5	0.879747	0.915978	0.0474386            	0.196116	0.335973	1  	0.13242 
48 	500  	211      	256     	0.5	0.880013	0.915978	0.0475653            	0.196116	0.335173	1  	0.132864
49 	500  	219      	256     	0.5	0.880297	0.915978	0.047673             	0.196116	0.334377	1  	0.133152
50 	500  	227      	256     	0.5	0.880171	0.917921	0.0476297            	0.196116	0.336385	1  	0.132101
51 	500  	216      	256     	0.5	0.880543	0.917921	0.0478133            	0.196116	0.335528	1  	0.132684
52 	500  	211      	256     	0.5	0.880983	0.919689	0.047994             	0.188982	0.334026	1  	0.133377
53 	500  	227      	256     	0.5	0.881266	0.919689	0.0480881            	0.188982	0.333651	1  	0.133466
54 	500  	213      	256     	0.5	0.881325	0.919689	0.048125             	0.188982	0.334027	1  	0.13338 
55 	500  	204      	256     	0.5	0.882412	0.922262	0.0474924            	0.188982	0.331157	1  	0.132409
56 	500  	211      	256     	0.5	0.882704	0.922262	0.0475112            	0.188982	0.330675	1  	0.132246
57 	500  	217      	256     	0.5	0.881814	0.922262	0.0484738            	0.188982	0.333714	1  	0.133585
58 	500  	211      	256     	0.5	0.882521	0.922262	0.0483359            	0.188982	0.331763	1  	0.133238
59 	500  	212      	256     	0.5	0.882605	0.922262	0.0484361            	0.188982	0.331876	1  	0.133345
60 	500  	215      	256     	0.5	0.883334	0.922262	0.0477851            	0.19245 	0.330545	1  	0.132274
61 	500  	215      	256     	0.5	0.882361	0.922262	0.0489293            	0.19245 	0.333903	1  	0.133554
62 	500  	213      	256     	0.5	0.882736	0.922593	0.0488471            	0.19245 	0.333275	1  	0.133705
63 	500  	215      	256     	0.5	0.883538	0.922593	0.0478758            	0.188982	0.331888	1  	0.133   
64 	500  	210      	256     	0.5	0.884199	0.922593	0.0476385            	0.188982	0.330141	1  	0.132578
65 	500  	219      	256     	0.5	0.884524	0.922593	0.0474471            	0.188982	0.329762	1  	0.132803
66 	500  	204      	256     	0.5	0.884783	0.922593	0.047576             	0.188982	0.329275	1  	0.133063
67 	500  	215      	256     	0.5	0.885164	0.922593	0.0475668            	0.188982	0.328531	1  	0.132883
68 	500  	213      	256     	0.5	0.885478	0.922593	0.0475831            	0.188982	0.327663	1  	0.132762
69 	500  	215      	256     	0.5	0.885063	0.924085	0.0477363            	0.188982	0.330056	1  	0.132628
70 	500  	217      	256     	0.5	0.885162	0.924085	0.0477429            	0.188982	0.330369	1  	0.132394
71 	500  	207      	256     	0.5	0.885323	0.924085	0.0478307            	0.19245 	0.330326	1  	0.132374
72 	500  	216      	256     	0.5	0.885471	0.924085	0.0479138            	0.19245 	0.330168	1  	0.132545
73 	500  	206      	256     	0.5	0.885627	0.924085	0.0479522            	0.19245 	0.329846	1  	0.132698
74 	500  	220      	256     	0.5	0.886932	0.924085	0.0472147            	0.19245 	0.326154	1  	0.131338
75 	500  	207      	256     	0.5	0.887091	0.924085	0.0472445            	0.188982	0.326094	1  	0.131398
76 	500  	211      	256     	0.5	0.887173	0.924186	0.0472952            	0.188982	0.326241	1  	0.131377
77 	500  	211      	256     	0.5	0.887009	0.924186	0.047678             	0.188982	0.326644	1  	0.131889
78 	500  	216      	256     	0.5	0.887537	0.924186	0.0469683            	0.188982	0.325883	1  	0.131554
79 	500  	201      	256     	0.5	0.887704	0.925084	0.0470574            	0.185695	0.325445	1  	0.131904
80 	500  	203      	256     	0.5	0.887785	0.925084	0.0470941            	0.185695	0.325404	1  	0.131906
81 	500  	207      	256     	0.5	0.8881  	0.925084	0.0472226            	0.185695	0.324536	1  	0.132366
82 	500  	216      	256     	0.5	0.887974	0.925084	0.0471723            	0.185695	0.325383	1  	0.131937
83 	500  	210      	256     	0.5	0.888417	0.925084	0.0472937            	0.185695	0.323971	1  	0.132424
84 	500  	217      	256     	0.5	0.88826 	0.926576	0.0473034            	0.185695	0.325023	1  	0.132208
85 	500  	210      	256     	0.5	0.888773	0.926576	0.0472507            	0.185695	0.323501	1  	0.131979
86 	500  	209      	256     	0.5	0.889347	0.926576	0.0467411            	0.185695	0.32221 	1  	0.131254
87 	500  	213      	256     	0.5	0.889805	0.926576	0.0466059            	0.185695	0.321016	1  	0.130945
88 	500  	223      	256     	0.5	0.88989 	0.927439	0.0466423            	0.185695	0.321024	1  	0.130937
89 	500  	217      	256     	0.5	0.890037	0.928271	0.046717             	0.185695	0.32073 	1  	0.131142
90 	500  	201      	256     	0.5	0.890205	0.928909	0.046806             	0.185695	0.320323	1  	0.13143 
91 	500  	206      	256     	0.5	0.890297	0.928909	0.0468294            	0.188982	0.320303	1  	0.131436
92 	500  	212      	256     	0.5	0.890372	0.928909	0.0468685            	0.188982	0.320283	1  	0.131439
93 	500  	214      	256     	0.5	0.890465	0.928909	0.0469132            	0.188982	0.320157	1  	0.131518
94 	500  	222      	256     	0.5	0.890421	0.928909	0.0468821            	0.188982	0.320634	1  	0.131182
95 	500  	203      	256     	0.5	0.890471	0.928909	0.0469106            	0.188982	0.320637	1  	0.131191
96 	500  	213      	256     	0.5	0.890619	0.928909	0.0469941            	0.188982	0.320345	1  	0.131393
97 	500  	216      	256     	0.5	0.890698	0.928909	0.0470413            	0.188982	0.320362	1  	0.131373
98 	500  	207      	256     	0.5	0.89083 	0.928909	0.0471046            	0.188982	0.32002 	1  	0.131538
99 	500  	205      	256     	0.5	0.890941	0.928909	0.0471319            	0.188982	0.319748	1  	0.131573
100	500  	211      	256     	0.5	0.891078	0.929028	0.047206             	0.188982	0.319347	1  	0.131835
101	500  	203      	256     	0.5	0.891165	0.929028	0.0472257            	0.188982	0.319163	1  	0.13176 
102	500  	207      	256     	0.5	0.891151	0.929028	0.0472911            	0.188982	0.31941 	1  	0.131899
103	500  	214      	256     	0.5	0.891209	0.929028	0.0473127            	0.188982	0.319424	1  	0.131885
104	500  	203      	256     	0.5	0.891241	0.929028	0.0473069            	0.188982	0.319524	1  	0.131813
105	500  	212      	256     	0.5	0.891381	0.929028	0.0473544            	0.188982	0.319187	1  	0.131982
106	500  	204      	256     	0.5	0.891306	0.929028	0.0473226            	0.188982	0.31985 	1  	0.131657
107	500  	207      	256     	0.5	0.891402	0.929028	0.0473725            	0.188982	0.319587	1  	0.131837
108	500  	209      	256     	0.5	0.891443	0.929028	0.0473924            	0.185695	0.319487	1  	0.131919
109	500  	194      	256     	0.5	0.891443	0.929028	0.0473977            	0.185695	0.319769	1  	0.131746
110	500  	201      	256     	0.5	0.8916  	0.929028	0.0474638            	0.185695	0.319229	1  	0.13199 
111	500  	212      	256     	0.5	0.891766	0.929028	0.0474973            	0.185695	0.318708	1  	0.132017
112	500  	216      	256     	0.5	0.891532	0.929028	0.0473114            	0.185695	0.319969	1  	0.131624
113	500  	206      	256     	0.5	0.891555	0.929028	0.047322             	0.185695	0.319969	1  	0.131624
114	500  	195      	256     	0.5	0.891591	0.929028	0.0473395            	0.185695	0.319976	1  	0.131617
115	500  	202      	256     	0.5	0.891636	0.929028	0.0473356            	0.185695	0.319915	1  	0.131498
116	500  	220      	256     	0.5	0.891561	0.929028	0.0473102            	0.188982	0.320512	1  	0.131263
117	500  	209      	256     	0.5	0.89159 	0.929028	0.0473243            	0.188982	0.320503	1  	0.131287
118	500  	203      	256     	0.5	0.891639	0.929028	0.0473506            	0.188982	0.320431	1  	0.131342
119	500  	219      	256     	0.5	0.891642	0.929028	0.0473466            	0.188982	0.320563	1  	0.131247
120	500  	200      	256     	0.5	0.891712	0.929028	0.0473718            	0.188982	0.320352	1  	0.131362
121	500  	215      	256     	0.5	0.891902	0.92932 	0.0474547            	0.188982	0.319852	1  	0.13158 
122	500  	206      	256     	0.5	0.891913	0.92932 	0.0474666            	0.188982	0.319989	1  	0.131555
123	500  	210      	256     	0.5	0.89199 	0.92932 	0.0474928            	0.188982	0.319838	1  	0.131577
124	500  	219      	256     	0.5	0.891991	0.92932 	0.0474937            	0.188982	0.319843	1  	0.131544
125	500  	219      	256     	0.5	0.892235	0.92932 	0.047554             	0.188982	0.318991	1  	0.13169 
126	500  	203      	256     	0.5	0.892458	0.930904	0.0473936            	0.188982	0.318543	1  	0.131136
127	500  	204      	256     	0.5	0.892894	0.930904	0.0472878            	0.188982	0.317211	1  	0.130886
128	500  	203      	256     	0.5	0.893059	0.930904	0.0472897            	0.188982	0.316786	1  	0.130934
129	500  	207      	256     	0.5	0.89255 	0.930904	0.0475167            	0.188982	0.318457	1  	0.131388
130	500  	209      	256     	0.5	0.892605	0.930904	0.0474945            	0.188982	0.318416	1  	0.13138 
131	500  	215      	256     	0.5	0.892639	0.930904	0.0474554            	0.188982	0.318414	1  	0.131211
132	500  	203      	256     	0.5	0.892766	0.930904	0.0475547            	0.188982	0.317934	1  	0.131484
133	500  	214      	256     	0.5	0.892459	0.930904	0.0474937            	0.188982	0.319303	1  	0.131133
134	500  	210      	256     	0.5	0.89255 	0.930904	0.0474812            	0.188982	0.319078	1  	0.131151
135	500  	202      	256     	0.5	0.892881	0.930904	0.0474605            	0.185695	0.318029	1  	0.131225
136	500  	212      	256     	0.5	0.892695	0.930904	0.0475753            	0.185695	0.318696	1  	0.131372
137	500  	212      	256     	0.5	0.893288	0.930904	0.0468817            	0.185695	0.317242	1  	0.130386
138	500  	209      	256     	0.5	0.893066	0.930904	0.0476115            	0.185695	0.317578	1  	0.131227
139	500  	213      	256     	0.5	0.892836	0.930904	0.0477256            	0.185695	0.318264	1  	0.131431
140	500  	210      	256     	0.5	0.892811	0.930904	0.0477361            	0.185695	0.318325	1  	0.131466
141	500  	214      	256     	0.5	0.893126	0.930904	0.0475785            	0.185695	0.317502	1  	0.131031
142	500  	206      	256     	0.5	0.893134	0.930904	0.0476194            	0.185695	0.317586	1  	0.13122 
143	500  	207      	256     	0.5	0.89309 	0.930904	0.047627             	0.185695	0.317822	1  	0.131452
144	500  	208      	256     	0.5	0.89253 	0.930904	0.0474925            	0.185695	0.319975	1  	0.130758
145	500  	210      	256     	0.5	0.892591	0.930904	0.0475004            	0.185695	0.31987 	1  	0.130772
146	500  	213      	256     	0.5	0.892572	0.930904	0.0474593            	0.185695	0.320081	1  	0.130673
147	500  	213      	256     	0.5	0.892704	0.930904	0.0475173            	0.185695	0.319632	1  	0.130913
148	500  	215      	256     	0.5	0.892666	0.930904	0.0475051            	0.185695	0.319815	1  	0.130843
149	500  	213      	256     	0.5	0.892702	0.930904	0.0475278            	0.185695	0.319719	1  	0.1309  
150	500  	201      	256     	0.5	0.892985	0.930904	0.0475123            	0.185695	0.318893	1  	0.130887
151	500  	213      	256     	0.5	0.892761	0.930904	0.0475684            	0.185695	0.319708	1  	0.130873
152	500  	211      	256     	0.5	0.892765	0.930904	0.0475731            	0.185695	0.319757	1  	0.130862
153	500  	212      	256     	0.5	0.892753	0.930904	0.0475743            	0.185695	0.319896	1  	0.130832
154	500  	213      	256     	0.5	0.892775	0.930904	0.0475694            	0.185695	0.319854	1  	0.130812
155	500  	213      	256     	0.5	0.892794	0.930904	0.0475622            	0.185695	0.31992 	1  	0.130814
156	500  	212      	256     	0.5	0.892896	0.930904	0.0476009            	0.188982	0.319682	1  	0.130945
157	500  	206      	256     	0.5	0.893072	0.930904	0.0475342            	0.188982	0.319167	1  	0.130741
158	500  	213      	256     	0.5	0.892845	0.930904	0.047598             	0.188982	0.319937	1  	0.130806
159	500  	209      	256     	0.5	0.892845	0.930904	0.0475934            	0.188982	0.319989	1  	0.130753
160	500  	211      	256     	0.5	0.892821	0.930904	0.0475804            	0.188982	0.320225	1  	0.130576
161	500  	203      	256     	0.5	0.892867	0.930904	0.0475862            	0.188982	0.320188	1  	0.130618
162	500  	210      	256     	0.5	0.892916	0.930904	0.047605             	0.188982	0.320144	1  	0.130674
163	500  	223      	256     	0.5	0.892944	0.930904	0.0476154            	0.188982	0.320144	1  	0.130674
164	500  	213      	256     	0.5	0.893018	0.930904	0.0476469            	0.188982	0.319921	1  	0.130776
165	500  	208      	256     	0.5	0.893125	0.931185	0.0476977            	0.188982	0.319669	1  	0.130904
166	500  	211      	256     	0.5	0.893175	0.931185	0.0477063            	0.188982	0.319513	1  	0.130931
167	500  	216      	256     	0.5	0.89313 	0.931185	0.0477007            	0.188982	0.319798	1  	0.130855
168	500  	201      	256     	0.5	0.893097	0.931185	0.0476843            	0.188982	0.320063	1  	0.130674
169	500  	201      	256     	0.5	0.893206	0.931185	0.0477228            	0.188982	0.319649	1  	0.130848
170	500  	210      	256     	0.5	0.893277	0.931185	0.0477644            	0.188982	0.319543	1  	0.130949
171	500  	211      	256     	0.5	0.893264	0.931185	0.0477444            	0.188982	0.319763	1  	0.13088 
172	500  	209      	256     	0.5	0.893398	0.931904	0.0477989            	0.188982	0.319264	1  	0.131079
173	500  	206      	256     	0.5	0.893613	0.931904	0.0477707            	0.188982	0.318719	1  	0.130997
174	500  	206      	256     	0.5	0.893306	0.931904	0.047863             	0.188982	0.319747	1  	0.130874
175	500  	206      	256     	0.5	0.893184	0.931904	0.0477464            	0.188982	0.32035 	1  	0.130526
176	500  	220      	256     	0.5	0.893287	0.931904	0.0477966            	0.188982	0.320095	1  	0.130663
177	500  	209      	256     	0.5	0.893276	0.931904	0.047796             	0.188982	0.320153	1  	0.130645
178	500  	214      	256     	0.5	0.893352	0.931904	0.0478303            	0.188982	0.320026	1  	0.130718
179	500  	195      	256     	0.5	0.893436	0.931904	0.0478358            	0.188982	0.319908	1  	0.130819
180	500  	210      	256     	0.5	0.893464	0.931904	0.0478392            	0.188982	0.319826	1  	0.130801
181	500  	209      	256     	0.5	0.893401	0.931904	0.0478126            	0.188982	0.320163	1  	0.130631
182	500  	198      	256     	0.5	0.893492	0.931904	0.0478599            	0.188982	0.319925	1  	0.130763
183	500  	210      	256     	0.5	0.893541	0.931904	0.047883             	0.188982	0.319778	1  	0.130864
184	500  	210      	256     	0.5	0.893527	0.931904	0.0478789            	0.188982	0.31992 	1  	0.13078 
185	500  	200      	256     	0.5	0.893527	0.933161	0.0478825            	0.188982	0.319986	1  	0.130731
186	500  	200      	256     	0.5	0.893508	0.933161	0.0478766            	0.188982	0.320114	1  	0.130643
187	500  	214      	256     	0.5	0.893533	0.933161	0.0478948            	0.188982	0.320112	1  	0.130686
188	500  	214      	256     	0.5	0.893694	0.933161	0.0479681            	0.188982	0.319613	1  	0.130957
189	500  	224      	256     	0.5	0.893633	0.933161	0.047939             	0.188982	0.319865	1  	0.130788
190	500  	204      	256     	0.5	0.893722	0.933161	0.0479935            	0.188982	0.319764	1  	0.130909
191	500  	206      	256     	0.5	0.893906	0.933161	0.0480367            	0.188982	0.31917 	1  	0.131022
192	500  	205      	256     	0.5	0.893944	0.933161	0.0481014            	0.188982	0.319151	1  	0.13127 
193	500  	209      	256     	0.5	0.894143	0.933161	0.048149             	0.188982	0.31846 	1  	0.131429
194	500  	201      	256     	0.5	0.894401	0.933161	0.0482208            	0.188982	0.317546	1  	0.13167 
195	500  	207      	256     	0.5	0.894809	0.933161	0.0475945            	0.188982	0.316636	1  	0.130658
196	500  	211      	256     	0.5	0.894568	0.933161	0.0483308            	0.188982	0.31705 	1  	0.131564
197	500  	213      	256     	0.5	0.895452	0.933161	0.0473485            	0.188982	0.314838	1  	0.13001 
198	500  	210      	256     	0.5	0.895488	0.933161	0.0473579            	0.188982	0.31487 	1  	0.129982
199	500  	207      	256     	0.5	0.894522	0.933161	0.0487861            	0.188982	0.317182	1  	0.131199
200	500  	196      	256     	0.5	0.894992	0.933161	0.0481179            	0.185695	0.316175	1  	0.131095
201	500  	205      	256     	0.5	0.895514	0.933161	0.0473785            	0.185695	0.314988	1  	0.12998 
202	500  	216      	256     	0.5	0.895611	0.933161	0.0474136            	0.185695	0.314685	1  	0.130113
203	500  	199      	256     	0.5	0.895054	0.933161	0.0487409            	0.185695	0.315723	1  	0.131166
204	500  	198      	256     	0.5	0.895641	0.933161	0.0474285            	0.185695	0.314687	1  	0.130112
205	500  	204      	256     	0.5	0.895657	0.933161	0.0474368            	0.185695	0.314694	1  	0.130105
206	500  	207      	256     	0.5	0.895669	0.933161	0.0474424            	0.185695	0.314694	1  	0.130105
207	500  	209      	256     	0.5	0.89553 	0.933161	0.0474615            	0.185695	0.315196	1  	0.130131
208	500  	216      	256     	0.5	0.895332	0.933161	0.0475374            	0.185695	0.315796	1  	0.13029 
209	500  	200      	256     	0.5	0.894399	0.933161	0.0490002            	0.185695	0.318005	1  	0.1317  
210	500  	215      	256     	0.5	0.894593	0.933161	0.0484739            	0.185695	0.317817	1  	0.131583
211	500  	213      	256     	0.5	0.894306	0.933161	0.0484567            	0.185695	0.318942	1  	0.131411
212	500  	203      	256     	0.5	0.894444	0.933161	0.0484628            	0.185695	0.318593	1  	0.131485
213	500  	214      	256     	0.5	0.894599	0.933161	0.0482893            	0.185695	0.318349	1  	0.131261
214	500  	209      	256     	0.5	0.894686	0.933161	0.0481736            	0.185695	0.318195	1  	0.131001
215	500  	212      	256     	0.5	0.894945	0.933161	0.0476845            	0.185695	0.317661	1  	0.130469
216	500  	213      	256     	0.5	0.895024	0.933161	0.0484699            	0.185695	0.316942	1  	0.131061
217	500  	203      	256     	0.5	0.894873	0.933161	0.0485605            	0.185695	0.317427	1  	0.131532
218	500  	203      	256     	0.5	0.895218	0.933161	0.0477726            	0.185695	0.316903	1  	0.130574
219	500  	212      	256     	0.5	0.895561	0.933161	0.0475397            	0.185695	0.315957	1  	0.129968
220	500  	218      	256     	0.5	0.895382	0.933161	0.0483614            	0.185695	0.316046	1  	0.13106 
221	500  	203      	256     	0.5	0.895548	0.933161	0.0476051            	0.185695	0.316063	1  	0.130096
222	500  	211      	256     	0.5	0.895568	0.933161	0.0477512            	0.185695	0.315959	1  	0.130547
223	500  	193      	256     	0.5	0.895913	0.933161	0.0475735            	0.185695	0.314995	1  	0.130022
224	500  	215      	256     	0.5	0.895875	0.933161	0.0475902            	0.185695	0.315104	1  	0.130077
225	500  	207      	256     	0.5	0.896029	0.933161	0.0476006            	0.185695	0.31468 	1  	0.130119
226	500  	211      	256     	0.5	0.896042	0.933161	0.0476061            	0.185695	0.314665	1  	0.130132
227	500  	212      	256     	0.5	0.896021	0.933161	0.0475979            	0.185695	0.314755	1  	0.13008 
228	500  	206      	256     	0.5	0.896089	0.933767	0.047633             	0.185695	0.314644	1  	0.130148
229	500  	216      	256     	0.5	0.896131	0.933767	0.0476513            	0.185695	0.314684	1  	0.130113
230	500  	219      	256     	0.5	0.896152	0.933767	0.0476608            	0.185695	0.314714	1  	0.130085
231	500  	222      	256     	0.5	0.89616 	0.933767	0.0476654            	0.185695	0.314714	1  	0.130085
232	500  	214      	256     	0.5	0.896088	0.933767	0.0476315            	0.185695	0.314967	1  	0.129931
233	500  	216      	256     	0.5	0.896144	0.933767	0.0476563            	0.185695	0.314811	1  	0.130036
234	500  	208      	256     	0.5	0.896134	0.933767	0.0476549            	0.185695	0.314886	1  	0.129997
235	500  	207      	256     	0.5	0.896145	0.933767	0.0476601            	0.185695	0.314902	1  	0.129983
236	500  	208      	256     	0.5	0.89615 	0.933767	0.047662             	0.185695	0.314889	1  	0.130001
237	500  	218      	256     	0.5	0.896221	0.933767	0.0476978            	0.185695	0.314682	1  	0.130148
238	500  	203      	256     	0.5	0.896226	0.933767	0.047701             	0.185695	0.314775	1  	0.130069
239	500  	211      	256     	0.5	0.896197	0.933767	0.0476887            	0.185695	0.314873	1  	0.130015
240	500  	215      	256     	0.5	0.896229	0.933767	0.0477082            	0.185695	0.314826	1  	0.130052
241	500  	211      	256     	0.5	0.896219	0.933767	0.0476962            	0.185695	0.315057	1  	0.129858
242	500  	210      	256     	0.5	0.896253	0.933767	0.0477169            	0.185695	0.314968	1  	0.129931
243	500  	214      	256     	0.5	0.896277	0.933767	0.0477267            	0.185695	0.314976	1  	0.129924
244	500  	210      	256     	0.5	0.896287	0.933767	0.04771              	0.185695	0.315046	1  	0.129871
245	500  	210      	256     	0.5	0.896297	0.933767	0.0477144            	0.185695	0.315046	1  	0.129871
246	500  	217      	256     	0.5	0.896381	0.933767	0.0477624            	0.182574	0.314734	1  	0.130109
247	500  	197      	256     	0.5	0.896391	0.933767	0.0477652            	0.182574	0.314793	1  	0.130064
248	500  	207      	256     	0.5	0.896445	0.934951	0.0478013            	0.182574	0.314621	1  	0.130203
249	500  	211      	256     	0.5	0.896461	0.934951	0.0478103            	0.182574	0.314617	1  	0.130205
250	500  	212      	256     	0.5	0.896503	0.934951	0.0478371            	0.182574	0.314486	1  	0.130308
251	500  	200      	256     	0.5	0.896503	0.934951	0.0478345            	0.182574	0.314531	1  	0.130277
252	500  	219      	256     	0.5	0.896565	0.934951	0.0478583            	0.182574	0.314332	1  	0.130392
253	500  	203      	256     	0.5	0.896601	0.934951	0.0478788            	0.182574	0.314253	1  	0.130452
254	500  	204      	256     	0.5	0.896996	0.934951	0.0477767            	0.182574	0.312988	1  	0.13015 
255	500  	202      	256     	0.5	0.896517	0.934951	0.0478608            	0.182574	0.314584	1  	0.130237
256	500  	214      	256     	0.5	0.896529	0.934951	0.0478649            	0.182574	0.314604	1  	0.130222
257	500  	207      	256     	0.5	0.896601	0.934951	0.0478853            	0.182574	0.314433	1  	0.130331
258	500  	206      	256     	0.5	0.896798	0.934951	0.0479727            	0.182574	0.313765	1  	0.130667
259	500  	202      	256     	0.5	0.896861	0.934951	0.0480004            	0.182574	0.313574	1  	0.13073 
260	500  	212      	256     	0.5	0.896758	0.934951	0.0479726            	0.182574	0.314006	1  	0.130592
261	500  	216      	256     	0.5	0.896905	0.934951	0.0480243            	0.182574	0.313486	1  	0.130807
262	500  	218      	256     	0.5	0.896865	0.934951	0.0480256            	0.182574	0.313676	1  	0.130802
263	500  	213      	256     	0.5	0.896939	0.934951	0.0480378            	0.182574	0.313403	1  	0.130855
264	500  	217      	256     	0.5	0.896922	0.934951	0.0480349            	0.182574	0.313509	1  	0.13083 
265	500  	215      	256     	0.5	0.897139	0.934951	0.0479785            	0.182574	0.31281 	1  	0.130691
266	500  	215      	256     	0.5	0.896997	0.934951	0.0481344            	0.182574	0.313141	1  	0.131034
267	500  	225      	256     	0.5	0.897415	0.934951	0.0474441            	0.182574	0.312212	1  	0.129879
268	500  	212      	256     	0.5	0.89705 	0.934951	0.0481092            	0.182574	0.31308 	1  	0.131089
269	500  	209      	256     	0.5	0.897979	0.934951	0.0472916            	0.179605	0.310446	1  	0.129637
270	500  	205      	256     	0.5	0.898092	0.934951	0.0474537            	0.179605	0.309994	1  	0.130149
271	500  	207      	256     	0.5	0.898497	0.934951	0.0472921            	0.179605	0.308801	1  	0.129725
272	500  	213      	256     	0.5	0.898508	0.934951	0.0472969            	0.176777	0.308761	1  	0.129762
273	500  	223      	256     	0.5	0.898514	0.934951	0.0472993            	0.176777	0.308791	1  	0.129736
274	500  	222      	256     	0.5	0.898538	0.934951	0.0473103            	0.176777	0.308733	1  	0.129783
275	500  	217      	256     	0.5	0.89854 	0.934951	0.0473119            	0.176777	0.308746	1  	0.129771
276	500  	216      	256     	0.5	0.898563	0.934951	0.0473264            	0.176777	0.308761	1  	0.129758
277	500  	220      	256     	0.5	0.898573	0.934951	0.0473318            	0.176777	0.30884 	1  	0.129692
278	500  	207      	256     	0.5	0.898585	0.934951	0.047338             	0.176777	0.308827	1  	0.129704
279	500  	217      	256     	0.5	0.898597	0.934951	0.0473436            	0.176777	0.308848	1  	0.129685
280	500  	212      	256     	0.5	0.898601	0.934951	0.0473464            	0.176777	0.308832	1  	0.129698
281	500  	205      	256     	0.5	0.898673	0.934951	0.0473834            	0.176777	0.308594	1  	0.129858
282	500  	214      	256     	0.5	0.898685	0.934951	0.0473892            	0.176777	0.308614	1  	0.129844
283	500  	215      	256     	0.5	0.898638	0.934951	0.047369             	0.176777	0.308771	1  	0.129747
284	500  	222      	256     	0.5	0.898659	0.934951	0.04738              	0.176777	0.308748	1  	0.129766
285	500  	206      	256     	0.5	0.898664	0.934951	0.0473819            	0.176777	0.308785	1  	0.129734
286	500  	212      	256     	0.5	0.898581	0.934951	0.0473683            	0.176777	0.309104	1  	0.129707
287	500  	218      	256     	0.5	0.898583	0.934951	0.0473701            	0.176777	0.309071	1  	0.129738
288	500  	213      	256     	0.5	0.898588	0.934951	0.0473687            	0.176777	0.309149	1  	0.129672
289	500  	213      	256     	0.5	0.898667	0.934951	0.0474011            	0.176777	0.308979	1  	0.129782
290	500  	224      	256     	0.5	0.898678	0.934951	0.0474079            	0.176777	0.30899 	1  	0.129771
291	500  	217      	256     	0.5	0.898701	0.934951	0.0474213            	0.176777	0.308942	1  	0.129811
292	500  	203      	256     	0.5	0.898698	0.934951	0.0474199            	0.176777	0.308993	1  	0.129766
293	500  	207      	256     	0.5	0.898714	0.934951	0.0474304            	0.176777	0.309015	1  	0.129746
294	500  	209      	256     	0.5	0.898718	0.934951	0.0474329            	0.176777	0.309015	1  	0.129746
295	500  	209      	256     	0.5	0.898338	0.934951	0.0475914            	0.176777	0.310251	1  	0.13013 
296	500  	209      	256     	0.5	0.898479	0.934951	0.0475969            	0.176777	0.309773	1  	0.130205
297	500  	221      	256     	0.5	0.898745	0.934951	0.0474405            	0.176777	0.309006	1  	0.129757
298	500  	210      	256     	0.5	0.898749	0.934951	0.0474421            	0.176777	0.309006	1  	0.129757
299	500  	210      	256     	0.5	0.89873 	0.934951	0.0474345            	0.176777	0.30914 	1  	0.129679
Optimization on fold finished in 00-01:16:28

FEATURE SETS SELECTED

PARETO FRONT
Number of solutions = 24
Features in hall of fame by prevalence:
43 features: [0_age_at_initial_pathologic_diagnosis, 1_hsa.miR.513a.3p, 1_hsa.miR.216b.5p, 1_hsa.miR.196b.5p, 1_hsa.miR.15b.5p, 1_hsa.miR.3131, 1_hsa.miR.550a.3p, 1_hsa.miR.7974, 1_hsa.miR.23b.5p, 1_hsa.miR.3074.5p, 1_hsa.miR.3154, 1_hsa.miR.346, 1_hsa.miR.519e.3p, 1_hsa.miR.135b.5p, 1_hsa.miR.215.5p, 1_hsa.miR.222.5p, 1_hsa.miR.3613.5p, 1_hsa.miR.3157.3p, 1_hsa.miR.501.3p, 1_hsa.miR.214.5p, 1_hsa.let.7a.5p, 1_hsa.miR.424.5p, 1_hsa.miR.505.3p, 1_hsa.let.7e.5p, 1_hsa.miR.105.5p, 1_hsa.miR.26a.2.3p, 1_hsa.miR.365b.5p, 1_hsa.miR.204.5p, 1_hsa.miR.335.5p, 1_hsa.miR.944, 1_hsa.let.7g.5p, 1_hsa.miR.148b.3p, 1_hsa.miR.15a.5p, 1_hsa.miR.190a.5p, 1_hsa.miR.223.3p, 1_hsa.miR.27a.3p, 1_hsa.miR.3940.3p, 1_hsa.miR.423.5p, 1_hsa.miR.429, 1_hsa.miR.4709.3p, 1_hsa.miR.4758.3p, 1_hsa.miR.548f.3p, 1_hsa.miR.942.5p]

LAST POPULATION
Number of solutions = 500
Features in hall of fame by prevalence:
157 features: [0_age_at_initial_pathologic_diagnosis, 1_hsa.miR.513a.3p, 1_hsa.miR.196b.5p, 1_hsa.miR.216b.5p, 1_hsa.miR.15b.5p, 1_hsa.miR.3074.5p, 1_hsa.miR.550a.3p, 1_hsa.miR.3131, 1_hsa.miR.519e.3p, 1_hsa.miR.346, 1_hsa.miR.215.5p, 1_hsa.miR.23b.5p, 1_hsa.miR.3154, 1_hsa.miR.135b.5p, 1_hsa.miR.3157.3p, 1_hsa.miR.222.5p, 1_hsa.miR.7974, 1_hsa.miR.501.3p, 1_hsa.miR.26a.2.3p, 1_hsa.let.7e.5p, 1_hsa.miR.3613.5p, 1_hsa.miR.365b.5p, 1_hsa.miR.214.5p, 1_hsa.let.7a.5p, 1_hsa.miR.105.5p, 1_hsa.miR.424.5p, 1_hsa.miR.204.5p, 1_hsa.miR.335.5p, 1_hsa.miR.505.3p, 1_hsa.miR.1537.5p, 1_hsa.miR.429, 1_hsa.miR.942.5p, 1_hsa.miR.148b.3p, 1_hsa.miR.4758.3p, 1_hsa.miR.22.5p, 1_hsa.miR.504.5p, 1_hsa.miR.150.3p, 1_hsa.miR.190a.5p, 1_hsa.miR.216a.3p, 1_hsa.miR.335.3p, 1_hsa.miR.551b.3p, 1_hsa.miR.15a.5p, 1_hsa.miR.944, 1_hsa.miR.3940.3p, 1_hsa.miR.1287.5p, 1_hsa.miR.200a.3p, 1_hsa.miR.21.5p, 1_hsa.miR.423.5p, 1_hsa.miR.616.3p, 1_hsa.let.7f.5p, 1_hsa.miR.10b.5p, 1_hsa.miR.125a.5p, 1_hsa.miR.98.3p, 1_hsa.miR.106b.5p, 1_hsa.miR.107, 1_hsa.miR.412.5p, 1_hsa.miR.664a.5p, 1_hsa.miR.320d, 1_hsa.miR.148a.5p, 1_hsa.miR.15b.3p, 1_hsa.miR.200b.5p, 1_hsa.miR.23a.5p, 1_hsa.miR.34a.5p, 1_hsa.miR.4724.5p, 1_hsa.miR.4772.3p, 1_hsa.miR.92b.5p, 1_hsa.let.7a.2.3p, 1_hsa.let.7g.5p, 1_hsa.miR.146b.5p, 1_hsa.miR.199a.3p, 1_hsa.miR.216a.5p, 1_hsa.miR.27a.3p, 1_hsa.miR.548f.3p, 1_hsa.miR.767.5p, 1_hsa.miR.1296.5p, 1_hsa.miR.196a.5p, 1_hsa.miR.199a.5p, 1_hsa.miR.204.3p, 1_hsa.miR.219a.2.3p, 1_hsa.miR.221.3p, 1_hsa.miR.450b.5p, 1_hsa.miR.4521, 1_hsa.miR.6502.5p, 1_hsa.let.7c.5p, 1_hsa.let.7d.5p, 1_hsa.let.7i.5p, 1_hsa.miR.139.5p, 1_hsa.miR.146b.3p, 1_hsa.miR.187.3p, 1_hsa.miR.214.3p, 1_hsa.miR.217, 1_hsa.miR.223.3p, 1_hsa.miR.27b.3p, 1_hsa.miR.28.5p, 1_hsa.miR.324.3p, 1_hsa.miR.361.3p, 1_hsa.miR.3677.3p, 1_hsa.miR.378d, 1_hsa.miR.4709.3p, 1_hsa.miR.574.3p, ...]

BEST SUMS WITH SIZE 50
Number of solutions = 50
Features in hall of fame by prevalence:
48 features: [0_age_at_initial_pathologic_diagnosis, 1_hsa.miR.15b.5p, 1_hsa.let.7e.5p, 1_hsa.let.7f.5p, 1_hsa.let.7i.5p, 1_hsa.miR.10a.5p, 1_hsa.miR.10b.3p, 1_hsa.miR.10b.5p, 1_hsa.miR.1228.3p, 1_hsa.miR.125a.3p, 1_hsa.miR.125b.1.3p, 1_hsa.miR.135b.5p, 1_hsa.miR.146b.3p, 1_hsa.miR.146b.5p, 1_hsa.miR.148a.3p, 1_hsa.miR.148a.5p, 1_hsa.miR.149.3p, 1_hsa.miR.155.5p, 1_hsa.miR.15b.3p, 1_hsa.miR.16.2.3p, 1_hsa.miR.188.5p, 1_hsa.miR.196a.5p, 1_hsa.miR.196b.5p, 1_hsa.miR.199a.3p, 1_hsa.miR.199b.3p, 1_hsa.miR.199b.5p, 1_hsa.miR.21.3p, 1_hsa.miR.21.5p, 1_hsa.miR.222.5p, 1_hsa.miR.23b.5p, 1_hsa.miR.25.3p, 1_hsa.miR.27a.5p, 1_hsa.miR.320b, 1_hsa.miR.335.3p, 1_hsa.miR.335.5p, 1_hsa.miR.346, 1_hsa.miR.3677.3p, 1_hsa.miR.431.5p, 1_hsa.miR.4677.3p, 1_hsa.miR.4746.5p, 1_hsa.miR.615.3p, 1_hsa.miR.6509.5p, 1_hsa.miR.651.5p, 1_hsa.miR.6806.3p, 1_hsa.miR.6892.5p, 1_hsa.miR.942.5p, 1_hsa.miR.9.5p, 1_hsa.miR.99b.3p]

BEST SUMS WITH SIZE 100
Number of solutions = 100
Features in hall of fame by prevalence:
77 features: [1_hsa.miR.15b.5p, 0_age_at_initial_pathologic_diagnosis, 1_hsa.miR.10b.5p, 1_hsa.miR.335.3p, 1_hsa.let.7f.5p, 1_hsa.miR.10b.3p, 1_hsa.miR.1228.3p, 1_hsa.miR.135b.5p, 1_hsa.miR.146b.3p, 1_hsa.miR.148a.5p, 1_hsa.miR.15b.3p, 1_hsa.miR.196a.5p, 1_hsa.miR.196b.5p, 1_hsa.miR.199a.3p, 1_hsa.miR.199b.3p, 1_hsa.miR.21.3p, 1_hsa.miR.21.5p, 1_hsa.miR.216b.5p, 1_hsa.miR.23a.3p, 1_hsa.miR.346, 1_hsa.miR.615.3p, 1_hsa.miR.664a.3p, 1_hsa.let.7e.5p, 1_hsa.let.7i.5p, 1_hsa.miR.106b.3p, 1_hsa.miR.10a.5p, 1_hsa.miR.125a.3p, 1_hsa.miR.125b.1.3p, 1_hsa.miR.1266.5p, 1_hsa.miR.1296.5p, 1_hsa.miR.142.3p, 1_hsa.miR.142.5p, 1_hsa.miR.143.3p, 1_hsa.miR.146b.5p, 1_hsa.miR.148a.3p, 1_hsa.miR.148b.3p, 1_hsa.miR.149.3p, 1_hsa.miR.150.3p, 1_hsa.miR.155.5p, 1_hsa.miR.16.2.3p, 1_hsa.miR.188.5p, 1_hsa.miR.199b.5p, 1_hsa.miR.200a.5p, 1_hsa.miR.204.3p, 1_hsa.miR.214.5p, 1_hsa.miR.216a.3p, 1_hsa.miR.216a.5p, 1_hsa.miR.217, 1_hsa.miR.219a.2.3p, 1_hsa.miR.222.5p, 1_hsa.miR.23b.5p, 1_hsa.miR.25.3p, 1_hsa.miR.26a.5p, 1_hsa.miR.27a.3p, 1_hsa.miR.27a.5p, 1_hsa.miR.3157.3p, 1_hsa.miR.320b, 1_hsa.miR.335.5p, 1_hsa.miR.3614.5p, 1_hsa.miR.3677.3p, 1_hsa.miR.378a.3p, 1_hsa.miR.378d, 1_hsa.miR.431.5p, 1_hsa.miR.4677.3p, 1_hsa.miR.4746.5p, 1_hsa.miR.483.5p, 1_hsa.miR.550a.3p, 1_hsa.miR.590.3p, 1_hsa.miR.6509.5p, 1_hsa.miR.651.5p, 1_hsa.miR.671.5p, 1_hsa.miR.6806.3p, 1_hsa.miR.6892.5p, 1_hsa.miR.942.5p, 1_hsa.miR.9.5p, 1_hsa.miR.99b.3p, 1_hsa.miR.99b.5p]
