inner_cv_root_leanness,inner_cv_SKSurvCox_c-index,inner_cv_NB_bal_acc,inner_cv_root_separation,train_root_leanness,train_SKSurvCox_c-index,train_NB_bal_acc,train_root_separation,test_root_leanness,test_SKSurvCox_c-index,test_NB_bal_acc,test_root_separation
1.0,0.5,0.25,0.0,1.0,0.5,0.25,0.0,1.0,0.5,0.25,0.0
0.7071067811865476,0.7077862123449611,0.3326932063788773,0.3299476692968395,0.7071067811865476,0.7077073125420895,0.33741018751095275,0.3299476692968395,0.7071067811865476,0.6676366281713194,0.35030864197530864,0.37659877555758525
0.7071067811865476,0.7060873186146868,0.35122683415579437,0.36693873055777415,0.7071067811865476,0.708496853447275,0.3472838468317684,0.36693873055777415,0.7071067811865476,0.6267163771937801,0.3395061728395062,0.36376211441985074
0.7071067811865476,0.6917807397705388,0.393904433670191,0.4374080595288361,0.7071067811865476,0.6933562455007779,0.39467842747824056,0.4374080595288361,0.7071067811865476,0.6788214967718469,0.4058641975308642,0.39689403874864837
0.7071067811865476,0.680389907815873,0.3956714761376249,0.4004201592197103,0.7071067811865476,0.6811183614704038,0.40665342601787485,0.4004201592197103,0.7071067811865476,0.6680003637355643,0.41820987654320985,0.41212674432312024
0.7071067811865476,0.674208754036561,0.5434261956585233,0.5063892257592995,0.7071067811865476,0.6732693960012075,0.5394832083344974,0.5063892257592995,0.7071067811865476,0.664181140310994,0.5432098765432098,0.5222310203510985
0.7071067811865476,0.6394798684594228,0.5827662246626555,0.5171067050905298,0.7071067811865476,0.6380419385551401,0.5858987090367428,0.5171067050905298,0.7071067811865476,0.6549058834227517,0.5802469135802469,0.5106248975617158
0.7071067811865476,0.6311116754325778,0.552397920439278,0.5375446912368593,0.7071067811865476,0.6311218447391032,0.5508134236812898,0.5375446912368593,0.7071067811865476,0.5878876057106484,0.537037037037037,0.5327517524336811
0.7071067811865476,0.6308367794646145,0.6313351297947615,0.5225433173291696,0.7071067811865476,0.6282655644056383,0.6367137200720278,0.5225433173291696,0.7071067811865476,0.602800763844685,0.6255611672278338,0.5170332599373701
0.7071067811865476,0.6133667834901946,0.6409179858636602,0.5398060111111522,0.7071067811865476,0.6113601003181386,0.6369749985396344,0.5398060111111522,0.7071067811865476,0.6051650450122761,0.6157407407407407,0.530674441871182
0.7071067811865476,0.6054969036727752,0.6558064139260471,0.5604937662226922,0.7071067811865476,0.6028609246917307,0.6510894327939716,0.5604937662226922,0.7071067811865476,0.6328089478948804,0.6712962962962963,0.568537029487358
0.7071067811865476,0.5805508397969604,0.6244085519013961,0.5612682687699471,0.7071067811865476,0.5775491721431392,0.6267670424674339,0.5612682687699471,0.7071067811865476,0.5472401564062926,0.625,0.5531748213700026
0.7071067811865476,0.5118326557329133,0.6847502266741505,0.5681061130077647,0.7071067811865476,0.5089868332443165,0.6762026428809078,0.5681061130077647,0.7071067811865476,0.5345094116577248,0.6388888888888888,0.5493925508630715
0.5773502691896257,0.7411307589278282,0.6272067395240986,0.5140743999546451,0.5773502691896257,0.7413556881777861,0.6279807333321481,0.5140743999546451,0.5773502691896257,0.6691825043193598,0.5787037037037037,0.5102374245370873
0.5773502691896257,0.7288260999285003,0.5997153556815844,0.5379965509826699,0.5773502691896257,0.7277244966676729,0.6051501382902801,0.5379965509826699,0.5773502691896257,0.7016459034282077,0.5653759820426487,0.5215631214317838
0.5773502691896257,0.7256155720534925,0.6278318395274003,0.5449821182874188,0.5773502691896257,0.7267259596405267,0.611471299369884,0.5449821182874188,0.5773502691896257,0.6948258615986178,0.5829124579124579,0.5319318550687423
0.5773502691896257,0.7228086373082512,0.6285496410040204,0.5421904169486473,0.5773502691896257,0.7218726052527692,0.6340406159441454,0.5421904169486473,0.5773502691896257,0.6909157042829863,0.6272446689113356,0.5386007613131827
0.5773502691896257,0.7176700669396295,0.6301341377620087,0.5377087612719043,0.5773502691896257,0.719411095371897,0.6348511188940842,0.5377087612719043,0.5773502691896257,0.6883695553332727,0.569023569023569,0.526818229706828
0.5773502691896257,0.7167594041342764,0.6681480912385679,0.5398060111111522,0.5773502691896257,0.7186447762580406,0.6775820535027188,0.5398060111111522,0.5773502691896257,0.643630080931163,0.6080246913580247,0.5317855001576555
0.5773502691896257,0.7108309924243779,0.5653732694666744,0.5467084729835234,0.5773502691896257,0.7162297099598263,0.5842411939949763,0.5467084729835234,0.5773502691896257,0.6841865963444576,0.6064814814814815,0.5428491361251466
0.5773502691896257,0.7103927400968608,0.6909028107594664,0.5612682687699471,0.5773502691896257,0.7142326359055338,0.6939791028021243,0.5612682687699471,0.5773502691896257,0.6370828407747567,0.6533389450056116,0.5531748213700026
0.5773502691896257,0.697991125232893,0.694418799858789,0.562022216052604,0.5773502691896257,0.7050832501219144,0.695966787474888,0.562022216052604,0.5773502691896257,0.705010457397472,0.6631593714927049,0.5484516090404186
0.5773502691896257,0.6977957482950258,0.7122149429695457,0.5698916678154791,0.5773502691896257,0.7059192346097578,0.7216489052336966,0.5698916678154791,0.5773502691896257,0.7079203419114304,0.7003367003367004,0.5517396685893242
0.5773502691896257,0.6977427814000627,0.7223105143788875,0.5757479264807663,0.5773502691896257,0.7024359659104104,0.7254429987529747,0.5757479264807663,0.5773502691896257,0.6781849595344185,0.619949494949495,0.5507684696379056
0.5773502691896257,0.6892167585860256,0.736666543911291,0.5785807305150645,0.5773502691896257,0.6993706894549846,0.7390250344773288,0.5785807305150645,0.5773502691896257,0.6997362917159226,0.7306397306397306,0.5742629940186806
0.5773502691896257,0.6824554344226358,0.7728178962099066,0.5900179457010843,0.5773502691896257,0.6869702528853076,0.7728178962099066,0.5900179457010843,0.5773502691896257,0.6960989360734746,0.710016835016835,0.5599169670035773
0.5773502691896257,0.6742601646513272,0.7627026416110246,0.5936220688638814,0.5773502691896257,0.6778440888930172,0.757267859002329,0.5936220688638814,0.5773502691896257,0.6847321996908248,0.7331649831649831,0.5825098232223838
0.5773502691896257,0.6639907594721078,0.7620972247972632,0.5977514215172004,0.5773502691896257,0.6757309058820797,0.7620972247972632,0.5977514215172004,0.5773502691896257,0.6860052741656816,0.7316217732884399,0.5817390792350139
0.5773502691896257,0.6513155542046856,0.7740484130269698,0.5808745680932655,0.5773502691896257,0.6501404918375403,0.7740484130269698,0.5808745680932655,0.5773502691896257,0.6676366281713194,0.6822390572390572,0.5586043070897189
0.5773502691896257,0.6486902091845764,0.7912756484658541,0.5929898871771306,0.5773502691896257,0.6532754336669531,0.7967104310745498,0.5929898871771306,0.5773502691896257,0.6547240156406292,0.7462121212121212,0.5676780256866234
0.5773502691896257,0.6393869321854072,0.7625537478062768,0.6040133279043041,0.5773502691896257,0.6448691452058611,0.7821394738111989,0.6040133279043041,0.5773502691896257,0.6253523688278622,0.7445286195286196,0.6032826066684471
0.5773502691896257,0.6391054803669575,0.7874253626151466,0.5956296525777673,0.5773502691896257,0.6428720711515686,0.7874253626151466,0.5956296525777673,0.5773502691896257,0.6430844775847958,0.7760942760942761,0.5860079999565968
0.5773502691896257,0.6383548486555711,0.7999356169219556,0.6118171304145825,0.5773502691896257,0.6419896430810673,0.7945008343132599,0.6118171304145825,0.5773502691896257,0.664181140310994,0.7435465768799102,0.5908058588093881
0.5773502691896257,0.6269416084775905,0.7667580135979093,0.6120406447358417,0.5773502691896257,0.6280565682836774,0.7721927962066049,0.6120406447358417,0.5773502691896257,0.6612712557970356,0.7347081930415263,0.603154747063941
0.5773502691896257,0.6244075470044689,0.7776837711467299,0.6186876119324559,0.5773502691896257,0.6304484127905626,0.7877793425560717,0.6186876119324559,0.5773502691896257,0.6571792306992816,0.7507014590347924,0.6160020010667433
0.5773502691896257,0.6179325666485997,0.8124823803706536,0.6184716931413715,0.5773502691896257,0.6225297819473794,0.8116718774207148,0.6184716931413715,0.5773502691896257,0.632627080112758,0.7755331088664422,0.6044513591086549
0.5773502691896257,0.5959283750816035,0.7495869704904543,0.6188336505872587,0.5773502691896257,0.5948958502658895,0.748151367537214,0.6188336505872587,0.5773502691896257,0.6432663453669183,0.7418630751964086,0.6034557717921258
0.5,0.7569076123518044,0.626432745716049,0.5379965509826699,0.5,0.7584237048045886,0.6248847580999499,0.5379965509826699,0.5,0.7030099117941256,0.5447530864197531,0.5215631214317838
0.5,0.7560033588069687,0.6414672103459924,0.5444744606770575,0.5,0.7550797668532151,0.6765832903689519,0.5444744606770575,0.5,0.6842775302355187,0.6621773288439955,0.5422961000545856
0.5,0.7527064823758159,0.6506230681901879,0.5379965509826699,0.5,0.7533381325035413,0.6624155210203766,0.5379965509826699,0.5,0.7047376557242885,0.6024130190796857,0.5215631214317838
0.5,0.7477650563946737,0.6766226567480323,0.5452594398340467,0.5,0.7507837354573532,0.6898507125314614,0.5452594398340467,0.5,0.6779121578612349,0.6668069584736251,0.536990995451424
0.5,0.746536459758727,0.7104323444329591,0.5717582203651599,0.5,0.748252560202494,0.7174516237996429,0.5717582203651599,0.5,0.7011912339729017,0.6776094276094276,0.5667990066600608
0.5,0.7458554011515505,0.7198297975552209,0.5736857614290476,0.5,0.748322225576481,0.7339807409514473,0.5736857614290476,0.5,0.6931890515595163,0.7199775533108866,0.5667990066600608
0.5,0.7425622035987692,0.7013453777521543,0.5757479264807663,0.5,0.7488563267770476,0.7169319241016211,0.5757479264807663,0.5,0.6923706465399655,0.6461840628507295,0.5507684696379056
0.5,0.7401106013251058,0.7623851708119888,0.5664103203977671,0.5,0.7425864431182222,0.7788019033009344,0.5664103203977671,0.5,0.6708193143584614,0.7225028058361391,0.5595920070037234
0.5,0.7379070503954351,0.724490586355867,0.5972916140036658,0.5,0.7391263962102037,0.7433023185527395,0.5972916140036658,0.5,0.7037373829226152,0.7115600448933782,0.5869519373482901
0.5,0.7367011238328782,0.7557760637176593,0.5989966104682,0.5,0.739915937115389,0.7418302064576101,0.5989966104682,0.5,0.6987360189142493,0.7518237934904601,0.5869519373482901
0.5,0.7318586107577287,0.7904089531844861,0.5757678920275,0.5,0.7328565125513782,0.7935414375585734,0.5757678920275,0.5,0.7044648540511048,0.7018799102132436,0.5612823753572708
0.5,0.7307257687012095,0.7526267533912231,0.599158118264755,0.5,0.7340640457004853,0.7526829457226525,0.599158118264755,0.5,0.6882786214422115,0.7239057239057238,0.5723996498139616
0.5,0.7295860483577039,0.8036370089679151,0.5789518824000478,0.5,0.7305575552098089,0.8223560396914692,0.5789518824000478,0.5,0.6970082749840866,0.7477553310886644,0.5627500697393895
0.5,0.7224265624186997,0.7624048540015289,0.5922412055434008,0.5,0.7257042008220514,0.7896349593764366,0.5922412055434008,0.5,0.6865508775120487,0.7467732884399552,0.5835675548850303
0.5,0.719626422567723,0.7716337301295026,0.5891276069296472,0.5,0.7240786754290226,0.7733306115503495,0.5891276069296472,0.5,0.6371737746658179,0.7631874298540965,0.5879821505327494
0.5,0.7193077812044048,0.8075799962919411,0.5922412055434008,0.5,0.7225228154099808,0.8191673629859526,0.5922412055434008,0.5,0.707283804674002,0.7504208754208754,0.5835675548850303
0.5,0.7178837705415625,0.77183881626568,0.6040133279043041,0.5,0.7205954067296751,0.7774224926791233,0.6040133279043041,0.5,0.6887332908975176,0.7549102132435466,0.6032826066684471
0.5,0.7176724278904824,0.8146554679900543,0.5738996821098379,0.5,0.7202703016510693,0.809276877712788,0.5738996821098379,0.5,0.6892788942438847,0.7136644219977554,0.5618189185604263
0.5,0.7172634606910667,0.7727055115470479,0.610476617359228,0.5,0.7257738661960383,0.8093133868546771,0.610476617359228,0.5,0.6659998181322179,0.7797418630751964,0.6003990241779751
0.5,0.7149141681562173,0.7968593248792977,0.6118171304145825,0.5,0.7191788774586072,0.8132198650368139,0.6118171304145825,0.5,0.7040101845957989,0.7337261503928171,0.5908058588093881
0.5,0.7124838821680192,0.7628515354157724,0.61345487145658,0.5,0.7167405893690639,0.7861751626085433,0.61345487145658,0.5,0.6863690097299263,0.7414421997755332,0.606723955223071
0.5,0.711058378959749,0.7557395545757701,0.6186178972005688,0.5,0.7163458189164712,0.7503047719670745,0.6186178972005688,0.5,0.68664181140311,0.741442199775533,0.5911259018268369
0.5,0.7066768201528909,0.7340004241409875,0.6188336505872587,0.5,0.7141165269488888,0.7512276595798719,0.6188336505872587,0.5,0.6870055469673547,0.7341470258136925,0.6034557717921258
0.5,0.7058169386006572,0.8163888585527903,0.6184716931413715,0.5,0.7114692427373848,0.8280689267201203,0.6184716931413715,0.5,0.6584523051741384,0.7709034792368126,0.6044513591086549
0.5,0.7053454499733052,0.7667018212664799,0.6186876119324559,0.5,0.7141165269488888,0.7916296284067792,0.6186876119324559,0.5,0.6850050013640083,0.7522446689113356,0.6160020010667433
0.5,0.7032928401005529,0.797782212492095,0.6186876119324559,0.5,0.7156491651766017,0.8125947650335122,0.6186876119324559,0.5,0.7190142766208966,0.7481762065095399,0.6160020010667433
0.5,0.6979281438395754,0.75502175309915,0.6188336505872587,0.5,0.6991849151243527,0.7644557153633009,0.6188336505872587,0.5,0.696735473310903,0.7455106621773289,0.6034557717921258
0.5,0.6954154461842347,0.8287502190548514,0.5957447279262065,0.5,0.6996493509509324,0.8294680205314715,0.5957447279262065,0.5,0.6711830499227062,0.7849326599326599,0.5840960717987279
0.5,0.689884344738079,0.798648907773463,0.6186876119324559,0.5,0.696073195086269,0.8095184729908543,0.6186876119324559,0.5,0.709102482495226,0.7424242424242424,0.6160020010667433
0.5,0.6846858914073799,0.7877231502246423,0.6188336505872587,0.5,0.6872489143812553,0.7870053487480222,0.6188336505872587,0.5,0.6536328089478949,0.7811447811447811,0.6045396407485486
0.5,0.6831757151762897,0.8385283196651572,0.5853004337591928,0.5,0.6855537236142396,0.8401690087545748,0.5853004337591928,0.5,0.7021915067745749,0.7432659932659933,0.5684354703111516
0.5,0.6802154758124556,0.8449421822180796,0.5964520242109994,0.5,0.682325894619511,0.852735455392813,0.5964520242109994,0.5,0.7005546967354733,0.8070987654320987,0.5651863734874478
0.5,0.679655597503784,0.8528478400556717,0.5914292285436109,0.5,0.6868773657199917,0.8582826226643674,0.5914292285436109,0.5,0.6895516959170683,0.795314253647587,0.5604374581149094
0.5,0.6752255038256526,0.8357694984215351,0.6184716931413715,0.5,0.6818150152102733,0.839675976603672,0.6184716931413715,0.5,0.6636355369646267,0.7699214365881033,0.6072876189768404
0.5,0.6646520406429404,0.8271657222968631,0.6186178972005688,0.5,0.6715277616515338,0.8365069830876957,0.6186178972005688,0.5,0.6390833863781031,0.7564534231200898,0.594155747645382
0.5,0.6602602211525839,0.8007461198718941,0.6197751586691825,0.5,0.6623783758679145,0.8062370948120192,0.6197751586691825,0.5,0.6360825679730836,0.757996632996633,0.6044513591086549
0.5,0.6555773483160107,0.8063494794748779,0.6230259288735899,0.5,0.6577572393934468,0.8179368461688894,0.6230259288735899,0.5,0.6336273529144312,0.8065375982042648,0.6188055149195351
0.5,0.6555705833694088,0.8000845107267034,0.6231306189156445,0.5,0.6607296286835567,0.8056681871401469,0.6231306189156445,0.5,0.6795489679003365,0.7838103254769921,0.6034557717921258
0.5,0.6517897789733499,0.8458088774994477,0.5951520280139398,0.5,0.6583145623853424,0.851392553912891,0.5951520280139398,0.5,0.5885241429480768,0.8221099887766554,0.5853914725350926
0.5,0.6515466058732189,0.8682854926003907,0.5943808182351509,0.5,0.6639806794696143,0.8620767161836455,0.5943808182351509,0.5,0.6491770482858962,0.8035914702581369,0.5681803309708475
0.5,0.6490751681876086,0.8397124857455611,0.61345487145658,0.5,0.6480969742005899,0.8296169143362193,0.61345487145658,0.5,0.6366281713194507,0.7558922558922558,0.606723955223071
0.5,0.6483600712207632,0.8521103553895113,0.61345487145658,0.5,0.6511390288646867,0.8443732745462073,0.61345487145658,0.5,0.6163499136128034,0.8148148148148148,0.606723955223071
0.5,0.6470737812576041,0.8287502190548514,0.6186178972005688,0.5,0.6469358846341406,0.8357694984215351,0.6186178972005688,0.5,0.6268073110848413,0.7801627384960719,0.5911259018268369
0.5,0.6420271979756732,0.7992178154453353,0.6231686639941321,0.5,0.6459141258156654,0.824238324058953,0.6231686639941321,0.5,0.6318996089842684,0.7558922558922558,0.6064447618226696
0.5,0.6388546250002841,0.7899327469859323,0.6233027870433276,0.5,0.6488400715231173,0.8180295476422079,0.6233027870433276,0.5,0.6095298717832136,0.8235129068462401,0.6120039959971292
0.5,0.6377714866953439,0.8186546476455095,0.6224446279970461,0.5,0.6446833708752293,0.8257301193436227,0.6224446279970461,0.5,0.6285350550150041,0.8121492704826039,0.6200530971277243
0.5,0.6349507647373676,0.8117280697521442,0.6228003779965959,0.5,0.6422218609943571,0.8140865603181819,0.6228003779965959,0.5,0.670182777121033,0.7589786756453423,0.6160020010667433
0.5,0.630975118929079,0.8830980451418079,0.6130825559564236,0.5,0.64101432784525,0.8823802436651877,0.6130825559564236,0.5,0.6507229244339365,0.8122895622895623,0.5912558861864492
0.5,0.6274538990290138,0.8451472683542568,0.6196941728660246,0.5,0.6375078373545735,0.8715106784477964,0.6196941728660246,0.5,0.6295353278166773,0.8236531986531986,0.6048718880036542
0.5,0.6246408058925206,0.8249561255355733,0.6220781402360911,0.5,0.6388082576689966,0.8327493987103066,0.6220781402360911,0.5,0.6121669546239884,0.7998035914702581,0.6160020010667433
0.5,0.6242566717556192,0.8365434922295847,0.6245091067356551,0.5,0.624480412419014,0.8459774544937357,0.6245091067356551,0.5,0.6192597981267618,0.8007856341189674,0.6073867085004159
0.5,0.6220412065707445,0.8412604733616602,0.6261780949178233,0.5,0.631354062652393,0.8537707276684691,0.6261780949178233,0.5,0.6431754114758571,0.8375420875420876,0.6202802052308183
0.5,0.6193048449512756,0.8435065792648392,0.6214356529331283,0.5,0.6283816733622831,0.8326370140474479,0.6214356529331283,0.5,0.640902064199327,0.8034511784511784,0.6083843550149177
0.5,0.6151367134599662,0.8598671194223555,0.6198394416807027,0.5,0.6222511204514316,0.860641113230405,0.6198394416807027,0.5,0.6114394834954988,0.8261784511784511,0.5915752259058576
0.5,0.6138226927291806,0.8676969017389781,0.6147096591359142,0.5,0.6215544667115621,0.8676969017389781,0.6147096591359142,0.5,0.611075747931254,0.8329124579124579,0.6071396683022756
0.5,0.606928049942135,0.8233154364461557,0.6263184534295041,0.5,0.6191858439960058,0.8544885291450892,0.6263184534295041,0.5,0.6291715922524325,0.8375420875420876,0.608016443271381
0.5,0.6037754096702016,0.8179368461688894,0.6265968749501871,0.5,0.6192322875786638,0.823371628777585,0.6265968749501871,0.5,0.612439756297172,0.8292648709315376,0.6221312530823986
0.5,0.6008640035792218,0.8303347158128396,0.6262972661788047,0.5,0.6080161623667649,0.8412042810302308,0.6262972661788047,0.5,0.6750022733472766,0.8550785634118967,0.6224953911546433
0.5,0.5825986469861072,0.8248999332041439,0.6264375352313272,0.5,0.5773401760211783,0.8303909081442689,0.6264375352313272,0.5,0.6609075202327908,0.8514309764309764,0.610376582308295
0.5,0.576610338568922,0.8117280697521443,0.6278025544289487,0.5,0.5944314144393098,0.8188035414502575,0.6278025544289487,0.5,0.6046194416659089,0.816358024691358,0.6136683171333772
0.4472135954999579,0.7750261334821685,0.6735828738472636,0.5452594398340467,0.4472135954999579,0.777233355781065,0.6806218364034876,0.5452594398340467,0.4472135954999579,0.7040101845957989,0.6770482603815937,0.5422961000545856
0.4472135954999579,0.7716149184879914,0.6840984591237298,0.5406909819193217,0.4472135954999579,0.7723103360193205,0.6989672039965764,0.5406909819193217,0.4472135954999579,0.70637446576339,0.6446408529741863,0.5215631214317838
0.4472135954999579,0.7714111564349787,0.688600512524858,0.5452594398340467,0.4472135954999579,0.7751666163527855,0.7142096119998883,0.5452594398340467,0.4472135954999579,0.6988269528053105,0.6853254769921436,0.536990995451424
0.4472135954999579,0.767179996018036,0.7100812217292254,0.5599607328897843,0.4472135954999579,0.7691057288159209,0.7209507869466167,0.5599607328897843,0.4472135954999579,0.7118304992270619,0.7194163860830527,0.5620352332830644
0.4472135954999579,0.7647236516471921,0.7146099426774726,0.5552262166062425,0.4472135954999579,0.7658546780298632,0.7255918925577226,0.5552262166062425,0.4472135954999579,0.7101027552968991,0.7028619528619529,0.5327072506481216
0.4472135954999579,0.7643130714205985,0.714375331756985,0.5717582203651599,0.4472135954999579,0.7679214174581427,0.7245270954977561,0.5717582203651599,0.4472135954999579,0.6980085477857597,0.680695847362514,0.5667990066600608
0.4472135954999579,0.7610119128576466,0.7354163439046877,0.5972916140036658,0.4472135954999579,0.7625107400784896,0.7494183934961662,0.5972916140036658,0.4472135954999579,0.7148313176320815,0.7296576879910213,0.5869519373482901
0.4472135954999579,0.7590060639562896,0.7361538285708481,0.5974544978469872,0.4472135954999579,0.7608155493114739,0.7595898404264776,0.5974544978469872,0.4472135954999579,0.7001000272801673,0.7239057239057238,0.5723996498139616
0.4472135954999579,0.7576464992042523,0.7422670462770834,0.5717582203651599,0.4472135954999579,0.7606762185635,0.7532855052992226,0.5717582203651599,0.4472135954999579,0.6945530599254343,0.6914983164983165,0.5667990066600608
0.4472135954999579,0.7555409374103682,0.7376091147136287,0.5974544978469872,0.4472135954999579,0.759259689292432,0.7486837660671971,0.5974544978469872,0.4472135954999579,0.7009184322997181,0.7290965207631874,0.5723996498139616
0.4472135954999579,0.7550536192164844,0.7432727937684291,0.5563510862603466,0.4472135954999579,0.7553352065578338,0.7580488371679573,0.5563510862603466,0.4472135954999579,0.6842775302355187,0.7567340067340067,0.553797739519524
0.4472135954999579,0.7549527844384452,0.7469081518881894,0.5736857614290476,0.4472135954999579,0.7581218215173119,0.7563421141523403,0.5736857614290476,0.4472135954999579,0.701736837319269,0.7194163860830527,0.5667990066600608
0.4472135954999579,0.7547753960632123,0.7662186307103472,0.5757678920275,0.4472135954999579,0.7545688874439774,0.7927309346086346,0.5757678920275,0.4472135954999579,0.7186505410566518,0.7194163860830527,0.5612823753572708
0.4472135954999579,0.7535470600487185,0.7773831263000429,0.5736857614290476,0.4472135954999579,0.7584004830132597,0.788365076180293,0.5736857614290476,0.4472135954999579,0.6853687369282532,0.7406004489337823,0.567660065082333
0.4472135954999579,0.753530662398065,0.751776884062204,0.5972916140036658,0.4472135954999579,0.7557996423844136,0.7728909144936849,0.5972916140036658,0.4472135954999579,0.7058288624170228,0.7223625140291807,0.5869519373482901
0.4472135954999579,0.7522747148690728,0.7803498909170334,0.5757678920275,0.4472135954999579,0.7527111441376588,0.7709721209843119,0.5757678920275,0.4472135954999579,0.7070110030008184,0.6905162738496071,0.5612823753572708
0.4472135954999579,0.7510815950020637,0.8021620396355943,0.5835148257161906,0.4472135954999579,0.7519216032324734,0.8170307845084409,0.5835148257161906,0.4472135954999579,0.7040101845957989,0.7777777777777778,0.5762985874955029
0.4472135954999579,0.7507768470504992,0.810841691281236,0.6184716931413715,0.4472135954999579,0.750992731579314,0.8334110078554975,0.6184716931413715,0.4472135954999579,0.7011912339729017,0.7662738496071829,0.6044513591086549
0.4472135954999579,0.7461351239916162,0.8162764738899316,0.5835148257161906,0.4472135954999579,0.7498316420128649,0.8272022314387523,0.5835148257161906,0.4472135954999579,0.693552787123761,0.8082210998877666,0.5762985874955029
0.4472135954999579,0.7449904895438427,0.8317900019556201,0.5738996821098379,0.4472135954999579,0.7500406381348257,0.8411677718883417,0.5738996821098379,0.4472135954999579,0.7041011184868601,0.7157687991021324,0.5618189185604263
0.4472135954999579,0.7440605945799706,0.8199384995568108,0.5791460669373105,0.4472135954999579,0.7462554861482015,0.8199946918882401,0.5791460669373105,0.4472135954999579,0.6927343821042102,0.7727272727272727,0.5687686385066011
0.4472135954999579,0.7412459939242182,0.817013958556092,0.607061386462481,0.4472135954999579,0.7438636416413162,0.810143572994156,0.607061386462481,0.4472135954999579,0.7099208875147768,0.8080808080808081,0.6150739152788731
0.4472135954999579,0.7410614321623399,0.7843490705724887,0.6186178972005688,0.4472135954999579,0.7430044353621439,0.8115791759473964,0.6186178972005688,0.4472135954999579,0.6846412657997636,0.7502805836139169,0.5911259018268369
0.4472135954999579,0.7408104589247383,0.8263917284888136,0.5748642428613335,0.4472135954999579,0.7432598750667626,0.8263917284888136,0.5748642428613335,0.4472135954999579,0.6521778666909157,0.7471941638608306,0.5648845856450434
0.4472135954999579,0.7404565127995695,0.835564412285358,0.577408668645826,0.4472135954999579,0.7425864431182222,0.856493039770202,0.577408668645826,0.4472135954999579,0.7015549695371465,0.7535072951739619,0.5636202241099988
0.4472135954999579,0.739833055065796,0.8433576854600914,0.6184716931413715,0.4472135954999579,0.7420987855003135,0.8581899211910489,0.6184716931413715,0.4472135954999579,0.7046467218332273,0.784371492704826,0.6044513591086549
0.4472135954999579,0.7357404583368425,0.8324516111008109,0.6186178972005688,0.4472135954999579,0.735968232589462,0.8426033748415821,0.6186178972005688,0.4472135954999579,0.6973720105483313,0.7745510662177328,0.5911259018268369
0.4472135954999579,0.7343968671304838,0.7665529274617321,0.6188336505872587,0.4472135954999579,0.7380349720177415,0.7876304487513239,0.6188336505872587,0.4472135954999579,0.6856415386014367,0.7749719416386083,0.6053330500958884
0.4472135954999579,0.7333516055540842,0.791424542270602,0.6231686639941321,0.4472135954999579,0.7349000301883287,0.8124458712287643,0.6231686639941321,0.4472135954999579,0.6960080021824134,0.7595398428731762,0.6064447618226696
0.4472135954999579,0.729228925630217,0.8441878715995703,0.6184716931413715,0.4472135954999579,0.7298609014699394,0.85666161676449,0.6184716931413715,0.4472135954999579,0.7013731017550241,0.7787598204264871,0.6072876189768404
0.4472135954999579,0.7282571947800273,0.7932141251647673,0.6186876119324559,0.4472135954999579,0.7356199057195272,0.8088006715142342,0.6186876119324559,0.4472135954999579,0.6920978448667818,0.7636083052749719,0.6160020010667433
0.4472135954999579,0.7280751001680202,0.7985000139687152,0.6230259288735899,0.4472135954999579,0.7293500220607018,0.8365996845610141,0.6230259288735899,0.4472135954999579,0.6758206783668274,0.7915263748597082,0.6188055149195351
0.4472135954999579,0.7280287711340655,0.830242014339521,0.6230259288735899,0.4472135954999579,0.7292571348953858,0.8481870512550256,0.6230259288735899,0.4472135954999579,0.699008820587433,0.8138327721661055,0.6225117352693468
0.4472135954999579,0.7238369103435787,0.834866293998278,0.6186178972005688,0.4472135954999579,0.7242180061769965,0.8450180577390491,0.6186178972005688,0.4472135954999579,0.6850050013640083,0.7880190796857464,0.594155747645382
0.4472135954999579,0.7231260890582667,0.8233154364461557,0.6231686639941321,0.4472135954999579,0.7233587998978241,0.8240894302542052,0.6231686639941321,0.4472135954999579,0.6841865963444576,0.8028900112233446,0.6103939926135108
0.4472135954999579,0.7207897341440027,0.8528113309137826,0.61345487145658,0.4472135954999579,0.7224067064533358,0.8365069830876957,0.61345487145658,0.4472135954999579,0.6952805310539238,0.8061167227833894,0.609527833176183
0.4472135954999579,0.7117633141471713,0.8435627715962686,0.6198394416807027,0.4472135954999579,0.7184590019274086,0.8668498896471503,0.6198394416807027,0.4472135954999579,0.6859143402746204,0.840628507295174,0.5915752259058576
0.4472135954999579,0.7066635665460712,0.8450910760228274,0.6196941728660246,0.4472135954999579,0.7142558576968627,0.863717405273063,0.6196941728660246,0.4472135954999579,0.6837319268891516,0.8221099887766554,0.6048718880036542
0.4472135954999579,0.7057552874978675,0.8435627715962686,0.6214356529331283,0.4472135954999579,0.7155562780112857,0.8536583430056104,0.6214356529331283,0.4472135954999579,0.6529962717104665,0.8034511784511784,0.6083843550149177
0.4472135954999579,0.7053798889405525,0.8459015789727661,0.6147096591359142,0.4472135954999579,0.7097508301790401,0.8731316843476737,0.6147096591359142,0.4472135954999579,0.6897335636991907,0.8344556677890012,0.6071396683022756
0.4472135954999579,0.7052211503569854,0.8528478400556717,0.6052696638491397,0.4472135954999579,0.7093096161437893,0.860641113230405,0.6052696638491397,0.4472135954999579,0.6872783486405384,0.8200056116722783,0.6013338906637027
0.4472135954999579,0.7049996212004633,0.8311087096208891,0.6261780949178233,0.4472135954999579,0.7127232194691498,0.851356044771002,0.6261780949178233,0.4472135954999579,0.667000090933891,0.8200056116722784,0.6202802052308183
0.4472135954999579,0.7034809303113899,0.8396197842722426,0.6245091067356551,0.4472135954999579,0.7061050089403896,0.8514122371024313,0.6245091067356551,0.4472135954999579,0.6891879603528235,0.8204264870931537,0.6073867085004159
0.4472135954999579,0.7010889204306885,0.82956072200479,0.6262972661788047,0.4472135954999579,0.7102617095882776,0.8466952559703559,0.6262972661788047,0.4472135954999579,0.6611803219059743,0.8550785634118967,0.6224953911546433
0.4472135954999579,0.7008999501425172,0.8459774544937357,0.6263184534295041,0.4472135954999579,0.7032719503982537,0.8639224914092402,0.6263184534295041,0.4472135954999579,0.6931890515595163,0.8194444444444444,0.608016443271381
0.4472135954999579,0.7008905949534717,0.8722284799244165,0.6126304633517126,0.4472135954999579,0.705617351322481,0.86834168493182,0.6126304633517126,0.4472135954999579,0.635355096844594,0.840628507295174,0.5945651634549125
0.4472135954999579,0.6992793508133079,0.8753047719670745,0.5971169254616302,0.4472135954999579,0.7087290713605647,0.8807395545757701,0.5971169254616302,0.4472135954999579,0.6748204055651541,0.8195847362514029,0.5845609705004691
0.4472135954999579,0.6986652299928267,0.8280324175782312,0.6265968749501871,0.4472135954999579,0.7155330562199568,0.8420344671697098,0.6265968749501871,0.4472135954999579,0.67982176957352,0.8292648709315376,0.6221312530823986
0.4472135954999579,0.698619966788503,0.8605287285675464,0.6198394416807027,0.4472135954999579,0.7045027053386899,0.8753047719670745,0.6198394416807027,0.4472135954999579,0.6769118850595617,0.8329124579124579,0.5915752259058576
0.4472135954999579,0.6898888841894095,0.887758833942454,0.6130825559564236,0.4472135954999579,0.695957086129624,0.8861743371844658,0.6130825559564236,0.4472135954999579,0.6248067654814949,0.8107463524130191,0.5912558861864492
0.4472135954999579,0.685973592442967,0.8584315164691152,0.6263184534295041,0.4472135954999579,0.6955390938857023,0.8591493179457353,0.6263184534295041,0.4472135954999579,0.6749113394562153,0.8277216610549943,0.608016443271381
0.4472135954999579,0.6815967510072705,0.8225976349695355,0.6278025544289487,0.4472135954999579,0.6893388756008638,0.8351078892763444,0.6278025544289487,0.4472135954999579,0.6599072474311176,0.7920875420875421,0.6136683171333772
0.4472135954999579,0.6815475046102506,0.8908913183165412,0.6126304633517126,0.4472135954999579,0.6874811322945452,0.9080258522821071,0.6126304633517126,0.4472135954999579,0.6508138583249977,0.8390852974186307,0.5988295963451538
0.4472135954999579,0.6754865032335182,0.8691521878817586,0.6198394416807027,0.4472135954999579,0.6777279799363722,0.8722649890663057,0.6198394416807027,0.4472135954999579,0.6695462398836046,0.8298260381593715,0.5915752259058576
0.4472135954999579,0.6700781710781264,0.8636612129416337,0.6213631724935582,0.4472135954999579,0.6779601978496621,0.8575086288563178,0.6213631724935582,0.4472135954999579,0.6567245612439756,0.8437149270482603,0.6223750353275236
0.4472135954999579,0.6638292469671004,0.8728900890696074,0.6198394416807027,0.4472135954999579,0.6741750458630379,0.8807395545757701,0.6198394416807027,0.4472135954999579,0.6204419387105574,0.8442760942760943,0.5937664258541235
0.4472135954999579,0.6622099415304908,0.8481870512550256,0.6265968749501871,0.4472135954999579,0.6695306875972412,0.8481870512550256,0.6265968749501871,0.4472135954999579,0.6088933345457852,0.8344556677890012,0.6221312530823986
0.4472135954999579,0.6589078245655485,0.8830980451418079,0.6147096591359142,0.4472135954999579,0.6667208508464343,0.8847387342312254,0.6147096591359142,0.4472135954999579,0.6404473947440211,0.8292648709315376,0.6071396683022756
0.4472135954999579,0.6561586874268164,0.8831907466151263,0.6198394416807027,0.4472135954999579,0.6668137380117503,0.8801144545724684,0.6198394416807027,0.4472135954999579,0.6806401745930708,0.824635241301908,0.5915752259058576
0.4472135954999579,0.6558494338110278,0.8319192125708277,0.6278025544289487,0.4472135954999579,0.6802359333999025,0.8264844299621321,0.6278025544289487,0.4472135954999579,0.6803673729198872,0.8080808080808081,0.6136683171333772
0.4472135954999579,0.6550123090268275,0.8667936973157209,0.6263184534295041,0.4472135954999579,0.6619139400413347,0.8785861501459096,0.6263184534295041,0.4472135954999579,0.6642720742020551,0.8344556677890012,0.608016443271381
0.4472135954999579,0.6500334199788321,0.8419782748382804,0.6278025544289487,0.4472135954999579,0.6562942665397209,0.8490537465363936,0.6278025544289487,0.4472135954999579,0.5956169864508503,0.7895622895622896,0.6136683171333772
0.4472135954999579,0.6408443791831125,0.8676603925970889,0.6261780949178233,0.4472135954999579,0.6516266864825953,0.87781215633786,0.6261780949178233,0.4472135954999579,0.6198963353641902,0.8128507295173961,0.6202802052308183
0.4472135954999579,0.6395853280012366,0.8863232309892136,0.6159536728930997,0.4472135954999579,0.6484220792791956,0.8878150262738833,0.6159536728930997,0.4472135954999579,0.6939165226880059,0.8292648709315376,0.5956959741920895
0.4472135954999579,0.6375171068727337,0.8489975542049643,0.6274295218092236,0.4472135954999579,0.650721036620765,0.8592055102771647,0.6274295218092236,0.4472135954999579,0.6396289897244704,0.824635241301908,0.6202802052308183
0.4472135954999579,0.6366508115294386,0.8995316035831025,0.6147096591359142,0.4472135954999579,0.6454032464064278,0.8894360321737607,0.6147096591359142,0.4472135954999579,0.7088296808220423,0.8107463524130191,0.6071396683022756
0.4472135954999579,0.6366292027551358,0.8769454610564921,0.6263184534295041,0.4472135954999579,0.6502566007941852,0.8894557153633009,0.6263184534295041,0.4472135954999579,0.6287169227971265,0.832351290684624,0.608016443271381
0.4472135954999579,0.6293658931077927,0.8466952559703559,0.6290525677712095,0.4472135954999579,0.6425469660729629,0.8544885291450892,0.6290525677712095,0.4472135954999579,0.6996453578248614,0.8138327721661055,0.6202802052308183
0.4472135954999579,0.6281396417577675,0.8863232309892136,0.6198394416807027,0.4472135954999579,0.6370434015279939,0.8917580135979093,0.6198394416807027,0.4472135954999579,0.6410839319814495,0.8308080808080808,0.5930893371557266
0.4472135954999579,0.6261201424814565,0.8995512867726426,0.6130825559564236,0.4472135954999579,0.6363003042054665,0.8971927962066049,0.6130825559564236,0.4472135954999579,0.6892788942438847,0.8319304152637486,0.5953950039908594
0.4472135954999579,0.6245964612367593,0.8887379138866807,0.6196941728660246,0.4472135954999579,0.6371595104846388,0.8895119076947302,0.6196941728660246,0.4472135954999579,0.6357188324088388,0.8159371492704826,0.6048718880036542
0.4472135954999579,0.6182613826918728,0.9065340569974374,0.6126304633517126,0.4472135954999579,0.627127696630518,0.9018732681967913,0.6126304633517126,0.4472135954999579,0.6191688642357006,0.8261784511784511,0.5945651634549125
0.4472135954999579,0.6181532761606348,0.898740783822704,0.6198394416807027,0.4472135954999579,0.6252699533241994,0.8933060012140084,0.6198394416807027,0.4472135954999579,0.6240792943530054,0.8344556677890012,0.5915752259058576
0.4472135954999579,0.6066842469428352,0.8124458712287644,0.6294649357676951,0.4472135954999579,0.6227619998606693,0.8164450508842197,0.6294649357676951,0.4472135954999579,0.6595435118668728,0.800364758698092,0.6221312530823986
0.4472135954999579,0.6038018810234348,0.8597744179490371,0.627630524223755,0.4472135954999579,0.6401086779834196,0.8722846722558459,0.627630524223755,0.4472135954999579,0.6221696826407201,0.8442760942760943,0.6221312530823986
0.4472135954999579,0.6011188693218541,0.8343338954682948,0.6292334064613558,0.4472135954999579,0.6194180619092957,0.8499204418177616,0.6292334064613558,0.4472135954999579,0.6260798399563517,0.8354377104377104,0.6117490583503362
0.4472135954999579,0.6004558332179964,0.8272387405806414,0.6307534861918984,0.4472135954999579,0.6184195248821495,0.8218039579719457,0.6307534861918984,0.4472135954999579,0.6178957897608439,0.8194444444444444,0.6229470197628555
0.4472135954999579,0.5980441331331171,0.850489349489634,0.6278025544289487,0.4472135954999579,0.6183034159255045,0.8544885291450892,0.6278025544289487,0.4472135954999579,0.6460852959898155,0.8055555555555556,0.6136683171333772
0.4472135954999579,0.5935260380182351,0.8644352067496832,0.6288295485686426,0.4472135954999579,0.6187678517520842,0.8738691690138342,0.6288295485686426,0.4472135954999579,0.6086205328726016,0.8411896745230079,0.6136683171333772
0.4472135954999579,0.5750339164189303,0.797613635497807,0.6319745169177021,0.4472135954999579,0.6107795555349139,0.8124823803706536,0.6319745169177021,0.4472135954999579,0.6055287805765208,0.8117283950617283,0.6216002414868085
0.4472135954999579,0.5740971685851907,0.8257104361540826,0.6310233626374057,0.4472135954999579,0.6046954462067203,0.8202756535453869,0.6310233626374057,0.4472135954999579,0.5976175320541967,0.8261784511784511,0.6249744248755267
0.408248290463863,0.783355826869092,0.7154569547693004,0.5452594398340467,0.408248290463863,0.7861273018600655,0.7513105194584202,0.5452594398340467,0.408248290463863,0.6883695553332727,0.6698933782267116,0.5422961000545856
0.408248290463863,0.7828711171934045,0.728062767786619,0.5599607328897843,0.408248290463863,0.7817848268815456,0.7365738424379726,0.5599607328897843,0.408248290463863,0.692188778757843,0.7152076318742986,0.5620352332830644
0.408248290463863,0.7821853894384821,0.7297005996388453,0.5515074670295508,0.408248290463863,0.7872883914265146,0.7508343132598664,0.5515074670295508,0.408248290463863,0.7171046649086115,0.760662177328844,0.5474970890892172
0.408248290463863,0.7821002734974121,0.7334946931581233,0.5452594398340467,0.408248290463863,0.7863362979820263,0.7443839415650548,0.5452594398340467,0.408248290463863,0.6849140674729471,0.6802749719416386,0.536990995451424
0.408248290463863,0.774976077346427,0.7148880470974279,0.5666508442285982,0.408248290463863,0.7776049044423287,0.7561398852533544,0.5666508442285982,0.408248290463863,0.707738474129308,0.7028619528619529,0.5634367310446462
0.408248290463863,0.7739859599368463,0.7157744255683363,0.5612844662581171,0.408248290463863,0.777140468615749,0.7281357860703972,0.5612844662581171,0.408248290463863,0.7033736473583705,0.7390572390572391,0.5687147663734687
0.408248290463863,0.7736012993353953,0.7323765610039189,0.5850136925546223,0.408248290463863,0.777140468615749,0.7580221696208382,0.5850136925546223,0.408248290463863,0.7041920523779213,0.7069304152637486,0.5694398164606751
0.408248290463863,0.7732113513589388,0.7714454699456744,0.5570956999582323,0.408248290463863,0.7760954880059447,0.7854672027266932,0.5570956999582323,0.408248290463863,0.7020096389924525,0.7783389450056116,0.553797739519524
0.408248290463863,0.7729370194820756,0.7960123127874699,0.5914523189111611,0.408248290463863,0.7742145229082972,0.8239967287808867,0.5914523189111611,0.408248290463863,0.7127398381376739,0.7905443322109988,0.5836327156576371
0.408248290463863,0.7710547457707605,0.7510028902541545,0.5972916140036658,0.408248290463863,0.7691986159812368,0.7775151941524419,0.5972916140036658,0.408248290463863,0.7147403837410202,0.7198372615039281,0.5869519373482901
0.408248290463863,0.768930932181967,0.7599536619621727,0.5922412055434008,0.408248290463863,0.7681071917887746,0.7787092018276159,0.5922412055434008,0.408248290463863,0.6940983904701282,0.7565937149270483,0.5835675548850303
0.408248290463863,0.7668827210833203,0.7431731079375319,0.6040133279043041,0.408248290463863,0.7679910828321297,0.7578367666742013,0.6040133279043041,0.408248290463863,0.6913703737382922,0.7724466891133558,0.6032826066684471
0.408248290463863,0.766806486083183,0.7570627728661518,0.6032128003453274,0.408248290463863,0.7656921254905603,0.7719877100704278,0.6032128003453274,0.408248290463863,0.7030099117941256,0.7539281705948372,0.57494470325354
0.408248290463863,0.7666170076062149,0.7750246357340052,0.5989966104682,0.408248290463863,0.7677820867101688,0.7751370203968639,0.5989966104682,0.408248290463863,0.7165590615622442,0.7436868686868687,0.5869519373482901
0.408248290463863,0.7664446889863065,0.7595701572369373,0.6040133279043041,0.408248290463863,0.7718923437753988,0.7579856604789492,0.6040133279043041,0.408248290463863,0.7114667636628171,0.7801627384960719,0.6032826066684471
0.408248290463863,0.7644223825389709,0.7727055115470479,0.6047753242709117,0.408248290463863,0.7670157675963124,0.7804987847217812,0.6047753242709117,0.408248290463863,0.7184686732745295,0.7749719416386083,0.6032826066684471
0.408248290463863,0.7635194671171286,0.7834261829596914,0.5930491352781132,0.408248290463863,0.7681768571627615,0.8036735181098043,0.5930491352781132,0.408248290463863,0.7204692188778757,0.7916666666666666,0.5835675548850303
0.408248290463863,0.7626032420325856,0.7980701585068206,0.5757678920275,0.408248290463863,0.7646239230894272,0.7949938664641627,0.5757678920275,0.408248290463863,0.6957352005092298,0.7065095398428731,0.5612823753572708
0.408248290463863,0.7623656345135661,0.7990295552615071,0.5835148257161906,0.408248290463863,0.7643220398021503,0.8254856668283651,0.5835148257161906,0.408248290463863,0.6843684641265799,0.7643097643097643,0.5762985874955029
0.408248290463863,0.7621162248511048,0.8082977977685613,0.5757678920275,0.408248290463863,0.7644149269674663,0.8363945984248369,0.5757678920275,0.408248290463863,0.7262889879057924,0.6905162738496072,0.5712554755519836
0.408248290463863,0.7615221330273328,0.7820270891483402,0.5972916140036658,0.408248290463863,0.7630448412790563,0.7914610514124911,0.5972916140036658,0.408248290463863,0.7145585159588979,0.7554713804713804,0.5869519373482901
0.408248290463863,0.758800610013921,0.8035246243050564,0.5922412055434008,0.408248290463863,0.76204630425191,0.8168088724199148,0.5922412055434008,0.408248290463863,0.6937346549058834,0.7544893378226711,0.5835675548850303
0.408248290463863,0.7587342598157226,0.7984438216372858,0.6186876119324559,0.408248290463863,0.760629774980842,0.8249561255355733,0.6186876119324559,0.408248290463863,0.7051923251795944,0.7884399551066218,0.6177626321769438
0.408248290463863,0.7585107918936008,0.829375319058153,0.6186178972005688,0.408248290463863,0.7608619928941318,0.8395270827989242,0.6186178972005688,0.408248290463863,0.6999181594980449,0.7616442199775533,0.5911259018268369
0.408248290463863,0.7569493282938943,0.787481554946576,0.6231686639941321,0.408248290463863,0.7610709890160927,0.8100873806627267,0.6231686639941321,0.408248290463863,0.6994634900427389,0.8028900112233446,0.6064447618226696
0.408248290463863,0.7531494780291353,0.843301493128662,0.57322615312864,0.408248290463863,0.7560550820890324,0.85735973505157,0.57322615312864,0.408248290463863,0.6912794398472311,0.8381032547699214,0.5653325437544765
0.408248290463863,0.7509973149079342,0.8317112691974593,0.5791460669373105,0.408248290463863,0.7560550820890324,0.8465435049284167,0.5791460669373105,0.408248290463863,0.683004455760662,0.8010662177328843,0.5695560415819589
0.408248290463863,0.749417542228815,0.8341091261425774,0.6094428726628152,0.408248290463863,0.7516893853191835,0.857545137998207,0.6094428726628152,0.408248290463863,0.6804583068109484,0.734287317620651,0.5925793582094512
0.408248290463863,0.7490467691263741,0.8255250332074455,0.6230259288735899,0.408248290463863,0.7542670041567007,0.8550574368169616,0.6230259288735899,0.408248290463863,0.6712739838137673,0.8169191919191918,0.6225117352693468
0.408248290463863,0.7470139627981842,0.8357133060901059,0.6184716931413715,0.408248290463863,0.746928918096742,0.8566981259063792,0.6184716931413715,0.408248290463863,0.6964626716377194,0.7972783389450055,0.6044513591086549
0.408248290463863,0.7460276891326968,0.8441485052204898,0.5791460669373105,0.408248290463863,0.7531059145902514,0.8464704866446384,0.5791460669373105,0.408248290463863,0.7034645812494317,0.7989618406285073,0.5687686385066011
0.408248290463863,0.7453581212132717,0.8364507907562663,0.5885783358019803,0.408248290463863,0.7498316420128649,0.8496788465396953,0.5885783358019803,0.408248290463863,0.697644812221515,0.8070987654320988,0.5827161008298096
0.408248290463863,0.7453441249044209,0.8457358592156694,0.6186178972005688,0.408248290463863,0.746952139888071,0.8426595671730115,0.6186178972005688,0.408248290463863,0.6671819587160135,0.7502805836139169,0.5911259018268369
0.408248290463863,0.7439109759811146,0.8589639149990984,0.6230259288735899,0.408248290463863,0.7472308013840188,0.8667571881738318,0.6230259288735899,0.408248290463863,0.6920978448667818,0.8205667789001122,0.6225117352693468
0.408248290463863,0.743627309110681,0.8016690074846915,0.6231686639941321,0.408248290463863,0.7463948168961754,0.8125947650335122,0.6231686639941321,0.408248290463863,0.7322906247158316,0.7595398428731762,0.6064447618226696
0.408248290463863,0.7401248549534878,0.8519811447743036,0.6231601535294403,0.408248290463863,0.7403107075679818,0.8668498896471503,0.6231601535294403,0.408248290463863,0.7141947803946531,0.8354377104377104,0.6240233399628614
0.408248290463863,0.7389548898512684,0.81788065383746,0.6231686639941321,0.408248290463863,0.7392889487495066,0.8202391444034978,0.6231686639941321,0.408248290463863,0.67982176957352,0.7951739618406285,0.6103939926135108
0.408248290463863,0.7388649966437116,0.8605287285675464,0.6126304633517126,0.408248290463863,0.7446299607551726,0.8753047719670745,0.6126304633517126,0.408248290463863,0.6950986632718014,0.8344556677890012,0.5945651634549125
0.408248290463863,0.7378598653190648,0.8613027223755959,0.5951520280139398,0.408248290463863,0.7411234702644962,0.8629434114650134,0.5951520280139398,0.408248290463863,0.6841865963444576,0.8014870931537598,0.5853914725350926
0.408248290463863,0.7366572488946855,0.804652598054031,0.6259488932323287,0.408248290463863,0.7394050577061515,0.8326932063788772,0.6259488932323287,0.408248290463863,0.7014640356460853,0.7890011223344556,0.6188055149195351
0.408248290463863,0.734118860905793,0.8280886099096605,0.6231686639941321,0.408248290463863,0.747021805262058,0.8320315972336865,0.6231686639941321,0.408248290463863,0.7033736473583705,0.7786195286195285,0.6064447618226696
0.408248290463863,0.7308257975799709,0.8124458712287644,0.6249970092551289,0.408248290463863,0.7341104892831433,0.8163888585527903,0.6249970092551289,0.408248290463863,0.6897335636991907,0.7920875420875422,0.6198918506481171
0.408248290463863,0.7304703869373149,0.8387530889908746,0.6231686639941321,0.408248290463863,0.7329493997166941,0.8458285606889878,0.6231686639941321,0.408248290463863,0.6893698281349459,0.7936307519640853,0.6134776851982717
0.408248290463863,0.7304102590187155,0.8675114987923411,0.5971169254616302,0.408248290463863,0.7370596567819242,0.8729462814010367,0.5971169254616302,0.408248290463863,0.7060107301991452,0.8195847362514029,0.5845609705004691
0.408248290463863,0.7301131834279281,0.8675676911237704,0.5944519906893952,0.408248290463863,0.7350625827276316,0.8807957469071994,0.5944519906893952,0.408248290463863,0.6833681913249068,0.8087822671156004,0.5868412057561392
0.408248290463863,0.7300365457469128,0.842788777788219,0.6262972661788047,0.408248290463863,0.7364326684160416,0.851356044771002,0.6262972661788047,0.408248290463863,0.7001909611712285,0.840628507295174,0.6224953911546433
0.408248290463863,0.7290721134492403,0.8767965672517442,0.6198394416807027,0.408248290463863,0.7306039987924668,0.8822875421918692,0.6198394416807027,0.408248290463863,0.6865508775120487,0.8556397306397306,0.594155747645382
0.408248290463863,0.7289458698456771,0.838809281322304,0.6265968749501871,0.408248290463863,0.7395676102454544,0.8481870512550256,0.6265968749501871,0.408248290463863,0.6923706465399655,0.8313692480359147,0.6221312530823986
0.408248290463863,0.7232972760404754,0.8870045233239446,0.6147096591359142,0.408248290463863,0.729048138773425,0.887060715655374,0.6147096591359142,0.408248290463863,0.6588160407383832,0.8329124579124579,0.6071396683022756
0.408248290463863,0.7178610705205101,0.8505820509629525,0.6263184534295041,0.408248290463863,0.7284443721988714,0.8567908273796976,0.6263184534295041,0.408248290463863,0.7010093661907792,0.8437149270482603,0.608016443271381
0.408248290463863,0.7131098728597327,0.7984438216372858,0.6278025544289487,0.408248290463863,0.7267027378491977,0.8109540759440947,0.6278025544289487,0.408248290463863,0.683913794671274,0.7760942760942761,0.6136683171333772
0.408248290463863,0.7129514664648532,0.8326932063788772,0.6278025544289487,0.408248290463863,0.7295590181826626,0.8272584237701817,0.6278025544289487,0.408248290463863,0.6636355369646267,0.7807239057239057,0.6136683171333772
0.408248290463863,0.7118220616321053,0.8798728592944021,0.6198394416807027,0.408248290463863,0.7206418503123331,0.8994585852993242,0.6198394416807027,0.408248290463863,0.6896426298081295,0.8571829405162739,0.5915752259058576
0.408248290463863,0.7101391571124408,0.8015201136799437,0.6279889094145266,0.408248290463863,0.709890160927014,0.8078777839014367,0.6279889094145266,0.408248290463863,0.6809129762662545,0.7955948372615039,0.6200530971277243
0.408248290463863,0.7091982573808394,0.8605849208989758,0.6213631724935582,0.408248290463863,0.7185054455100667,0.8800779454305793,0.6213631724935582,0.408248290463863,0.6916431754114759,0.8282828282828283,0.6223750353275236
0.408248290463863,0.7075571058922933,0.8801706469038978,0.6196941728660246,0.408248290463863,0.71660125862109,0.8840771250860346,0.6196941728660246,0.408248290463863,0.6756388105847049,0.819023569023569,0.6048718880036542
0.408248290463863,0.7073947672925329,0.8863232309892136,0.6196941728660246,0.408248290463863,0.7142558576968627,0.8957010009219352,0.6196941728660246,0.408248290463863,0.6840047285623352,0.8411896745230079,0.6048718880036542
0.408248290463863,0.7048324668629883,0.8544323368136599,0.6261780949178233,0.408248290463863,0.7170424726563407,0.8591493179457353,0.6261780949178233,0.408248290463863,0.6734563971992361,0.8329124579124579,0.6202802052308183
0.408248290463863,0.704449760692068,0.8482797527283441,0.6265968749501871,0.408248290463863,0.7231730255671922,0.8498277403444431,0.6265968749501871,0.408248290463863,0.6840047285623352,0.8390852974186307,0.6221312530823986
0.408248290463863,0.7043640493300355,0.8715106784477964,0.6263184534295041,0.408248290463863,0.7103313749622646,0.886379423320643,0.6263184534295041,0.408248290463863,0.6901882331544967,0.8421717171717171,0.608016443271381
0.408248290463863,0.703997295818219,0.8039347965774108,0.6278455042324029,0.408248290463863,0.7170889162389987,0.8303909081442689,0.6278455042324029,0.408248290463863,0.6847321996908248,0.8194444444444444,0.6221312530823986
0.408248290463863,0.7037150347985696,0.8412604733616602,0.6290525677712095,0.408248290463863,0.7128393284257948,0.8629996037964428,0.6290525677712095,0.408248290463863,0.6675456942802582,0.8236531986531986,0.6202802052308183
0.408248290463863,0.7000947639261085,0.8900808153666026,0.5971169254616302,0.408248290463863,0.7089612892738546,0.8846460327579069,0.5971169254616302,0.408248290463863,0.6754569428025825,0.8324915824915825,0.5845609705004691
0.408248290463863,0.6996970405382004,0.8543396353403414,0.6265968749501871,0.408248290463863,0.7141629705315468,0.855980324429759,0.6265968749501871,0.408248290463863,0.6519959989087933,0.8504489337822672,0.6221312530823986
0.408248290463863,0.6982954086885326,0.821823641161486,0.6291699136508421,0.408248290463863,0.7089148456911967,0.8419782748382804,0.6291699136508421,0.408248290463863,0.6549968173138129,0.8359988776655444,0.6224953911546433
0.408248290463863,0.6934193152993732,0.8956082994486168,0.6126304633517126,0.408248290463863,0.7033648375635696,0.8917215044560202,0.6126304633517126,0.408248290463863,0.6661816859143402,0.8292648709315376,0.5945651634549125
0.408248290463863,0.6923106130553748,0.8870410324658338,0.6198394416807027,0.408248290463863,0.7060585653577317,0.8878150262738833,0.6198394416807027,0.408248290463863,0.677093752841684,0.8473625140291807,0.5915752259058576
0.408248290463863,0.6882185941627306,0.8895652427889682,0.612975831239445,0.408248290463863,0.6992313587070107,0.891923733355006,0.612975831239445,0.408248290463863,0.610166409020642,0.8169191919191919,0.5846687667814066
0.408248290463863,0.6857281645910018,0.8459212621623063,0.6290525677712095,0.408248290463863,0.6981863780972064,0.8638101067463815,0.6290525677712095,0.408248290463863,0.6893698281349459,0.8308080808080808,0.6202802052308183
0.408248290463863,0.6855092030242039,0.8559241320983296,0.6264375352313272,0.408248290463863,0.6872721361725843,0.8738691690138342,0.6264375352313272,0.408248290463863,0.6592707101936892,0.8560606060606061,0.610376582308295
0.408248290463863,0.6835105619876991,0.8155586724133115,0.6294649357676951,0.408248290463863,0.7053619116178622,0.8249561255355733,0.6294649357676951,0.408248290463863,0.7002818950622897,0.8215488215488215,0.6221312530823986
0.408248290463863,0.683382202389805,0.8520738462476222,0.6278025544289487,0.408248290463863,0.6939367902840025,0.8567908273796976,0.6278025544289487,0.408248290463863,0.6427207420205511,0.8024691358024691,0.6136683171333772
0.408248290463863,0.6822562555138254,0.8413531748349787,0.6292334064613558,0.408248290463863,0.69742005898335,0.8670914849252166,0.6292334064613558,0.408248290463863,0.6670910248249523,0.8308080808080808,0.6117490583503362
0.408248290463863,0.6818201075087299,0.8739056781557233,0.6209893129159735,0.408248290463863,0.6892692102268769,0.888625529223822,0.6209893129159735,0.408248290463863,0.6333545512412476,0.8205667789001122,0.6048718880036542
0.408248290463863,0.6805027407793603,0.9197059204494371,0.6126304633517126,0.408248290463863,0.6868773657199917,0.9126866410827532,0.6126304633517126,0.408248290463863,0.6609984541238519,0.8473625140291807,0.5988295963451538
0.408248290463863,0.6803598624010875,0.9018535850072511,0.6198394416807027,0.408248290463863,0.684973178831015,0.8979667900146544,0.6198394416807027,0.408248290463863,0.6651814131126671,0.8313692480359147,0.5915752259058576
0.408248290463863,0.6759496737824157,0.863717405273063,0.6288295485686426,0.408248290463863,0.6914985021944593,0.8738691690138342,0.6288295485686426,0.408248290463863,0.6245339638083114,0.8411896745230079,0.6136683171333772
0.408248290463863,0.6714013150955447,0.8739618704871526,0.6228559438172698,0.408248290463863,0.6821168984975501,0.8832469389465557,0.6228559438172698,0.408248290463863,0.6283531872328817,0.8390852974186307,0.5971691360780317
0.408248290463863,0.6704075090554052,0.8809446407119473,0.6227822704032515,0.408248290463863,0.678192415762952,0.8785861501459096,0.6227822704032515,0.408248290463863,0.6552696189869964,0.8442760942760943,0.5990856848540669
0.408248290463863,0.6651158953807434,0.8729462814010367,0.6265968749501871,0.408248290463863,0.6750574739335392,0.8862305295158951,0.6265968749501871,0.408248290463863,0.6209875420569246,0.8236531986531986,0.6221312530823986
0.408248290463863,0.6646397024363391,0.8287502190548514,0.6294649357676951,0.408248290463863,0.6702273413371107,0.8443367654043181,0.6294649357676951,0.408248290463863,0.6218059470764754,0.7895622895622896,0.6221312530823986
0.408248290463863,0.6646396684956549,0.8746431628218836,0.6261780949178233,0.408248290463863,0.6786800733808606,0.8807957469071994,0.6261780949178233,0.408248290463863,0.6495407838501409,0.8277216610549943,0.6202802052308183
0.408248290463863,0.6563502838178373,0.8753047719670745,0.6264375352313272,0.408248290463863,0.6677193878735805,0.8854565357078457,0.6264375352313272,0.408248290463863,0.6364463035373283,0.8695286195286195,0.6126590298857102
0.408248290463863,0.6543013085930625,0.8768892687250627,0.6263184534295041,0.408248290463863,0.6601723056916611,0.9049860693813383,0.6263184534295041,0.408248290463863,0.6686369009729927,0.8390852974186307,0.608016443271381
0.408248290463863,0.6492276740482894,0.8840209327546052,0.6228559438172698,0.408248290463863,0.6649327729141026,0.8918142059293386,0.6228559438172698,0.408248290463863,0.6320814767663908,0.8271604938271605,0.5956259087328745
0.408248290463863,0.6470090759539682,0.9160045284034775,0.6159536728930997,0.408248290463863,0.6553886166778905,0.9206850003936637,0.6159536728930997,0.408248290463863,0.7067382013276348,0.8308080808080808,0.5956959741920895
0.408248290463863,0.6469992289321572,0.8863232309892136,0.6263184534295041,0.408248290463863,0.6580359008893946,0.8863232309892136,0.6263184534295041,0.408248290463863,0.6254433027189233,0.832351290684624,0.608016443271381
0.408248290463863,0.6430640939413022,0.8365434922295847,0.6294649357676951,0.408248290463863,0.6634001346863897,0.8459774544937357,0.6294649357676951,0.408248290463863,0.6664544875875239,0.7874579124579124,0.6221312530823986
0.408248290463863,0.6429983795550164,0.7960291387398187,0.6319745169177021,0.408248290463863,0.6728978473399438,0.8186349644559694,0.6319745169177021,0.408248290463863,0.6763662817131945,0.8230920314253647,0.6216002414868085
0.408248290463863,0.6395118956415801,0.856016833571648,0.6290525677712095,0.408248290463863,0.6532522118756241,0.8676603925970889,0.6290525677712095,0.408248290463863,0.6511775938892426,0.8329124579124579,0.6202802052308183
0.408248290463863,0.6374704390462477,0.9041193740999703,0.6198394416807027,0.408248290463863,0.649350950932355,0.9119126472747037,0.6198394416807027,0.408248290463863,0.658725106847322,0.8390852974186307,0.5915752259058576
0.408248290463863,0.6342918908210814,0.8491464480097121,0.6302848548881448,0.408248290463863,0.652044678726517,0.8529967338604195,0.6302848548881448,0.408248290463863,0.6597253796489951,0.8261784511784511,0.6202802052308183
0.408248290463863,0.6324833934835975,0.8808884483805179,0.6292334064613558,0.408248290463863,0.6499082739242505,0.8879639200786311,0.6292334064613558,0.408248290463863,0.6384468491406747,0.8385241301907969,0.6117490583503362
0.408248290463863,0.6306315351558837,0.8901735168399211,0.6263184534295041,0.408248290463863,0.6690662517706616,0.9050422617127677,0.6263184534295041,0.408248290463863,0.6653632808947895,0.8338945005611672,0.608016443271381
0.408248290463863,0.6251115505892195,0.8039713057193,0.6304014225394039,0.408248290463863,0.6356500940482549,0.8171628523608399,0.6304014225394039,0.408248290463863,0.6669091570428298,0.8225308641975309,0.6224953911546433
0.408248290463863,0.62461005363611,0.820993455022007,0.6319745169177021,0.408248290463863,0.6603813018136219,0.8319192125708277,0.6319745169177021,0.408248290463863,0.6699099754478494,0.8390852974186307,0.6216002414868085
0.408248290463863,0.6190011106129049,0.9041755664313996,0.6198394416807027,0.408248290463863,0.6405963356013283,0.9041755664313996,0.6198394416807027,0.408248290463863,0.6429026098026734,0.824635241301908,0.5915752259058576
0.408248290463863,0.6185277711432188,0.8225414426381061,0.6306944891757396,0.408248290463863,0.6474699858347073,0.8258228208169412,0.6306944891757396,0.408248290463863,0.6579976357188324,0.8111672278338945,0.6156761532506043
0.408248290463863,0.6180808607160938,0.8917018212664799,0.6211415423276603,0.408248290463863,0.6267561479692544,0.9042120755732888,0.6211415423276603,0.408248290463863,0.6172592525234155,0.8153759820426487,0.6079796502312509
0.408248290463863,0.614762786561504,0.8980229823460838,0.6228559438172698,0.408248290463863,0.6277314632050717,0.9081747460868549,0.6228559438172698,0.408248290463863,0.6164408475038647,0.8215488215488216,0.5956259087328745
0.408248290463863,0.6123556306120768,0.8590004241409875,0.6304827890127123,0.408248290463863,0.64512458491048,0.8660758958391007,0.6304827890127123,0.408248290463863,0.6745476038919705,0.8365600448933782,0.6221312530823986
0.408248290463863,0.6028264888795268,0.8675114987923411,0.6301297760907842,0.408248290463863,0.628706778440889,0.8924758150745294,0.6301297760907842,0.408248290463863,0.6071655906156225,0.835016835016835,0.6185972075954816
0.408248290463863,0.600898221087344,0.827182548249212,0.6307534861918984,0.408248290463863,0.6196502798225855,0.8342580199473253,0.6307534861918984,0.408248290463863,0.6132581613167227,0.8338945005611672,0.6229470197628555
0.408248290463863,0.5974969840400153,0.8358256907529645,0.6306944891757396,0.408248290463863,0.6258969416900819,0.8584877088005445,0.6306944891757396,0.408248290463863,0.620260070928435,0.8194444444444444,0.6156761532506043
0.408248290463863,0.5966740040743564,0.8411845978406907,0.6307534861918984,0.408248290463863,0.6266400390126095,0.8443170822147779,0.6307534861918984,0.408248290463863,0.6343548240429208,0.8209876543209876,0.6229470197628555
0.408248290463863,0.5877439210238058,0.8722284799244165,0.6307530611550336,0.408248290463863,0.6215544667115621,0.88002175309915,0.6307530611550336,0.408248290463863,0.6199872692552514,0.8411896745230079,0.6242057651064369
0.408248290463863,0.5858021245670413,0.8433576854600914,0.632978647985295,0.408248290463863,0.6263845993079906,0.8792477592911004,0.632978647985295,0.408248290463863,0.6043466399927253,0.8432940516273849,0.6216002414868085
0.408248290463863,0.5828706908615522,0.8730389828743552,0.6320326836069537,0.408248290463863,0.6199521631098623,0.8862670386577842,0.6320326836069537,0.408248290463863,0.6078021278530509,0.8525533108866442,0.6249744248755267
0.3779644730092272,0.792730476289468,0.7476821456962388,0.5515074670295508,0.3779644730092272,0.7969022130367136,0.7577974002951209,0.5515074670295508,0.3779644730092272,0.731563153587342,0.7781986531986532,0.5474970890892172
0.3779644730092272,0.7905163479989646,0.7397063268120598,0.5599607328897843,0.3779644730092272,0.7901214499686506,0.7490840967447814,0.5599607328897843,0.3779644730092272,0.6914613076293534,0.7250280583613917,0.5659490276829573
0.3779644730092272,0.7892298449466683,0.7609495678587483,0.5515074670295508,0.3779644730092272,0.7939066019552748,0.775818312731595,0.5515074670295508,0.3779644730092272,0.7252887151041193,0.7406004489337823,0.5486478169591273
0.3779644730092272,0.7868814103739563,0.7397596619062978,0.5632442023052004,0.3779644730092272,0.788170819497016,0.8050529287316153,0.5632442023052004,0.3779644730092272,0.6844593980176412,0.7441077441077442,0.5605865327255288
0.3779644730092272,0.7850145799043259,0.799674338454349,0.5922412055434008,0.3779644730092272,0.7898195666813738,0.8346415246725607,0.5922412055434008,0.3779644730092272,0.7331999636264436,0.779320987654321,0.5835675548850303
0.3779644730092272,0.779689194250614,0.741476226516685,0.6040133279043041,0.3779644730092272,0.7820402665861644,0.7727055115470479,0.6040133279043041,0.3779644730092272,0.7074656724561244,0.7801627384960719,0.6032826066684471
0.3779644730092272,0.7790112699350838,0.7517965672517442,0.5974544978469872,0.3779644730092272,0.782690476743376,0.7969717095421563,0.5974544978469872,0.3779644730092272,0.7108302264253887,0.7610830527497194,0.576111246737495
0.3779644730092272,0.7776600218793015,0.753837587018746,0.6040133279043041,0.3779644730092272,0.7807166244804125,0.7639893507595171,0.6040133279043041,0.3779644730092272,0.6932799854505775,0.7735690235690236,0.6032826066684471
0.3779644730092272,0.7775675507923108,0.7640820522328357,0.6032128003453274,0.3779644730092272,0.7806237373150965,0.7712137162623782,0.6032128003453274,0.3779644730092272,0.7200145494225698,0.7575757575757576,0.57494470325354
0.3779644730092272,0.7773927761569182,0.8011632765018274,0.5573727409114617,0.3779644730092272,0.7862201890253814,0.826147275973556,0.5573727409114617,0.3779644730092272,0.7134673092661635,0.7964365881032548,0.5526731541331278
0.3779644730092272,0.7773560465774306,0.7656300398489347,0.6040133279043041,0.3779644730092272,0.7763973712932215,0.7928039528924129,0.6040133279043041,0.3779644730092272,0.6797308356824588,0.7817059483726151,0.6032826066684471
0.3779644730092272,0.7767687477282011,0.8013347107333068,0.5914523189111611,0.3779644730092272,0.7796484220792792,0.8185619461721911,0.5914523189111611,0.3779644730092272,0.7142857142857143,0.8019079685746352,0.5848983574651538
0.3779644730092272,0.7751329643965601,0.7804987847217812,0.6040133279043041,0.3779644730092272,0.7771172468244201,0.8076726977652595,0.6040133279043041,0.3779644730092272,0.6855506047103755,0.773989898989899,0.6032826066684471
0.3779644730092272,0.773028169339626,0.8216747473567382,0.5930615485479398,0.3779644730092272,0.7779300095209345,0.8263355361573843,0.5930615485479398,0.3779644730092272,0.6795489679003365,0.7916666666666667,0.5863813992856766
0.3779644730092272,0.7720222256654355,0.7976698278292362,0.6075104920084597,0.3779644730092272,0.7722174488540046,0.7960291387398187,0.6075104920084597,0.3779644730092272,0.6859143402746204,0.7946127946127945,0.6020340332481067
0.3779644730092272,0.7703146790571972,0.8131074803739552,0.6040133279043041,0.3779644730092272,0.7700113786777512,0.8239770455913465,0.6040133279043041,0.3779644730092272,0.6965536055287805,0.8251964085297419,0.6055245852102011
0.3779644730092272,0.7698950726819019,0.8255250332074455,0.6181289308103431,0.3779644730092272,0.7710795810788844,0.8411115795569124,0.6181289308103431,0.3779644730092272,0.7024643084477585,0.8209876543209876,0.6209166024617162
0.3779644730092272,0.7675119964960927,0.7844979643772366,0.6220781402360911,0.3779644730092272,0.7672479855096022,0.8163888585527903,0.6220781402360911,0.3779644730092272,0.6929162498863326,0.805976430976431,0.6160020010667433
0.3779644730092272,0.7667782100377316,0.7712699085938075,0.6222215938519335,0.3779644730092272,0.7668996586396675,0.79229123755197,0.6222215938519335,0.3779644730092272,0.6915522415204146,0.7703423120089787,0.606649822768907
0.3779644730092272,0.7644859398488758,0.8262990270154951,0.5914523189111611,0.3779644730092272,0.766203004899798,0.8177879523641416,0.5914523189111611,0.3779644730092272,0.7167409293443666,0.8019079685746352,0.5836327156576371
0.3779644730092272,0.7642009400770924,0.8378470273304262,0.5835148257161906,0.3779644730092272,0.7665281099784037,0.8612268468546262,0.5835148257161906,0.3779644730092272,0.6877330180958443,0.7993827160493827,0.5762985874955029
0.3779644730092272,0.7640862881386554,0.8278835237734833,0.5930615485479398,0.3779644730092272,0.7678517520841558,0.8395635919408133,0.5930615485479398,0.3779644730092272,0.7051013912885332,0.7864758698092031,0.5863813992856766
0.3779644730092272,0.7639021602339394,0.8301493128662025,0.6186178972005688,0.3779644730092272,0.7656224601165734,0.8488683435897566,0.6186178972005688,0.3779644730092272,0.6479039738110394,0.7730078563411896,0.5911259018268369
0.3779644730092272,0.7634461474067566,0.7765557973977554,0.6231686639941321,0.3779644730092272,0.7662726702737849,0.8334672001869268,0.6231686639941321,0.3779644730092272,0.6395380558334091,0.7909652076318743,0.6064447618226696
0.3779644730092272,0.7623448074500447,0.8308474311532825,0.591474981799654,0.3779644730092272,0.7688038455286441,0.8386968966594452,0.591474981799654,0.3779644730092272,0.7014640356460853,0.8005050505050505,0.5655993888301694
0.3779644730092272,0.7616404657638629,0.8535094492008626,0.5854729709327513,0.3779644730092272,0.7663887792304298,0.8738691690138342,0.5854729709327513,0.3779644730092272,0.7057379285259616,0.7906846240179574,0.5730009291835018
0.3779644730092272,0.7601509733082473,0.8542272506774827,0.5951520280139398,0.3779644730092272,0.7627661797831085,0.8721722875929871,0.5951520280139398,0.3779644730092272,0.6665454214785851,0.8319304152637486,0.5853914725350926
0.3779644730092272,0.7598592105095839,0.7844979643772366,0.6231686639941321,0.3779644730092272,0.760652996772171,0.8265406222935614,0.6231686639941321,0.3779644730092272,0.7031917795762481,0.7636083052749719,0.6064447618226696
0.3779644730092272,0.7594414400027913,0.8722284799244165,0.6198394416807027,0.3779644730092272,0.7625571836611477,0.8870972247972632,0.6198394416807027,0.3779644730092272,0.6950077293807402,0.8448372615039281,0.5949627152711743
0.3779644730092272,0.7581845223998993,0.7874253626151466,0.6231686639941321,0.3779644730092272,0.7609781018507767,0.8193162567907004,0.6231686639941321,0.3779644730092272,0.6602709829953624,0.7847923681257014,0.6064447618226696
0.3779644730092272,0.7572749254241772,0.8357694984215351,0.6238908617028884,0.3779644730092272,0.763346724566333,0.8551501382902801,0.6238908617028884,0.3779644730092272,0.7008274984086569,0.7398989898989898,0.6162997765208398
0.3779644730092272,0.756982088425895,0.8357133060901059,0.6243591753869515,0.3779644730092272,0.7601653391542623,0.8482235603969147,0.6243591753869515,0.3779644730092272,0.6938255887969447,0.8271604938271605,0.612944196816612
0.3779644730092272,0.755801085997462,0.837261293706205,0.6230259288735899,0.3779644730092272,0.7570071755335207,0.8450545668809383,0.6230259288735899,0.3779644730092272,0.6870964808584159,0.8209876543209876,0.6188055149195351
0.3779644730092272,0.7491020019075586,0.8745307781590249,0.6126304633517126,0.3779644730092272,0.7556603116364397,0.8830980451418079,0.6126304633517126,0.3779644730092272,0.6939165226880059,0.8458193041526374,0.5961164822094577
0.3779644730092272,0.7485207160882345,0.841922082506851,0.6213631724935582,0.3779644730092272,0.752478926224369,0.8489413618735349,0.6213631724935582,0.3779644730092272,0.7099208875147768,0.8200056116722784,0.6223750353275236
0.3779644730092272,0.7480133246672477,0.837261293706205,0.6231686639941321,0.3779644730092272,0.7500638599261547,0.8567908273796976,0.6231686639941321,0.3779644730092272,0.6806401745930708,0.8179012345679012,0.6134776851982717
0.3779644730092272,0.7466455708420711,0.8263355361573843,0.6263184534295041,0.3779644730092272,0.7525021480156979,0.8598671194223555,0.6263184534295041,0.3779644730092272,0.6893698281349459,0.8076599326599326,0.608016443271381
0.3779644730092272,0.745514178329208,0.825617734680764,0.6265968749501871,0.3779644730092272,0.7522234865197501,0.8419782748382804,0.6265968749501871,0.3779644730092272,0.690824770391925,0.8375420875420876,0.6221312530823986
0.3779644730092272,0.7454926985602208,0.875397473440393,0.5951520280139398,0.3779644730092272,0.7491349882729954,0.8746796719637728,0.5951520280139398,0.3779644730092272,0.6955533327271074,0.8128507295173961,0.5853914725350926
0.3779644730092272,0.7433529570383426,0.8557752382935817,0.6231601535294403,0.3779644730092272,0.7442119685112509,0.862850709991695,0.6231601535294403,0.3779644730092272,0.7206510866599982,0.8375420875420876,0.6240233399628614
0.3779644730092272,0.7428265561465842,0.8356206046167873,0.6245091067356551,0.3779644730092272,0.7489259921510345,0.85735973505157,0.6245091067356551,0.3779644730092272,0.6586341729562608,0.8204264870931538,0.6073867085004159
0.3779644730092272,0.7412138175412705,0.8722846722558459,0.6186178972005688,0.3779644730092272,0.7457213849476348,0.8925881997373881,0.6186178972005688,0.3779644730092272,0.6890970264617623,0.7849326599326599,0.5953378289240694
0.3779644730092272,0.7402673242006171,0.8776632625331122,0.5821256461794082,0.3779644730092272,0.7459071592782667,0.8823802436651877,0.5821256461794082,0.3779644730092272,0.7208329544421206,0.8421717171717171,0.5753471651345714
0.3779644730092272,0.7389277383021512,0.8162399647480425,0.6279889094145266,0.3779644730092272,0.7421684508743004,0.8528478400556717,0.6279889094145266,0.3779644730092272,0.5971628625988906,0.7796015712682379,0.6200530971277243
0.3779644730092272,0.7387512007476902,0.8294118282000422,0.6246610940681208,0.3779644730092272,0.7452105055383972,0.8379790951828251,0.6246610940681208,0.3779644730092272,0.6991906883695553,0.800364758698092,0.6152872614535976
0.3779644730092272,0.7381891308844315,0.8801144545724684,0.5889214793331545,0.3779644730092272,0.7420523419176556,0.8730389828743552,0.5889214793331545,0.3779644730092272,0.6970082749840866,0.8288439955106621,0.576248290023747
0.3779644730092272,0.7362345590619815,0.8839085480917466,0.5971169254616302,0.3779644730092272,0.7477416807932564,0.8768330763936333,0.5971169254616302,0.3779644730092272,0.7188324088387742,0.8361391694725028,0.5845609705004691
0.3779644730092272,0.7358364643230578,0.876078765775124,0.6198394416807027,0.3779644730092272,0.7402642639853239,0.8909475106479706,0.6198394416807027,0.3779644730092272,0.6650904792216059,0.8618125701459034,0.5915752259058576
0.3779644730092272,0.7354233701053771,0.843618963927698,0.6231686639941321,0.3779644730092272,0.7426561084922091,0.8537707276684691,0.6231686639941321,0.3779644730092272,0.6676366281713194,0.7951739618406285,0.6103485000595754
0.3779644730092272,0.7350051741114099,0.837261293706205,0.6261780949178233,0.3779644730092272,0.7385922950096371,0.8707366846397468,0.6261780949178233,0.3779644730092272,0.6283531872328817,0.8329124579124579,0.6202802052308183
0.3779644730092272,0.7343226711822214,0.8878150262738833,0.6198394416807027,0.3779644730092272,0.7406590344379166,0.8963822932566663,0.6198394416807027,0.3779644730092272,0.6703646449031554,0.8571829405162739,0.5915752259058576
0.3779644730092272,0.733465898504515,0.8582826226643674,0.6251382559223058,0.3779644730092272,0.7311148782017045,0.8660758958391007,0.6251382559223058,0.3779644730092272,0.6727289260707465,0.8127104377104377,0.6076025846531703
0.3779644730092272,0.733097286317899,0.8272022314387523,0.627028639821898,0.3779644730092272,0.7403803729419688,0.8559606412402188,0.627028639821898,0.3779644730092272,0.6867327452941712,0.8184624017957352,0.6177938799743956
0.3779644730092272,0.7324954862729437,0.8380352875142545,0.6261780949178233,0.3779644730092272,0.7443745210505538,0.8621329085150748,0.6261780949178233,0.3779644730092272,0.6980994816768209,0.8375420875420876,0.6202802052308183
0.3779644730092272,0.7314163538134185,0.8885693368923926,0.6147096591359142,0.3779644730092272,0.7391263962102037,0.8948343056405672,0.6147096591359142,0.3779644730092272,0.6692734382104211,0.8236531986531986,0.6071396683022756
0.3779644730092272,0.7305887757297262,0.8356767969482167,0.6265968749501871,0.3779644730092272,0.7397533845760862,0.8536218338637213,0.6265968749501871,0.3779644730092272,0.6923706465399655,0.8215488215488216,0.6221312530823986
0.3779644730092272,0.7303551818885875,0.8902297091713505,0.5874325490298032,0.3779644730092272,0.7361075633374359,0.8902297091713505,0.5874325490298032,0.3779644730092272,0.6804583068109484,0.8251964085297419,0.5816706237694984
0.3779644730092272,0.7288553420548297,0.8479819651188484,0.6264375352313272,0.3779644730092272,0.7329726215080231,0.8534167477275441,0.6264375352313272,0.3779644730092272,0.7001909611712285,0.8437149270482603,0.6103939926135108
0.3779644730092272,0.7287999099297173,0.8280324175782312,0.6278025544289487,0.3779644730092272,0.7443280774678959,0.8381841813190023,0.6278025544289487,0.3779644730092272,0.6933709193416386,0.7807239057239057,0.6136683171333772
0.3779644730092272,0.7287426093776176,0.8916821380769397,0.5764726690374149,0.3779644730092272,0.7382439681397023,0.8870213492762935,0.5764726690374149,0.3779644730092272,0.7121033009002455,0.8041526374859708,0.5762413452572672
0.3779644730092272,0.7282154918920467,0.8791550578177819,0.6263184534295041,0.3779644730092272,0.7291178041474119,0.889306821558553,0.6263184534295041,0.3779644730092272,0.6863690097299263,0.8602693602693603,0.6103939926135108
0.3779644730092272,0.7255966564187301,0.8954594056438689,0.5821256461794082,0.3779644730092272,0.731834753732903,0.9001763867759444,0.5821256461794082,0.3779644730092272,0.6939165226880059,0.8226711560044893,0.5753471651345714
0.3779644730092272,0.7236018110564805,0.847413057446976,0.6278025544289487,0.3779644730092272,0.7303021155051901,0.8559241320983296,0.6278025544289487,0.3779644730092272,0.6408111303082659,0.8132716049382716,0.6136683171333772
0.3779644730092272,0.7223166656315526,0.898740783822704,0.6198394416807027,0.3779644730092272,0.7338550495785244,0.9058162555208171,0.6198394416807027,0.3779644730092272,0.6513594616713649,0.8396464646464646,0.5957779484386099
0.3779644730092272,0.7216452188418531,0.8303909081442689,0.6292334064613558,0.3779644730092272,0.7298609014699394,0.85222274005237,0.6292334064613558,0.3779644730092272,0.6744566700009094,0.8230920314253647,0.6117490583503362
0.3779644730092272,0.7189482297982744,0.8488851695421056,0.6264375352313272,0.3779644730092272,0.7291178041474119,0.8761714672484425,0.6264375352313272,0.3779644730092272,0.7051923251795944,0.8571829405162739,0.610376582308295
0.3779644730092272,0.7180366073623089,0.8792674424806406,0.621857008126655,0.3779644730092272,0.7240090100550356,0.8839282312812867,0.621857008126655,0.3779644730092272,0.659179776302628,0.8602693602693603,0.6071396683022756
0.3779644730092272,0.7155951283968406,0.7992178154453353,0.6294649357676951,0.3779644730092272,0.7315560922369552,0.8202391444034978,0.6294649357676951,0.3779644730092272,0.6645448758752387,0.7988215488215488,0.6221312530823986
0.3779644730092272,0.7150368749408341,0.860641113230405,0.6269638523858767,0.3779644730092272,0.7302788937138611,0.8762276595798719,0.6269638523858767,0.3779644730092272,0.6609075202327908,0.808641975308642,0.619386991199294
0.3779644730092272,0.7125202064558068,0.8194651505954482,0.6306944891757396,0.3779644730092272,0.7300931193832292,0.8359745845577123,0.6306944891757396,0.3779644730092272,0.6649995453305447,0.789983164983165,0.6156761532506043
0.3779644730092272,0.7119855520650402,0.8885328277505036,0.6263184534295041,0.3779644730092272,0.7197594222418318,0.889306821558553,0.6263184534295041,0.3779644730092272,0.6898244975902519,0.8359988776655444,0.6120039959971292
0.3779644730092272,0.7115699470046164,0.9041193740999703,0.6196941728660246,0.3779644730092272,0.7219190488354271,0.9064778646660081,0.6196941728660246,0.3779644730092272,0.6654542147858507,0.8257575757575757,0.6048718880036542
0.3779644730092272,0.7095164635047956,0.8638101067463815,0.6303439828455892,0.3779644730092272,0.7182964493881058,0.8847752433731145,0.6303439828455892,0.3779644730092272,0.671092116031645,0.8200056116722784,0.621103975090983
0.3779644730092272,0.7085063588716557,0.8707366846397468,0.6288295485686426,0.3779644730092272,0.7297447925132945,0.8738691690138342,0.6288295485686426,0.3779644730092272,0.6853687369282532,0.8251964085297419,0.6136683171333772
0.3779644730092272,0.7049651698702065,0.8309963249580303,0.6323364680980819,0.3779644730092272,0.7187608852146855,0.8550939459588507,0.6323364680980819,0.3779644730092272,0.6629080658361372,0.8194444444444444,0.6268930616369085
0.3779644730092272,0.7027483197211225,0.851356044771002,0.6317056077225152,0.3779644730092272,0.7167870329517219,0.8770943548612399,0.6317056077225152,0.3779644730092272,0.6804583068109484,0.8473625140291807,0.6156761532506043
0.3779644730092272,0.7026616682328527,0.9048933679080198,0.6017739939829891,0.3779644730092272,0.7161600445858394,0.9072518584740575,0.6017739939829891,0.3779644730092272,0.6946439938164954,0.8319304152637486,0.5810244478128044
0.3779644730092272,0.7015095959375367,0.8746796719637728,0.6292334064613558,0.3779644730092272,0.7092631725611314,0.8856054295125935,0.6292334064613558,0.3779644730092272,0.6892788942438847,0.8560606060606061,0.6117490583503362
0.3779644730092272,0.6999086464215555,0.9181776160228783,0.6130825559564236,0.3779644730092272,0.7085200752386039,0.9298576841902082,0.6130825559564236,0.3779644730092272,0.710011821405838,0.8334736251402918,0.5953950039908594
0.3779644730092272,0.6959689998537325,0.9221206033469042,0.6198394416807027,0.3779644730092272,0.7076840907507606,0.9166858207382085,0.6198394416807027,0.3779644730092272,0.6569973629171593,0.8288439955106621,0.5957779484386099
0.3779644730092272,0.6942697224094335,0.8464339775027493,0.632978647985295,0.3779644730092272,0.712653554095163,0.8628872191335841,0.632978647985295,0.3779644730092272,0.6497226516322634,0.8432940516273849,0.6216002414868085
0.3779644730092272,0.6876582950510058,0.8770381625298105,0.6274295218092236,0.3779644730092272,0.7009033276826975,0.8832469389465557,0.6274295218092236,0.3779644730092272,0.6847321996908248,0.8313692480359147,0.6202802052308183
0.3779644730092272,0.6833192431116845,0.8514122371024313,0.6306944891757396,0.3779644730092272,0.698813366463089,0.8623379946512519,0.6306944891757396,0.3779644730092272,0.6051650450122761,0.8049943883277216,0.6156761532506043
0.3779644730092272,0.6796920906503153,0.8776632625331122,0.627630524223755,0.3779644730092272,0.7012284327613032,0.8776632625331122,0.627630524223755,0.3779644730092272,0.6447212876238975,0.8458193041526375,0.6221312530823986
0.3779644730092272,0.6729348271595996,0.8916653121245908,0.622438065292039,0.3779644730092272,0.6901516382973782,0.898740783822704,0.622438065292039,0.3779644730092272,0.6635446030735656,0.8319304152637486,0.5977074546722438
0.3779644730092272,0.6720851235892424,0.8918142059293386,0.6228559438172698,0.3779644730092272,0.6841836379258296,0.8941726964953763,0.6228559438172698,0.3779644730092272,0.6678184959534419,0.8338945005611672,0.5956259087328745
0.3779644730092272,0.6687463599000122,0.8901735168399211,0.6263184534295041,0.3779644730092272,0.6766365557439101,0.898740783822704,0.6263184534295041,0.3779644730092272,0.6619077930344639,0.8215488215488216,0.608016443271381
0.3779644730092272,0.6628750864873136,0.8956082994486168,0.6227822704032515,0.3779644730092272,0.6886886654436524,0.9003252805806922,0.6227822704032515,0.3779644730092272,0.6579976357188324,0.8261784511784511,0.5957670911083783
0.3779644730092272,0.6503543902720409,0.8830980451418079,0.6264375352313272,0.3779644730092272,0.6606831851008986,0.8948343056405672,0.6264375352313272,0.3779644730092272,0.6260798399563517,0.8808922558922558,0.610376582308295
0.3779644730092272,0.6503182672479032,0.8971000947332864,0.622438065292039,0.3779644730092272,0.6702505631284398,0.9072518584740575,0.622438065292039,0.3779644730092272,0.6447212876238975,0.8365600448933782,0.5977074546722438
0.3779644730092272,0.650306371959552,0.9010992743887417,0.6274295218092236,0.3779644730092272,0.6655365394886562,0.9065340569974374,0.6274295218092236,0.3779644730092272,0.6348094934982268,0.8313692480359147,0.6202802052308183
0.3779644730092272,0.6486069082254341,0.8776632625331122,0.6288295485686426,0.3779644730092272,0.6666279636811183,0.8847387342312254,0.6288295485686426,0.3779644730092272,0.6702737110120942,0.8396464646464646,0.6136683171333772
0.3779644730092272,0.63964573220622,0.9026275788153006,0.6254136305940554,0.3779644730092272,0.6648398857487866,0.9074007522788055,0.6254136305940554,0.3779644730092272,0.6311721378557789,0.8359988776655444,0.5998841534851616
0.3779644730092272,0.6384248549258437,0.904929877049909,0.6212033018016245,0.3779644730092272,0.6514873557346214,0.9120053487480222,0.6212033018016245,0.3779644730092272,0.6397199236155315,0.8205667789001122,0.6001481147670022
0.3779644730092272,0.6382986034898149,0.8621497344674237,0.6317642821516829,0.3779644730092272,0.6622622669112695,0.8714909952582561,0.6317642821516829,0.3779644730092272,0.6412657997635719,0.8571829405162739,0.6229470197628555
0.3779644730092272,0.6367251690415009,0.9252334045314512,0.6147096591359142,0.3779644730092272,0.6596149826997655,0.9205726157308051,0.6147096591359142,0.3779644730092272,0.6619077930344639,0.8359988776655444,0.6071396683022756
0.3779644730092272,0.6350239996728179,0.9026837711467299,0.6228559438172698,0.3779644730092272,0.6508603673687389,0.9012481681934896,0.6228559438172698,0.3779644730092272,0.6517231972356097,0.824635241301908,0.5956259087328745
0.3779644730092272,0.6244662683811842,0.8723211813977351,0.629350637973574,0.3779644730092272,0.642430857116318,0.8848876280359732,0.629350637973574,0.3779644730092272,0.6805492407020096,0.8489057239057238,0.6140645958884647
0.3779644730092272,0.6241057495119761,0.8839085480917466,0.6288295485686426,0.3779644730092272,0.6460070129809814,0.8792477592911004,0.6288295485686426,0.3779644730092272,0.6208056742748023,0.8381032547699214,0.6136683171333772
0.3779644730092272,0.6195146031406406,0.8847387342312254,0.6282680121452994,0.3779644730092272,0.6299375333813251,0.8855127280392749,0.6282680121452994,0.3779644730092272,0.6310812039647177,0.8421717171717171,0.6223750353275236
0.3779644730092272,0.618446876747523,0.8878515354157724,0.6292334064613558,0.3779644730092272,0.6495599470543157,0.9011919758620602,0.6292334064613558,0.3779644730092272,0.6382649813585524,0.8446969696969697,0.6117490583503362
0.3779644730092272,0.6178162449360038,0.8464901698341787,0.632978647985295,0.3779644730092272,0.6490722894364072,0.8816624421885675,0.632978647985295,0.3779644730092272,0.596890060925707,0.8479236812570146,0.6216002414868085
0.3779644730092272,0.617170609652706,0.88002175309915,0.6307530611550336,0.3779644730092272,0.6513712467779764,0.8830980451418079,0.6307530611550336,0.3779644730092272,0.6420842047831227,0.8427328843995511,0.6242057651064369
0.3779644730092272,0.6134573027574763,0.9049860693813383,0.6228559438172698,0.3779644730092272,0.6348837749343984,0.8893995230318715,0.6228559438172698,0.3779644730092272,0.6387196508138583,0.8359988776655444,0.5956259087328745
0.3779644730092272,0.6118003250043201,0.8901735168399211,0.6292334064613558,0.3779644730092272,0.6245036342103429,0.9159680192615883,0.6292334064613558,0.3779644730092272,0.6066199872692553,0.832351290684624,0.6117490583503362
0.3779644730092272,0.6113915761156855,0.904929877049909,0.6257519723998759,0.3779644730092272,0.6332350277500406,0.918157932833338,0.6257519723998759,0.3779644730092272,0.600527416568155,0.8716329966329966,0.6099522538230226
0.3779644730092272,0.6102264990095156,0.9112510381295129,0.6228559438172698,0.3779644730092272,0.6333511367066855,0.9159680192615883,0.6228559438172698,0.3779644730092272,0.6295353278166773,0.8375420875420876,0.5956259087328745
0.3779644730092272,0.6085579953993019,0.827182548249212,0.6330935234343322,0.3779644730092272,0.6371362886933098,0.8279565420572615,0.6330935234343322,0.3779644730092272,0.647722106028917,0.8731762065095399,0.623309588038444
0.3779644730092272,0.607870446749708,0.8939676103591991,0.6288295485686426,0.3779644730092272,0.6241320855490793,0.9064778646660081,0.6288295485686426,0.3779644730092272,0.5967991270346458,0.8442760942760943,0.6136683171333772
0.3779644730092272,0.6063820774082267,0.8653019020310512,0.6317056077225152,0.3779644730092272,0.6434293941434642,0.8825291374699356,0.6317056077225152,0.3779644730092272,0.6692734382104211,0.8473625140291807,0.6156761532506043
0.3779644730092272,0.6036327390058445,0.8862670386577842,0.6320326836069537,0.3779644730092272,0.6350927710563593,0.8917018212664799,0.6320326836069537,0.3779644730092272,0.6304446667272893,0.8639169472502806,0.6249744248755267
0.3779644730092272,0.5985602028491869,0.8496029710187257,0.632978647985295,0.3779644730092272,0.6297285372593642,0.8714909952582561,0.632978647985295,0.3779644730092272,0.6017095571519505,0.8432940516273849,0.6216002414868085
0.3779644730092272,0.5904045368650812,0.851868760111445,0.632978647985295,0.3779644730092272,0.634047790446555,0.8738129766824048,0.632978647985295,0.3779644730092272,0.6002546148949713,0.8463804713804713,0.6216002414868085
0.3535533905932738,0.8016235014112875,0.777895841640486,0.5515074670295508,0.3535533905932738,0.8078396767526647,0.8058999408234431,0.5515074670295508,0.3535533905932738,0.7130126398108575,0.749438832772166,0.5486478169591273
0.3535533905932738,0.7956024810855172,0.7811969030088612,0.5515074670295508,0.3535533905932738,0.8036365325221188,0.7851033811909981,0.5515074670295508,0.3535533905932738,0.7361098481404019,0.7612233445566778,0.5486478169591273
0.3535533905932738,0.795521851841818,0.7671386610859533,0.5533248839814331,0.3535533905932738,0.8015697930938392,0.7991784490662549,0.5533248839814331,0.3535533905932738,0.7299263435482404,0.808641975308642,0.5581401148893519
0.3535533905932738,0.7951982084509662,0.75934538791122,0.5533998465719832,0.3535533905932738,0.7997352715788496,0.7889901761835947,0.5533998465719832,0.3535533905932738,0.7376557242884423,0.8076599326599326,0.5474970890892172
0.3535533905932738,0.7940982971513354,0.7219466928431924,0.5574874099962115,0.3535533905932738,0.7925132944755359,0.7483662952681612,0.5574874099962115,0.3535533905932738,0.6774574884059289,0.7462121212121212,0.542767087699312
0.3535533905932738,0.793103299578171,0.7914975605543801,0.5681965485539903,0.3535533905932738,0.7979239718551889,0.8078019083804672,0.5681965485539903,0.3535533905932738,0.7372010548331364,0.8070987654320988,0.5685701717842042
0.3535533905932738,0.7924009135511422,0.6962083827529544,0.5895723705717906,0.3535533905932738,0.7960894503401993,0.7367789285741497,0.5895723705717906,0.3535533905932738,0.6873692825315996,0.7157687991021324,0.5794322167322138
0.3535533905932738,0.7917388363867971,0.8206731269857799,0.5573727409114617,0.3535533905932738,0.7956250145136196,0.8346751765772584,0.5573727409114617,0.3535533905932738,0.7023733745566972,0.7850729517396184,0.5526731541331278
0.3535533905932738,0.7915749967180433,0.7260582571615063,0.5974544978469872,0.3535533905932738,0.7904465550472564,0.7447772878850604,0.5974544978469872,0.3535533905932738,0.6666363553696463,0.7471941638608306,0.5723996498139616
0.3535533905932738,0.7910559920542554,0.7685574380868448,0.5864762575401968,0.3535533905932738,0.7891693565241623,0.7912756484658541,0.5864762575401968,0.3535533905932738,0.7176502682549787,0.8014870931537598,0.5881537441565752
0.3535533905932738,0.7888801308101613,0.7813654800031493,0.5903919510412274,0.3535533905932738,0.7939066019552748,0.813256374178703,0.5903919510412274,0.3535533905932738,0.7259252523415477,0.7828282828282829,0.5635828424830089
0.3535533905932738,0.7863761212020912,0.7608765495749701,0.6032128003453274,0.3535533905932738,0.7813668346376239,0.7743096914945764,0.6032128003453274,0.3535533905932738,0.6920978448667818,0.7920875420875421,0.57494470325354
0.3535533905932738,0.7855935404796258,0.8131074803739552,0.5930615485479398,0.3535533905932738,0.7876831618791074,0.8442805730728887,0.5930615485479398,0.3535533905932738,0.6941893243611894,0.8009259259259259,0.5863813992856766
0.3535533905932738,0.7853341391251069,0.7866513688070972,0.6040133279043041,0.3535533905932738,0.7863130761906973,0.799161623113906,0.6040133279043041,0.3535533905932738,0.6881876875511503,0.7936307519640853,0.6041521338413378
0.3535533905932738,0.7837313746271977,0.7920299590843634,0.6040133279043041,0.3535533905932738,0.7880547105403711,0.8207518597439407,0.6040133279043041,0.3535533905932738,0.6936437210148222,0.808641975308642,0.605161521006411
0.3535533905932738,0.7836361432103981,0.8099946791894082,0.6186178972005688,0.3535533905932738,0.7904697768385853,0.8536218338637213,0.6186178972005688,0.3535533905932738,0.7328362280621988,0.7751122334455668,0.5945208177340908
0.3535533905932738,0.7823059750071245,0.8199778659358912,0.6085122763203621,0.3535533905932738,0.7859183057381046,0.8542272506774827,0.6085122763203621,0.3535533905932738,0.6885514231153951,0.8458193041526375,0.6078472392506877
0.3535533905932738,0.7805203509264026,0.8324881202427001,0.5930615485479398,0.3535533905932738,0.7859879711120916,0.8379790951828251,0.5930615485479398,0.3535533905932738,0.7114667636628171,0.7984006734006734,0.5863813992856766
0.3535533905932738,0.7797316535858348,0.8155221632714222,0.6220781402360911,0.3535533905932738,0.7824118152474282,0.8381279889875729,0.6220781402360911,0.3535533905932738,0.7170137310175503,0.8065375982042648,0.6177626321769438
0.3535533905932738,0.7791906094389258,0.8528281568661314,0.5951520280139398,0.3535533905932738,0.7836425701878643,0.8559606412402188,0.5951520280139398,0.3535533905932738,0.7115576975538783,0.8267396184062851,0.5853914725350926
0.3535533905932738,0.77917240463881,0.8279200329153724,0.6040133279043041,0.3535533905932738,0.7832710215266006,0.8334110078554975,0.6040133279043041,0.3535533905932738,0.6959170682913521,0.8117283950617284,0.605161521006411
0.3535533905932738,0.7777009071960946,0.770495914785758,0.6222215938519335,0.3535533905932738,0.7796252002879502,0.808595585378057,0.6222215938519335,0.3535533905932738,0.6924615804310267,0.7807239057239057,0.606649822768907
0.3535533905932738,0.777070506058366,0.7750640021130857,0.6222215938519335,0.3535533905932738,0.7769314724937881,0.8062370948120192,0.6222215938519335,0.3535533905932738,0.680731108484132,0.7946127946127945,0.606649822768907
0.3535533905932738,0.7770166420389376,0.7609692510482886,0.6231686639941321,0.3535533905932738,0.7793929823746604,0.7999918092533849,0.6231686639941321,0.3535533905932738,0.6865508775120487,0.7822671156004489,0.6064447618226696
0.3535533905932738,0.776563603859323,0.8356936229005656,0.6018733177739628,0.3535533905932738,0.7846875507976685,0.8559606412402188,0.6018733177739628,0.3535533905932738,0.7258343184504865,0.7631874298540965,0.573511384404515
0.3535533905932738,0.7751934793311062,0.7897838531811844,0.6231686639941321,0.3535533905932738,0.7761651533799317,0.8318265110975093,0.6231686639941321,0.3535533905932738,0.6560880240065472,0.8069584736251403,0.6064447618226696
0.3535533905932738,0.774618131135009,0.8535094492008626,0.5789518824000478,0.3535533905932738,0.7781390056428953,0.8753047719670745,0.5789518824000478,0.3535533905932738,0.7514776757297444,0.7808641975308642,0.5650723438880567
0.3535533905932738,0.773729224385027,0.838845790464193,0.6164969808306268,0.3535533905932738,0.7751898381441145,0.8575086288563178,0.6164969808306268,0.3535533905932738,0.6914613076293534,0.8261784511784511,0.6106121095910333
0.3535533905932738,0.7720800284935884,0.7999721260638447,0.622947422748463,0.3535533905932738,0.7725657757239394,0.810841691281236,0.622947422748463,0.3535533905932738,0.6991906883695553,0.7641694725028059,0.6148694979029281
0.3535533905932738,0.771510643875359,0.8619643315207868,0.5930615485479398,0.3535533905932738,0.7777442351903026,0.8565295489120911,0.5930615485479398,0.3535533905932738,0.6828225879785396,0.8402076318742986,0.5863813992856766
0.3535533905932738,0.7710095717183244,0.841055387225483,0.6085122763203621,0.3535533905932738,0.7737733088730465,0.8667936973157209,0.6085122763203621,0.3535533905932738,0.6736382649813586,0.8417508417508417,0.6078472392506877
0.3535533905932738,0.7702615297118592,0.811522983615967,0.6231686639941321,0.3535533905932738,0.771544016905464,0.844998374549509,0.6231686639941321,0.3535533905932738,0.6469037010093662,0.8090628507295174,0.609591034361615
0.3535533905932738,0.768552228708118,0.8373174860376342,0.6242985135533106,0.3535533905932738,0.7698256043471193,0.8474692497784053,0.6242985135533106,0.3535533905932738,0.7147403837410202,0.7807239057239057,0.6188055149195351
0.3535533905932738,0.7670307813286797,0.841922082506851,0.61345487145658,0.3535533905932738,0.7739590832036783,0.851356044771002,0.61345487145658,0.3535533905932738,0.7056469946349004,0.816358024691358,0.606723955223071
0.3535533905932738,0.765720888998359,0.8621132253255346,0.5951520280139398,0.3535533905932738,0.7681768571627615,0.8729827905429259,0.5951520280139398,0.3535533905932738,0.6906429026098027,0.827300785634119,0.5853914725350926
0.3535533905932738,0.7642182510546646,0.865265392889162,0.61345487145658,0.3535533905932738,0.7665977753523907,0.8699261816898082,0.61345487145658,0.3535533905932738,0.6858234063835591,0.8251964085297419,0.606723955223071
0.3535533905932738,0.7639591956340425,0.8497153556815844,0.6136772103790014,0.3535533905932738,0.7685716276153542,0.8653019020310512,0.6136772103790014,0.3535533905932738,0.6710011821405838,0.8359988776655444,0.6034821912876137
0.3535533905932738,0.7628451974914733,0.8542834430089121,0.6263184534295041,0.3535533905932738,0.7624875182871607,0.8667936973157209,0.6263184534295041,0.3535533905932738,0.705919796308084,0.8375420875420876,0.608016443271381
0.3535533905932738,0.762367027310241,0.8823605604756475,0.6147096591359142,0.3535533905932738,0.7682233007454194,0.8909278274584304,0.6147096591359142,0.3535533905932738,0.6820041829589888,0.8381032547699214,0.6071396683022756
0.3535533905932738,0.7547466177417079,0.8901735168399211,0.6198394416807027,0.3535533905932738,0.7571929498641525,0.893249808882579,0.6198394416807027,0.3535533905932738,0.7119214331181232,0.8504489337822672,0.5915752259058576
0.3535533905932738,0.7527703751763303,0.8427325854567898,0.6310233626374057,0.3535533905932738,0.7639737129322156,0.8559606412402188,0.6310233626374057,0.3535533905932738,0.683004455760662,0.8411896745230079,0.6249744248755267
0.3535533905932738,0.7495845271700246,0.8957571932533646,0.6130825559564236,0.3535533905932738,0.7502728560481156,0.8887379138866807,0.6130825559564236,0.3535533905932738,0.6965536055287805,0.8396464646464646,0.5953950039908594
0.3535533905932738,0.749256931916339,0.8589442318095581,0.6263184534295041,0.3535533905932738,0.7541508952000557,0.8823240513337584,0.6263184534295041,0.3535533905932738,0.6740929344366645,0.8375420875420876,0.608016443271381
0.3535533905932738,0.7465015712693859,0.8605849208989758,0.6227189788540859,0.3535533905932738,0.7504121867960895,0.8785861501459096,0.6227189788540859,0.3535533905932738,0.6774574884059289,0.8138327721661055,0.6083843550149177
0.3535533905932738,0.745681754851936,0.846546362165608,0.6265968749501871,0.3535533905932738,0.755149432227202,0.8590566164724169,0.6265968749501871,0.3535533905932738,0.721469491679549,0.8411896745230079,0.6221312530823986
0.3535533905932738,0.7447115699922332,0.8653019020310512,0.6261780949178233,0.3535533905932738,0.7490188793163505,0.8738129766824048,0.6261780949178233,0.3535533905932738,0.6891879603528235,0.8556397306397306,0.6240233399628614
0.3535533905932738,0.7428130523615989,0.8644352067496832,0.6262972661788047,0.3535533905932738,0.7480435640805332,0.8690594864084402,0.6262972661788047,0.3535533905932738,0.6942802582522506,0.8685465768799102,0.6225117352693468
0.3535533905932738,0.7422032932261949,0.8823802436651877,0.6211415423276603,0.3535533905932738,0.748252560202494,0.9088728643739349,0.6211415423276603,0.3535533905932738,0.6665454214785851,0.8359988776655443,0.6079796502312509
0.3535533905932738,0.740854413953731,0.8488486604002164,0.6288295485686426,0.3535533905932738,0.7535703504168312,0.8691521878817586,0.6288295485686426,0.3535533905932738,0.6837319268891516,0.8432940516273849,0.6136683171333772
0.3535533905932738,0.7391254859430587,0.871454486116367,0.622438065292039,0.3535533905932738,0.7410538048905092,0.8863232309892136,0.622438065292039,0.3535533905932738,0.6371737746658179,0.8169191919191919,0.5977074546722438
0.3535533905932738,0.7380549464661726,0.8558679397669002,0.6319745169177021,0.3535533905932738,0.7477649025845854,0.8699626908316973,0.6319745169177021,0.3535533905932738,0.6943711921433118,0.8184624017957352,0.6216002414868085
0.3535533905932738,0.7352114261205909,0.8963261009252369,0.5831520800552782,0.3535533905932738,0.7431205443187887,0.9002690882492629,0.5831520800552782,0.3535533905932738,0.7169227971264891,0.8097643097643098,0.5794916475544127
0.3535533905932738,0.7337247369965559,0.8730951752057846,0.6228559438172698,0.3535533905932738,0.7388941782969138,0.8816624421885675,0.6228559438172698,0.3535533905932738,0.6999181594980449,0.8550785634118967,0.5971691360780317
0.3535533905932738,0.7334582860390633,0.8964188023985553,0.6026698510531325,0.3535533905932738,0.7483686691591389,0.8925320074059588,0.6026698510531325,0.3535533905932738,0.70637446576339,0.7891414141414141,0.5869279658359776
0.3535533905932738,0.7326435797678874,0.8770016533879214,0.6249970092551289,0.3535533905932738,0.7378027541044516,0.8847949265626548,0.6249970092551289,0.3535533905932738,0.6506319905428753,0.8308080808080808,0.6198918506481171
0.3535533905932738,0.7316134095865324,0.9103281505167155,0.5831520800552782,0.3535533905932738,0.7405893690639296,0.9025348773419821,0.5831520800552782,0.3535533905932738,0.7051923251795944,0.8242143658810326,0.5794916475544127
0.3535533905932738,0.7313719635450636,0.9072518584740575,0.5874325490298032,0.3535533905932738,0.7369899914079372,0.9072518584740575,0.5874325490298032,0.3535533905932738,0.6788214967718469,0.8082210998877666,0.5816706237694984
0.3535533905932738,0.7305555791297412,0.9033256971023805,0.6126304633517126,0.3535533905932738,0.7357127928848431,0.8978909144936849,0.6126304633517126,0.3535533905932738,0.7002818950622897,0.8381032547699214,0.5961164822094577
0.3535533905932738,0.7303725671977938,0.8698699893583788,0.6263184534295041,0.3535533905932738,0.7375705361911618,0.88002175309915,0.6263184534295041,0.3535533905932738,0.6765481494953169,0.8602693602693603,0.608016443271381
0.3535533905932738,0.7294484234137522,0.8816062498571382,0.621857008126655,0.3535533905932738,0.734551703318394,0.8823802436651877,0.621857008126655,0.3535533905932738,0.6608165863417296,0.8442760942760943,0.6071396683022756
0.3535533905932738,0.7289122237235984,0.8940238026906285,0.6198394416807027,0.3535533905932738,0.7380814156003994,0.9010992743887417,0.6198394416807027,0.3535533905932738,0.6675456942802582,0.8303872053872053,0.5957779484386099
0.3535533905932738,0.7286574204871131,0.9001398776340552,0.6156855114650812,0.3535533905932738,0.7354573531802243,0.8962895917833478,0.6156855114650812,0.3535533905932738,0.701736837319269,0.8618125701459034,0.5986961892827298
0.3535533905932738,0.7277644765618535,0.8582826226643674,0.6265968749501871,0.3535533905932738,0.7353412442235794,0.8660758958391007,0.6265968749501871,0.3535533905932738,0.6818223151768664,0.8298260381593715,0.6225117352693468
0.3535533905932738,0.7267066570858719,0.8955521071171874,0.6263184534295041,0.3535533905932738,0.7352251352669344,0.9049860693813383,0.6263184534295041,0.3535533905932738,0.65326907338365,0.8437149270482603,0.6081130036270721
0.3535533905932738,0.7262347795228511,0.9050422617127677,0.6198394416807027,0.3535533905932738,0.7363630030420547,0.9050422617127677,0.6198394416807027,0.3535533905932738,0.6776393561880513,0.8365600448933782,0.5957779484386099
0.3535533905932738,0.7252254872392548,0.8574524365248885,0.627028639821898,0.3535533905932738,0.7361540069200938,0.8543761444822305,0.627028639821898,0.3535533905932738,0.6390833863781031,0.8437149270482603,0.6191728328012356
0.3535533905932738,0.7211501363709049,0.8262793438259549,0.6323364680980819,0.3535533905932738,0.7313703179063233,0.853602150674181,0.6323364680980819,0.3535533905932738,0.6375375102300628,0.7967171717171717,0.6268930616369085
0.3535533905932738,0.7210205194319171,0.8745869704904543,0.6278025544289487,0.3535533905932738,0.7309058820797436,0.8840209327546052,0.6278025544289487,0.3535533905932738,0.6631808675093207,0.8061167227833894,0.6174307522728413
0.3535533905932738,0.7185726136212781,0.8581337288596195,0.629350637973574,0.3535533905932738,0.7235910178111139,0.8737764675405156,0.629350637973574,0.3535533905932738,0.6813676457215604,0.8452581369248036,0.6140816781633742
0.3535533905932738,0.7180757154773021,0.895664491780046,0.6274295218092236,0.3535533905932738,0.7273761697977382,0.9065340569974374,0.6274295218092236,0.3535533905932738,0.6859143402746204,0.8359988776655444,0.6202802052308183
0.3535533905932738,0.7164494085075566,0.8620767161836455,0.6282680121452994,0.3535533905932738,0.7243805587162994,0.8706439831664283,0.6282680121452994,0.3535533905932738,0.68209511685005,0.824635241301908,0.6223750353275236
0.3535533905932738,0.716408652196079,0.8746234796323434,0.6282680121452994,0.3535533905932738,0.7271207300931194,0.8909840197898597,0.6282680121452994,0.3535533905932738,0.6465399654451214,0.8421717171717171,0.6223750353275236
0.3535533905932738,0.715443527339513,0.8591493179457353,0.6290525677712095,0.3535533905932738,0.7259131969440122,0.8855492371811641,0.6290525677712095,0.3535533905932738,0.6606347185596072,0.8277216610549943,0.6202802052308183
0.3535533905932738,0.7150165853226721,0.8692448893550772,0.6303439828455892,0.3535533905932738,0.7252862085781298,0.892568516547848,0.6303439828455892,0.3535533905932738,0.6828225879785396,0.8267396184062851,0.621103975090983
0.3535533905932738,0.712394760919056,0.9174036222148287,0.6139861707912345,0.3535533905932738,0.7232194691498502,0.9159118269301589,0.6139861707912345,0.3535533905932738,0.6946439938164954,0.8396464646464646,0.5997461014657899
0.3535533905932738,0.7115636374928518,0.8939676103591991,0.6288295485686426,0.3535533905932738,0.7249611034995239,0.8956082994486168,0.6288295485686426,0.3535533905932738,0.6714558515958898,0.8442760942760943,0.6136683171333772
0.3535533905932738,0.711348764473091,0.9064778646660081,0.6196941728660246,0.3535533905932738,0.7214313912175185,0.9057038708579586,0.6196941728660246,0.3535533905932738,0.6672728926070747,0.8334736251402918,0.6048718880036542
0.3535533905932738,0.7084690436233932,0.8994585852993242,0.622438065292039,0.3535533905932738,0.7251933214128138,0.8979667900146544,0.622438065292039,0.3535533905932738,0.668364099299809,0.8282828282828283,0.5998513449847775
0.3535533905932738,0.7079443443731783,0.870587790834999,0.6307530611550336,0.3535533905932738,0.7204096323990432,0.887758833942454,0.6307530611550336,0.3535533905932738,0.612894425752478,0.8411896745230079,0.6242057651064369
0.3535533905932738,0.7050147588992014,0.9080623614239962,0.6190447762815577,0.3535533905932738,0.7224531500359938,0.9189881189728168,0.6190447762815577,0.3535533905932738,0.6684550331908702,0.8329124579124579,0.6070864150409312
0.3535533905932738,0.7035675309654223,0.8754536657718224,0.6292334064613558,0.3535533905932738,0.7129322155911108,0.8856054295125935,0.6292334064613558,0.3535533905932738,0.6984632172410657,0.8446969696969697,0.6117490583503362
0.3535533905932738,0.7009035325740571,0.9221206033469042,0.6130825559564236,0.3535533905932738,0.7131412117130715,0.929139882713588,0.6130825559564236,0.3535533905932738,0.6803673729198872,0.8076599326599326,0.5953950039908594
0.3535533905932738,0.699236649132387,0.8395073996093839,0.6323364680980819,0.3535533905932738,0.727678053085015,0.8590369332828767,0.6323364680980819,0.3535533905932738,0.658725106847322,0.8148148148148148,0.6268930616369085
0.3535533905932738,0.6991961429990751,0.8801144545724684,0.6292334064613558,0.3535533905932738,0.7091238418131575,0.8840574418964944,0.6292334064613558,0.3535533905932738,0.6915522415204146,0.8560606060606061,0.6117490583503362
0.3535533905932738,0.6985730566163171,0.9126866410827532,0.6198394416807027,0.3535533905932738,0.7068945498455751,0.9197621127808664,0.6198394416807027,0.3535533905932738,0.6500863871965081,0.8319304152637486,0.5957779484386099
0.3535533905932738,0.6973748382749433,0.9306316779982577,0.6198394416807027,0.3535533905932738,0.7115621299027007,0.9306316779982577,0.6198394416807027,0.3535533905932738,0.6659088842411567,0.8303872053872053,0.5957779484386099
0.3535533905932738,0.6966099752039497,0.8963261009252369,0.6227822704032515,0.3535533905932738,0.7071732113415229,0.9034015726233502,0.6227822704032515,0.3535533905932738,0.7201964172046922,0.8153759820426487,0.5957670911083783
0.3535533905932738,0.6963580917877734,0.9391427526496112,0.6130825559564236,0.3535533905932738,0.711144137658779,0.9376509573649416,0.6130825559564236,0.3535533905932738,0.6881876875511503,0.8082210998877666,0.5953950039908594
0.3535533905932738,0.6938535492648877,0.855811747435471,0.632978647985295,0.3535533905932738,0.7147667371061004,0.8660562126495606,0.632978647985295,0.3535533905932738,0.6474493043557333,0.8432940516273849,0.6216002414868085
0.3535533905932738,0.6889949428534097,0.9034380817652392,0.6228559438172698,0.3535533905932738,0.7081949701599981,0.9104573611319231,0.6228559438172698,0.3535533905932738,0.6632718014003819,0.8261784511784511,0.596890947710204
0.3535533905932738,0.6880589474738885,0.9064778646660081,0.622438065292039,0.3535533905932738,0.7055012423658361,0.9064778646660081,0.622438065292039,0.3535533905932738,0.6748204055651541,0.8365600448933782,0.5977074546722438
0.3535533905932738,0.6836662985868575,0.9042682679047181,0.6228559438172698,0.3535533905932738,0.6935187980400808,0.8995512867726426,0.6228559438172698,0.3535533905932738,0.6559061562244248,0.8427328843995511,0.5971691360780317
0.3535533905932738,0.6831555571742651,0.8830980451418079,0.6307530611550336,0.3535533905932738,0.6982792652625224,0.8956082994486168,0.6307530611550336,0.3535533905932738,0.6416295353278166,0.8427328843995511,0.6242057651064369
0.3535533905932738,0.6741228661368971,0.8994023929678948,0.6229036162671331,0.3535533905932738,0.6944476696932401,0.897043902401857,0.6229036162671331,0.3535533905932738,0.7013731017550241,0.8458193041526375,0.5982765698243604
0.3535533905932738,0.6683745841651872,0.9135898455060104,0.6228559438172698,0.3535533905932738,0.6848106262917122,0.9190246281147061,0.6228559438172698,0.3535533905932738,0.6282622533418205,0.84834455667789,0.5956259087328745
0.3535533905932738,0.6680580164855279,0.9010430820573124,0.624768803334859,0.3535533905932738,0.6922415995169867,0.9135533363641213,0.624768803334859,0.3535533905932738,0.674274802218787,0.8308080808080808,0.6110196476031752
0.3535533905932738,0.6667593874710898,0.8963261009252369,0.6288295485686426,0.3535533905932738,0.6896175370968116,0.9034015726233502,0.6288295485686426,0.3535533905932738,0.6700009093389107,0.8442760942760943,0.6136683171333772
0.3535533905932738,0.6624394928211306,0.8979667900146544,0.6254136305940554,0.3535533905932738,0.6841836379258296,0.912835534887501,0.6254136305940554,0.3535533905932738,0.6678184959534419,0.8473625140291807,0.5998841534851616
0.3535533905932738,0.6619049439382829,0.9025713864838713,0.6257519723998759,0.3535533905932738,0.6809093653484429,0.9157994422673003,0.6257519723998759,0.3535533905932738,0.659179776302628,0.8587261503928171,0.6099522538230226
0.3535533905932738,0.6615366405965353,0.9026275788153006,0.6254136305940554,0.3535533905932738,0.6832315444813413,0.9120615410794515,0.6254136305940554,0.3535533905932738,0.6759116122578885,0.840628507295174,0.5998841534851616
0.3535533905932738,0.6599666498222584,0.8933987026873268,0.6292334064613558,0.3535533905932738,0.6771474351531477,0.8879639200786311,0.6292334064613558,0.3535533905932738,0.6409929980903882,0.8200056116722784,0.6117490583503362
0.3535533905932738,0.6572360068241355,0.898740783822704,0.6274295218092236,0.3535533905932738,0.6773796530664375,0.9096103490400953,0.6274295218092236,0.3535533905932738,0.6603619168864235,0.8230920314253647,0.6202802052308183
0.3535533905932738,0.6541454957425482,0.9182703174961967,0.6228559438172698,0.3535533905932738,0.675336135429487,0.9182703174961967,0.6228559438172698,0.3535533905932738,0.6479039738110394,0.8225308641975309,0.5957286692830452
0.3535533905932738,0.6486554867895792,0.9345746653222837,0.6159536728930997,0.3535533905932738,0.6610315119708334,0.9314421809481964,0.6159536728930997,0.3535533905932738,0.7155587887605711,0.8396464646464646,0.5997461014657899
0.3535533905932738,0.6461521162953433,0.9058162555208171,0.6254136305940554,0.3535533905932738,0.6752896918468291,0.9128917272189304,0.6254136305940554,0.3535533905932738,0.6288987905792489,0.8489057239057238,0.5998841534851616
0.3535533905932738,0.6431381217219212,0.9104770443214634,0.6254136305940554,0.3535533905932738,0.6653043215753663,0.9237612924363217,0.6254136305940554,0.3535533905932738,0.6027098299536238,0.8458193041526375,0.5998841534851616
0.3535533905932738,0.6416582783263882,0.8575086288563178,0.6310233626374057,0.3535533905932738,0.6599633095697002,0.8660758958391007,0.6310233626374057,0.3535533905932738,0.6608165863417296,0.864337822671156,0.6249744248755267
0.3535533905932738,0.6410383671637487,0.8613757406593742,0.6315677188907489,0.3535533905932738,0.6600329749436872,0.8723576905396242,0.6315677188907489,0.3535533905932738,0.6459943620987542,0.8571829405162739,0.621103975090983
0.3535533905932738,0.640616820640654,0.8831907466151263,0.629350637973574,0.3535533905932738,0.6590112161252119,0.887246118602011,0.629350637973574,0.3535533905932738,0.6851868691461308,0.8473625140291807,0.6140645958884647
0.3535533905932738,0.640438793151587,0.8652457096996218,0.6320326836069537,0.3535533905932738,0.6721547500174163,0.8761152749170131,0.6320326836069537,0.3535533905932738,0.7207420205510594,0.8531144781144782,0.6249744248755267
0.3535533905932738,0.6382026645402905,0.914214945509312,0.6257519723998759,0.3535533905932738,0.6647934421661287,0.9103646596586046,0.6257519723998759,0.3535533905932738,0.6524506683640993,0.8731762065095399,0.6099522538230226
0.3535533905932738,0.6379058554836996,0.823203051783297,0.6330935234343322,0.3535533905932738,0.6633769128950607,0.875397473440393,0.6330935234343322,0.3535533905932738,0.6135309629899064,0.851010101010101,0.6219654032159413
0.3535533905932738,0.6338195675754108,0.9048371755765905,0.6263184534295041,0.3535533905932738,0.6709239950769802,0.9119126472747037,0.6263184534295041,0.3535533905932738,0.6530872056015277,0.8344556677890012,0.608016443271381
0.3535533905932738,0.6311621960642444,0.85735973505157,0.632978647985295,0.3535533905932738,0.6606599633095697,0.88002175309915,0.632978647985295,0.3535533905932738,0.638992452487042,0.8432940516273849,0.6216002414868085
0.3535533905932738,0.6243481955750071,0.9048933679080198,0.6259682427731117,0.3535533905932738,0.6452639156584539,0.9048933679080198,0.6259682427731117,0.3535533905932738,0.6277166499954533,0.8448372615039281,0.6242057651064369
0.3535533905932738,0.6229728057869819,0.8613027223755959,0.632978647985295,0.3535533905932738,0.6542275271114414,0.8870972247972632,0.632978647985295,0.3535533905932738,0.6028916977357461,0.8525533108866442,0.6216002414868085
0.3535533905932738,0.6207272972606214,0.8247313562098558,0.6330935234343322,0.3535533905932738,0.656178157583076,0.8349393122820563,0.6330935234343322,0.3535533905932738,0.6461762298808766,0.8273007856341189,0.6219654032159413
0.3535533905932738,0.6206068257234634,0.8279003497258322,0.6330935234343322,0.3535533905932738,0.652021456935188,0.8333913246659572,0.6330935234343322,0.3535533905932738,0.6645448758752387,0.8618125701459034,0.623309588038444
0.3535533905932738,0.6199835314732117,0.8761714672484425,0.6317056077225152,0.3535533905932738,0.6582448970113555,0.8879639200786311,0.6317056077225152,0.3535533905932738,0.6379012457943075,0.8587261503928171,0.6156761532506043
0.3535533905932738,0.6179535082811277,0.8855492371811641,0.6308409483884174,0.3535533905932738,0.6476557601653391,0.9011357835306308,0.6308409483884174,0.3535533905932738,0.6358097662998999,0.8525533108866442,0.6160704550404064
0.3535533905932738,0.6154446536787801,0.9214393110121731,0.6228559438172698,0.3535533905932738,0.6372059540672967,0.9260635906709301,0.6228559438172698,0.3535533905932738,0.6254433027189233,0.819023569023569,0.5956259087328745
0.3535533905932738,0.6064645627159034,0.9229311062968428,0.6228559438172698,0.3535533905932738,0.6339084596985811,0.9268740936208688,0.6228559438172698,0.3535533905932738,0.6307174684004728,0.8313692480359147,0.5956259087328745
0.3535533905932738,0.6057731638719508,0.9057600631893878,0.6257524341577042,0.3535533905932738,0.6279636811183614,0.9159118269301589,0.6257524341577042,0.3535533905932738,0.6268982449759025,0.8313692480359147,0.5997354562597828
0.3535533905932738,0.6043694518883583,0.8839085480917466,0.6320326836069537,0.3535533905932738,0.6389011448343125,0.8917018212664799,0.6320326836069537,0.3535533905932738,0.6542693461853233,0.8546576879910213,0.6249744248755267
0.3535533905932738,0.5960450967106777,0.9165734360753498,0.6257519723998759,0.3535533905932738,0.6388779230429835,0.9173839390252885,0.6257519723998759,0.3535533905932738,0.6011639538055833,0.866442199775533,0.6099522538230226
0.3535533905932738,0.595263950558037,0.8612465300441665,0.6330935234343322,0.3535533905932738,0.6359287555442027,0.8847752433731145,0.6330935234343322,0.3535533905932738,0.6581795035009548,0.8479236812570146,0.6219654032159413
0.3535533905932738,0.5920412948011656,0.8908351259851119,0.6301297760907842,0.3535533905932738,0.6313308408610641,0.9182141251647673,0.6301297760907842,0.3535533905932738,0.6145312357915795,0.8448372615039281,0.6185972075954816
0.3535533905932738,0.5893258741231248,0.9283658889055385,0.6228559438172698,0.3535533905932738,0.6332814713326986,0.929139882713588,0.6228559438172698,0.3535533905932738,0.6294443939256161,0.8319304152637486,0.5956259087328745
0.3535533905932738,0.5816790987092771,0.8933060012140084,0.6317056077225152,0.3535533905932738,0.6209739219283376,0.905098454044197,0.6317056077225152,0.3535533905932738,0.6201691370373739,0.8489057239057238,0.6156761532506043
0.3333333333333333,0.8025268031579764,0.8045008470120918,0.5551687092669102,0.3333333333333333,0.8079790075006386,0.8341456352844665,0.5551687092669102,0.3333333333333333,0.7123761025734291,0.7725869809203143,0.5495527618775597
0.3333333333333333,0.8022782417054651,0.7669532581393164,0.5599607328897843,0.3333333333333333,0.8041706337226854,0.7840315997734528,0.5599607328897843,0.3333333333333333,0.683004455760662,0.7596801346801347,0.5620352332830644
0.3333333333333333,0.8008631314879308,0.8315623753927114,0.5573727409114617,0.3333333333333333,0.8076771242133618,0.8370533503328363,0.5573727409114617,0.3333333333333333,0.713285441484041,0.7831088664421998,0.553797739519524
0.3333333333333333,0.8004971057043141,0.7798540015289394,0.5690678653607779,0.3333333333333333,0.8021967814597218,0.8148773800785803,0.5690678653607779,0.3333333333333333,0.7377466581795035,0.7751122334455667,0.5576458689930177
0.3333333333333333,0.7999502745171684,0.7283043630646853,0.6032128003453274,0.3333333333333333,0.7975756449852541,0.7609692510482886,0.6032128003453274,0.3333333333333333,0.6599072474311176,0.7622053872053872,0.57494470325354
0.3333333333333333,0.7994392771672447,0.7945738525970382,0.5738505787184438,0.3333333333333333,0.8006176996493509,0.81636917536325,0.5738505787184438,0.3333333333333333,0.7347458397744839,0.8143939393939394,0.5617740592909802
0.3333333333333333,0.7990252858250987,0.847244480452688,0.5922412055434008,0.3333333333333333,0.8070733576388083,0.852735455392813,0.5922412055434008,0.3333333333333333,0.7177412021460399,0.7818462401795735,0.5835675548850303
0.3333333333333333,0.7946139942877676,0.7524216672550459,0.6032128003453274,0.3333333333333333,0.7936047186679981,0.7772932820639158,0.6032128003453274,0.3333333333333333,0.671546785486951,0.7957351290684623,0.57494470325354
0.3333333333333333,0.7938285256123775,0.7702543195076916,0.6032128003453274,0.3333333333333333,0.7923275201449039,0.794351940508512,0.6032128003453274,0.3333333333333333,0.6668182231517686,0.7575757575757576,0.57494470325354
0.3333333333333333,0.791466773544499,0.8053142071992219,0.5930615485479398,0.3333333333333333,0.7957179016789355,0.8511509586348248,0.5930615485479398,0.3333333333333333,0.6790033645539693,0.7895622895622896,0.5863813992856766
0.3333333333333333,0.7893328328080668,0.810656288334599,0.5930615485479398,0.3333333333333333,0.7918863061096533,0.8106000960031696,0.5930615485479398,0.3333333333333333,0.6690915704282986,0.8184624017957352,0.5863813992856766
0.3333333333333333,0.7891680850340381,0.7735356976865269,0.5974544978469872,0.3333333333333333,0.7882637066623319,0.8008023122033235,0.5974544978469872,0.3333333333333333,0.6721833227243794,0.7807239057239057,0.576111246737495
0.3333333333333333,0.7881586637451262,0.7959364372665003,0.6032128003453274,0.3333333333333333,0.7859183057381046,0.7929163375552717,0.6032128003453274,0.3333333333333333,0.6943711921433118,0.8101851851851851,0.5777865034477763
0.3333333333333333,0.7880098432130825,0.7974282325511699,0.6050537667296518,0.3333333333333333,0.7871258388872118,0.8144503818538771,0.6050537667296518,0.3333333333333333,0.696280803855597,0.8302469135802469,0.6062741979193246
0.3333333333333333,0.787333218549318,0.8261866423526364,0.6050537667296518,0.3333333333333333,0.7888906950282145,0.851868760111445,0.6050537667296518,0.3333333333333333,0.6437210148222242,0.8385241301907969,0.6062741979193246
0.3333333333333333,0.7866321967535014,0.838640704328016,0.5944519906893952,0.3333333333333333,0.7885888117409376,0.8572473503887112,0.5944519906893952,0.3333333333333333,0.669728107665727,0.8236531986531986,0.5868412057561392
0.3333333333333333,0.7856201174943557,0.8308109220113934,0.6186178972005688,0.3333333333333333,0.7912825395350997,0.8543396353403414,0.6186178972005688,0.3333333333333333,0.7372919887241975,0.7833894500561167,0.5945208177340908
0.3333333333333333,0.7848816514449609,0.8308474311532825,0.6085122763203621,0.3333333333333333,0.7891925783154913,0.8549450521541029,0.6085122763203621,0.3333333333333333,0.681640447394744,0.8205667789001122,0.6078472392506877
0.3333333333333333,0.7847049444942344,0.7977260201606656,0.6220781402360911,0.3333333333333333,0.7861505236513945,0.8412042810302308,0.6220781402360911,0.3333333333333333,0.6876420842047831,0.8142536475869809,0.6168167224546173
0.3333333333333333,0.7845684121792321,0.841922082506851,0.6186178972005688,0.3333333333333333,0.7897963448900448,0.8443367654043181,0.6186178972005688,0.3333333333333333,0.732017823042648,0.7523849607182941,0.5945208177340908
0.3333333333333333,0.78448442457394,0.8092206853813586,0.6230259288735899,0.3333333333333333,0.7893551308547941,0.860641113230405,0.6230259288735899,0.3333333333333333,0.7058288624170228,0.8390852974186307,0.6188055149195351
0.3333333333333333,0.7829003560178123,0.8628872191335841,0.5944519906893952,0.3333333333333333,0.786800733808606,0.8862670386577842,0.5944519906893952,0.3333333333333333,0.7121942347913067,0.8278619528619529,0.5868412057561392
0.3333333333333333,0.782073300405648,0.7897838531811845,0.6231686639941321,0.3333333333333333,0.782783363908692,0.8334110078554975,0.6231686639941321,0.3333333333333333,0.6781849595344185,0.8167789001122334,0.6064447618226696
0.3333333333333333,0.7820269960977121,0.8668863987890394,0.6013215916413801,0.3333333333333333,0.786800733808606,0.8583753241376858,0.6013215916413801,0.3333333333333333,0.7080112758024916,0.851010101010101,0.5960239123951843
0.3333333333333333,0.7811583229100109,0.8107489898079174,0.6231686639941321,0.3333333333333333,0.7852913173722221,0.8520738462476222,0.6231686639941321,0.3333333333333333,0.6613621896880968,0.8090628507295173,0.6064447618226696
0.3333333333333333,0.7779873897611184,0.7992543245872246,0.6242140209321819,0.3333333333333333,0.7816919397162297,0.8133125665101324,0.6242140209321819,0.3333333333333333,0.6789124306629081,0.7781986531986531,0.6191493303862644
0.3333333333333333,0.7763025236695574,0.8217309396881675,0.6230259288735899,0.3333333333333333,0.7827601421173629,0.855980324429759,0.6230259288735899,0.3333333333333333,0.7016459034282077,0.8411896745230079,0.6188055149195351
0.3333333333333333,0.7752742454125863,0.8806833622443407,0.6126304633517126,0.3333333333333333,0.7809952859763603,0.8822313498604398,0.6126304633517126,0.3333333333333333,0.7041920523779213,0.8246352413019079,0.5961164822094577
0.3333333333333333,0.7746820115725139,0.7860262688037954,0.6252005586941294,0.3333333333333333,0.7788588811740937,0.8165377523575381,0.6252005586941294,0.3333333333333333,0.6771846867327453,0.7811447811447811,0.608731077833863
0.3333333333333333,0.7737190464031505,0.8145992756586249,0.625151139993209,0.3333333333333333,0.7808095116457283,0.847413057446976,0.625151139993209,0.3333333333333333,0.6261707738474129,0.773989898989899,0.6209166024617162
0.3333333333333333,0.7729924307206133,0.844998374549509,0.6164969808306268,0.3333333333333333,0.77574716113601,0.8660197035076713,0.6164969808306268,0.3333333333333333,0.6922797126489042,0.7988215488215489,0.6106121095910333
0.3333333333333333,0.7724159313824414,0.8395073996093839,0.629102672499551,0.3333333333333333,0.7822724844994543,0.8520176539161928,0.629102672499551,0.3333333333333333,0.6404473947440211,0.8092031425364759,0.6196539838672814
0.3333333333333333,0.7714205213762115,0.8558679397669002,0.6128252685205724,0.3333333333333333,0.7745628497782319,0.8785299578144803,0.6128252685205724,0.3333333333333333,0.7340183686459943,0.819023569023569,0.5942634978182799
0.3333333333333333,0.7696024493102792,0.8661320881705301,0.61345487145658,0.3333333333333333,0.7736571999164016,0.8793039516225298,0.61345487145658,0.3333333333333333,0.737928525961626,0.835016835016835,0.609527833176183
0.3333333333333333,0.7688466143077092,0.8504331571582047,0.6245091067356551,0.3333333333333333,0.7797413092445952,0.8566419335749498,0.6245091067356551,0.3333333333333333,0.711375829771756,0.8090628507295174,0.6073867085004159
0.3333333333333333,0.7677341543231616,0.8575086288563178,0.6263184534295041,0.3333333333333333,0.7770940250330911,0.8863232309892136,0.6263184534295041,0.3333333333333333,0.6977357461125762,0.8396464646464646,0.61113773606369
0.3333333333333333,0.7661926479993518,0.8863232309892136,0.5766594642305616,0.3333333333333333,0.7657850126558763,0.8886817215552514,0.5766594642305616,0.3333333333333333,0.7060107301991452,0.8340347923681257,0.5787375587577441
0.3333333333333333,0.7642134770900996,0.8720599029301285,0.6226688289319663,0.3333333333333333,0.7697327171818034,0.8994950944412133,0.6226688289319663,0.3333333333333333,0.7040101845957989,0.8381032547699214,0.6048718880036542
0.3333333333333333,0.763423915183551,0.8814208469105012,0.6130825559564236,0.3333333333333333,0.7680607482061166,0.900083685302626,0.6130825559564236,0.3333333333333333,0.6842775302355187,0.8381032547699214,0.5912558861864492
0.3333333333333333,0.7630342544742882,0.8785496410040204,0.6196941728660246,0.3333333333333333,0.7687341801546571,0.8979667900146544,0.6196941728660246,0.3333333333333333,0.6745476038919705,0.8571829405162739,0.6048718880036542
0.3333333333333333,0.7606759676581216,0.8884766354190742,0.5971169254616302,0.3333333333333333,0.7672479855096022,0.8986283991598453,0.5971169254616302,0.3333333333333333,0.7197417477493862,0.8469416386083053,0.5890372897068459
0.3333333333333333,0.7603573001865848,0.873151367537214,0.6198394416807027,0.3333333333333333,0.7664816663957458,0.886379423320643,0.6198394416807027,0.3333333333333333,0.6499045194143858,0.8365600448933782,0.5949627152711743
0.3333333333333333,0.7584684166422018,0.8823240513337584,0.6198394416807027,0.3333333333333333,0.7663191138564429,0.9034015726233502,0.6198394416807027,0.3333333333333333,0.7001000272801673,0.8200056116722784,0.5915752259058576
0.3333333333333333,0.7575809763294289,0.8605849208989758,0.6263184534295041,0.3333333333333333,0.7629983976963983,0.8707366846397468,0.6263184534295041,0.3333333333333333,0.6618168591434027,0.8442760942760943,0.61113773606369
0.3333333333333333,0.7575363158410111,0.8417731887021032,0.6278025544289487,0.3333333333333333,0.7620927478345679,0.85735973505157,0.6278025544289487,0.3333333333333333,0.6242611621351277,0.7905443322109988,0.6136683171333772
0.3333333333333333,0.7549530795381045,0.8613027223755959,0.6261780949178233,0.3333333333333333,0.7561247474630193,0.8784372563411618,0.6261780949178233,0.3333333333333333,0.6889151586796399,0.8494668911335578,0.6202802052308183
0.3333333333333333,0.7495520276594768,0.8473568651155468,0.6282680121452994,0.3333333333333333,0.7571929498641525,0.860641113230405,0.6282680121452994,0.3333333333333333,0.6836409929980903,0.8535353535353535,0.6223750353275236
0.3333333333333333,0.749326910849771,0.8752485796356451,0.6263184534295041,0.3333333333333333,0.756542739706941,0.8853441510449869,0.6263184534295041,0.3333333333333333,0.6758206783668274,0.8359988776655444,0.608016443271381
0.3333333333333333,0.746422146612821,0.8481308589235963,0.6265968749501871,0.3333333333333333,0.7698720479297773,0.8590004241409875,0.6265968749501871,0.3333333333333333,0.7392925343275438,0.8390852974186307,0.6221312530823986
0.3333333333333333,0.7457191085714264,0.8512071509662542,0.6278025544289487,0.3333333333333333,0.7538722337041079,0.8722284799244165,0.6278025544289487,0.3333333333333333,0.606074383922888,0.7988215488215488,0.6136683171333772
0.3333333333333333,0.745504169743597,0.8435065792648392,0.6290525677712095,0.3333333333333333,0.7526182569723429,0.8707928769711762,0.6290525677712095,0.3333333333333333,0.6960989360734746,0.8329124579124579,0.6202802052308183
0.3333333333333333,0.745380763258721,0.8776632625331122,0.6201937275621918,0.3333333333333333,0.7514107238232357,0.8901735168399211,0.6201937275621918,0.3333333333333333,0.6814585796126216,0.8230920314253647,0.5958413330860595
0.3333333333333333,0.7451794761880453,0.8580775365281902,0.6290525677712095,0.3333333333333333,0.7531755799642385,0.8806833622443407,0.6290525677712095,0.3333333333333333,0.6753660089115213,0.8489057239057239,0.6208333937888169
0.3333333333333333,0.7444324960181895,0.8830053436684894,0.6257054733367053,0.3333333333333333,0.7499013073868518,0.8978178962099066,0.6257054733367053,0.3333333333333333,0.7035555151404929,0.8556397306397306,0.6152872614535976
0.3333333333333333,0.7442778630287905,0.8948343056405672,0.6211415423276603,0.3333333333333333,0.748275781993823,0.9127793425560717,0.6211415423276603,0.3333333333333333,0.6665454214785851,0.8489057239057238,0.6079796502312509
0.3333333333333333,0.7436216653584914,0.858226430332938,0.6288295485686426,0.3333333333333333,0.7571232844901655,0.87781215633786,0.6288295485686426,0.3333333333333333,0.6937346549058834,0.8432940516273849,0.6136683171333772
0.3333333333333333,0.7431945011914255,0.9002128959178335,0.5880967865175725,0.3333333333333333,0.755242319392518,0.900986889725883,0.5880967865175725,0.3333333333333333,0.6874602164226608,0.8257575757575757,0.5831840828908887
0.3333333333333333,0.7431306480907612,0.9063851631926896,0.6026562527906023,0.3333333333333333,0.7502264124654576,0.9103281505167155,0.6026562527906023,0.3333333333333333,0.6881876875511503,0.8448372615039281,0.5964625415846301
0.3333333333333333,0.7424906135578812,0.8971000947332864,0.6126304633517126,0.3333333333333333,0.7515732763625386,0.9041755664313996,0.6126304633517126,0.3333333333333333,0.6893698281349459,0.8427328843995511,0.5961164822094577
0.3333333333333333,0.7415318190996546,0.8575648211877471,0.6317056077225152,0.3333333333333333,0.7540580080347398,0.8871899262705816,0.6317056077225152,0.3333333333333333,0.6844593980176412,0.8535353535353535,0.6156761532506043
0.3333333333333333,0.7408220935916363,0.8722284799244165,0.6288295485686426,0.3333333333333333,0.7554745373058078,0.8830980451418079,0.6288295485686426,0.3333333333333333,0.6844593980176412,0.8479236812570146,0.6136683171333772
0.3333333333333333,0.7407773580804845,0.8847387342312254,0.6263184534295041,0.3333333333333333,0.7466967001834521,0.9034577649547795,0.6263184534295041,0.3333333333333333,0.7310175502409748,0.8540965207631874,0.6118892176511814
0.3333333333333333,0.7398094788068531,0.8746796719637728,0.6317056077225152,0.3333333333333333,0.7541973387827137,0.8903224106446689,0.6317056077225152,0.3333333333333333,0.7118304992270619,0.840628507295174,0.6156761532506043
0.3333333333333333,0.7391978557750059,0.8823802436651877,0.6292334064613558,0.3333333333333333,0.7430044353621439,0.8972489885380343,0.6292334064613558,0.3333333333333333,0.6836409929980903,0.8498877665544332,0.6156614096766913
0.3333333333333333,0.7382864835172058,0.8084832007151983,0.6319745169177021,0.3333333333333333,0.7520144903977893,0.8319192125708277,0.6319745169177021,0.3333333333333333,0.6890060925707011,0.8169191919191919,0.6216002414868085
0.3333333333333333,0.7374101874207654,0.8985356976865269,0.6205744442315837,0.3333333333333333,0.7484383345331259,0.8946657286462791,0.6205744442315837,0.3333333333333333,0.6916431754114759,0.8463804713804713,0.6062855537373797
0.3333333333333333,0.736747891945639,0.9002325791073738,0.6112966187087583,0.3333333333333333,0.7517822724844995,0.911102144324765,0.6112966187087583,0.3333333333333333,0.6793671001182141,0.851010101010101,0.5991870598096183
0.3333333333333333,0.7363416701022011,0.9050422617127676,0.6198394416807027,0.3333333333333333,0.7444906300071987,0.9042682679047181,0.6198394416807027,0.3333333333333333,0.6882786214422115,0.8479236812570146,0.5957779484386099
0.3333333333333333,0.7352511153738153,0.8948904979719966,0.6263184534295041,0.3333333333333333,0.7394282794974805,0.8980229823460838,0.6263184534295041,0.3333333333333333,0.6700918432299718,0.8540965207631874,0.6118892176511814
0.3333333333333333,0.7332696576917668,0.9087239705691871,0.5831520800552782,0.3333333333333333,0.742679330283538,0.9126304487513239,0.5831520800552782,0.3333333333333333,0.7065563335455124,0.8288439955106621,0.5794916475544127
0.3333333333333333,0.7332369281985286,0.9103281505167155,0.5874325490298032,0.3333333333333333,0.7422148944569584,0.9079696599506777,0.5874325490298032,0.3333333333333333,0.6956442666181686,0.8097643097643097,0.5816706237694984
0.3333333333333333,0.7328814771649226,0.9182141251647673,0.6130825559564236,0.3333333333333333,0.7409144741425353,0.9220644110154748,0.6130825559564236,0.3333333333333333,0.7012821678639629,0.819023569023569,0.5953950039908594
0.3333333333333333,0.7290688261173596,0.9213466095388546,0.6198394416807027,0.3333333333333333,0.7365719991640155,0.9213466095388546,0.6198394416807027,0.3333333333333333,0.7066472674365736,0.8494668911335578,0.5983058002301426
0.3333333333333333,0.7249739459175316,0.8994023929678948,0.6227822704032515,0.3333333333333333,0.740055267863363,0.9157629331254111,0.6227822704032515,0.3333333333333333,0.6781849595344185,0.8138327721661055,0.5957670911083783
0.3333333333333333,0.7244719304859157,0.8964553115404446,0.6228559438172698,0.3333333333333333,0.7435385365627104,0.8949270071138857,0.6228559438172698,0.3333333333333333,0.692643448213149,0.8215488215488216,0.596890947710204
0.3333333333333333,0.7235408680239378,0.9221206033469042,0.6139861707912345,0.3333333333333333,0.7360611197547778,0.929139882713588,0.6139861707912345,0.3333333333333333,0.6882786214422115,0.851010101010101,0.5997461014657899
0.3333333333333333,0.7234605996879667,0.9065340569974374,0.621653738527981,0.3333333333333333,0.734598146901052,0.9065340569974374,0.621653738527981,0.3333333333333333,0.6796399017913977,0.8250561167227835,0.6008298392991901
0.3333333333333333,0.7210057804210352,0.8302223311499808,0.6323364680980819,0.3333333333333333,0.7342962636137752,0.8729827905429259,0.6323364680980819,0.3333333333333333,0.6354460307356552,0.8127104377104377,0.6268930616369085
0.3333333333333333,0.7207121394431971,0.8994585852993242,0.6227822704032515,0.3333333333333333,0.7320437498548638,0.8994585852993242,0.6227822704032515,0.3333333333333333,0.6717286532690734,0.8587261503928171,0.5957670911083783
0.3333333333333333,0.7186269981925126,0.8987772929645931,0.6228559438172698,0.3333333333333333,0.7365023337900286,0.8933425103558974,0.6228559438172698,0.3333333333333333,0.685277803037192,0.8200056116722784,0.5956259087328745
0.3333333333333333,0.7143680666169935,0.8324319279112707,0.6323364680980819,0.3333333333333333,0.7319740844808769,0.8760590825855838,0.6323364680980819,0.3333333333333333,0.636719105210512,0.8396464646464646,0.628680350266354
0.3333333333333333,0.7124830893228505,0.9025910696734114,0.6229772422939108,0.3333333333333333,0.7182964493881058,0.9056673617160693,0.6229772422939108,0.3333333333333333,0.6615440574702192,0.882435465768799,0.5981371352310565
0.3333333333333333,0.7115832671106047,0.9282169951007906,0.6147096591359142,0.3333333333333333,0.7272136172584354,0.9189319266413876,0.6147096591359142,0.3333333333333333,0.6892788942438847,0.8381032547699214,0.6111449882750024
0.3333333333333333,0.7058266618387963,0.9157067407939818,0.6257054733367053,0.3333333333333333,0.722220932122704,0.9274991936241704,0.6257054733367053,0.3333333333333333,0.6695462398836046,0.8731762065095399,0.6148920687381654
0.3333333333333333,0.7035755603944835,0.8870972247972632,0.6292334064613558,0.3333333333333333,0.7137217564962961,0.8964749947299847,0.6292334064613558,0.3333333333333333,0.6979176138946985,0.8606902356902357,0.6117490583503362
0.3333333333333333,0.7034040821520593,0.848111175734056,0.632978647985295,0.3333333333333333,0.7233355781064952,0.8629799206069027,0.632978647985295,0.3333333333333333,0.6514503955624261,0.851010101010101,0.6229470197628555
0.3333333333333333,0.6997492119771729,0.855811747435471,0.632978647985295,0.3333333333333333,0.7204096323990432,0.8621132253255346,0.632978647985295,0.3333333333333333,0.6417204692188778,0.8417508417508417,0.6216002414868085
0.3333333333333333,0.6931895072267241,0.8745110949694848,0.631879918916797,0.3333333333333333,0.7155562780112857,0.8925123242164186,0.631879918916797,0.3333333333333333,0.7131945075929799,0.8731762065095399,0.623309588038444
0.3333333333333333,0.6830491275585517,0.8410918963673721,0.6330935234343322,0.3333333333333333,0.7127696630518078,0.8598109270909262,0.6330935234343322,0.3333333333333333,0.6317177412021461,0.8716329966329966,0.6219654032159413
0.3333333333333333,0.6825905290194694,0.8847387342312254,0.6302848548881448,0.3333333333333333,0.6970949539047442,0.8847949265626548,0.6302848548881448,0.3333333333333333,0.6999181594980449,0.8338945005611672,0.6202802052308183
0.3333333333333333,0.6819316584051048,0.8574524365248885,0.6330935234343322,0.3333333333333333,0.6976987204792978,0.8715471875896855,0.6330935234343322,0.3333333333333333,0.7171955987996727,0.8808922558922558,0.623309588038444
0.3333333333333333,0.6795319174969233,0.9064778646660081,0.6257519723998759,0.3333333333333333,0.6972807282353761,0.9157994422673003,0.6257519723998759,0.3333333333333333,0.6661816859143402,0.8602693602693603,0.6099522538230226
0.3333333333333333,0.6793023132987464,0.9070467723378803,0.6259682427731117,0.3333333333333333,0.7044330399647029,0.9141222440359935,0.6259682427731117,0.3333333333333333,0.6644539419841775,0.8633557800224467,0.6242057651064369
0.3333333333333333,0.6790622536036867,0.9134971440326919,0.6257519723998759,0.3333333333333333,0.7022501915797784,0.918157932833338,0.6257519723998759,0.3333333333333333,0.6549058834227517,0.8633557800224467,0.6099522538230226
0.3333333333333333,0.6753424404635862,0.9213466095388546,0.6228559438172698,0.3333333333333333,0.7010891020133293,0.9205726157308051,0.6228559438172698,0.3333333333333333,0.6812767118304992,0.8442760942760943,0.5997461014657899
0.3333333333333333,0.6728429475005496,0.8885328277505036,0.6292334064613558,0.3333333333333333,0.6935884634140678,0.9003252805806922,0.6292334064613558,0.3333333333333333,0.6277166499954533,0.840628507295174,0.6117490583503362
0.3333333333333333,0.6721657307177443,0.8979667900146544,0.6292334064613558,0.3333333333333333,0.6862503773541091,0.9026837711467299,0.6292334064613558,0.3333333333333333,0.6626352641629535,0.8369809203142536,0.6117490583503362
0.3333333333333333,0.670697677640166,0.9345184729908543,0.6198394416807027,0.3333333333333333,0.6888279961916263,0.9368769635568921,0.6198394416807027,0.3333333333333333,0.6571792306992816,0.8334736251402918,0.5957779484386099
0.3333333333333333,0.6701082217145555,0.8589442318095581,0.632978647985295,0.3333333333333333,0.6922183777256578,0.88002175309915,0.632978647985295,0.3333333333333333,0.5966172592525234,0.8618125701459034,0.6216002414868085
0.3333333333333333,0.661850405635714,0.8987772929645931,0.6263184534295041,0.3333333333333333,0.6831154355246963,0.9096468581819844,0.6263184534295041,0.3333333333333333,0.6711830499227062,0.8504489337822672,0.608016443271381
0.3333333333333333,0.661685784256179,0.8995512867726426,0.6292334064613558,0.3333333333333333,0.6789587348768084,0.9050422617127677,0.6292334064613558,0.3333333333333333,0.634445757933982,0.8385241301907969,0.6117490583503362
0.3333333333333333,0.6616243878620988,0.9173474298833993,0.6257519723998759,0.3333333333333333,0.6990223625850498,0.9173839390252885,0.6257519723998759,0.3333333333333333,0.6616349913612803,0.8618125701459034,0.6099522538230226
0.3333333333333333,0.6614275340437349,0.9345746653222837,0.6159536728930997,0.3333333333333333,0.6883403385737176,0.9229311062968428,0.6159536728930997,0.3333333333333333,0.6913703737382922,0.8359988776655444,0.5997461014657899
0.3333333333333333,0.6552933999375491,0.8886817215552514,0.6317056077225152,0.3333333333333333,0.6811183614704038,0.9097030505134138,0.6317056077225152,0.3333333333333333,0.6791852323360916,0.8716329966329966,0.6156761532506043
0.3333333333333333,0.6548873363559893,0.8667178217947513,0.632978647985295,0.3333333333333333,0.6856466107795556,0.8847190510416851,0.632978647985295,0.3333333333333333,0.6773665545148677,0.8587261503928171,0.6229470197628555
0.3333333333333333,0.6511218306849463,0.9079696599506777,0.6261780949178233,0.3333333333333333,0.6724334115133641,0.9018170758653619,0.6261780949178233,0.3333333333333333,0.6644539419841775,0.8421717171717171,0.6218502835351374
0.3333333333333333,0.6417811191843866,0.9079134676192484,0.6263184534295041,0.3333333333333333,0.6747555906462624,0.9071394738111989,0.6263184534295041,0.3333333333333333,0.6485405110484678,0.8092031425364759,0.608016443271381
0.3333333333333333,0.6395898310546387,0.9204602310679464,0.6257519723998759,0.3333333333333333,0.6756844622994218,0.9196862372598968,0.6257519723998759,0.3333333333333333,0.6910975720651087,0.8633557800224467,0.6099522538230226
0.3333333333333333,0.6363267440336117,0.8916091197931615,0.6317056077225152,0.3333333333333333,0.6540185309894805,0.8963822932566663,0.6317056077225152,0.3333333333333333,0.6509957261071201,0.8556397306397306,0.6156761532506043
0.3333333333333333,0.6328887566737982,0.909554156708666,0.6268175990495664,0.3333333333333333,0.6702737849197687,0.9166296284067792,0.6268175990495664,0.3333333333333333,0.6339001545876148,0.8540965207631874,0.6193997703645104
0.3333333333333333,0.6288963204397434,0.9034015726233502,0.6292334064613558,0.3333333333333333,0.6563871537050368,0.9136095286955506,0.6292334064613558,0.3333333333333333,0.620260070928435,0.8359988776655444,0.6117490583503362
0.3333333333333333,0.6278878502578785,0.8690959955503292,0.632978647985295,0.3333333333333333,0.665768757401946,0.8925320074059588,0.632978647985295,0.3333333333333333,0.619805401473129,0.851010101010101,0.6216002414868085
0.3333333333333333,0.6253098076475457,0.8830980451418079,0.6319745169177021,0.3333333333333333,0.6501172700462113,0.8917580135979093,0.6319745169177021,0.3333333333333333,0.5895244157497499,0.832351290684624,0.6216002414868085
0.3333333333333333,0.624517228091657,0.9314421809481964,0.6228559438172698,0.3333333333333333,0.6576643522281309,0.9314983732796258,0.6228559438172698,0.3333333333333333,0.6649086114394835,0.8411896745230079,0.5956259087328745
0.3333333333333333,0.6238935410662928,0.8760590825855838,0.632978647985295,0.3333333333333333,0.6553189513039036,0.9057038708579586,0.632978647985295,0.3333333333333333,0.6379012457943075,0.8525533108866442,0.6216002414868085
0.3333333333333333,0.622817464036236,0.8636415297520934,0.6330935234343322,0.3333333333333333,0.6570373638622483,0.8878515354157724,0.6330935234343322,0.3333333333333333,0.658270437392016,0.8731762065095399,0.623309588038444
0.3333333333333333,0.6184032115965459,0.8683585108841689,0.6330935234343322,0.3333333333333333,0.6435222813087802,0.884001249565065,0.6330935234343322,0.3333333333333333,0.6478130399199782,0.8654601571268238,0.623309588038444
0.3333333333333333,0.6157969169756804,0.9135533363641213,0.6257524341577042,0.3333333333333333,0.6505817058727911,0.9182703174961967,0.6257524341577042,0.3333333333333333,0.6447212876238975,0.8359988776655444,0.6005012995382664
0.3333333333333333,0.6087289849573044,0.9149889393173616,0.6266992385311664,0.3333333333333333,0.632724148340803,0.9165734360753498,0.6266992385311664,0.3333333333333333,0.5971628625988906,0.8762626262626263,0.6138012738744385
0.3333333333333333,0.6055628564117392,0.9330266777061846,0.6228559438172698,0.3333333333333333,0.6435687248914381,0.929139882713588,0.6228559438172698,0.3333333333333333,0.6409929980903882,0.8334736251402918,0.5956259087328745
0.3333333333333333,0.6043250922587657,0.8853441510449869,0.6320326836069537,0.3333333333333333,0.6383438218424169,0.9032891879604914,0.6320326836069537,0.3333333333333333,0.6449031554060198,0.8592873176206509,0.6249744248755267
0.3333333333333333,0.6033408973450031,0.9244229015815125,0.6257524341577042,0.3333333333333333,0.6479344216612869,0.9189881189728168,0.6257524341577042,0.3333333333333333,0.640902064199327,0.8437149270482603,0.6005012995382664
0.3333333333333333,0.5997646473096033,0.9337444791828048,0.6228559438172698,0.3333333333333333,0.6470055500081277,0.9322526838981351,0.6228559438172698,0.3333333333333333,0.6267163771937801,0.8396464646464646,0.5956259087328745
0.3333333333333333,0.5972761115819805,0.877643579343572,0.632978647985295,0.3333333333333333,0.6424773006989759,0.8987772929645931,0.632978647985295,0.3333333333333333,0.6085295989815405,0.8473625140291807,0.6216002414868085
0.3333333333333333,0.5941828916959216,0.8706242999768882,0.6330935234343322,0.3333333333333333,0.6359519773355317,0.8956448085905059,0.6330935234343322,0.3333333333333333,0.659634445757934,0.8571829405162739,0.6219654032159413
0.3333333333333333,0.5876253126919914,0.8761152749170131,0.6330935234343322,0.3333333333333333,0.6371595104846388,0.8956448085905059,0.6330935234343322,0.3333333333333333,0.6535418750568337,0.8571829405162739,0.6238695015591047
0.3333333333333333,0.5866719267816203,0.8940238026906285,0.6317056077225152,0.3333333333333333,0.6272670273784919,0.9112510381295129,0.6317056077225152,0.3333333333333333,0.6271710466490861,0.8489057239057238,0.6156761532506043
0.31622776601683794,0.8140582373149842,0.7849713133385992,0.5607658610875501,0.31622776601683794,0.8201936697396838,0.8247116730203156,0.5607658610875501,0.31622776601683794,0.7177412021460399,0.8101851851851851,0.5531422159734163
0.31622776601683794,0.8107954793343005,0.7920467850367123,0.5517413492718535,0.31622776601683794,0.8154564243085711,0.8372219273271244,0.5517413492718535,0.31622776601683794,0.6830953896517232,0.771043771043771,0.5486478169591273
0.31622776601683794,0.8104922662388359,0.8100115051417571,0.5607658610875501,0.31622776601683794,0.8187074750946288,0.842620200793931,0.5607658610875501,0.31622776601683794,0.718286805492407,0.8024691358024691,0.5542560183187866
0.31622776601683794,0.8061851547870279,0.7686698227497035,0.5895723705717906,0.31622776601683794,0.8063999256902677,0.8107124806660284,0.5895723705717906,0.31622776601683794,0.6602709829953624,0.7725869809203143,0.5839429547822313
0.31622776601683794,0.8039087369710006,0.8612268468546262,0.565235647110656,0.31622776601683794,0.812948470845041,0.8807198713862299,0.565235647110656,0.31622776601683794,0.7190142766208966,0.763327721661055,0.563201441223389
0.31622776601683794,0.8021803841858158,0.8541878842984022,0.5673111586084736,0.31622776601683794,0.8084898869098762,0.862037349804565,0.5673111586084736,0.31622776601683794,0.7114667636628171,0.8367003367003367,0.5687147663734687
0.31622776601683794,0.8021649761134372,0.7733671206922388,0.5864762575401968,0.31622776601683794,0.7972737616979774,0.8083904992418798,0.5864762575401968,0.31622776601683794,0.7140129126125306,0.8061167227833894,0.5881537441565752
0.31622776601683794,0.801586648739228,0.8101603989465049,0.5738505787184438,0.31622776601683794,0.805981933446346,0.8226706532533137,0.5738505787184438,0.31622776601683794,0.7332908975175048,0.7880190796857462,0.5636993945167437
0.31622776601683794,0.8007970561939168,0.7601025557669205,0.6032128003453274,0.31622776601683794,0.7997584933701786,0.8005972260671463,0.6032128003453274,0.31622776601683794,0.6649086114394835,0.7673961840628507,0.57494470325354
0.31622776601683794,0.8006522885020818,0.8061415361015094,0.6030545441048942,0.31622776601683794,0.807421684508743,0.8154827968923418,0.6030545441048942,0.31622776601683794,0.7062835318723288,0.7756734006734006,0.5893271908099653
0.31622776601683794,0.8005729465471388,0.7688552256963405,0.6051320530952777,0.31622776601683794,0.8010124701019437,0.7898765546545029,0.6051320530952777,0.31622776601683794,0.7048285896153497,0.8019079685746352,0.5850633891138914
0.31622776601683794,0.7974592716396742,0.8191673629859526,0.5930615485479398,0.31622776601683794,0.8003158163620742,0.8158859848071175,0.5930615485479398,0.31622776601683794,0.6919159770846595,0.8184624017957352,0.5863813992856766
0.31622776601683794,0.7969930000487149,0.7842731950515192,0.6032128003453274,0.31622776601683794,0.7955321273483037,0.8209372626905778,0.6032128003453274,0.31622776601683794,0.7057379285259616,0.7972783389450055,0.57494470325354
0.31622776601683794,0.7967154407352958,0.7772735988743755,0.6040133279043041,0.31622776601683794,0.7971112091586745,0.8208445612172592,0.6040133279043041,0.31622776601683794,0.6920069109757206,0.8157968574635241,0.6032826066684471
0.31622776601683794,0.7958277580768232,0.7998232322590968,0.6162700057157272,0.31622776601683794,0.7979239718551889,0.8357133060901059,0.6162700057157272,0.31622776601683794,0.6906429026098027,0.8169191919191919,0.6162441715989253
0.31622776601683794,0.7929038072939484,0.8463777851713199,0.6085122763203621,0.31622776601683794,0.7973202052806353,0.8807395545757701,0.6085122763203621,0.31622776601683794,0.7091934163862872,0.8556397306397306,0.6078472392506877
0.31622776601683794,0.7920376200693938,0.794537343455149,0.6242140209321819,0.31622776601683794,0.7961591157141862,0.8225414426381061,0.6242140209321819,0.31622776601683794,0.6579976357188324,0.8024691358024691,0.6191493303862644
0.31622776601683794,0.7916242626194382,0.8542834430089121,0.5944519906893952,0.31622776601683794,0.7939066019552748,0.8721160952615579,0.5944519906893952,0.31622776601683794,0.6900063653723743,0.8303872053872053,0.5868412057561392
0.31622776601683794,0.7885015224009436,0.8793601439539591,0.61345487145658,0.31622776601683794,0.7906091075865592,0.8722846722558459,0.61345487145658,0.31622776601683794,0.7460216422660726,0.8267396184062851,0.609527833176183
0.31622776601683794,0.7884501405052179,0.8146554679900543,0.6186178972005688,0.31622776601683794,0.7890068039848593,0.8543396353403414,0.6186178972005688,0.31622776601683794,0.6810948440483768,0.7812850729517397,0.5945208177340908
0.31622776601683794,0.7873546338924363,0.8021452136832454,0.6230259288735899,0.31622776601683794,0.7940691544945777,0.850489349489634,0.6230259288735899,0.31622776601683794,0.7131945075929799,0.8251964085297419,0.6188055149195351
0.31622776601683794,0.786164096435405,0.847413057446976,0.6184716931413715,0.31622776601683794,0.7900982281773216,0.869208380213188,0.6184716931413715,0.31622776601683794,0.6654542147858507,0.8138327721661055,0.6044513591086549
0.31622776601683794,0.7854147331994995,0.8139179833238939,0.622947422748463,0.31622776601683794,0.7905162204212433,0.8302223311499808,0.622947422748463,0.31622776601683794,0.6840956624533964,0.7868967452300786,0.6148694979029281
0.31622776601683794,0.7850720016292757,0.8512071509662542,0.6186178972005688,0.31622776601683794,0.7962055592968441,0.8629996037964428,0.6186178972005688,0.31622776601683794,0.7318359552605256,0.8024691358024691,0.5948029051572687
0.31622776601683794,0.7846853683215408,0.812389678897335,0.6231686639941321,0.31622776601683794,0.786823955599935,0.834185001663547,0.6231686639941321,0.31622776601683794,0.6711830499227062,0.8188832772166106,0.6180690540883818
0.31622776601683794,0.7827104111251972,0.8038224119145521,0.6242140209321819,0.31622776601683794,0.7922114111882591,0.8241259393960944,0.6242140209321819,0.31622776601683794,0.6626352641629535,0.7911054994388328,0.6191493303862644
0.31622776601683794,0.7822949220159795,0.8309036234847119,0.6231686639941321,0.31622776601683794,0.7891693565241623,0.871454486116367,0.6231686639941321,0.31622776601683794,0.6589979085205055,0.816358024691358,0.609591034361615
0.31622776601683794,0.7817239093967411,0.8231103503099785,0.6251382559223058,0.31622776601683794,0.7822492627081253,0.8535656415322919,0.6251382559223058,0.31622776601683794,0.678457761207602,0.8225308641975309,0.6076025846531703
0.31622776601683794,0.7809526422868736,0.859605840954749,0.6158705238584223,0.31622776601683794,0.7865917376866451,0.8837596542869988,0.6158705238584223,0.31622776601683794,0.7256524506683641,0.811307519640853,0.6068294708870279
0.31622776601683794,0.7806260287789972,0.8775143687283644,0.6198394416807027,0.31622776601683794,0.788194041288345,0.9134606348908028,0.6198394416807027,0.31622776601683794,0.6529053378194053,0.8473625140291807,0.5915752259058576
0.31622776601683794,0.7789486135890882,0.8232592441147264,0.6245091067356551,0.31622776601683794,0.7861040800687366,0.838845790464193,0.6245091067356551,0.31622776601683794,0.6930071837773938,0.8271604938271605,0.6142492155802506
0.31622776601683794,0.7789166013807624,0.8115033004264268,0.6272619707070698,0.31622776601683794,0.7856860878248149,0.8590369332828767,0.6272619707070698,0.31622776601683794,0.6837319268891516,0.832351290684624,0.6196356886407677
0.31622776601683794,0.778640537223593,0.8255053500179054,0.625151139993209,0.31622776601683794,0.7847339943803265,0.8465828713074972,0.625151139993209,0.31622776601683794,0.6316268073110849,0.7838103254769921,0.6209166024617162
0.31622776601683794,0.7786002401863966,0.8076726977652595,0.6279889094145266,0.31622776601683794,0.7863362979820263,0.850489349489634,0.6279889094145266,0.31622776601683794,0.6509957261071201,0.7796015712682379,0.6200530971277243
0.31622776601683794,0.7779786684642636,0.8294118282000422,0.6263184534295041,0.31622776601683794,0.784014118849128,0.858226430332938,0.6263184534295041,0.31622776601683794,0.6828225879785396,0.8143939393939394,0.61113773606369
0.31622776601683794,0.7763809176657975,0.8312014110942075,0.6220781402360911,0.31622776601683794,0.7802289668625038,0.8490537465363936,0.6220781402360911,0.31622776601683794,0.7056469946349004,0.7890011223344557,0.6168167224546173
0.31622776601683794,0.7758517096030144,0.8217112564986273,0.6272619707070698,0.31622776601683794,0.784014118849128,0.8543199521508011,0.6272619707070698,0.31622776601683794,0.7202873510957534,0.8209876543209876,0.6196356886407677
0.31622776601683794,0.7754832753362293,0.8536583430056104,0.6206484156734906,0.31622776601683794,0.7796716438706082,0.8575086288563178,0.6206484156734906,0.31622776601683794,0.7224697644812221,0.8055555555555556,0.6111449882750024
0.31622776601683794,0.7752305489317469,0.8435065792648392,0.6263184534295041,0.31622776601683794,0.7811113949330051,0.8652457096996218,0.6263184534295041,0.31622776601683794,0.6927343821042102,0.8143939393939393,0.61113773606369
0.31622776601683794,0.7729078144447743,0.8380156043247142,0.6282680121452994,0.31622776601683794,0.7806934026890834,0.8636612129416337,0.6282680121452994,0.31622776601683794,0.6651814131126671,0.8076599326599326,0.6223750353275236
0.31622776601683794,0.7726375126018228,0.8799093684362912,0.6147096591359142,0.31622776601683794,0.7793697605833314,0.8939676103591991,0.6147096591359142,0.31622776601683794,0.6832772574338456,0.8396464646464646,0.6071396683022756
0.31622776601683794,0.7726268518482683,0.8209007535486886,0.6319745169177021,0.31622776601683794,0.7856628660334858,0.8465828713074972,0.6319745169177021,0.31622776601683794,0.6828225879785396,0.8159371492704826,0.6216002414868085
0.31622776601683794,0.7713728183588571,0.8612100209022774,0.6263184534295041,0.31622776601683794,0.7774655736943548,0.9018170758653619,0.6263184534295041,0.31622776601683794,0.6417204692188778,0.8489057239057239,0.608016443271381
0.31622776601683794,0.7712147801666491,0.8847949265626548,0.5941227692675197,0.31622776601683794,0.7729605461765321,0.8879274109367421,0.5941227692675197,0.31622776601683794,0.7402018732381559,0.8375420875420876,0.5927928500837071
0.31622776601683794,0.7702261142204464,0.8854003433764163,0.6070126338996047,0.31622776601683794,0.7779764531035924,0.8830418528103785,0.6070126338996047,0.31622776601683794,0.7078294080203692,0.8134118967452301,0.5965046853352709
0.31622776601683794,0.7668433361444206,0.8916653121245908,0.6026562527906023,0.31622776601683794,0.7698720479297773,0.9010430820573124,0.6026562527906023,0.31622776601683794,0.6748204055651541,0.8479236812570146,0.5964625415846301
0.31622776601683794,0.7644564351813713,0.8723773737291645,0.621653738527981,0.31622776601683794,0.7722871142279916,0.8886817215552514,0.621653738527981,0.31622776601683794,0.685277803037192,0.8127104377104377,0.5967320424559525
0.31622776601683794,0.7637720768793049,0.8847387342312254,0.6147096591359142,0.31622776601683794,0.7735643127510856,0.8870972247972632,0.6147096591359142,0.31622776601683794,0.6920069109757206,0.851010101010101,0.6071396683022756
0.31622776601683794,0.7628907474254686,0.8558679397669002,0.6291891153087189,0.31622776601683794,0.7717530130274249,0.8769454610564921,0.6291891153087189,0.31622776601683794,0.7188324088387742,0.8261784511784511,0.6207173045430678
0.31622776601683794,0.7615018616849237,0.8598109270909262,0.6282680121452994,0.31622776601683794,0.7732856512551378,0.8683220017422797,0.6282680121452994,0.31622776601683794,0.7098299536237156,0.8221099887766554,0.6223750353275236
0.31622776601683794,0.7611769153403846,0.878324871678303,0.6198394416807027,0.31622776601683794,0.7646239230894272,0.8962699085938075,0.6198394416807027,0.31622776601683794,0.6952805310539238,0.8602693602693603,0.5954825482378772
0.31622776601683794,0.7611412822292905,0.8611538285708481,0.6288295485686426,0.31622776601683794,0.7683858532847224,0.8814573560523903,0.6288295485686426,0.31622776601683794,0.6322633445485132,0.8396464646464646,0.6136683171333772
0.31622776601683794,0.7603318131899827,0.8691521878817586,0.6246466740979748,0.31622776601683794,0.766133339525811,0.882436435996617,0.6246466740979748,0.31622776601683794,0.7082840774756752,0.8302469135802469,0.6217906250919192
0.31622776601683794,0.7601310583430226,0.9063289708612602,0.5971169254616302,0.31622776601683794,0.7644381487587952,0.9133482502279441,0.5971169254616302,0.31622776601683794,0.7061925979812677,0.8820145903479237,0.5868412057561392
0.31622776601683794,0.7590484841291825,0.8847387342312254,0.6228559438172698,0.31622776601683794,0.7627894015744374,0.9026837711467299,0.6228559438172698,0.31622776601683794,0.6672728926070747,0.8329124579124579,0.5956259087328745
0.31622776601683794,0.7585641353612232,0.8737005920195461,0.627028639821898,0.31622776601683794,0.7660636741518241,0.8806271699129115,0.627028639821898,0.31622776601683794,0.6901882331544967,0.8267396184062851,0.6177938799743956
0.31622776601683794,0.7573428867298313,0.8777559640064307,0.6263184534295041,0.31622776601683794,0.7603046699022362,0.8824729451385062,0.6263184534295041,0.31622776601683794,0.7084659452577976,0.8313692480359147,0.609851951917967
0.31622776601683794,0.756606345163305,0.900986889725883,0.6126304633517126,0.31622776601683794,0.7687109583633281,0.8985918900179561,0.6126304633517126,0.31622776601683794,0.6621805947076476,0.8519921436588103,0.6010434582535242
0.31622776601683794,0.7556129033328155,0.8784737654830509,0.6288295485686426,0.31622776601683794,0.7779764531035924,0.8879077277472018,0.6288295485686426,0.31622776601683794,0.6812767118304992,0.8396464646464646,0.6136683171333772
0.31622776601683794,0.7544089331205114,0.8302223311499808,0.6294649357676951,0.31622776601683794,0.7664120010217588,0.8629434114650134,0.6294649357676951,0.31622776601683794,0.6408111303082659,0.8334736251402918,0.6221312530823986
0.31622776601683794,0.7538811491842656,0.8893995230318715,0.6292334064613558,0.31622776601683794,0.7553584283491629,0.9057600631893878,0.6292334064613558,0.31622776601683794,0.7009184322997181,0.840628507295174,0.6117490583503362
0.31622776601683794,0.7530958622681506,0.9063289708612602,0.6127266585686371,0.31622776601683794,0.7609548800594478,0.9117637534699559,0.6127266585686371,0.31622776601683794,0.672456124397563,0.8173400673400673,0.5993145852497046
0.31622776601683794,0.7530451259365248,0.8691325046922185,0.6320326836069537,0.31622776601683794,0.7657850126558763,0.874567287300914,0.6320326836069537,0.31622776601683794,0.6971901427662089,0.8411896745230079,0.6249744248755267
0.31622776601683794,0.7520235774568494,0.9025348773419821,0.6198394416807027,0.31622776601683794,0.7563569653763091,0.9025910696734114,0.6198394416807027,0.31622776601683794,0.7076475402382468,0.8288439955106621,0.594155747645382
0.31622776601683794,0.750256564159043,0.9026472620048408,0.6147096591359142,0.31622776601683794,0.7547314399832803,0.9018170758653619,0.6147096591359142,0.31622776601683794,0.6689097026461762,0.8710718294051627,0.6071396683022756
0.31622776601683794,0.7483115226810696,0.909554156708666,0.6026562527906023,0.31622776601683794,0.755126210435873,0.9072518584740575,0.6026562527906023,0.31622776601683794,0.6960989360734746,0.8402076318742985,0.5983802909103575
0.31622776601683794,0.7481269036346879,0.8956082994486168,0.6274295218092236,0.31622776601683794,0.7559389731323874,0.9072518584740575,0.6274295218092236,0.31622776601683794,0.699008820587433,0.8458193041526375,0.6202802052308183
0.31622776601683794,0.7465841497219721,0.9110459519933356,0.5831520800552782,0.31622776601683794,0.7590042495878132,0.9165734360753498,0.5831520800552782,0.31622776601683794,0.6963717377466582,0.8334736251402918,0.5819498261971545
0.31622776601683794,0.7460582316018916,0.9141784363674229,0.5831520800552782,0.31622776601683794,0.7561015256716903,0.9181214236914489,0.5831520800552782,0.31622776601683794,0.696280803855597,0.8540965207631874,0.5819498261971545
0.31622776601683794,0.7437567723183344,0.911102144324765,0.6026562527906023,0.31622776601683794,0.751178505909946,0.9126866410827532,0.6026562527906023,0.31622776601683794,0.6920069109757206,0.8562008978675646,0.5964625415846301
0.31622776601683794,0.7406132389770025,0.9134606348908028,0.5846594531902498,0.31622776601683794,0.7559621949237164,0.9251968953895621,0.5846594531902498,0.31622776601683794,0.6894607620260071,0.8402076318742985,0.5819498261971545
0.31622776601683794,0.7383984846267744,0.9050422617127677,0.6198394416807027,0.31622776601683794,0.7489956575250215,0.9073445599473761,0.6198394416807027,0.31622776601683794,0.6991906883695553,0.8442760942760943,0.5915752259058576
0.31622776601683794,0.7377466980935902,0.9189319266413876,0.5880967865175725,0.31622776601683794,0.7550797668532151,0.9298576841902082,0.5880967865175725,0.31622776601683794,0.6880967536600892,0.8540965207631874,0.5831840828908887
0.31622776601683794,0.737595128366125,0.9181214236914489,0.5961472344440195,0.31622776601683794,0.7544760002786615,0.9274991936241704,0.5961472344440195,0.31622776601683794,0.6970992088751478,0.8540965207631874,0.5819498261971545
0.31622776601683794,0.7371116831728969,0.8410918963673721,0.6323364680980819,0.31622776601683794,0.7477184590019275,0.8784175731516215,0.6323364680980819,0.31622776601683794,0.6581795035009548,0.8194444444444444,0.6268930616369085
0.31622776601683794,0.7369927621567699,0.8994023929678948,0.6274295218092236,0.31622776601683794,0.74012493323735,0.9181214236914489,0.6274295218092236,0.31622776601683794,0.7076475402382468,0.8463804713804713,0.6225117352693468
0.31622776601683794,0.7364567962887505,0.8808687651909777,0.6315677188907489,0.31622776601683794,0.7444441864245408,0.8878515354157724,0.6315677188907489,0.31622776601683794,0.6918250431935983,0.8396464646464646,0.6217342853335808
0.31622776601683794,0.7338228668095678,0.8682293002689613,0.632978647985295,0.31622776601683794,0.7453266144950421,0.8861743371844658,0.632978647985295,0.31622776601683794,0.6739110666545421,0.8411896745230079,0.6216002414868085
0.31622776601683794,0.7332632289268742,0.92827318743222,0.6130825559564236,0.31622776601683794,0.7434224276060656,0.922782212492095,0.6130825559564236,0.31622776601683794,0.703646449031554,0.8051346801346801,0.5953950039908594
0.31622776601683794,0.7327096446186139,0.9056476785265292,0.6198394416807027,0.31622776601683794,0.7435153147713814,0.9166296284067792,0.6198394416807027,0.31622776601683794,0.6539056106210784,0.8319304152637486,0.5957779484386099
0.31622776601683794,0.7312548790885393,0.9119126472747037,0.6194769757233466,0.31622776601683794,0.7510391751619719,0.9057038708579586,0.6194769757233466,0.31622776601683794,0.6881876875511503,0.8587261503928171,0.6091207129859838
0.31622776601683794,0.7300917081894847,0.9072883676159467,0.6198394416807027,0.31622776601683794,0.7385226296356501,0.9150816407906801,0.6198394416807027,0.31622776601683794,0.707283804674002,0.819023569023569,0.594155747645382
0.31622776601683794,0.7297944717259971,0.9071394738111989,0.6209893129159735,0.31622776601683794,0.7403803729419688,0.914214945509312,0.6209893129159735,0.31622776601683794,0.711375829771756,0.835016835016835,0.6072876189768404
0.31622776601683794,0.7297228341527936,0.9188954174994984,0.6198394416807027,0.31622776601683794,0.738638738592295,0.9236123986315738,0.6198394416807027,0.31622776601683794,0.6721833227243794,0.851010101010101,0.5957779484386099
0.31622776601683794,0.7281287394264018,0.9010795911992016,0.6229772422939108,0.31622776601683794,0.7352715788495925,0.9127793425560717,0.6229772422939108,0.31622776601683794,0.6711830499227062,0.8695286195286195,0.5981371352310565
0.31622776601683794,0.7277989350334759,0.9127231502246423,0.6229772422939108,0.31622776601683794,0.7408215869772194,0.923648907773463,0.6229772422939108,0.31622776601683794,0.6743657361098482,0.8571829405162739,0.5981371352310565
0.31622776601683794,0.727253137117477,0.8697576046955201,0.632978647985295,0.31622776601683794,0.7429115481968279,0.8917018212664799,0.632978647985295,0.31622776601683794,0.6256251705010457,0.8648989898989898,0.6216002414868085
0.31622776601683794,0.7266614297419544,0.8947416041672487,0.627630524223755,0.31622776601683794,0.744072637763277,0.8971000947332864,0.627630524223755,0.31622776601683794,0.6432663453669183,0.8458193041526375,0.6221312530823986
0.31622776601683794,0.725129720296818,0.9345746653222837,0.6159536728930997,0.31622776601683794,0.7370364349905951,0.9392354541229297,0.6159536728930997,0.31622776601683794,0.7168318632354278,0.8298260381593715,0.5997461014657899
0.31622776601683794,0.7241306796356325,0.917476640498607,0.6229772422939108,0.31622776601683794,0.7388477347142559,0.9182506343066565,0.6229772422939108,0.31622776601683794,0.6830953896517232,0.8556397306397306,0.5983158100920982
0.31622776601683794,0.7235703075744734,0.9017608835339326,0.6241486017214478,0.31622776601683794,0.7342962636137752,0.9041193740999703,0.6241486017214478,0.31622776601683794,0.6607256524506684,0.8242143658810326,0.6068758114685263
0.31622776601683794,0.7222160073911446,0.9033453802919208,0.6262972661788047,0.31622776601683794,0.7343659289877621,0.8971366038751756,0.6262972661788047,0.31622776601683794,0.6886423570064563,0.8407687991021324,0.6224953911546433
0.31622776601683794,0.7209067111728862,0.923648907773463,0.6229772422939108,0.31622776601683794,0.7365487773726865,0.923648907773463,0.6229772422939108,0.31622776601683794,0.6868236791852323,0.8700897867564534,0.5981371352310565
0.31622776601683794,0.7192945418803164,0.8636415297520934,0.6330935234343322,0.31622776601683794,0.7380349720177415,0.8909278274584304,0.6330935234343322,0.31622776601683794,0.6707283804674002,0.8685465768799102,0.623309588038444
0.31622776601683794,0.7112503740386263,0.8776070702016828,0.6317056077225152,0.31622776601683794,0.7250772124561689,0.8964749947299847,0.6317056077225152,0.31622776601683794,0.6399927252887151,0.8458193041526375,0.6156761532506043
0.31622776601683794,0.7088770355272653,0.891040212121289,0.6292334064613558,0.31622776601683794,0.7203167452337274,0.8886817215552514,0.6292334064613558,0.31622776601683794,0.6968264072019642,0.8225308641975309,0.6117490583503362
0.31622776601683794,0.7082608899376407,0.9275553859555998,0.618956731050947,0.31622776601683794,0.7223138192880199,0.9275553859555998,0.618956731050947,0.31622776601683794,0.7037373829226152,0.8411896745230079,0.6037727477177401
0.31622776601683794,0.7063237346006815,0.9110459519933356,0.6257054733367053,0.31622776601683794,0.7214081694261896,0.9313494794748779,0.6257054733367053,0.31622776601683794,0.6780030917522961,0.8571829405162739,0.6148920687381654
0.31622776601683794,0.7016230022067895,0.9026275788153006,0.6283858548452188,0.31622776601683794,0.7198058658244897,0.9003252805806922,0.6283858548452188,0.31622776601683794,0.6395380558334091,0.8277216610549943,0.6245659177990512
0.31622776601683794,0.6976044978379017,0.8925320074059588,0.6317056077225152,0.31622776601683794,0.7155098344286278,0.9011919758620602,0.6317056077225152,0.31622776601683794,0.703646449031554,0.8437149270482605,0.6156761532506043
0.31622776601683794,0.6974879019122212,0.8971927962066049,0.6292334064613558,0.31622776601683794,0.7191092120846202,0.9050422617127677,0.6292334064613558,0.31622776601683794,0.682549786305356,0.8468013468013468,0.6155487853439169
0.31622776601683794,0.6961620360362221,0.9118564549432744,0.6257519723998759,0.31622776601683794,0.7196200914938579,0.9173839390252885,0.6257519723998759,0.31622776601683794,0.6640902064199327,0.8587261503928171,0.6099522538230226
0.31622776601683794,0.6925429253669234,0.8791718837701308,0.631879918916797,0.31622776601683794,0.7149292896454033,0.887795343084343,0.631879918916797,0.31622776601683794,0.7071019368918796,0.8654601571268238,0.623309588038444
0.31622776601683794,0.6916053319340557,0.9197621127808664,0.6257524341577042,0.31622776601683794,0.7048278104172956,0.929139882713588,0.6257524341577042,0.31622776601683794,0.696735473310903,0.8251964085297419,0.5997354562597828
0.31622776601683794,0.690830023655889,0.8651895173681925,0.6330935234343322,0.31622776601683794,0.7131644335044005,0.8933425103558974,0.6330935234343322,0.31622776601683794,0.7204692188778757,0.8587261503928171,0.6219654032159413
0.31622776601683794,0.6885712679729745,0.8216550641671979,0.6340942182032892,0.31622776601683794,0.7054083552005201,0.8660562126495606,0.6340942182032892,0.31622776601683794,0.7042829862689824,0.7839506172839507,0.6220121054345928
0.31622776601683794,0.6881249406038026,0.9080623614239962,0.6263184534295041,0.31622776601683794,0.708403966281959,0.9166296284067792,0.6263184534295041,0.31622776601683794,0.672910793852869,0.8639169472502806,0.6187978179197346
0.31622776601683794,0.6831072235666419,0.8699626908316973,0.632978647985295,0.31622776601683794,0.7205489631470171,0.8847752433731145,0.632978647985295,0.31622776601683794,0.681640447394744,0.8525533108866442,0.6216002414868085
0.31622776601683794,0.6791163547471714,0.8946854118358194,0.632978647985295,0.31622776601683794,0.7072196549241808,0.9220082186840455,0.632978647985295,0.31622776601683794,0.693552787123761,0.8648989898989898,0.6216002414868085
0.31622776601683794,0.6761194242750777,0.9111948457980835,0.6292334064613558,0.31622776601683794,0.6927060353435665,0.9159118269301589,0.6292334064613558,0.31622776601683794,0.6716377193780122,0.8277216610549943,0.6117490583503362
0.31622776601683794,0.6737647082185417,0.8534532568694332,0.6340942182032892,0.31622776601683794,0.7128161066344658,0.8816427589990272,0.6340942182032892,0.31622776601683794,0.6916431754114759,0.8463804713804713,0.6238463473339793
0.31622776601683794,0.6532710205407792,0.9367645788940333,0.6147096591359142,0.31622776601683794,0.6758934584213826,0.9290274980507293,0.6147096591359142,0.31622776601683794,0.6700918432299718,0.8211279461279462,0.6075277788715998
0.31622776601683794,0.653112485831684,0.927406492150852,0.6257054733367053,0.31622776601683794,0.686389708102083,0.9313494794748779,0.6257054733367053,0.31622776601683794,0.6781849595344185,0.851010101010101,0.6148920687381654
0.31622776601683794,0.6511957985702402,0.9283096965741091,0.6228559438172698,0.31622776601683794,0.6778440888930172,0.9244229015815125,0.6228559438172698,0.31622776601683794,0.6622715285987087,0.8453984287317621,0.5956259087328745
0.31622776601683794,0.6433280796686456,0.9251968953895621,0.6257524341577042,0.31622776601683794,0.6679980493695283,0.9298576841902082,0.6257524341577042,0.31622776601683794,0.7334727652996271,0.8359988776655444,0.5997354562597828
0.31622776601683794,0.6431050111254798,0.9351997653255854,0.6257054733367053,0.31622776601683794,0.6702505631284398,0.9344819638489652,0.6257054733367053,0.31622776601683794,0.6446303537328363,0.8648989898989898,0.6148920687381654
0.31622776601683794,0.6282394589295913,0.8706608091187773,0.6330935234343322,0.31622776601683794,0.6618442746673479,0.8832272557570154,0.6330935234343322,0.31622776601683794,0.6634536691825044,0.8525533108866442,0.6219654032159413
0.31622776601683794,0.6214859322928502,0.8713786105953975,0.6330935234343322,0.31622776601683794,0.6571302510275643,0.8955886162590765,0.6330935234343322,0.31622776601683794,0.6576339001545877,0.867003367003367,0.623309588038444
0.31622776601683794,0.6205297632463733,0.8722087967348764,0.6330935234343322,0.31622776601683794,0.6675800571256066,0.8894360321737607,0.6330935234343322,0.31622776601683794,0.6939165226880059,0.8731762065095399,0.623309588038444
0.31622776601683794,0.6134897547357083,0.9244229015815125,0.6282711165844588,0.31622776601683794,0.6435222813087802,0.9237051001048924,0.6282711165844588,0.31622776601683794,0.6132581613167227,0.8571829405162739,0.6039080365084326
0.31622776601683794,0.6093569189451616,0.8948904979719965,0.6317056077225152,0.31622776601683794,0.646517892390219,0.9369331558883214,0.6317056077225152,0.31622776601683794,0.6370828407747567,0.8519921436588103,0.6156761532506043
0.31622776601683794,0.6006981586456998,0.8964749947299847,0.6317056077225152,0.31622776601683794,0.6296820936767062,0.9042120755732888,0.6317056077225152,0.31622776601683794,0.6201691370373739,0.8793490460157127,0.6156761532506043
0.31622776601683794,0.5973238126796131,0.9368010880359224,0.6147096591359142,0.31622776601683794,0.636927292571349,0.9400459570728684,0.6147096591359142,0.31622776601683794,0.6423570064563062,0.8236531986531986,0.6075277788715998
0.31622776601683794,0.5799927849937823,0.9018170758653619,0.6317056077225152,0.31622776601683794,0.6238069804704734,0.9151013239802204,0.6317056077225152,0.31622776601683794,0.61380376466309,0.8710718294051627,0.6156761532506043
0.30151134457776363,0.8189372799345932,0.7865193009546982,0.5607658610875501,0.30151134457776363,0.8271834289297076,0.8269774621130348,0.5607658610875501,0.30151134457776363,0.7166499954533054,0.7972783389450055,0.5542644470998455
0.30151134457776363,0.8176375890835456,0.8155389892237712,0.5616417239612832,0.30151134457776363,0.8248380280054803,0.8537313612893886,0.5616417239612832,0.30151134457776363,0.7264708556879149,0.8261784511784511,0.5626995267235693
0.30151134457776363,0.815096386091163,0.7656103566593945,0.569545803302798,0.30151134457776363,0.8175928291108376,0.7944249587922902,0.569545803302798,0.30151134457776363,0.7041011184868601,0.7730078563411896,0.5577603924524013
0.30151134457776363,0.8148187863867938,0.7973888661720895,0.5652667294108741,0.30151134457776363,0.8213779810974619,0.8316944432451103,0.5652667294108741,0.30151134457776363,0.7206510866599982,0.8194444444444444,0.5582617035673558
0.30151134457776363,0.8106073793712761,0.8216550641671979,0.5701430461258199,0.30151134457776363,0.8201936697396838,0.8565660580539802,0.5701430461258199,0.30151134457776363,0.710011821405838,0.8132716049382716,0.5672686957707356
0.30151134457776363,0.8099807001136905,0.8014245549694339,0.5738505787184438,0.30151134457776363,0.8151080974386364,0.8350123305658346,0.5738505787184438,0.30151134457776363,0.7212876238974266,0.7864758698092031,0.5636993945167437
0.30151134457776363,0.8080744989878919,0.8223363565019289,0.6040133279043041,0.30151134457776363,0.8132967977149758,0.8613027223755959,0.6040133279043041,0.30151134457776363,0.7165590615622442,0.7941919191919191,0.605161521006411
0.30151134457776363,0.8045030307495228,0.848845803163025,0.5573727409114617,0.30151134457776363,0.8124608132271324,0.8535065919636712,0.5573727409114617,0.30151134457776363,0.7183777393834683,0.8155162738496071,0.553797739519524
0.30151134457776363,0.8033332070156285,0.8294118282000422,0.5660443463459257,0.30151134457776363,0.8107191788774586,0.8480746665921669,0.5660443463459257,0.30151134457776363,0.720105483313631,0.792648709315376,0.562452264118108
0.30151134457776363,0.8029853384998119,0.8287670450072002,0.576238701276381,0.30151134457776363,0.8127626965144091,0.8614881253222328,0.576238701276381,0.30151134457776363,0.727016459034282,0.8236531986531986,0.5724461773979074
0.30151134457776363,0.8023310249214312,0.843301493128662,0.5930615485479398,0.30151134457776363,0.8116712723219469,0.8745307781590249,0.5930615485479398,0.30151134457776363,0.7142857142857143,0.7947530864197531,0.5863813992856766
0.30151134457776363,0.8012952774870551,0.8012026428809078,0.6050505723142374,0.30151134457776363,0.7992243921696119,0.8307912388218532,0.6050505723142374,0.30151134457776363,0.6633627352914431,0.7984006734006733,0.57494470325354
0.30151134457776363,0.8007568354080767,0.8736443996881167,0.5936372496752365,0.30151134457776363,0.808675661240508,0.8915894366036212,0.5936372496752365,0.30151134457776363,0.7034645812494317,0.8180415263748597,0.5840336352311535
0.30151134457776363,0.7969893732332031,0.8377740090466479,0.5944519906893952,0.30151134457776363,0.801964563546432,0.865096815894874,0.5944519906893952,0.30151134457776363,0.6371737746658179,0.8463804713804713,0.5868412057561392
0.30151134457776363,0.7968735981806319,0.8239770455913465,0.6072167296886797,0.30151134457776363,0.7969718784107006,0.8698137970269495,0.6072167296886797,0.30151134457776363,0.6769118850595617,0.8132716049382716,0.6074330230733189
0.30151134457776363,0.7968417527577497,0.8549085430122138,0.5944519906893952,0.30151134457776363,0.800571256066693,0.8759298719703762,0.5944519906893952,0.30151134457776363,0.6937346549058834,0.8494668911335578,0.5868412057561392
0.30151134457776363,0.7965333910447828,0.829375319058153,0.6186178972005688,0.30151134457776363,0.7998978241181525,0.8621329085150748,0.6186178972005688,0.30151134457776363,0.6860962080567428,0.800364758698092,0.5945208177340908
0.30151134457776363,0.7963482859248012,0.8579848350548717,0.5944519906893952,0.30151134457776363,0.7966932169147528,0.8782321702049846,0.5944519906893952,0.30151134457776363,0.6720923888333182,0.8489057239057239,0.5868412057561392
0.30151134457776363,0.7961787250238798,0.8093498959965663,0.6242140209321819,0.30151134457776363,0.8012911315978914,0.82956072200479,0.6242140209321819,0.30151134457776363,0.6541784122942621,0.8308080808080808,0.6191493303862644
0.30151134457776363,0.7955043902812555,0.8356767969482167,0.595955039100786,0.30151134457776363,0.7984348512644266,0.8542834430089121,0.595955039100786,0.30151134457776363,0.6667272892607075,0.8184624017957352,0.5932441161270317
0.30151134457776363,0.7952973311441746,0.8581702380015086,0.6085122763203621,0.30151134457776363,0.7980633026031628,0.8830418528103785,0.6085122763203621,0.30151134457776363,0.6922797126489042,0.8417508417508417,0.6078472392506877
0.30151134457776363,0.794911213166602,0.8309036234847119,0.6186178972005688,0.30151134457776363,0.7979936372291758,0.863717405273063,0.6186178972005688,0.30151134457776363,0.6750932072383378,0.8101851851851851,0.5945208177340908
0.30151134457776363,0.7933306984765517,0.8549450521541029,0.6102228209399889,0.30151134457776363,0.8028237698256043,0.8799093684362912,0.6102228209399889,0.30151134457776363,0.7427480221878694,0.8267396184062851,0.5950759411654807
0.30151134457776363,0.7930396862123849,0.8278835237734833,0.6201514161999859,0.30151134457776363,0.7980400808118339,0.8614151070384546,0.6201514161999859,0.30151134457776363,0.6698190415567882,0.8385241301907969,0.6219909560249961
0.30151134457776363,0.792937775852527,0.8239770455913465,0.6231686639941321,0.30151134457776363,0.7971576527413324,0.8660197035076713,0.6231686639941321,0.30151134457776363,0.6766390833863781,0.789983164983165,0.609591034361615
0.30151134457776363,0.7916854896172528,0.8590172500933364,0.5959056658571411,0.30151134457776363,0.8031720966955391,0.8605090453780061,0.5959056658571411,0.30151134457776363,0.742111484950441,0.7901234567901234,0.5767013207128644
0.30151134457776363,0.7916623348524631,0.8426960763149005,0.6184716931413715,0.30151134457776363,0.799201170378283,0.8831542374732372,0.6184716931413715,0.30151134457776363,0.636719105210512,0.8122895622895623,0.6044513591086549
0.30151134457776363,0.791571298335297,0.8595496486233196,0.5963052652026667,0.30151134457776363,0.7986206255950584,0.9055914861950998,0.5963052652026667,0.30151134457776363,0.7087387469309812,0.8232323232323232,0.5887763770640715
0.30151134457776363,0.7897924085624145,0.8442243807414594,0.6213631724935582,0.30151134457776363,0.796507442584121,0.8752485796356451,0.6213631724935582,0.30151134457776363,0.6567245612439756,0.8205667789001122,0.6223750353275236
0.30151134457776363,0.7888317508988445,0.830940132626601,0.6282680121452994,0.30151134457776363,0.7961358939228572,0.8745307781590249,0.6282680121452994,0.30151134457776363,0.6581795035009548,0.8143939393939393,0.6223750353275236
0.30151134457776363,0.7887161478533607,0.8596255241442892,0.5944519906893952,0.30151134457776363,0.7952999094350138,0.8759298719703762,0.5944519906893952,0.30151134457776363,0.6960080021824134,0.8288439955106621,0.5868412057561392
0.30151134457776363,0.7853182515829721,0.8419585916487402,0.627028639821898,0.30151134457776363,0.7925132944755359,0.8606776223722943,0.627028639821898,0.30151134457776363,0.7060107301991452,0.8375420875420876,0.6191728328012356
0.30151134457776363,0.784970954453199,0.8536583430056104,0.6245091067356551,0.30151134457776363,0.8014304623458653,0.8840209327546052,0.6245091067356551,0.30151134457776363,0.6873692825315996,0.8148148148148148,0.6105179982152595
0.30151134457776363,0.7844864395908959,0.8844212634321895,0.5922412055434008,0.30151134457776363,0.8007802521886538,0.8898560460408852,0.5922412055434008,0.30151134457776363,0.7133763753751023,0.7978395061728395,0.5835675548850303
0.30151134457776363,0.7841711663413583,0.8867994371877674,0.5944519906893952,0.30151134457776363,0.7830155818219817,0.8969512009285386,0.5944519906893952,0.30151134457776363,0.6813676457215604,0.8226711560044894,0.5868412057561392
0.30151134457776363,0.7839731861069383,0.8752682628251853,0.6198394416807027,0.30151134457776363,0.7920488586489561,0.9118761381328145,0.6198394416807027,0.30151134457776363,0.6649086114394835,0.8381032547699214,0.5915752259058576
0.30151134457776363,0.7799032893990373,0.880703045433881,0.6198394416807027,0.30151134457776363,0.788194041288345,0.9048568587661308,0.6198394416807027,0.30151134457776363,0.6531781394925888,0.8359988776655444,0.5915752259058576
0.30151134457776363,0.7792577550931146,0.8808884483805179,0.6026562527906023,0.30151134457776363,0.7871722824698697,0.892568516547848,0.6026562527906023,0.30151134457776363,0.711375829771756,0.8639169472502806,0.5964625415846301
0.30151134457776363,0.7786720288801128,0.8442243807414594,0.6282680121452994,0.30151134457776363,0.7852913173722221,0.8660197035076713,0.6282680121452994,0.30151134457776363,0.6613621896880968,0.8153759820426487,0.6223750353275236
0.30151134457776363,0.7783721891200726,0.8541345492041642,0.6256064821624532,0.30151134457776363,0.7815990525509138,0.8682293002689613,0.6256064821624532,0.30151134457776363,0.7126489042466128,0.8494668911335578,0.6215181689828717
0.30151134457776363,0.7779843421641157,0.8448494807447611,0.6263184534295041,0.30151134457776363,0.7784873325128301,0.8674553064609117,0.6263184534295041,0.30151134457776363,0.6586341729562608,0.8344556677890012,0.608016443271381
0.30151134457776363,0.7767479056908483,0.8746234796323434,0.6228559438172698,0.30151134457776363,0.7773726865290389,0.8761714672484425,0.6228559438172698,0.30151134457776363,0.6793671001182141,0.8194444444444444,0.6071396683022756
0.30151134457776363,0.7760830180535567,0.8878150262738833,0.59302742475506,0.30151134457776363,0.7768618071198012,0.8870972247972632,0.59302742475506,0.30151134457776363,0.7492043284532145,0.8132716049382716,0.5846868789114537
0.30151134457776363,0.7756090316375707,0.8908716351270011,0.5922412055434008,0.30151134457776363,0.7876831618791074,0.9041558832418595,0.5922412055434008,0.30151134457776363,0.7323815586068928,0.8009259259259259,0.5835675548850303
0.30151134457776363,0.7743569955804621,0.8924758150745294,0.5929961459627583,0.30151134457776363,0.7858254185727888,0.8924758150745294,0.5929961459627583,0.30151134457776363,0.7191052105119579,0.8230920314253647,0.5936616342342186
0.30151134457776363,0.7738605612413112,0.8777559640064307,0.6263184534295041,0.30151134457776363,0.775886491883984,0.8918142059293386,0.6263184534295041,0.30151134457776363,0.7028280440120033,0.8535353535353536,0.61113773606369
0.30151134457776363,0.7736824087399503,0.8894557153633009,0.5941227692675197,0.30151134457776363,0.7759329354666419,0.886379423320643,0.5941227692675197,0.30151134457776363,0.7523870146403565,0.8308080808080808,0.5927928500837071
0.30151134457776363,0.7722957354405676,0.9018367590549021,0.5941227692675197,0.30151134457776363,0.7747254023175347,0.900288771438803,0.5941227692675197,0.30151134457776363,0.7375647903973811,0.8329124579124579,0.5927928500837071
0.30151134457776363,0.7714779730488237,0.8807957469071994,0.6196941728660246,0.30151134457776363,0.7734714255857696,0.8955521071171874,0.6196941728660246,0.30151134457776363,0.7020096389924525,0.8448372615039281,0.6048718880036542
0.30151134457776363,0.7713894837723293,0.883134554283697,0.6198394416807027,0.30151134457776363,0.7834103522745745,0.8940041195010884,0.6198394416807027,0.30151134457776363,0.7068291352186961,0.8066778900112234,0.5949627152711743
0.30151134457776363,0.770733831379855,0.8823802436651877,0.6263184534295041,0.30151134457776363,0.7701971530083831,0.8925320074059588,0.6263184534295041,0.30151134457776363,0.6907338365008638,0.8236531986531986,0.61113773606369
0.30151134457776363,0.7701076700632538,0.8464339775027493,0.6279889094145266,0.30151134457776363,0.778533776095488,0.8690959955503292,0.6279889094145266,0.30151134457776363,0.6469946349004274,0.8385241301907969,0.621833419826537
0.30151134457776363,0.7696699988739679,0.8885890200819329,0.6026562527906023,0.30151134457776363,0.7741680793256391,0.8948343056405672,0.6026562527906023,0.30151134457776363,0.6822769846321725,0.8365600448933782,0.5964625415846301
0.30151134457776363,0.7675010054735726,0.8622256099883933,0.6288295485686426,0.30151134457776363,0.7805540719411095,0.8832469389465557,0.6288295485686426,0.30151134457776363,0.6974629444393926,0.827300785634119,0.6136683171333772
0.30151134457776363,0.7671664335663477,0.8659270020343529,0.6271001163313284,0.30151134457776363,0.7760258226319579,0.8784372563411618,0.6271001163313284,0.30151134457776363,0.6678184959534419,0.8148148148148148,0.6219909560249961
0.30151134457776363,0.7657001486294813,0.8387895981327638,0.6291699136508421,0.30151134457776363,0.7723335578106495,0.8558679397669002,0.6291699136508421,0.30151134457776363,0.6638174047467491,0.8261784511784511,0.6224953911546433
0.30151134457776363,0.7653739801131548,0.8979302808727654,0.6147096591359142,0.30151134457776363,0.770150709425725,0.9080258522821071,0.6147096591359142,0.30151134457776363,0.6914613076293534,0.8726150392817059,0.6071396683022756
0.30151134457776363,0.7650402597178015,0.8854003433764163,0.6198394416807027,0.30151134457776363,0.7713117989921743,0.8971366038751756,0.6198394416807027,0.30151134457776363,0.6743657361098482,0.8633557800224467,0.5916800552397397
0.30151134457776363,0.7640944387405666,0.8870410324658338,0.6228559438172698,0.30151134457776363,0.7659475651951791,0.8979667900146544,0.6228559438172698,0.30151134457776363,0.6659998181322179,0.8200056116722784,0.597319232591881
0.30151134457776363,0.7620003253237618,0.8861743371844658,0.6259682427731117,0.30151134457776363,0.7735875345424146,0.8986845914912747,0.6259682427731117,0.30151134457776363,0.6870964808584159,0.8648989898989898,0.6242057651064369
0.30151134457776363,0.7614045501341993,0.9064581814764678,0.5922412055434008,0.30151134457776363,0.77163690407078,0.9189684357832767,0.5922412055434008,0.30151134457776363,0.7465672456124398,0.8070987654320988,0.5835675548850303
0.30151134457776363,0.7612748282248148,0.8971562870647158,0.6228559438172698,0.30151134457776363,0.7706383670436338,0.9151940254535388,0.6228559438172698,0.30151134457776363,0.6952805310539238,0.8550785634118967,0.5971691360780317
0.30151134457776363,0.7607034292807295,0.8979667900146544,0.6171343161096885,0.30151134457776363,0.7722406706453335,0.8979667900146544,0.6171343161096885,0.30151134457776363,0.73292716195326,0.8076599326599326,0.5951788466280994
0.30151134457776363,0.7601078149638671,0.8379229028513957,0.6321029667175188,0.30151134457776363,0.7671550983442863,0.8558679397669002,0.6321029667175188,0.30151134457776363,0.7191052105119579,0.8529741863075196,0.6265181224140828
0.30151134457776363,0.7600984728289312,0.8986283991598453,0.6263184534295041,0.30151134457776363,0.7745860715695608,0.9127793425560717,0.6263184534295041,0.30151134457776363,0.7241065745203237,0.8540965207631874,0.608016443271381
0.30151134457776363,0.759906236632976,0.8629434114650134,0.6278025544289487,0.30151134457776363,0.7808095116457283,0.8754536657718224,0.6278025544289487,0.30151134457776363,0.683459125215968,0.808641975308642,0.6136683171333772
0.30151134457776363,0.7593651123952668,0.9032891879604914,0.6126304633517126,0.30151134457776363,0.7654831293685995,0.9265763060113731,0.6126304633517126,0.30151134457776363,0.6746385377830317,0.8648989898989898,0.5945651634549125
0.30151134457776363,0.7576394039886848,0.8862108463263549,0.6292334064613558,0.30151134457776363,0.7647632538374011,0.8869848401344045,0.6292334064613558,0.30151134457776363,0.6919159770846595,0.8458193041526375,0.6140816781633742
0.30151134457776363,0.7569588984917989,0.8480746665921669,0.6310589612894257,0.30151134457776363,0.7649722499593619,0.8800582622410391,0.6310589612894257,0.30151134457776363,0.6391743202691643,0.8338945005611672,0.6215181689828717
0.30151134457776363,0.7562872497473493,0.8534335736798929,0.6310233626374057,0.30151134457776363,0.7750505073961406,0.8760955917274729,0.6310233626374057,0.30151134457776363,0.6960080021824134,0.8153759820426487,0.6249744248755267
0.30151134457776363,0.7546446325126936,0.8542834430089121,0.6299085638093462,0.30151134457776363,0.7642059308455055,0.8699261816898082,0.6299085638093462,0.30151134457776363,0.6247158315904338,0.8240740740740741,0.6228701404443544
0.30151134457776363,0.7545835266877289,0.9094979643772366,0.5831520800552782,0.30151134457776363,0.7655295729512575,0.9196497281180077,0.5831520800552782,0.30151134457776363,0.6717286532690734,0.8282828282828283,0.5819498261971545
0.30151134457776363,0.7541020535096848,0.9064778646660081,0.6198394416807027,0.30151134457776363,0.755126210435873,0.9041193740999703,0.6198394416807027,0.30151134457776363,0.7156497226516323,0.8334736251402918,0.594155747645382
0.30151134457776363,0.7537725090471121,0.8636977220835228,0.6303439828455892,0.30151134457776363,0.7609548800594478,0.8839450572336356,0.6303439828455892,0.30151134457776363,0.6857324724924979,0.8230920314253647,0.621103975090983
0.30151134457776363,0.7534398765965866,0.9134044425593734,0.6126304633517126,0.30151134457776363,0.7608155493114739,0.9134044425593734,0.6126304633517126,0.30151134457776363,0.711375829771756,0.8550785634118967,0.5961164822094577
0.30151134457776363,0.7524965358233325,0.9126866410827532,0.6198394416807027,0.30151134457776363,0.7581218215173119,0.9096103490400953,0.6198394416807027,0.30151134457776363,0.7126489042466128,0.8288439955106621,0.594155747645382
0.30151134457776363,0.7507093801884325,0.8729265982114965,0.6303439828455892,0.30151134457776363,0.7572858370294685,0.8845701572369373,0.6303439828455892,0.30151134457776363,0.7157406565426935,0.8473625140291807,0.6239488073108974
0.30151134457776363,0.7489876906813747,0.9149889393173616,0.5831520800552782,0.30151134457776363,0.7598634558669856,0.9181214236914489,0.5831520800552782,0.30151134457776363,0.6968264072019642,0.8242143658810326,0.5819498261971545
0.30151134457776363,0.7486632427734446,0.9188757343099582,0.6147096591359142,0.30151134457776363,0.7574716113601003,0.9165734360753498,0.6147096591359142,0.30151134457776363,0.7043739201600436,0.851010101010101,0.6071396683022756
0.30151134457776363,0.7475092654996355,0.9236123986315738,0.5904523921396304,0.30151134457776363,0.7557764205930846,0.9298576841902082,0.5904523921396304,0.30151134457776363,0.7234700372828954,0.8211279461279462,0.5819498261971545
0.30151134457776363,0.7454114347332315,0.8714909952582561,0.6315677188907489,0.30151134457776363,0.7568214012028888,0.8870775416077229,0.6315677188907489,0.30151134457776363,0.6986450850231881,0.8329124579124579,0.6217342853335808
0.30151134457776363,0.743684981704896,0.9127793425560717,0.6263184534295041,0.30151134457776363,0.7553119847665049,0.9119688396061331,0.6263184534295041,0.30151134457776363,0.6869146130762935,0.8535353535353535,0.61113773606369
0.30151134457776363,0.7434092549580583,0.8832469389465557,0.6302848548881448,0.30151134457776363,0.7501799688827996,0.8948904979719965,0.6302848548881448,0.30151134457776363,0.6871874147494771,0.8381032547699214,0.6202802052308183
0.30151134457776363,0.7416707137477094,0.8824167528070768,0.6315677188907489,0.30151134457776363,0.7488331049857186,0.8824167528070768,0.6315677188907489,0.30151134457776363,0.7062835318723288,0.8473625140291807,0.6217342853335808
0.30151134457776363,0.7408595397649362,0.9141784363674229,0.615811465380028,0.30151134457776363,0.7548475489399252,0.9196132189761186,0.615811465380028,0.30151134457776363,0.70864781303992,0.8700897867564534,0.6011695433256254
0.30151134457776363,0.7372561557650724,0.9243667092500831,0.5961472344440195,0.30151134457776363,0.7548475489399252,0.9345184729908543,0.5961472344440195,0.30151134457776363,0.6948258615986178,0.8494668911335578,0.5831840828908887
0.30151134457776363,0.7369667337217868,0.8871337339391523,0.6315677188907489,0.30151134457776363,0.7462787079395304,0.8956448085905059,0.6315677188907489,0.30151134457776363,0.6970082749840866,0.8550785634118967,0.6217342853335808
0.30151134457776363,0.735496005089321,0.9266886906742318,0.5846594531902498,0.30151134457776363,0.7486705524464157,0.9197059204494371,0.5846594531902498,0.30151134457776363,0.7239247067382013,0.8242143658810326,0.5819498261971545
0.30151134457776363,0.7354037711263866,0.892383113601211,0.627630524223755,0.30151134457776363,0.7473236885493347,0.9025348773419821,0.627630524223755,0.30151134457776363,0.6679094298445031,0.8463804713804713,0.6221312530823986
0.30151134457776363,0.735218226236499,0.9266886906742318,0.5880967865175725,0.30151134457776363,0.7551958758098599,0.9251968953895621,0.5880967865175725,0.30151134457776363,0.6888242247885787,0.8402076318742985,0.5831840828908887
0.30151134457776363,0.7345428641354719,0.8697941138374092,0.632978647985295,0.30151134457776363,0.7430044353621439,0.8863035477996734,0.632978647985295,0.30151134457776363,0.6440847503864691,0.8365600448933782,0.6249744248755267
0.30151134457776363,0.7341306024628098,0.8924561318849893,0.6317056077225152,0.30151134457776363,0.7409609177251933,0.8925123242164186,0.6317056077225152,0.30151134457776363,0.6332636173501864,0.8535353535353535,0.6242057651064369
0.30151134457776363,0.7329823269167933,0.9135898455060104,0.6229772422939108,0.30151134457776363,0.742818661031512,0.9143638393140598,0.6229772422939108,0.30151134457776363,0.6584523051741384,0.882435465768799,0.5996612908474743
0.30151134457776363,0.7311893562137161,0.9173474298833993,0.6198394416807027,0.30151134457776363,0.7433063186494206,0.9181776160228783,0.6198394416807027,0.30151134457776363,0.6735473310902974,0.8577441077441077,0.5957779484386099
0.30151134457776363,0.7293719786263994,0.9110459519933356,0.6274295218092236,0.30151134457776363,0.7403803729419688,0.9243302001081941,0.6274295218092236,0.30151134457776363,0.7080112758024916,0.8463804713804713,0.6225117352693468
0.30151134457776363,0.7287587366546305,0.8979105976832251,0.6292334064613558,0.30151134457776363,0.7460232682349116,0.9049860693813383,0.6292334064613558,0.30151134457776363,0.6507229244339365,0.8591470258136925,0.6131718928621018
0.30151134457776363,0.7284422015334555,0.9244594107234017,0.6229772422939108,0.30151134457776363,0.740008824280705,0.9182506343066565,0.6229772422939108,0.30151134457776363,0.6950986632718014,0.8556397306397306,0.5983158100920982
0.30151134457776363,0.7272999938446035,0.9299138765216375,0.618956731050947,0.30151134457776363,0.7416575714650628,0.9329901685642954,0.618956731050947,0.30151134457776363,0.7087387469309812,0.8504489337822672,0.6037727477177401
0.30151134457776363,0.7266193619532241,0.9299503856635267,0.6159536728930997,0.30151134457776363,0.7433295404407496,0.9346111744641727,0.6159536728930997,0.30151134457776363,0.7192870782940802,0.8298260381593715,0.5997461014657899
0.30151134457776363,0.7247094142212633,0.9088363552320458,0.6292334064613558,0.30151134457776363,0.7295125746000046,0.9010992743887417,0.6292334064613558,0.30151134457776363,0.685277803037192,0.8261784511784511,0.6117490583503362
0.30151134457776363,0.7227177355555666,0.9369331558883214,0.6159536728930997,0.30151134457776363,0.7396604974107702,0.9361591620802718,0.6159536728930997,0.30151134457776363,0.7234700372828954,0.8458193041526375,0.5997461014657899
0.30151134457776363,0.7203469782255615,0.9390865603181819,0.5982278263922735,0.30151134457776363,0.7437010891020134,0.9438035414502575,0.5982278263922735,0.30151134457776363,0.6826407201964172,0.8463804713804713,0.5831840828908887
0.30151134457776363,0.716608038281283,0.9205361065889159,0.6257524341577042,0.30151134457776363,0.7432366532754336,0.9299138765216375,0.6257524341577042,0.30151134457776363,0.6583613712830773,0.8468013468013468,0.6045750611508494
0.30151134457776363,0.7151949744105671,0.8706242999768882,0.631879918916797,0.30151134457776363,0.738708403966282,0.887795343084343,0.631879918916797,0.30151134457776363,0.7267436573610985,0.8716329966329966,0.6239325874038533
0.30151134457776363,0.7151919104575333,0.8923269212697816,0.632978647985295,0.30151134457776363,0.7329493997166941,0.9125742564198945,0.632978647985295,0.30151134457776363,0.684823133581886,0.8648989898989898,0.6216002414868085
0.30151134457776363,0.7145094870816227,0.8706046167873479,0.6333544954337189,0.30151134457776363,0.7246824420035761,0.9048736847184796,0.6333544954337189,0.30151134457776363,0.6461762298808766,0.8411896745230079,0.629031981350524
0.30151134457776363,0.7102054961762517,0.9274991936241704,0.6228559438172698,0.30151134457776363,0.7406590344379166,0.9213466095388546,0.6228559438172698,0.30151134457776363,0.692188778757843,0.8070987654320987,0.5997461014657899
0.30151134457776363,0.7076345468617644,0.882267859002329,0.6330935234343322,0.30151134457776363,0.7306736641664539,0.9049860693813383,0.6330935234343322,0.30151134457776363,0.7422024188415022,0.8721941638608306,0.6219654032159413
0.30151134457776363,0.7068313645279244,0.9219520263526161,0.6243112289422492,0.30151134457776363,0.7232659127325082,0.9274991936241704,0.6243112289422492,0.30151134457776363,0.6619987269255252,0.851010101010101,0.6046097119779008
0.30151134457776363,0.6988525371106826,0.9282535042426798,0.6198394416807027,0.30151134457776363,0.7117479042333326,0.9275357027660596,0.6198394416807027,0.30151134457776363,0.6245339638083114,0.8371212121212122,0.5957779484386099
0.30151134457776363,0.6906948052753837,0.8948343056405672,0.6317056077225152,0.30151134457776363,0.7065462229756403,0.9073445599473761,0.6317056077225152,0.30151134457776363,0.6548149495316905,0.8519921436588103,0.6156761532506043
0.30151134457776363,0.6904418170208263,0.9237051001048924,0.6257524341577042,0.30151134457776363,0.7185518890927246,0.9182703174961967,0.6257524341577042,0.30151134457776363,0.6687278348640538,0.8292648709315376,0.6045750611508494
0.30151134457776363,0.6897306322169644,0.9003252805806922,0.6317056077225152,0.30151134457776363,0.7107493672061863,0.9128917272189304,0.6317056077225152,0.30151134457776363,0.6677275620623806,0.8489057239057238,0.6156761532506043
0.30151134457776363,0.6827366961118227,0.9088363552320458,0.6317056077225152,0.30151134457776363,0.6953068759724125,0.9229872986282722,0.6317056077225152,0.30151134457776363,0.6818223151768664,0.8448372615039281,0.6156761532506043
0.30151134457776363,0.6793160425358784,0.9337444791828048,0.6211415423276603,0.30151134457776363,0.6975826115226529,0.9329704853747552,0.6211415423276603,0.30151134457776363,0.6731835955260526,0.840628507295174,0.6079796502312509
0.30151134457776363,0.6791814437648321,0.8519052692533341,0.6340942182032892,0.30151134457776363,0.7098669391356849,0.8738494858242939,0.6340942182032892,0.30151134457776363,0.671092116031645,0.8479236812570146,0.6238463473339793
0.30151134457776363,0.6776507298107143,0.9438035414502575,0.5961472344440195,0.30151134457776363,0.7183196711794347,0.9461620320162951,0.5961472344440195,0.30151134457776363,0.6689097026461762,0.8742985409652076,0.5819498261971545
0.30151134457776363,0.6755617115663525,0.9275553859555998,0.6228559438172698,0.30151134457776363,0.6999512342382092,0.9260073983395007,0.6228559438172698,0.30151134457776363,0.6594525779758116,0.8230920314253647,0.5997461014657899
0.30151134457776363,0.6738863230653088,0.9159118269301589,0.6292334064613558,0.30151134457776363,0.6938903467013445,0.9182703174961967,0.6292334064613558,0.30151134457776363,0.6661816859143402,0.8215488215488216,0.6155487853439169
0.30151134457776363,0.6703692823999461,0.8830783619522676,0.6330935234343322,0.30151134457776363,0.7115389081113717,0.8979471068251142,0.6330935234343322,0.30151134457776363,0.632172410657452,0.859287317620651,0.6219654032159413
0.30151134457776363,0.6670847878682663,0.9282169951007906,0.6257054733367053,0.30151134457776363,0.6955390938857023,0.9375947650335122,0.6257054733367053,0.30151134457776363,0.686187141947804,0.8685465768799102,0.6148920687381654
0.30151134457776363,0.6575492377198765,0.9383687588415618,0.6139861707912345,0.30151134457776363,0.7026217402410422,0.9376509573649416,0.6139861707912345,0.30151134457776363,0.6529962717104665,0.8540965207631874,0.5997461014657899
0.30151134457776363,0.6568648851769759,0.932067280951498,0.6257054733367053,0.30151134457776363,0.6874811322945452,0.9383687588415618,0.6257054733367053,0.30151134457776363,0.6766390833863781,0.858726150392817,0.6148920687381654
0.30151134457776363,0.651282109346257,0.9344257715175358,0.6257054733367053,0.30151134457776363,0.6831386573160254,0.9321234732829274,0.6257054733367053,0.30151134457776363,0.6810039101573157,0.8525533108866442,0.6148920687381654
0.30151134457776363,0.6445715840206399,0.8986283991598453,0.632978647985295,0.30151134457776363,0.6816060190883124,0.9305754856668284,0.632978647985295,0.30151134457776363,0.6632718014003819,0.8442760942760943,0.6216002414868085
0.30151134457776363,0.6424053046463598,0.9165734360753498,0.62757662276661,0.30151134457776363,0.6667672944290922,0.9212904172074252,0.62757662276661,0.30151134457776363,0.645903428207693,0.866442199775533,0.6231511948541036
0.30151134457776363,0.6410031001820266,0.9306316779982577,0.6257524341577042,0.30151134457776363,0.6672549520470009,0.9267813921475503,0.6257524341577042,0.30151134457776363,0.7290170046376284,0.8359988776655443,0.5997354562597828
0.30151134457776363,0.6395709505891826,0.9400094479309793,0.6209744603259133,0.30151134457776363,0.667162064881685,0.9501050193403211,0.6209744603259133,0.30151134457776363,0.7180140038192234,0.8737373737373737,0.6039184609310615
0.30151134457776363,0.6201700574178087,0.9532375037144083,0.618956731050947,0.30151134457776363,0.6633304693124028,0.9485767149137623,0.618956731050947,0.30151134457776363,0.730199145221424,0.8525533108866442,0.6037727477177401
0.30151134457776363,0.5918178867743689,0.9352924667989038,0.6257524341577042,0.30151134457776363,0.6483059703225507,0.9329339762328661,0.6257524341577042,0.30151134457776363,0.6430844775847958,0.866442199775533,0.6005012995382664
0.30151134457776363,0.5821920029574161,0.9182703174961967,0.6317056077225152,0.30151134457776363,0.6435687248914381,0.9159118269301589,0.6317056077225152,0.30151134457776363,0.6241702282440665,0.8571829405162739,0.6156761532506043
0.28867513459481287,0.8214604872229757,0.7944811511237196,0.5609901891813942,0.28867513459481287,0.8292966119406451,0.835749815231995,0.5609901891813942,0.28867513459481287,0.6965536055287805,0.7818462401795735,0.5542644470998455
0.28867513459481287,0.8197236450433486,0.7951792694107996,0.5607658610875501,0.28867513459481287,0.8274620904256554,0.837995921135174,0.5607658610875501,0.28867513459481287,0.7189233427298354,0.8040123456790124,0.5542644470998455
0.28867513459481287,0.8196209522816096,0.8091813190022782,0.5616417239612832,0.28867513459481287,0.8274388686343265,0.8684877214993765,0.5616417239612832,0.28867513459481287,0.7283804674002,0.8437149270482605,0.5626995267235693
0.28867513459481287,0.8174621016937845,0.7973523570302004,0.5652667294108741,0.28867513459481287,0.8289250632793814,0.8557555551040416,0.5652667294108741,0.28867513459481287,0.7231972356097117,0.816358024691358,0.5593583995557059
0.28867513459481287,0.8169591233296346,0.8123503125182545,0.5617648795917989,0.28867513459481287,0.8273692032603395,0.845733001978478,0.5617648795917989,0.28867513459481287,0.7156497226516323,0.8308080808080808,0.5546698484257729
0.28867513459481287,0.8151201362769153,0.8264085544411626,0.5607658610875501,0.28867513459481287,0.8272298725123656,0.8543564612926903,0.5607658610875501,0.28867513459481287,0.7174684004728562,0.824635241301908,0.5542644470998455
0.28867513459481287,0.8148744354404878,0.842434797847294,0.5743373391875313,0.28867513459481287,0.8173838329888767,0.8594569471500011,0.5743373391875313,0.28867513459481287,0.6827316540874784,0.7962962962962963,0.5687459631107014
0.28867513459481287,0.8141296325424877,0.8426398839834712,0.5701430461258199,0.28867513459481287,0.8220049694633444,0.8667740141261807,0.5701430461258199,0.28867513459481287,0.6920978448667818,0.8024691358024691,0.5672686957707356
0.28867513459481287,0.8135854913465383,0.8442973990252377,0.5616417239612832,0.28867513459481287,0.8235376076910573,0.8801312805248174,0.5616417239612832,0.28867513459481287,0.7262889879057924,0.8308080808080808,0.5626995267235693
0.28867513459481287,0.8123212231282695,0.8356206046167873,0.6040133279043041,0.28867513459481287,0.8246058100921905,0.8535656415322919,0.6040133279043041,0.28867513459481287,0.7060107301991452,0.8049943883277216,0.605161521006411
0.28867513459481287,0.8076919113789999,0.8013515366856556,0.6083453279805886,0.28867513459481287,0.8153403153519262,0.8325246293845892,0.6083453279805886,0.28867513459481287,0.6608165863417296,0.8111672278338945,0.5985021030253495
0.28867513459481287,0.8052167328463936,0.8496956724920441,0.572214804686291,0.28867513459481287,0.8120660427745396,0.8729265982114965,0.572214804686291,0.28867513459481287,0.7079203419114304,0.8159371492704826,0.5672078438063729
0.28867513459481287,0.8044388975230303,0.8551472810530887,0.5573727409114617,0.28867513459481287,0.8120660427745396,0.8675648338865791,0.5573727409114617,0.28867513459481287,0.7188324088387742,0.8355780022446688,0.553797739519524
0.28867513459481287,0.8027242908685307,0.8417169963706739,0.5930615485479398,0.28867513459481287,0.8111139493300513,0.8689471017455814,0.5930615485479398,0.28867513459481287,0.7175593343639174,0.8381032547699214,0.5863813992856766
0.28867513459481287,0.8025462510164544,0.847244480452688,0.5930615485479398,0.28867513459481287,0.812948470845041,0.8751923873042158,0.5930615485479398,0.28867513459481287,0.7167409293443666,0.8009259259259259,0.5863813992856766
0.28867513459481287,0.8024397047584347,0.8267920591663979,0.6050537667296518,0.28867513459481287,0.8096741982676544,0.857872450392013,0.6050537667296518,0.28867513459481287,0.6705465126852778,0.8070987654320987,0.6062741979193246
0.28867513459481287,0.8010314500215899,0.8588880394781289,0.5930615485479398,0.28867513459481287,0.8112532800780252,0.8853441510449869,0.5930615485479398,0.28867513459481287,0.7124670364644903,0.8024691358024691,0.5863813992856766
0.28867513459481287,0.8001333874264908,0.8423982887054049,0.5944519906893952,0.28867513459481287,0.8050066182105288,0.8625894315240884,0.5944519906893952,0.28867513459481287,0.6990997544784942,0.8288439955106621,0.5868412057561392
0.28867513459481287,0.7997447906271372,0.8161837724166131,0.6230259288735899,0.28867513459481287,0.8053317232891345,0.8473568651155468,0.6230259288735899,0.28867513459481287,0.7013731017550241,0.7818462401795735,0.6188055149195351
0.28867513459481287,0.7995424467879181,0.8333744987136084,0.6113620740692819,0.28867513459481287,0.8015001277198524,0.858907722667669,0.6113620740692819,0.28867513459481287,0.6937346549058834,0.8302469135802468,0.5956770999822798
0.28867513459481287,0.7994259701153658,0.8185422629826509,0.6149248634720477,0.28867513459481287,0.8026612172863015,0.8333548155240681,0.6149248634720477,0.28867513459481287,0.6549968173138129,0.8101851851851851,0.6038541903465782
0.28867513459481287,0.7990815759123486,0.8580775365281902,0.5944519906893952,0.28867513459481287,0.8070965794301372,0.8641739282820766,0.5944519906893952,0.28867513459481287,0.68209511685005,0.8180415263748597,0.5868412057561392
0.28867513459481287,0.7990011407909341,0.8169015738932333,0.6231686639941321,0.28867513459481287,0.801848454589787,0.858226430332938,0.6231686639941321,0.28867513459481287,0.6860962080567428,0.7895622895622896,0.6064447618226696
0.28867513459481287,0.7988153646897339,0.8542272506774827,0.6085122763203621,0.28867513459481287,0.8029863223649072,0.8868359463296567,0.6085122763203621,0.28867513459481287,0.6730017277439302,0.827300785634119,0.6078472392506877
0.28867513459481287,0.7987530243299724,0.8675480079342303,0.5944519906893952,0.28867513459481287,0.8082808907879154,0.8964188023985553,0.5944519906893952,0.28867513459481287,0.7372010548331364,0.8180415263748597,0.5868412057561392
0.28867513459481287,0.7986379078956106,0.8350320137553748,0.61345487145658,0.28867513459481287,0.8096045328936674,0.8551866474321692,0.61345487145658,0.28867513459481287,0.7108302264253887,0.8055555555555556,0.606723955223071
0.28867513459481287,0.7983928012515236,0.8356571137586765,0.6239740621993677,0.28867513459481287,0.80749134988273,0.8496591633501551,0.6239740621993677,0.28867513459481287,0.7039192507047377,0.800364758698092,0.6177626321769438
0.28867513459481287,0.7983580710240608,0.8085759021885167,0.6242140209321819,0.28867513459481287,0.8045189605926201,0.8264844299621321,0.6242140209321819,0.28867513459481287,0.6643630080931163,0.824635241301908,0.6191493303862644
0.28867513459481287,0.7978900424267769,0.8790426731549232,0.5963052652026667,0.28867513459481287,0.808675661240508,0.8986283991598453,0.5963052652026667,0.28867513459481287,0.7052832590706556,0.8211279461279462,0.5887763770640715
0.28867513459481287,0.7971722359643598,0.8178609706479198,0.6242140209321819,0.28867513459481287,0.8054710540371084,0.842788777788219,0.6242140209321819,0.28867513459481287,0.6460852959898155,0.7998035914702581,0.6191493303862644
0.28867513459481287,0.797124256123099,0.8636977220835228,0.5984195123740764,0.28867513459481287,0.8072823537607691,0.8722087967348764,0.5984195123740764,0.28867513459481287,0.7076475402382468,0.8221099887766554,0.5911990752233927
0.28867513459481287,0.796133665694028,0.8690959955503292,0.5973258116745788,0.28867513459481287,0.7985277384297425,0.8900611321770624,0.5973258116745788,0.28867513459481287,0.6712739838137673,0.8236531986531986,0.5936887992577677
0.28867513459481287,0.7959127418642337,0.8357694984215351,0.6115500482999785,0.28867513459481287,0.8007570303973248,0.8777559640064307,0.6115500482999785,0.28867513459481287,0.7098299536237156,0.8267396184062851,0.6016927874575169
0.28867513459481287,0.7958168452253812,0.8280127343886909,0.6242140209321819,0.28867513459481287,0.8021967814597218,0.856016833571648,0.6242140209321819,0.28867513459481287,0.6364463035373283,0.8101851851851851,0.6191493303862644
0.28867513459481287,0.7957260353889839,0.8411115795569124,0.6251382559223058,0.28867513459481287,0.8014072405545364,0.8769454610564921,0.6251382559223058,0.28867513459481287,0.6859143402746204,0.7967171717171717,0.6107304455880962
0.28867513459481287,0.795173932491764,0.830940132626601,0.6282680121452994,0.28867513459481287,0.7997817151615075,0.8745307781590249,0.6282680121452994,0.28867513459481287,0.6720014549422569,0.8128507295173961,0.6223750353275236
0.28867513459481287,0.794072233547046,0.8449056730761905,0.6184716931413715,0.28867513459481287,0.7958572324269094,0.8668498896471503,0.6184716931413715,0.28867513459481287,0.6850050013640083,0.835016835016835,0.6084740117044692
0.28867513459481287,0.793992851892253,0.836431107566726,0.6282680121452994,0.28867513459481287,0.8010356918932726,0.879191566959671,0.6282680121452994,0.28867513459481287,0.65326907338365,0.8282828282828283,0.6223750353275236
0.28867513459481287,0.7929413466121575,0.9032329956290621,0.5922412055434008,0.28867513459481287,0.8013607969718785,0.9048174923870502,0.5922412055434008,0.28867513459481287,0.7159225243248158,0.787037037037037,0.5873519284259712
0.28867513459481287,0.7926102639915632,0.8457723683575585,0.6201514161999859,0.28867513459481287,0.7963681118361471,0.8738129766824048,0.6201514161999859,0.28867513459481287,0.6620896608165864,0.8169191919191918,0.6219909560249961
0.28867513459481287,0.7926015056056803,0.8832075725674753,0.6075178705405433,0.28867513459481287,0.7985277384297425,0.894169839258185,0.6075178705405433,0.28867513459481287,0.7038283168136764,0.8334736251402918,0.5923619134745846
0.28867513459481287,0.7901477840357641,0.8839647404231759,0.6026562527906023,0.28867513459481287,0.7929312867194576,0.9034015726233502,0.6026562527906023,0.28867513459481287,0.6851868691461308,0.851010101010101,0.5964625415846301
0.28867513459481287,0.7897305835328154,0.870587790834999,0.6198394416807027,0.28867513459481287,0.7937904929986299,0.8729462814010367,0.6198394416807027,0.28867513459481287,0.7042829862689824,0.867003367003367,0.5949627152711743
0.28867513459481287,0.7893534123042444,0.8776800884854611,0.6097456456260733,0.28867513459481287,0.7969254348280427,0.8987576097750529,0.6097456456260733,0.28867513459481287,0.680731108484132,0.824635241301908,0.604304164686595
0.28867513459481287,0.7890880336266485,0.8418658901754217,0.6263184534295041,0.28867513459481287,0.7958572324269094,0.879191566959671,0.6263184534295041,0.28867513459481287,0.6812767118304992,0.8128507295173961,0.61113773606369
0.28867513459481287,0.7890043515643032,0.8496591633501551,0.6282680121452994,0.28867513459481287,0.7945335903211573,0.8738129766824048,0.6282680121452994,0.28867513459481287,0.6492679821769574,0.8519921436588103,0.6223750353275236
0.28867513459481287,0.7887287552049805,0.8743818843542771,0.6181289308103431,0.28867513459481287,0.7939066019552748,0.8682293002689613,0.6181289308103431,0.28867513459481287,0.6819132490679276,0.8303872053872053,0.624582083121789
0.28867513459481287,0.7874307503305454,0.8614516161803437,0.6245091067356551,0.28867513459481287,0.8016859020504842,0.8879639200786311,0.6245091067356551,0.28867513459481287,0.6830953896517232,0.8096240179573513,0.6105179982152595
0.28867513459481287,0.7866362196460476,0.8924196227431,0.5929961459627583,0.28867513459481287,0.7972737616979774,0.9111386534666541,0.5929961459627583,0.28867513459481287,0.7402928071292171,0.8282828282828283,0.5936616342342186
0.28867513459481287,0.7862222283039014,0.8851952572402391,0.5955640558964921,0.28867513459481287,0.7857093096161438,0.9140660517045642,0.5955640558964921,0.28867513459481287,0.6826407201964172,0.8365600448933782,0.5927700609282205
0.28867513459481287,0.7843585385761832,0.8706439831664283,0.6196941728660246,0.28867513459481287,0.7866846248519611,0.8986845914912747,0.6196941728660246,0.28867513459481287,0.6786396289897245,0.8267396184062851,0.6048718880036542
0.28867513459481287,0.7841582893071979,0.891738330408369,0.6018733177739628,0.28867513459481287,0.7943710377818545,0.904966386191798,0.6018733177739628,0.28867513459481287,0.7402018732381559,0.7932098765432098,0.573511384404515
0.28867513459481287,0.7837115528068823,0.8939676103591991,0.6126304633517126,0.28867513459481287,0.7939762673292617,0.897043902401857,0.6126304633517126,0.28867513459481287,0.7018277712103301,0.8251964085297419,0.5961164822094577
0.28867513459481287,0.7825050809665005,0.8907986168432228,0.6198394416807027,0.28867513459481287,0.7919559714836403,0.900120194444515,0.6198394416807027,0.28867513459481287,0.7246521778666909,0.8303872053872053,0.5949627152711743
0.28867513459481287,0.7808036399955549,0.8886620383657111,0.6228559438172698,0.28867513459481287,0.7798109746185821,0.8995877959145318,0.6228559438172698,0.28867513459481287,0.7002818950622897,0.8402076318742985,0.5971691360780317
0.28867513459481287,0.7793457655909527,0.8497153556815844,0.6263184534295041,0.28867513459481287,0.7872419478438567,0.8793039516225298,0.6263184534295041,0.28867513459481287,0.6778212239701736,0.8535353535353536,0.61113773606369
0.28867513459481287,0.7773987404258859,0.8956082994486168,0.5941227692675197,0.28867513459481287,0.7917237535703504,0.8948904979719965,0.5941227692675197,0.28867513459481287,0.7580249158861507,0.8009259259259259,0.5927928500837071
0.28867513459481287,0.7764339308644542,0.8303712249547287,0.6291891153087189,0.28867513459481287,0.7794858695399763,0.853602150674181,0.6291891153087189,0.28867513459481287,0.6559061562244248,0.8117283950617284,0.6207173045430678
0.28867513459481287,0.775844449521725,0.8557555551040416,0.6263184534295041,0.28867513459481287,0.7810417295590182,0.8806833622443407,0.6263184534295041,0.28867513459481287,0.6589069746294444,0.8107463524130191,0.608016443271381
0.28867513459481287,0.7747070074274504,0.8651530082263034,0.6249970092551289,0.28867513459481287,0.7865220723126582,0.8776632625331122,0.6249970092551289,0.28867513459481287,0.6829135218696007,0.8267396184062851,0.6230473176102658
0.28867513459481287,0.7744392932161204,0.8580775365281902,0.6262972661788047,0.28867513459481287,0.7807862898543994,0.8854565357078457,0.6262972661788047,0.28867513459481287,0.6894607620260071,0.8519921436588103,0.6224953911546433
0.28867513459481287,0.7736307160796341,0.9063654800031493,0.5922412055434008,0.28867513459481287,0.786731068434619,0.9126304487513239,0.5922412055434008,0.28867513459481287,0.6876420842047831,0.8045735129068462,0.5885212642550963
0.28867513459481287,0.7730819806050951,0.9243302001081941,0.6069973796550515,0.28867513459481287,0.7859183057381046,0.9267251998161209,0.6069973796550515,0.28867513459481287,0.7165590615622442,0.8309483726150393,0.5957611629187483
0.28867513459481287,0.7730752013757618,0.8410918963673721,0.628754807309329,0.28867513459481287,0.775770382927339,0.858226430332938,0.628754807309329,0.28867513459481287,0.711375829771756,0.8106060606060607,0.6171951929495081
0.28867513459481287,0.772713928132613,0.8893995230318715,0.6251382559223058,0.28867513459481287,0.7823653716647703,0.8971927962066049,0.6251382559223058,0.28867513459481287,0.70637446576339,0.7890011223344557,0.6076025846531703
0.28867513459481287,0.7719152272745005,0.8924758150745294,0.6157466620501575,0.28867513459481287,0.7789982119220676,0.8932863180244681,0.6157466620501575,0.28867513459481287,0.6744566700009094,0.8329124579124579,0.6071396683022756
0.28867513459481287,0.7714290029381882,0.8520176539161928,0.6290525677712095,0.28867513459481287,0.779927083575227,0.8738129766824048,0.6290525677712095,0.28867513459481287,0.7082840774756752,0.8648989898989898,0.6202802052308183
0.28867513459481287,0.770190026365615,0.9064581814764678,0.6198394416807027,0.28867513459481287,0.7767456981631563,0.9259512060080713,0.6198394416807027,0.28867513459481287,0.7069200691097572,0.835016835016835,0.5949627152711743
0.28867513459481287,0.769872384332759,0.8357133060901059,0.6291891153087189,0.28867513459481287,0.7810649513503471,0.8676042002656595,0.6291891153087189,0.28867513459481287,0.6918250431935983,0.7993827160493827,0.6207173045430678
0.28867513459481287,0.7689401844739154,0.8995877959145318,0.6228559438172698,0.28867513459481287,0.7856396442421568,0.9128158516979609,0.6228559438172698,0.28867513459481287,0.7263799217968537,0.8381032547699214,0.5971691360780317
0.28867513459481287,0.7689341693707102,0.8519811447743036,0.6308238338937331,0.28867513459481287,0.7740751921603233,0.8722284799244165,0.6308238338937331,0.28867513459481287,0.6396289897244704,0.797699214365881,0.6211323437886842
0.28867513459481287,0.7663835909938072,0.850489349489634,0.6319745169177021,0.28867513459481287,0.789494461602768,0.8575648211877471,0.6319745169177021,0.28867513459481287,0.7343821042102392,0.8292648709315376,0.6216002414868085
0.28867513459481287,0.7643985893514467,0.8621694176569639,0.6290525677712095,0.28867513459481287,0.774493184404245,0.8863232309892136,0.6290525677712095,0.28867513459481287,0.7084659452577976,0.8381032547699214,0.6202802052308183
0.28867513459481287,0.7639973512597891,0.9096636841343333,0.6147096591359142,0.28867513459481287,0.7745396279869029,0.9120418578899113,0.6147096591359142,0.28867513459481287,0.6590888424115668,0.851010101010101,0.6071396683022756
0.28867513459481287,0.7628328754873253,0.858226430332938,0.6306944891757396,0.28867513459481287,0.7819473794208486,0.8801706469038978,0.6306944891757396,0.28867513459481287,0.6642720742020551,0.8375420875420876,0.6156761532506043
0.28867513459481287,0.7616256283864279,0.8712493999801898,0.6288295485686426,0.28867513459481287,0.7700346004690802,0.8844774557636189,0.6288295485686426,0.28867513459481287,0.6395380558334091,0.8411896745230079,0.6136683171333772
0.28867513459481287,0.7596643971252947,0.8737005920195461,0.627028639821898,0.28867513459481287,0.7755613868053781,0.8892871383690129,0.627028639821898,0.28867513459481287,0.6937346549058834,0.8685465768799102,0.6177938799743956
0.28867513459481287,0.7590878196160445,0.9406710570761702,0.6026562527906023,0.28867513459481287,0.7787659940087779,0.9430295476422079,0.6026562527906023,0.28867513459481287,0.7107392925343275,0.8654601571268238,0.5964625415846301
0.28867513459481287,0.7589329155619051,0.860641113230405,0.6306944891757396,0.28867513459481287,0.7687341801546571,0.8809446407119473,0.6306944891757396,0.28867513459481287,0.6666363553696463,0.8246352413019079,0.6156761532506043
0.28867513459481287,0.7588759186330302,0.8767403749203149,0.6320326836069537,0.28867513459481287,0.7679446392494717,0.9149327469859323,0.6320326836069537,0.28867513459481287,0.6698190415567882,0.8421717171717171,0.6249744248755267
0.28867513459481287,0.7586885242830084,0.913533653174581,0.6198394416807027,0.28867513459481287,0.7621159696258969,0.927591895097489,0.6198394416807027,0.28867513459481287,0.7250159134309357,0.8174803591470258,0.5915752259058576
0.28867513459481287,0.7585568355800838,0.9057600631893878,0.6227822704032515,0.28867513459481287,0.7723800013933074,0.9026837711467299,0.6227822704032515,0.28867513459481287,0.6563608256797309,0.8458193041526374,0.5990856848540669
0.28867513459481287,0.7577951275337336,0.9011919758620602,0.6292334064613558,0.28867513459481287,0.7633002809836751,0.8964749947299847,0.6292334064613558,0.28867513459481287,0.7071928707829408,0.8421717171717171,0.6131718928621018
0.28867513459481287,0.757699592493709,0.8901173245084917,0.6320326836069537,0.28867513459481287,0.7727051064719133,0.8917018212664799,0.6320326836069537,0.28867513459481287,0.7054651268527781,0.8700897867564534,0.6249744248755267
0.28867513459481287,0.7572939817361646,0.9197059204494371,0.6228559438172698,0.28867513459481287,0.7660172305691662,0.9182141251647673,0.6228559438172698,0.28867513459481287,0.6920978448667818,0.8504489337822672,0.5971691360780317
0.28867513459481287,0.7548754888303204,0.9143076469826306,0.6263184534295041,0.28867513459481287,0.7684090750760514,0.922100920157364,0.6263184534295041,0.28867513459481287,0.6435391470401018,0.8344556677890012,0.608016443271381
0.28867513459481287,0.7503429329106628,0.9244229015815125,0.6186178972005688,0.28867513459481287,0.7548939925225832,0.932216174756246,0.6186178972005688,0.28867513459481287,0.7142857142857143,0.8221099887766554,0.5986634455681155
0.28867513459481287,0.7445774245827247,0.915045131648791,0.6254136305940554,0.28867513459481287,0.7584701483872466,0.9244790939129419,0.6254136305940554,0.28867513459481287,0.6779121578612349,0.8329124579124579,0.6039184609310615
0.28867513459481287,0.7383403482277342,0.8979105976832251,0.6303439828455892,0.28867513459481287,0.7548243271485963,0.9189319266413876,0.6303439828455892,0.28867513459481287,0.690824770391925,0.8421717171717171,0.621103975090983
0.28867513459481287,0.737656832222874,0.8325611385264784,0.6323364680980819,0.28867513459481287,0.7475326846712955,0.873019299684815,0.6323364680980819,0.28867513459481287,0.666090752023279,0.8024691358024691,0.6268930616369085
0.28867513459481287,0.7371231049042354,0.9251407030581327,0.6198394416807027,0.28867513459481287,0.7533845760861992,0.932216174756246,0.6198394416807027,0.28867513459481287,0.6950077293807402,0.8365600448933782,0.5957779484386099
0.28867513459481287,0.7368909404112776,0.8660562126495606,0.632978647985295,0.28867513459481287,0.7489027703597055,0.8847190510416851,0.632978647985295,0.28867513459481287,0.6430844775847958,0.8489057239057238,0.6249744248755267
0.28867513459481287,0.7368802131585545,0.9228384048235243,0.6257524341577042,0.28867513459481287,0.7572858370294685,0.9228384048235243,0.6257524341577042,0.28867513459481287,0.6813676457215604,0.8489057239057238,0.6045750611508494
0.28867513459481287,0.7361912776250294,0.9048371755765905,0.6274295218092236,0.28867513459481287,0.7507140700833662,0.9181214236914489,0.6274295218092236,0.28867513459481287,0.7271073929253433,0.8479236812570146,0.6225117352693468
0.28867513459481287,0.7315832860006687,0.9189881189728168,0.6258718769239413,0.28867513459481287,0.7452801709123842,0.9159118269301589,0.6258718769239413,0.28867513459481287,0.6520869327998545,0.8778058361391694,0.6036896351217047
0.28867513459481287,0.7302773989782411,0.9087436537587272,0.6274295218092236,0.28867513459481287,0.7421452290829714,0.9196132189761186,0.6274295218092236,0.28867513459481287,0.7151950531963263,0.8592873176206509,0.6225117352693468
0.28867513459481287,0.7297188647053067,0.9134044425593734,0.6274295218092236,0.28867513459481287,0.7402178204026658,0.927406492150852,0.6274295218092236,0.28867513459481287,0.70864781303992,0.8463804713804713,0.6225117352693468
0.28867513459481287,0.7296218404217761,0.8706242999768882,0.632978647985295,0.28867513459481287,0.7454195016603581,0.8894360321737607,0.632978647985295,0.28867513459481287,0.646812767118305,0.8344556677890012,0.6249744248755267
0.28867513459481287,0.7289023655674001,0.9119126472747037,0.62757662276661,0.28867513459481287,0.7487402178204027,0.9135533363641213,0.62757662276661,0.28867513459481287,0.6877330180958443,0.8375420875420876,0.6231511948541036
0.28867513459481287,0.7284891468749476,0.9142711378407414,0.6292334064613558,0.28867513459481287,0.7363862248333837,0.9244790939129419,0.6292334064613558,0.28867513459481287,0.6736382649813586,0.8529741863075196,0.6131718928621018
0.28867513459481287,0.7269800879988259,0.9290836903821587,0.6229772422939108,0.28867513459481287,0.7452337273297263,0.9345184729908543,0.6229772422939108,0.28867513459481287,0.6790033645539693,0.8329124579124579,0.5981371352310565
0.28867513459481287,0.725821633779833,0.8925320074059588,0.6317056077225152,0.28867513459481287,0.742818661031512,0.9034577649547795,0.6317056077225152,0.28867513459481287,0.6728198599618078,0.8587261503928171,0.6156761532506043
0.28867513459481287,0.7246387213048409,0.9284220812369679,0.6257524341577042,0.28867513459481287,0.7430973225274597,0.9245717953862604,0.6257524341577042,0.28867513459481287,0.692643448213149,0.8251964085297419,0.5997354562597828
0.28867513459481287,0.7244701675668473,0.9306119948087175,0.622438065292039,0.28867513459481287,0.740101711446021,0.9391792617915005,0.622438065292039,0.28867513459481287,0.6693643721014823,0.8463804713804713,0.5977074546722438
0.28867513459481287,0.7231634974514386,0.8956082994486168,0.6317056077225152,0.28867513459481287,0.7363397812507256,0.9159680192615883,0.6317056077225152,0.28867513459481287,0.6515413294534873,0.8442760942760943,0.6156761532506043
0.28867513459481287,0.7200597802953473,0.8629237282754733,0.6330935234343322,0.28867513459481287,0.7488098831943896,0.8988138021064822,0.6330935234343322,0.28867513459481287,0.6933709193416386,0.8587261503928171,0.6238695015591047
0.28867513459481287,0.7173877733614958,0.871454486116367,0.632978647985295,0.28867513459481287,0.7343659289877621,0.8893995230318715,0.632978647985295,0.28867513459481287,0.672910793852869,0.8602693602693603,0.6216002414868085
0.28867513459481287,0.7163229935880059,0.9336882868513754,0.6198394416807027,0.28867513459481287,0.7364326684160416,0.9361029697488426,0.6198394416807027,0.28867513459481287,0.6857324724924979,0.8448372615039281,0.5957779484386099
0.28867513459481287,0.7148211185418173,0.9368769635568921,0.6198394416807027,0.28867513459481287,0.7368738824512923,0.945444230539675,0.6198394416807027,0.28867513459481287,0.684823133581886,0.843294051627385,0.5957779484386099
0.28867513459481287,0.7115195344916905,0.936010268275524,0.6228559438172698,0.28867513459481287,0.7417736804217078,0.9407272494075996,0.6228559438172698,0.28867513459481287,0.6938255887969447,0.8236531986531986,0.5997461014657899
0.28867513459481287,0.7076808433372349,0.8760590825855838,0.6330935234343322,0.28867513459481287,0.7339247149525114,0.8972293053484941,0.6330935234343322,0.28867513459481287,0.7462944439392561,0.8721941638608306,0.6219654032159413
0.28867513459481287,0.7057485850574126,0.9352924667989039,0.6257524341577042,0.28867513459481287,0.7430741007361308,0.9274991936241704,0.6257524341577042,0.28867513459481287,0.6705465126852778,0.8458193041526375,0.6045750611508494
0.28867513459481287,0.6865395756978313,0.9242740077767647,0.6292334064613558,0.28867513459481287,0.7033880593548987,0.9274991936241704,0.6292334064613558,0.28867513459481287,0.6631808675093207,0.8597081930415263,0.6117490583503362
0.28867513459481287,0.6793655950133671,0.9376509573649416,0.6257524341577042,0.28867513459481287,0.7235910178111139,0.9360664606069533,0.6257524341577042,0.28867513459481287,0.7019187051013913,0.8566217732884399,0.6005012995382664
0.28867513459481287,0.6790921713953565,0.8550377536274214,0.6340942182032892,0.28867513459481287,0.7156723869679307,0.8816427589990272,0.6340942182032892,0.28867513459481287,0.6664544875875239,0.8463804713804713,0.6238463473339793
0.28867513459481287,0.6685409508791375,0.8845701572369373,0.6330935234343322,0.28867513459481287,0.7064068922276664,0.8994389021097839,0.6330935234343322,0.28867513459481287,0.7158315904337547,0.8479236812570146,0.6219654032159413
0.28867513459481287,0.6644598448379352,0.9119491564165928,0.6317056077225152,0.28867513459481287,0.7025288530757262,0.9198548142541849,0.6317056077225152,0.28867513459481287,0.6782758934254797,0.8571829405162739,0.6156761532506043
0.28867513459481287,0.663854221244362,0.9189122434518473,0.6305235648899603,0.28867513459481287,0.6975361679399948,0.9267055166265807,0.6305235648899603,0.28867513459481287,0.649086114394835,0.8319304152637486,0.6222090548645636
0.28867513459481287,0.6511970304942151,0.9454807396815641,0.618956731050947,0.28867513459481287,0.7010891020133293,0.9330266777061846,0.618956731050947,0.28867513459481287,0.7039192507047377,0.8292648709315376,0.5998041049626612
0.28867513459481287,0.6467036941102132,0.8955521071171874,0.6320326836069537,0.28867513459481287,0.6829528829853935,0.9033453802919208,0.6320326836069537,0.28867513459481287,0.6491770482858962,0.8375420875420876,0.6249744248755267
0.28867513459481287,0.6437235221965011,0.9017046912025032,0.632978647985295,0.28867513459481287,0.6816060190883124,0.9243667092500831,0.632978647985295,0.28867513459481287,0.6598163135400564,0.8427328843995511,0.6216002414868085
0.28867513459481287,0.6428233559700803,0.9243667092500831,0.62757662276661,0.28867513459481287,0.668532150570095,0.9283096965741091,0.62757662276661,0.28867513459481287,0.6338092206965537,0.8648989898989898,0.6231511948541036
0.28867513459481287,0.6419760505931817,0.9314983732796258,0.6282711165844588,0.28867513459481287,0.672642407635325,0.9431419323050666,0.6282711165844588,0.28867513459481287,0.664181140310994,0.8427328843995511,0.6039080365084326
0.28867513459481287,0.632098439702209,0.9376874665068307,0.6254136305940554,0.28867513459481287,0.6784942990502287,0.9376874665068307,0.6254136305940554,0.28867513459481287,0.6719105210511958,0.8556397306397306,0.5998841534851616
0.28867513459481287,0.6217661013530876,0.953181311382979,0.618956731050947,0.28867513459481287,0.6635162436430346,0.9368769635568921,0.618956731050947,0.28867513459481287,0.7360189142493407,0.8504489337822672,0.6037727477177401
0.28867513459481287,0.6184132852991255,0.9539553051910286,0.618956731050947,0.28867513459481287,0.6614495042147551,0.9492945163903824,0.618956731050947,0.28867513459481287,0.7251977812130581,0.8577441077441077,0.6037727477177401
0.28867513459481287,0.6100317240964545,0.9118564549432744,0.632978647985295,0.28867513459481287,0.6578501265587627,0.9329339762328661,0.632978647985295,0.28867513459481287,0.6552696189869964,0.8747194163860831,0.6216002414868085
0.28867513459481287,0.5801259349122724,0.9189881189728168,0.6317056077225152,0.28867513459481287,0.6444047093792815,0.9298576841902082,0.6317056077225152,0.28867513459481287,0.6267163771937801,0.8633557800224467,0.6156761532506043
0.2773500981126146,0.8254092003304502,0.7679688472254322,0.5552850039389525,0.2773500981126146,0.8283677402874858,0.8302223311499808,0.5552850039389525,0.2773500981126146,0.6824588524142948,0.7755331088664422,0.5549492002680593
0.2773500981126146,0.8219321426357715,0.7811969030088612,0.5609901891813942,0.2773500981126146,0.8299003785151987,0.8427325854567898,0.5609901891813942,0.2773500981126146,0.7013731017550241,0.7880190796857462,0.5542644470998455
0.2773500981126146,0.8218831594710266,0.796783449358328,0.5607658610875501,0.2773500981126146,0.82941272089729,0.8482038772073744,0.5607658610875501,0.2773500981126146,0.7125579703555515,0.8153759820426487,0.5542644470998455
0.2773500981126146,0.8214712235367864,0.8015004304904035,0.5609901891813942,0.2773500981126146,0.8298074913498827,0.8411284055092613,0.5609901891813942,0.2773500981126146,0.7028280440120033,0.7957351290684624,0.5542644470998455
0.2773500981126146,0.8213789009594863,0.8168818907036931,0.5609901891813942,0.2773500981126146,0.8295520516452639,0.8458088774994477,0.5609901891813942,0.2773500981126146,0.6966445394198417,0.77665544332211,0.5542644470998455
0.2773500981126146,0.8197708959277875,0.8348634367610868,0.5903388822922228,0.2773500981126146,0.8272530943036945,0.8746037964428032,0.5903388822922228,0.2773500981126146,0.6884604892243339,0.8024691358024691,0.5823881864201719
0.2773500981126146,0.8186704849629254,0.8447932884133318,0.5743373391875313,0.2773500981126146,0.8208671016882242,0.8696087108907723,0.5743373391875313,0.2773500981126146,0.6902791670455579,0.7947530864197531,0.5687459631107014
0.2773500981126146,0.8169912189306823,0.7991222567348255,0.5920532850683684,0.2773500981126146,0.8203562222789866,0.7975377599768374,0.5920532850683684,0.2773500981126146,0.6566336273529144,0.7978395061728395,0.5879986915975721
0.2773500981126146,0.8155336429276613,0.8277711391106246,0.5930615485479398,0.2773500981126146,0.8202865569049996,0.865096815894874,0.5930615485479398,0.2773500981126146,0.6878239519869055,0.8024691358024691,0.5863813992856766
0.2773500981126146,0.8142273232766932,0.8332059217193203,0.5930615485479398,0.2773500981126146,0.8173373894062188,0.8689836108874706,0.5930615485479398,0.2773500981126146,0.6793671001182141,0.8292648709315376,0.5863813992856766
0.2773500981126146,0.8132058477464522,0.8456768096470486,0.5701430461258199,0.2773500981126146,0.82256229245524,0.8860984616634962,0.5701430461258199,0.2773500981126146,0.6877330180958443,0.8128507295173961,0.5672686957707356
0.2773500981126146,0.8123286851643089,0.8503769648267753,0.5914523189111611,0.2773500981126146,0.8224694052899241,0.8807760637176593,0.5914523189111611,0.2773500981126146,0.7065563335455124,0.7905443322109988,0.5836327156576371
0.2773500981126146,0.8095649888542479,0.8442243807414594,0.5930615485479398,0.2773500981126146,0.8105798481294847,0.8768892687250627,0.5930615485479398,0.2773500981126146,0.714649449849959,0.8153759820426487,0.5863813992856766
0.2773500981126146,0.807789407990921,0.7958802449350708,0.6222215938519335,0.2773500981126146,0.8147597705687016,0.8529405415289901,0.6222215938519335,0.2773500981126146,0.7237428389560789,0.7941919191919191,0.6084970514200683
0.2773500981126146,0.8070492436019046,0.8487362757373577,0.6026789984720473,0.2773500981126146,0.8117873812785918,0.8683220017422797,0.6026789984720473,0.2773500981126146,0.7024643084477585,0.8040123456790124,0.5971062462638225
0.2773500981126146,0.8057338683920943,0.8512071509662542,0.6201514161999859,0.2773500981126146,0.8113229454520122,0.8738129766824048,0.6201514161999859,0.2773500981126146,0.6495407838501409,0.8375420875420876,0.6219909560249961
0.2773500981126146,0.8049282430968795,0.8597350515699567,0.572214804686291,0.2773500981126146,0.8119963774005526,0.8923999395535599,0.572214804686291,0.2773500981126146,0.7071928707829408,0.8055555555555556,0.5672078438063729
0.2773500981126146,0.8046620090679678,0.855811747435471,0.6065259298795184,0.2773500981126146,0.8163388523790726,0.8877026416110246,0.6065259298795184,0.2773500981126146,0.7026461762298809,0.8385241301907969,0.6072169602613955
0.2773500981126146,0.8026337937164459,0.8666813126528622,0.5930615485479398,0.2773500981126146,0.8123447042704874,0.8690398032189,0.5930615485479398,0.2773500981126146,0.7147403837410202,0.7895622895622896,0.5863813992856766
0.2773500981126146,0.8014398360827745,0.873019299684815,0.5929961459627583,0.2773500981126146,0.8138541207068714,0.8909840197898597,0.5929961459627583,0.2773500981126146,0.7392925343275438,0.7880190796857464,0.5936616342342186
0.2773500981126146,0.8008412594813531,0.8588515303362396,0.5944519906893952,0.2773500981126146,0.8058426026983722,0.8852514495716685,0.5944519906893952,0.2773500981126146,0.7075566063471856,0.8427328843995511,0.5868412057561392
0.2773500981126146,0.8004795666637733,0.8566419335749498,0.601325360942176,0.2773500981126146,0.8052156143324896,0.8823802436651877,0.601325360942176,0.2773500981126146,0.700372828953351,0.8288439955106621,0.5903689472102217
0.2773500981126146,0.7998636615001266,0.8636247037997445,0.6013215916413801,0.2773500981126146,0.8124608132271324,0.8924393059326403,0.6013215916413801,0.2773500981126146,0.732017823042648,0.8303872053872053,0.5960239123951843
0.2773500981126146,0.7997743226314823,0.806217411622479,0.6242140209321819,0.2773500981126146,0.8050066182105288,0.8373539951795234,0.6242140209321819,0.2773500981126146,0.6656360825679731,0.8385241301907969,0.6195075552778695
0.2773500981126146,0.7995870891541607,0.8085759021885167,0.6242140209321819,0.2773500981126146,0.8035900889394608,0.8319192125708277,0.6242140209321819,0.2773500981126146,0.667454760389197,0.8452581369248036,0.6191493303862644
0.2773500981126146,0.798842841977273,0.8342215108054362,0.6206484156734906,0.2773500981126146,0.8054710540371084,0.8614516161803437,0.6206484156734906,0.2773500981126146,0.7371101209420751,0.8184624017957352,0.606723955223071
0.2773500981126146,0.7987586550280529,0.875397473440393,0.6096334524349463,0.2773500981126146,0.8043796298446462,0.9088363552320458,0.6096334524349463,0.2773500981126146,0.7245612439756297,0.8639169472502806,0.5989353700671379
0.2773500981126146,0.7983689741233152,0.8225217594485659,0.6242140209321819,0.2773500981126146,0.8053781668717925,0.856016833571648,0.6242140209321819,0.2773500981126146,0.6487223788305901,0.808641975308642,0.6191493303862644
0.2773500981126146,0.7981509734157518,0.8542834430089121,0.6193576262137266,0.2773500981126146,0.805912268072359,0.8674553064609117,0.6193576262137266,0.2773500981126146,0.6959170682913521,0.8271604938271605,0.6032495933545148
0.2773500981126146,0.7978922489551952,0.8768892687250627,0.5944519906893952,0.2773500981126146,0.8039151940180665,0.8846825418997961,0.5944519906893952,0.2773500981126146,0.6918250431935983,0.8386644219977553,0.5868412057561392
0.2773500981126146,0.7968860895810455,0.8356571137586765,0.6282680121452994,0.2773500981126146,0.8044725170099621,0.879191566959671,0.6282680121452994,0.2773500981126146,0.6634536691825044,0.8267396184062851,0.6223750353275236
0.2773500981126146,0.7967753797532545,0.8396197842722426,0.6251382559223058,0.2773500981126146,0.8020806725030769,0.8691521878817586,0.6251382559223058,0.2773500981126146,0.6942802582522506,0.8240740740740741,0.6107304455880962
0.2773500981126146,0.7944312710052137,0.8598109270909262,0.6249970092551289,0.2773500981126146,0.8007105868146669,0.879191566959671,0.6249970092551289,0.2773500981126146,0.6889151586796399,0.8070987654320988,0.6230473176102658
0.2773500981126146,0.7937929537788083,0.8915529274617321,0.5922412055434008,0.2773500981126146,0.8022896686250377,0.9126304487513239,0.5922412055434008,0.2773500981126146,0.7371101209420751,0.7993827160493827,0.5835675548850303
0.2773500981126146,0.7937069029331448,0.9001763867759444,0.6058304108430932,0.2773500981126146,0.8020342289204189,0.9088363552320458,0.6058304108430932,0.2773500981126146,0.7188324088387742,0.8371212121212122,0.6002234479693381
0.2773500981126146,0.7931535621992065,0.8410918963673721,0.6282680121452994,0.2773500981126146,0.8002925945707452,0.8799655607677206,0.6282680121452994,0.2773500981126146,0.6536328089478949,0.8282828282828283,0.6223750353275236
0.2773500981126146,0.7928071985918271,0.8635488282787749,0.6198394416807027,0.2773500981126146,0.7971344309500035,0.8932863180244681,0.6198394416807027,0.2773500981126146,0.6812767118304992,0.8313692480359147,0.5915752259058576
0.2773500981126146,0.791292752054425,0.8730951752057846,0.6251382559223058,0.2773500981126146,0.8015697930938392,0.8971927962066049,0.6251382559223058,0.2773500981126146,0.7109211603164499,0.8132716049382716,0.6107304455880962
0.2773500981126146,0.7900995884945442,0.8457723683575585,0.6264043716920005,0.2773500981126146,0.7983419640991106,0.8893433307004421,0.6264043716920005,0.2773500981126146,0.6717286532690734,0.7982603815937149,0.6227686935798081
0.2773500981126146,0.789259748302029,0.855811747435471,0.6263184534295041,0.2773500981126146,0.7958572324269094,0.879191566959671,0.6263184534295041,0.2773500981126146,0.683459125215968,0.8267396184062851,0.61113773606369
0.2773500981126146,0.7887990012101312,0.8783810640097324,0.6126304633517126,0.2773500981126146,0.7964842207927919,0.9102719581852862,0.6126304633517126,0.2773500981126146,0.6629080658361372,0.8452581369248036,0.5961164822094577
0.2773500981126146,0.787264747826245,0.9041558832418595,0.5922412055434008,0.2773500981126146,0.8007570303973248,0.9244594107234017,0.5922412055434008,0.2773500981126146,0.7312903519141584,0.8138327721661055,0.5886206137605388
0.2773500981126146,0.786957052563953,0.8783810640097324,0.6198394416807027,0.2773500981126146,0.7943710377818545,0.8806833622443407,0.6198394416807027,0.2773500981126146,0.7049195235064109,0.8577441077441077,0.5949627152711743
0.2773500981126146,0.7858717460482447,0.8497153556815844,0.6282680121452994,0.2773500981126146,0.792350741936233,0.8792477592911004,0.6282680121452994,0.2773500981126146,0.6918250431935983,0.8381032547699214,0.6223750353275236
0.2773500981126146,0.7847586547823284,0.8838720389498573,0.6147096591359142,0.2773500981126146,0.79790075006386,0.8893433307004421,0.6147096591359142,0.2773500981126146,0.6597253796489951,0.8329124579124579,0.6071396683022756
0.2773500981126146,0.784733154731617,0.8754339825822821,0.6228559438172698,0.2773500981126146,0.7859415275294336,0.8777559640064307,0.6228559438172698,0.2773500981126146,0.6730017277439302,0.8550785634118967,0.6071396683022756
0.2773500981126146,0.7837947879579558,0.8668302064576101,0.6264775407573568,0.2773500981126146,0.7932099482154054,0.8793404607644189,0.6264775407573568,0.2773500981126146,0.6320814767663908,0.8148148148148148,0.6217906250919192
0.2773500981126146,0.7833965525418071,0.8722284799244165,0.6282680121452994,0.2773500981126146,0.7919791932749692,0.9071956661426283,0.6282680121452994,0.2773500981126146,0.648631444939529,0.8298260381593715,0.6223750353275236
0.2773500981126146,0.7833898918745019,0.8627748344707253,0.6320326836069537,0.2773500981126146,0.7990386178389801,0.8878515354157724,0.6320326836069537,0.2773500981126146,0.6474493043557333,0.8571829405162739,0.6249744248755267
0.2773500981126146,0.7827237305400857,0.878324871678303,0.619962687957371,0.2773500981126146,0.793744049415972,0.9102719581852862,0.619962687957371,0.2773500981126146,0.6639992725288715,0.8768237934904601,0.5974821599342297
0.2773500981126146,0.7821504384429944,0.9088166720425055,0.5922412055434008,0.2773500981126146,0.7960430067575412,0.9190246281147061,0.5922412055434008,0.2773500981126146,0.7225606983722833,0.7968574635241301,0.5835675548850303
0.2773500981126146,0.7805474888838884,0.9049467030022579,0.6098213914853532,0.2773500981126146,0.7903072242992825,0.9142879637930903,0.6098213914853532,0.2773500981126146,0.6946439938164954,0.8421717171717171,0.5947817191807279
0.2773500981126146,0.7790631372133096,0.9165734360753498,0.5988000213786234,0.2773500981126146,0.7841302278057729,0.9260073983395007,0.5988000213786234,0.2773500981126146,0.7180140038192234,0.7833894500561167,0.5952022691884264
0.2773500981126146,0.7787781738394544,0.8644352067496832,0.6306944891757396,0.2773500981126146,0.7828298074913499,0.8769454610564921,0.6306944891757396,0.2773500981126146,0.6580885696098936,0.8354377104377104,0.6156761532506043
0.2773500981126146,0.7773952777849958,0.8940603118325177,0.6126304633517126,0.2773500981126146,0.7790678772960546,0.9080061690925669,0.6126304633517126,0.2773500981126146,0.7023733745566972,0.851010101010101,0.5961164822094577
0.2773500981126146,0.7771559614830673,0.8979105976832251,0.6198394416807027,0.2773500981126146,0.7916076446137055,0.9159118269301589,0.6198394416807027,0.2773500981126146,0.7201964172046922,0.827300785634119,0.5949627152711743
0.2773500981126146,0.776865420856191,0.8902465351236993,0.6228559438172698,0.2773500981126146,0.7813668346376239,0.8988138021064822,0.6228559438172698,0.2773500981126146,0.693552787123761,0.8355780022446688,0.5971691360780317
0.2773500981126146,0.776063021615332,0.9024786850105527,0.6198394416807027,0.2773500981126146,0.7834103522745745,0.9220644110154748,0.6198394416807027,0.2773500981126146,0.6943711921433118,0.8463804713804713,0.5949627152711743
0.2773500981126146,0.7743415399757678,0.8917945227397984,0.6243673854583106,0.2773500981126146,0.7870329517218958,0.9174401313567178,0.6243673854583106,0.2773500981126146,0.6801855051377649,0.8261784511784511,0.6196892880436582
0.2773500981126146,0.7725368778588115,0.9150816407906801,0.6157466620501575,0.2773500981126146,0.7842927803450758,0.9174401313567178,0.6157466620501575,0.2773500981126146,0.7380194598526871,0.8396464646464646,0.6071396683022756
0.2773500981126146,0.7721517169010294,0.8738129766824048,0.6282680121452994,0.2773500981126146,0.7866149594779741,0.8816062498571382,0.6282680121452994,0.2773500981126146,0.6819132490679276,0.8396464646464646,0.6223750353275236
0.2773500981126146,0.7719406876253617,0.8931936165511496,0.6228559438172698,0.2773500981126146,0.7815526089682558,0.9034015726233502,0.6228559438172698,0.2773500981126146,0.6979176138946985,0.8458193041526375,0.5971691360780317
0.2773500981126146,0.7685518951372305,0.9166099452172389,0.6126304633517126,0.2773500981126146,0.7901911153426375,0.9190246281147061,0.6126304633517126,0.2773500981126146,0.7226516322633445,0.8261784511784511,0.5961164822094577
0.2773500981126146,0.7684967405271244,0.8885693368923926,0.6263184534295041,0.2773500981126146,0.7773494647377098,0.9065705661393265,0.6263184534295041,0.2773500981126146,0.7150131854142039,0.8525533108866442,0.61113773606369
0.2773500981126146,0.7680635339200127,0.871454486116367,0.6292334064613558,0.2773500981126146,0.7772797993637229,0.8956082994486168,0.6292334064613558,0.2773500981126146,0.6317177412021461,0.8117283950617284,0.6117490583503362
0.2773500981126146,0.7680260147972783,0.8737567843509754,0.6292334064613558,0.2773500981126146,0.7763044841279056,0.894116504163947,0.6292334064613558,0.2773500981126146,0.6750932072383378,0.8550785634118967,0.6117490583503362
0.2773500981126146,0.7665625631396552,0.9079696599506777,0.6186178972005688,0.2773500981126146,0.7729605461765321,0.9290471812402695,0.6186178972005688,0.2773500981126146,0.6948258615986178,0.835016835016835,0.5945208177340908
0.2773500981126146,0.7664092331039435,0.8806271699129115,0.6290525677712095,0.2773500981126146,0.7808327334370573,0.8759663811122653,0.6290525677712095,0.2773500981126146,0.6876420842047831,0.8386644219977553,0.6230403855555582
0.2773500981126146,0.7651260473311902,0.909590665850555,0.6228559438172698,0.2773500981126146,0.7748647330655086,0.9212904172074252,0.6228559438172698,0.2773500981126146,0.6389015185959808,0.84006734006734,0.5956259087328745
0.2773500981126146,0.764567450552109,0.8768695855355224,0.6303439828455892,0.2773500981126146,0.7717530130274249,0.909590665850555,0.6303439828455892,0.2773500981126146,0.7335636991906884,0.851010101010101,0.621103975090983
0.2773500981126146,0.7628934106173464,0.9211780325445665,0.6113620740692819,0.2773500981126146,0.7768618071198012,0.9345184729908543,0.6113620740692819,0.2773500981126146,0.6995544239338001,0.7859147025813692,0.5941223975562688
0.2773500981126146,0.7621186288037295,0.9235562063001446,0.6113620740692819,0.2773500981126146,0.7783944453475141,0.927443001292741,0.6113620740692819,0.2773500981126146,0.6499045194143858,0.8267396184062851,0.5956770999822798
0.2773500981126146,0.7619823771520774,0.8667936973157209,0.6306944891757396,0.2773500981126146,0.7819009358381905,0.8778683486692894,0.6306944891757396,0.2773500981126146,0.6644539419841775,0.8452581369248036,0.6156761532506043
0.2773500981126146,0.7596288167681601,0.8629434114650134,0.6317056077225152,0.2773500981126146,0.7650419153333489,0.8808519392386288,0.6317056077225152,0.2773500981126146,0.6878239519869055,0.8473625140291807,0.6242057651064369
0.2773500981126146,0.7593440945113828,0.9081185537554256,0.6229036162671331,0.2773500981126146,0.7739126396210204,0.9135533363641213,0.6229036162671331,0.2773500981126146,0.6574520323724652,0.8608305274971941,0.6015542548410024
0.2773500981126146,0.7590943949709059,0.9165734360753498,0.6139861707912345,0.2773500981126146,0.7722406706453335,0.9212904172074252,0.6139861707912345,0.2773500981126146,0.7261980540147313,0.8489057239057238,0.5997461014657899
0.2773500981126146,0.7589485438647867,0.8899122383723146,0.6288295485686426,0.2773500981126146,0.7779067877296054,0.9197621127808664,0.6288295485686426,0.2773500981126146,0.6876420842047831,0.8525533108866442,0.6136683171333772
0.2773500981126146,0.7560700497174201,0.8402252010860041,0.6330935234343322,0.2773500981126146,0.7709866939135684,0.8550939459588507,0.6330935234343322,0.2773500981126146,0.6983722833500046,0.8489057239057238,0.6219654032159413
0.2773500981126146,0.7539681485261541,0.841922082506851,0.6321029667175188,0.2773500981126146,0.7650186935420198,0.8598109270909262,0.6321029667175188,0.2773500981126146,0.7055560607438393,0.8240740740740741,0.6265181224140828
0.2773500981126146,0.7527205868034074,0.923648907773463,0.6228559438172698,0.2773500981126146,0.7575412767340872,0.9159118269301589,0.6228559438172698,0.2773500981126146,0.6946439938164954,0.8313692480359147,0.5956259087328745
0.2773500981126146,0.7485360740174755,0.9174036222148287,0.6282711165844588,0.2773500981126146,0.7613264287207115,0.9088925475634752,0.6282711165844588,0.2773500981126146,0.6933709193416386,0.8519921436588103,0.6059865187955988
0.2773500981126146,0.7476848434234841,0.9267251998161209,0.6074385762821727,0.2773500981126146,0.7645078141327822,0.9267251998161209,0.6074385762821727,0.2773500981126146,0.6971901427662089,0.8345959595959596,0.592880359340552
0.2773500981126146,0.7437091983062953,0.8511509586348248,0.6330935234343322,0.2773500981126146,0.7570303973248497,0.8986283991598453,0.6330935234343322,0.2773500981126146,0.7004637628444121,0.8556397306397306,0.6219654032159413
0.2773500981126146,0.7433392767157262,0.8916259457455104,0.6295648861457364,0.2773500981126146,0.7601885609455914,0.8955324239276472,0.6295648861457364,0.2773500981126146,0.6769118850595617,0.8468013468013468,0.6231511948541036
0.2773500981126146,0.7430863770755343,0.8675480079342303,0.632978647985295,0.2773500981126146,0.7590274713791422,0.8894360321737607,0.632978647985295,0.2773500981126146,0.6522688005819769,0.8390852974186307,0.6249744248755267
0.2773500981126146,0.7413442318559706,0.9298941933320973,0.6228559438172698,0.2773500981126146,0.7602350045282493,0.9314421809481964,0.6228559438172698,0.2773500981126146,0.700372828953351,0.8092031425364759,0.5956259087328745
0.2773500981126146,0.7400648501274603,0.8760955917274729,0.632978647985295,0.2773500981126146,0.7520609339804473,0.9041923923837485,0.632978647985295,0.2773500981126146,0.6560880240065472,0.8411896745230079,0.6249744248755267
0.2773500981126146,0.7390395491288793,0.8847387342312254,0.632978647985295,0.2773500981126146,0.7572858370294685,0.9003252805806922,0.632978647985295,0.2773500981126146,0.7348367736655451,0.8700897867564534,0.6217032414797874
0.2773500981126146,0.734130821311113,0.8956082994486168,0.6317056077225152,0.2773500981126146,0.7521538211457632,0.8979667900146544,0.6317056077225152,0.2773500981126146,0.6399927252887151,0.8679854096520763,0.6156761532506043
0.2773500981126146,0.7323465524005156,0.8977617038784773,0.6317056077225152,0.2773500981126146,0.7494136497689432,0.9221206033469042,0.6317056077225152,0.2773500981126146,0.6876420842047831,0.8344556677890012,0.6156761532506043
0.2773500981126146,0.732195073207138,0.922782212492095,0.62757662276661,0.2773500981126146,0.752432482641711,0.9298576841902082,0.62757662276661,0.2773500981126146,0.6855506047103755,0.8648989898989898,0.6231511948541036
0.2773500981126146,0.7265649747711675,0.9244229015815125,0.6257524341577042,0.2773500981126146,0.7572858370294685,0.9228384048235243,0.6257524341577042,0.2773500981126146,0.6819132490679276,0.8473625140291807,0.6045750611508494
0.2773500981126146,0.7260159071079411,0.9306316779982577,0.6257524341577042,0.2773500981126146,0.7587023663005364,0.9298576841902082,0.6257524341577042,0.2773500981126146,0.6756388105847049,0.8267396184062851,0.6045750611508494
0.2773500981126146,0.7195933360062007,0.936010268275524,0.6228559438172698,0.2773500981126146,0.7513410584492488,0.9383687588415618,0.6228559438172698,0.2773500981126146,0.7127398381376739,0.8092031425364759,0.5997461014657899
0.2773500981126146,0.7183815696494477,0.9213466095388546,0.6292334064613558,0.2773500981126146,0.7434920929800525,0.9174963236881472,0.6292334064613558,0.2773500981126146,0.7129217059197963,0.8277216610549943,0.6117490583503362
0.2773500981126146,0.7174230593100709,0.9407637585494886,0.5982278263922735,0.2773500981126146,0.7310684346190465,0.9477465287742833,0.5982278263922735,0.2773500981126146,0.6822769846321725,0.8334736251402918,0.5831840828908887
0.2773500981126146,0.7169117426719912,0.9422555538341584,0.5982278263922735,0.2773500981126146,0.7360611197547778,0.9477465287742833,0.5982278263922735,0.2773500981126146,0.6769118850595617,0.835016835016835,0.5831840828908887
0.2773500981126146,0.71614603123747,0.8994023929678948,0.6307530611550336,0.2773500981126146,0.7278870492069758,0.9041193740999703,0.6307530611550336,0.2773500981126146,0.6593616440847504,0.835016835016835,0.6242057651064369
0.2773500981126146,0.7135104157816748,0.9034015726233502,0.6317056077225152,0.2773500981126146,0.7408215869772194,0.9010992743887417,0.6317056077225152,0.2773500981126146,0.6647267436573611,0.8519921436588103,0.6257839578683297
0.2773500981126146,0.7096826940720645,0.9314421809481964,0.6257524341577042,0.2773500981126146,0.7353876878062374,0.9314421809481964,0.6257524341577042,0.2773500981126146,0.6642720742020551,0.8282828282828283,0.5997354562597828
0.2773500981126146,0.7017933312268608,0.9361029697488426,0.6228559438172698,0.2773500981126146,0.7280031581636207,0.9407272494075996,0.6228559438172698,0.2773500981126146,0.7006456306265345,0.851010101010101,0.5997461014657899
0.2773500981126146,0.6901128296615656,0.9354413606036517,0.6257524341577042,0.2773500981126146,0.7114227991547268,0.930006577994956,0.6257524341577042,0.2773500981126146,0.7117395653360007,0.8246352413019079,0.5997354562597828
0.2773500981126146,0.6894232914121345,0.9089290567053643,0.6317056077225152,0.2773500981126146,0.7174604649002624,0.9174963236881472,0.6317056077225152,0.2773500981126146,0.6840047285623352,0.85662177328844,0.6156761532506043
0.2773500981126146,0.685413823635236,0.884513964905508,0.6330935234343322,0.2773500981126146,0.7179481225181711,0.8908716351270011,0.6330935234343322,0.2773500981126146,0.722833500045467,0.8700897867564534,0.6219654032159413
0.2773500981126146,0.6795202918911128,0.9165734360753498,0.6317056077225152,0.2773500981126146,0.7051296937045723,0.9260073983395007,0.6317056077225152,0.2773500981126146,0.7034645812494317,0.8359988776655444,0.6156761532506043
0.2773500981126146,0.6795126689823735,0.9243667092500831,0.6318212813357444,0.2773500981126146,0.6963286347908878,0.9290836903821587,0.6318212813357444,0.2773500981126146,0.680731108484132,0.8473625140291807,0.6226895959553945
0.2773500981126146,0.6695486567812964,0.9400094479309793,0.6209744603259133,0.2773500981126146,0.6972110628613891,0.9524635099063588,0.6209744603259133,0.2773500981126146,0.7006456306265345,0.8737373737373737,0.6039184609310615
0.2773500981126146,0.6676273616496315,0.8955521071171874,0.632978647985295,0.2773500981126146,0.7035506118942015,0.9088363552320458,0.632978647985295,0.2773500981126146,0.6725470582886242,0.8633557800224467,0.6235080108443247
0.2773500981126146,0.6650368725603789,0.8923072380802414,0.6330935234343322,0.2773500981126146,0.707057102384878,0.9017412003443923,0.6330935234343322,0.2773500981126146,0.7144675820678367,0.8525533108866442,0.6219654032159413
0.2773500981126146,0.6649071976457881,0.9244229015815125,0.6282711165844588,0.2773500981126146,0.7099598263010009,0.9345746653222837,0.6282711165844588,0.2773500981126146,0.6794580340092753,0.8731762065095399,0.6039080365084326
0.2773500981126146,0.6607408994121596,0.930519293335399,0.6267433342314637,0.2773500981126146,0.6963286347908878,0.93995325559955,0.6267433342314637,0.2773500981126146,0.6855506047103755,0.8685465768799102,0.6159388512103924
0.2773500981126146,0.655547165372344,0.9407272494075996,0.618956731050947,0.2773500981126146,0.6933562455007779,0.9462182243477245,0.618956731050947,0.2773500981126146,0.7076475402382468,0.8442760942760943,0.6037727477177401
0.2773500981126146,0.6546440786345143,0.9376509573649416,0.6282711165844588,0.2773500981126146,0.702970067110977,0.932216174756246,0.6282711165844588,0.2773500981126146,0.6559061562244248,0.8762626262626263,0.6039080365084326
0.2773500981126146,0.6496478850592126,0.9103084673271753,0.632978647985295,0.2773500981126146,0.6902909690453521,0.9235927154420336,0.632978647985295,0.2773500981126146,0.6611803219059743,0.851010101010101,0.6216002414868085
0.2773500981126146,0.6481646330053711,0.9252334045314512,0.6292334064613558,0.2773500981126146,0.6860181594408192,0.9244594107234017,0.6292334064613558,0.2773500981126146,0.6638174047467491,0.8061167227833894,0.6117490583503362
0.2773500981126146,0.6069184198489053,0.93995325559955,0.6257524341577042,0.2773500981126146,0.675405800803474,0.9352924667989039,0.6257524341577042,0.2773500981126146,0.6700918432299718,0.8396464646464646,0.5997354562597828
0.2773500981126146,0.574414283462397,0.9400094479309793,0.6257524341577042,0.2773500981126146,0.6704363374590716,0.9383687588415618,0.6257524341577042,0.2773500981126146,0.6734563971992361,0.8726150392817059,0.6005012995382664
0.2672612419124244,0.8262718942753523,0.8068060024838916,0.5748931555535095,0.2672612419124244,0.834916285442259,0.8441316792681409,0.5748931555535095,0.2672612419124244,0.697644812221515,0.7895622895622896,0.5577603924524013
0.2672612419124244,0.8248978257167674,0.8069352130990992,0.5609901891813942,0.2672612419124244,0.8339641919977707,0.8341091261425774,0.5609901891813942,0.2672612419124244,0.705919796308084,0.8070987654320987,0.5542644470998455
0.2672612419124244,0.824314225941384,0.8261669591630962,0.5930615485479398,0.2672612419124244,0.8215637554280937,0.8456403005051596,0.5930615485479398,0.2672612419124244,0.6599981813221788,0.8221099887766554,0.5863813992856766
0.2672612419124244,0.8221040768505551,0.8270898467758936,0.5609901891813942,0.2672612419124244,0.8306899194203841,0.8636415297520934,0.5609901891813942,0.2672612419124244,0.6966445394198417,0.7864758698092031,0.5542644470998455
0.2672612419124244,0.8215507368077167,0.8417731887021032,0.5812947207532186,0.2672612419124244,0.8322457794394259,0.8604922194256572,0.5812947207532186,0.2672612419124244,0.7011912339729017,0.8040123456790124,0.5830519097266886
0.2672612419124244,0.8204027746371126,0.8511677845871737,0.5607658610875501,0.2672612419124244,0.8292501683579871,0.8799458775781803,0.5607658610875501,0.2672612419124244,0.7121033009002455,0.8473625140291807,0.5583322764471741
0.2672612419124244,0.8199865259323107,0.8588880394781289,0.5914523189111611,0.2672612419124244,0.8288553979053944,0.8814938651942794,0.5914523189111611,0.2672612419124244,0.6894607620260071,0.8101851851851851,0.5836327156576371
0.2672612419124244,0.8168414869914419,0.8293556358686128,0.5949275237040171,0.2672612419124244,0.8261616701112324,0.8619643315207868,0.5949275237040171,0.2672612419124244,0.7141947803946531,0.8329124579124579,0.5883208702040874
0.2672612419124244,0.8151312869435133,0.8402252010860041,0.5930615485479398,0.2672612419124244,0.8208671016882242,0.8651895173681925,0.5930615485479398,0.2672612419124244,0.6859143402746204,0.824635241301908,0.5863813992856766
0.2672612419124244,0.8148655017455955,0.8325246293845892,0.5965991956730936,0.2672612419124244,0.8270673199730627,0.8566222503854095,0.5965991956730936,0.2672612419124244,0.7097390197326544,0.7962962962962963,0.5908139133497727
0.2672612419124244,0.8146786324779236,0.8224290579752475,0.6032128003453274,0.2672612419124244,0.821308315723475,0.8668302064576101,0.6032128003453274,0.2672612419124244,0.6682731654087478,0.7864758698092031,0.5786124387140236
0.2672612419124244,0.8141437148548821,0.835564412285358,0.5949275237040171,0.2672612419124244,0.8199382300350649,0.8821751575290105,0.5949275237040171,0.2672612419124244,0.6899154314813131,0.8230920314253647,0.5883208702040874
0.2672612419124244,0.8136104884300969,0.8402252010860041,0.5976540115237857,0.2672612419124244,0.822539070663911,0.8854003433764163,0.5976540115237857,0.2672612419124244,0.7135582431572247,0.84834455667789,0.5896259836874163
0.2672612419124244,0.8134705188913234,0.7905381637996938,0.6105945651170694,0.2672612419124244,0.8168497317883101,0.8146919771319434,0.6105945651170694,0.2672612419124244,0.6788214967718469,0.8215488215488215,0.6079548133203112
0.2672612419124244,0.813107707490153,0.8239938715436954,0.6002055314355899,0.2672612419124244,0.8213315375148039,0.8550742627693104,0.6002055314355899,0.2672612419124244,0.6954623988360462,0.7751122334455668,0.5869519373482901
0.2672612419124244,0.8126955520165097,0.8146919771319434,0.6152878969175746,0.2672612419124244,0.8138076771242133,0.8582826226643674,0.6152878969175746,0.2672612419124244,0.671546785486951,0.8236531986531986,0.6155452521585424
0.2672612419124244,0.812625345711209,0.8711932076487605,0.5944519906893952,0.2672612419124244,0.8164085177530594,0.906990580006451,0.5944519906893952,0.2672612419124244,0.7005546967354733,0.8288439955106621,0.5868412057561392
0.2672612419124244,0.811956523104637,0.855166964242629,0.599697942829023,0.2672612419124244,0.8220281912546734,0.880756380528119,0.599697942829023,0.2672612419124244,0.7051923251795944,0.7922278338945006,0.5974145258786197
0.2672612419124244,0.8102314961225611,0.8347539093354194,0.6115500482999785,0.2672612419124244,0.8099064161809442,0.8955521071171874,0.6115500482999785,0.2672612419124244,0.6670910248249523,0.8226711560044894,0.6062270082434773
0.2672612419124244,0.8090240744037542,0.8727411952648596,0.5944519906893952,0.2672612419124244,0.8123679260618164,0.8991411145002883,0.5944519906893952,0.2672612419124244,0.6939165226880059,0.8319304152637486,0.5868412057561392
0.2672612419124244,0.8079284915396164,0.8130512880425258,0.6251382559223058,0.2672612419124244,0.8151313192299654,0.8575086288563178,0.6251382559223058,0.2672612419124244,0.668818768755115,0.8157968574635241,0.6107304455880962
0.2672612419124244,0.8069099196272312,0.8581870639538576,0.5951520280139398,0.2672612419124244,0.8192415762951955,0.8839253740440954,0.5951520280139398,0.2672612419124244,0.7099208875147768,0.8066778900112234,0.5853914725350926
0.2672612419124244,0.8047878337882,0.8805906607710223,0.601463670954941,0.2672612419124244,0.8149687666906625,0.8853076419030977,0.601463670954941,0.2672612419124244,0.7148313176320815,0.824635241301908,0.5973405948796
0.2672612419124244,0.8040391747830976,0.8730951752057846,0.61345487145658,0.2672612419124244,0.8166871792490072,0.8979667900146544,0.61345487145658,0.2672612419124244,0.690824770391925,0.8256172839506173,0.606723955223071
0.2672612419124244,0.802518436856106,0.8525865615880651,0.6184716931413715,0.2672612419124244,0.8051227271671737,0.8769257778669518,0.6184716931413715,0.2672612419124244,0.694007456579067,0.8061167227833894,0.6084740117044692
0.2672612419124244,0.8022568394164562,0.831806827907969,0.6206484156734906,0.2672612419124244,0.8079093421266517,0.8636612129416337,0.6206484156734906,0.2672612419124244,0.7190142766208966,0.7998035914702581,0.606723955223071
0.2672612419124244,0.8016919676038166,0.8924561318849893,0.6126304633517126,0.2672612419124244,0.8147365487773727,0.8987576097750529,0.6126304633517126,0.2672612419124244,0.710466490861144,0.8432940516273849,0.5961164822094577
0.2672612419124244,0.8016672727612831,0.841922082506851,0.6206484156734906,0.2672612419124244,0.8147597705687016,0.8653019020310512,0.6206484156734906,0.2672612419124244,0.7101936891879603,0.7874579124579124,0.606723955223071
0.2672612419124244,0.8006198776058997,0.8262793438259549,0.6239740621993677,0.2672612419124244,0.8093026496063906,0.8341288093321176,0.6239740621993677,0.2672612419124244,0.6460852959898155,0.8344556677890012,0.6170184580237441
0.2672612419124244,0.8002379590585044,0.8177682691746013,0.6249970092551289,0.2672612419124244,0.8028469916169333,0.858226430332938,0.6249970092551289,0.2672612419124244,0.6485405110484678,0.7941919191919192,0.6198918506481171
0.2672612419124244,0.7996556211547586,0.8551501382902801,0.6176393275290903,0.2672612419124244,0.8078628985439937,0.8807395545757701,0.6176393275290903,0.2672612419124244,0.692643448213149,0.8689674523007856,0.6117617570873477
0.2672612419124244,0.7987933715103064,0.843618963927698,0.621653738527981,0.2672612419124244,0.80612126419432,0.8879639200786311,0.621653738527981,0.2672612419124244,0.7002818950622897,0.8265993265993266,0.5982082295065005
0.2672612419124244,0.7987179963920285,0.8580775365281902,0.6263184534295041,0.2672612419124244,0.8050762835845157,0.8939114180277699,0.6263184534295041,0.2672612419124244,0.6624533963808311,0.8494668911335578,0.61113773606369
0.2672612419124244,0.7977526025440217,0.8954397224543287,0.5922412055434008,0.2672612419124244,0.8097206418503123,0.9032891879604914,0.5922412055434008,0.2672612419124244,0.7332908975175048,0.8035914702581369,0.5835675548850303
0.2672612419124244,0.7975123753724184,0.8558679397669002,0.6282680121452994,0.2672612419124244,0.8038919722267376,0.8799655607677206,0.6282680121452994,0.2672612419124244,0.6652723470037283,0.8473625140291807,0.6223750353275236
0.2672612419124244,0.7964151847027462,0.9034380817652392,0.5929961459627583,0.2672612419124244,0.8039848593920536,0.9097030505134138,0.5929961459627583,0.2672612419124244,0.7542056924615804,0.8215488215488216,0.5936616342342186
0.2672612419124244,0.7962137002078644,0.9173277466938591,0.6126304633517126,0.2672612419124244,0.8068875833081764,0.9298941933320973,0.6126304633517126,0.2672612419124244,0.7071019368918796,0.8648989898989898,0.5985776970443194
0.2672612419124244,0.7943437406682315,0.8783051884887628,0.6198394416807027,0.2672612419124244,0.8037294196874347,0.9104573611319231,0.6198394416807027,0.2672612419124244,0.692643448213149,0.8128507295173961,0.5949627152711743
0.2672612419124244,0.7935469825687402,0.8683781940737091,0.6214854329362333,0.2672612419124244,0.8078164549613357,0.8690959955503292,0.6214854329362333,0.2672612419124244,0.6801855051377649,0.8458193041526375,0.6245659177990512
0.2672612419124244,0.7916832628933594,0.9189319266413876,0.5922412055434008,0.2672612419124244,0.8011053572672596,0.9260073983395007,0.5922412055434008,0.2672612419124244,0.7261071201236701,0.8242143658810326,0.5835675548850303
0.2672612419124244,0.7904405989188494,0.8605287285675464,0.6264043716920005,0.2672612419124244,0.7989225088823352,0.8846263495683667,0.6264043716920005,0.2672612419124244,0.6680912976266254,0.8142536475869809,0.6227686935798081
0.2672612419124244,0.7886434040595761,0.876078765775124,0.6228559438172698,0.2672612419124244,0.8017323456331421,0.903365063481461,0.6228559438172698,0.2672612419124244,0.6553605528780576,0.8209876543209876,0.6071396683022756
0.2672612419124244,0.786511190381806,0.8627945176602656,0.6263184534295041,0.2672612419124244,0.7992476139609409,0.8908913183165412,0.6263184534295041,0.2672612419124244,0.6857324724924979,0.8618125701459034,0.61113773606369
0.2672612419124244,0.7853547597033345,0.9212707340178851,0.5833534512193512,0.2672612419124244,0.7952070222696979,0.9330266777061846,0.5833534512193512,0.2672612419124244,0.7375647903973811,0.7845117845117845,0.5662090183505576
0.2672612419124244,0.7845272486563329,0.8823605604756475,0.6228559438172698,0.2672612419124244,0.7914915356570605,0.8980032991565436,0.6228559438172698,0.2672612419124244,0.7256524506683641,0.8504489337822672,0.5973802679721754
0.2672612419124244,0.7842356077216194,0.8729462814010367,0.627028639821898,0.2672612419124244,0.7960894503401993,0.8923269212697816,0.627028639821898,0.2672612419124244,0.693552787123761,0.8571829405162739,0.6177938799743956
0.2672612419124244,0.7834920367475942,0.8604163439046877,0.6320326836069537,0.2672612419124244,0.8008499175626408,0.8909278274584304,0.6320326836069537,0.2672612419124244,0.6489951805037738,0.8556397306397305,0.6249744248755267
0.2672612419124244,0.7831485363671207,0.8893995230318715,0.6263184534295041,0.2672612419124244,0.7927919559714837,0.8994950944412133,0.6263184534295041,0.2672612419124244,0.6906429026098027,0.8685465768799102,0.61113773606369
0.2672612419124244,0.7829535386127345,0.8931739333616094,0.6157466620501575,0.2672612419124244,0.7851519866242482,0.904966386191798,0.6157466620501575,0.2672612419124244,0.6760934800400109,0.8179012345679012,0.6071396683022756
0.2672612419124244,0.7806106018933434,0.92676170895801,0.5922412055434008,0.2672612419124244,0.7966235515407658,0.9369134726987811,0.5922412055434008,0.2672612419124244,0.7195598799672638,0.795314253647587,0.5835675548850303
0.2672612419124244,0.7796142719563516,0.8643790144182538,0.6283858548452188,0.2672612419124244,0.7941155980772356,0.8768892687250627,0.6283858548452188,0.2672612419124244,0.6446303537328363,0.8298260381593715,0.6245659177990512
0.2672612419124244,0.7793932744860229,0.9103084673271753,0.6184716931413715,0.2672612419124244,0.7825743677867311,0.922100920157364,0.6184716931413715,0.2672612419124244,0.7368373192688915,0.8226711560044894,0.6044513591086549
0.2672612419124244,0.7792223597971767,0.8839647404231759,0.6292722622280252,0.2672612419124244,0.7880779323317001,0.9019097773386804,0.6292722622280252,0.2672612419124244,0.7099208875147768,0.866442199775533,0.6202802052308183
0.2672612419124244,0.7745833899267366,0.9010795911992016,0.6243673854583106,0.2672612419124244,0.7888906950282145,0.9174401313567178,0.6243673854583106,0.2672612419124244,0.6823679185232336,0.8261784511784511,0.6196892880436582
0.2672612419124244,0.7739838192164967,0.9173839390252885,0.5988000213786234,0.2672612419124244,0.7819241576295195,0.9259512060080713,0.5988000213786234,0.2672612419124244,0.7282895335091388,0.7880190796857464,0.5952022691884264
0.2672612419124244,0.7727736188921281,0.9142879637930903,0.6198394416807027,0.2672612419124244,0.7956017927222906,0.9251772122000219,0.6198394416807027,0.2672612419124244,0.7052832590706556,0.8236531986531986,0.5949627152711743
0.2672612419124244,0.7720337678785242,0.9212904172074252,0.6184716931413715,0.2672612419124244,0.7833174651092585,0.923648907773463,0.6184716931413715,0.2672612419124244,0.7438392288806038,0.8396464646464646,0.6044513591086549
0.2672612419124244,0.771173856378628,0.923648907773463,0.6257524341577042,0.2672612419124244,0.783990897057799,0.9213466095388546,0.6257524341577042,0.2672612419124244,0.7148313176320815,0.8437149270482603,0.6012475348092463
0.2672612419124244,0.7710537405275543,0.8535459583427516,0.632978647985295,0.2672612419124244,0.7865917376866451,0.8855492371811641,0.632978647985295,0.2672612419124244,0.6680912976266254,0.8334736251402918,0.6216002414868085
0.2672612419124244,0.7706475897138287,0.872833896738178,0.6302848548881448,0.2672612419124244,0.7838283445184961,0.883815846618428,0.6302848548881448,0.2672612419124244,0.6762753478221333,0.8463804713804713,0.6225117352693468
0.2672612419124244,0.7674299920403721,0.8948146224510269,0.6263184534295041,0.2672612419124244,0.7846875507976685,0.9119491564165928,0.6263184534295041,0.2672612419124244,0.6474493043557333,0.8442760942760943,0.608016443271381
0.2672612419124244,0.7658226351835952,0.904929877049909,0.6271472694928162,0.2672612419124244,0.7759097136753129,0.9072321752845174,0.6271472694928162,0.2672612419124244,0.7192870782940802,0.8560606060606061,0.6200380842887085
0.2672612419124244,0.7651525454837419,0.8869483309925152,0.6282680121452994,0.2672612419124244,0.7794626477486474,0.9001763867759444,0.6282680121452994,0.2672612419124244,0.6719105210511958,0.8267396184062851,0.6223750353275236
0.2672612419124244,0.7645663768900124,0.8691521878817586,0.6306944891757396,0.2672612419124244,0.786800733808606,0.8785861501459096,0.6306944891757396,0.2672612419124244,0.6755478766936437,0.8498877665544332,0.6156761532506043
0.2672612419124244,0.7631870568168283,0.8713982937849376,0.6308693337977442,0.2672612419124244,0.7659475651951791,0.9080623614239962,0.6308693337977442,0.2672612419124244,0.6548149495316905,0.8427328843995511,0.6245659177990512
0.2672612419124244,0.7621810746714096,0.8799093684362912,0.632978647985295,0.2672612419124244,0.7739358614123494,0.9032891879604914,0.632978647985295,0.2672612419124244,0.7097390197326544,0.8556397306397306,0.6219817932536664
0.2672612419124244,0.7613374676772574,0.9244032183919724,0.6113620740692819,0.2672612419124244,0.7822028191254673,0.9251772122000219,0.6113620740692819,0.2672612419124244,0.7225606983722833,0.816358024691358,0.5941223975562688
0.2672612419124244,0.7609289668934887,0.8869483309925152,0.6292334064613558,0.2672612419124244,0.7766063674151824,0.9034015726233502,0.6292334064613558,0.2672612419124244,0.6505410566518142,0.8519921436588103,0.6131718928621018
0.2672612419124244,0.7589362843667856,0.85584825657736,0.6330935234343322,0.2672612419124244,0.777233355781065,0.8823043681442181,0.6330935234343322,0.2672612419124244,0.704555787942166,0.8556397306397306,0.6219654032159413
0.2672612419124244,0.7588399134798207,0.8806833622443407,0.6310589612894257,0.2672612419124244,0.7649722499593619,0.8955521071171874,0.6310589612894257,0.2672612419124244,0.6890970264617623,0.8215488215488216,0.6215181689828717
0.2672612419124244,0.7588027839838549,0.89462921950439,0.6288295485686426,0.2672612419124244,0.7786731068434619,0.9142711378407414,0.6288295485686426,0.2672612419124244,0.6876420842047831,0.8525533108866442,0.6136683171333772
0.2672612419124244,0.7573773114143473,0.9274991936241704,0.6113620740692819,0.2672612419124244,0.7797180874532661,0.9383687588415618,0.6113620740692819,0.2672612419124244,0.7016459034282077,0.8179012345679012,0.5941223975562688
0.2672612419124244,0.7541308435030988,0.9034015726233502,0.6292334064613558,0.2672612419124244,0.7663423356477719,0.9096103490400953,0.6292334064613558,0.2672612419124244,0.7031008456851868,0.8566217732884399,0.6223750353275236
0.2672612419124244,0.7527812359649128,0.8901735168399211,0.629324935375166,0.2672612419124244,0.7779067877296054,0.898740783822704,0.629324935375166,0.2672612419124244,0.7166499954533054,0.8205667789001122,0.6227324327170951
0.2672612419124244,0.7518794697654235,0.9306681871401469,0.6113620740692819,0.2672612419124244,0.7680375264147876,0.9415939446889675,0.6113620740692819,0.2672612419124244,0.7108302264253887,0.7972783389450055,0.5941223975562688
0.2672612419124244,0.7487560194033823,0.9275357027660596,0.6228559438172698,0.2672612419124244,0.7574019459861133,0.9337444791828048,0.6228559438172698,0.2672612419124244,0.7164681276711831,0.8298260381593715,0.5971691360780317
0.2672612419124244,0.7446009226705894,0.8636612129416337,0.6330935234343322,0.2672612419124244,0.7571697280728236,0.8893433307004421,0.6330935234343322,0.2672612419124244,0.7009184322997181,0.8556397306397306,0.6219654032159413
0.2672612419124244,0.7427806870780106,0.8807395545757701,0.632978647985295,0.2672612419124244,0.7678517520841558,0.9010430820573124,0.632978647985295,0.2672612419124244,0.7197417477493862,0.8602693602693603,0.6217032414797874
0.2672612419124244,0.7425312213596681,0.9283096965741091,0.6254136305940554,0.2672612419124244,0.7586791445092075,0.9298941933320973,0.6254136305940554,0.2672612419124244,0.7175593343639174,0.8329124579124579,0.6003107311778545
0.2672612419124244,0.7417583092016605,0.9298380010006679,0.6228559438172698,0.2672612419124244,0.7628126233657664,0.9376874665068307,0.6228559438172698,0.2672612419124244,0.6850959352550695,0.8313692480359147,0.5971691360780317
0.2672612419124244,0.737952714898437,0.9156505484625524,0.6292334064613558,0.2672612419124244,0.7589578060051553,0.9267251998161209,0.6292334064613558,0.2672612419124244,0.6667272892607075,0.8411896745230079,0.6176938664158744
0.2672612419124244,0.7372607890524123,0.8884766354190742,0.632978647985295,0.2672612419124244,0.7525718133896849,0.9087239705691871,0.632978647985295,0.2672612419124244,0.6747294716740929,0.8571829405162739,0.6216002414868085
0.2672612419124244,0.7348851338205925,0.8981156838194023,0.6306944891757396,0.2672612419124244,0.763393168148991,0.8981156838194023,0.6306944891757396,0.2672612419124244,0.6636355369646267,0.8292648709315376,0.6162367304628924
0.2672612419124244,0.7347094204411625,0.9188757343099582,0.6264043716920005,0.2672612419124244,0.7664120010217588,0.9150254484592507,0.6264043716920005,0.2672612419124244,0.6749113394562153,0.84006734006734,0.6227686935798081
0.2672612419124244,0.7345264802300275,0.8993462006364654,0.6304827890127123,0.2672612419124244,0.7528272530943037,0.9094979643772366,0.6304827890127123,0.2672612419124244,0.6992816222606165,0.8479236812570146,0.6221312530823986
0.2672612419124244,0.732201672059396,0.9314786900900855,0.6126304633517126,0.2672612419124244,0.7473236885493347,0.92676170895801,0.6126304633517126,0.2672612419124244,0.7332908975175048,0.858726150392817,0.5945651634549125
0.2672612419124244,0.7319737870874157,0.9274991936241704,0.62757662276661,0.2672612419124244,0.7515500545712096,0.9352924667989039,0.62757662276661,0.2672612419124244,0.6889151586796399,0.8762626262626263,0.6231511948541036
0.2672612419124244,0.7310020445653164,0.9438035414502575,0.5982278263922735,0.2672612419124244,0.7567749576202308,0.9461620320162951,0.5982278263922735,0.2672612419124244,0.6876420842047831,0.8411896745230079,0.5831840828908887
0.2672612419124244,0.7307754580164794,0.9097030505134138,0.6317056077225152,0.2672612419124244,0.7503192996307735,0.9206288080622345,0.6317056077225152,0.2672612419124244,0.6755478766936437,0.8448372615039281,0.6156761532506043
0.2672612419124244,0.7297838207246302,0.9361394788907316,0.6228559438172698,0.2672612419124244,0.7599331212409726,0.9369134726987811,0.6228559438172698,0.2672612419124244,0.6942802582522506,0.8153759820426487,0.5971691360780317
0.2672612419124244,0.7295305725397196,0.8660365294600203,0.6330935234343322,0.2672612419124244,0.7507837354573532,0.8963991192090152,0.6330935234343322,0.2672612419124244,0.683004455760662,0.8716329966329966,0.6239325874038533
0.2672612419124244,0.7227670549020208,0.8814376728628501,0.6330935234343322,0.2672612419124244,0.7401945986113369,0.8994389021097839,0.6330935234343322,0.2672612419124244,0.6519050650177322,0.8685465768799102,0.6253331064457939
0.2672612419124244,0.7196152562361937,0.9345549821327435,0.6238179082134508,0.2672612419124244,0.733204839421313,0.9438962429235759,0.6238179082134508,0.2672612419124244,0.6920069109757206,0.8282828282828283,0.5997613693558981
0.2672612419124244,0.7171481527452422,0.9345746653222837,0.6257524341577042,0.2672612419124244,0.7363862248333837,0.9400094479309793,0.6257524341577042,0.2672612419124244,0.6747294716740929,0.8442760942760943,0.6016157871876986
0.2672612419124244,0.7096488486060576,0.9158556345987297,0.6317056077225152,0.2672612419124244,0.7498316420128649,0.9237051001048924,0.6317056077225152,0.2672612419124244,0.7137401109393471,0.8298260381593715,0.6156761532506043
0.2672612419124244,0.7072490361306416,0.8940041195010884,0.6318212813357444,0.2672612419124244,0.7259596405266703,0.9065340569974374,0.6318212813357444,0.2672612419124244,0.6492679821769574,0.8550785634118967,0.6160528324666039
0.2672612419124244,0.7059220353150208,0.9189881189728168,0.6317056077225152,0.2672612419124244,0.7460232682349116,0.9299138765216375,0.6317056077225152,0.2672612419124244,0.7065563335455124,0.8390852974186307,0.616888440428542
0.2672612419124244,0.7052139613054086,0.9243667092500831,0.6282711165844588,0.2672612419124244,0.7353876878062374,0.932216174756246,0.6282711165844588,0.2672612419124244,0.6624533963808311,0.8571829405162739,0.6039080365084326
0.2672612419124244,0.7013654999180202,0.9291763918554772,0.6282711165844588,0.2672612419124244,0.7287230336948192,0.9252895968628806,0.6282711165844588,0.2672612419124244,0.6997362917159226,0.8381032547699214,0.6039080365084326
0.2672612419124244,0.6979458717807567,0.9346111744641727,0.6282711165844588,0.2672612419124244,0.7271439518844484,0.9330828700376139,0.6282711165844588,0.2672612419124244,0.6970082749840866,0.8334736251402918,0.6039080365084326
0.2672612419124244,0.6915431270298756,0.939989764741439,0.6209744603259133,0.2672612419124244,0.7203399670250563,0.9430660567840969,0.6209744603259133,0.2672612419124244,0.6941893243611894,0.8783670033670034,0.6056769347874764
0.2672612419124244,0.6871485400683447,0.8847752433731145,0.6330935234343322,0.2672612419124244,0.7100062698836588,0.8980594914879729,0.6330935234343322,0.2672612419124244,0.7031917795762481,0.8550785634118967,0.6253331064457939
0.2672612419124244,0.6812310704664507,0.8915332442721918,0.6330935234343322,0.2672612419124244,0.7190859902932912,0.9056279953369889,0.6330935234343322,0.2672612419124244,0.7161953259979994,0.8639169472502806,0.6219654032159413
0.2672612419124244,0.6716837070402316,0.9251407030581327,0.6317056077225152,0.2672612419124244,0.7068248844715881,0.945444230539675,0.6317056077225152,0.2672612419124244,0.6420842047831227,0.8458193041526375,0.6156761532506043
0.2672612419124244,0.6687895168621926,0.9252334045314512,0.6292334064613558,0.2672612419124244,0.7052690244525462,0.9244594107234017,0.6292334064613558,0.2672612419124244,0.6743657361098482,0.8107463524130191,0.6117490583503362
0.2672612419124244,0.6583728000523884,0.8962699085938075,0.632978647985295,0.2672612419124244,0.7121194528945963,0.9244229015815125,0.632978647985295,0.2672612419124244,0.6676366281713194,0.867003367003367,0.6241144678697736
0.2672612419124244,0.6508546344146006,0.9196497281180077,0.6321481518881477,0.2672612419124244,0.691893272647052,0.9196497281180077,0.6321481518881477,0.2672612419124244,0.6420842047831227,0.8731762065095399,0.6253331064457939
0.2672612419124244,0.6477515387876903,0.9376874665068307,0.6254136305940554,0.2672612419124244,0.6950978798504517,0.9376874665068307,0.6254136305940554,0.2672612419124244,0.670637446576339,0.8602693602693603,0.5998841534851616
0.2672612419124244,0.6386028810327109,0.9391230694600711,0.6250288367365462,0.2672612419124244,0.696073195086269,0.9391230694600711,0.6250288367365462,0.2672612419124244,0.6659998181322179,0.867003367003367,0.6011547624618065
0.2672612419124244,0.6373493818403149,0.93995325559955,0.6257524341577042,0.2672612419124244,0.6900355293407333,0.9368769635568921,0.6257524341577042,0.2672612419124244,0.6567245612439756,0.8282828282828283,0.5997354562597828
0.2672612419124244,0.6350165402476006,0.9461620320162951,0.6250288367365462,0.2672612419124244,0.6970485103220863,0.936010268275524,0.6250288367365462,0.2672612419124244,0.6640902064199327,0.867003367003367,0.6011547624618065
0.2672612419124244,0.6248604157878179,0.9384614603148802,0.6282711165844588,0.2672612419124244,0.6734319485405104,0.9431784414469557,0.6282711165844588,0.2672612419124244,0.6907338365008638,0.8473625140291807,0.6039080365084326
0.2672612419124244,0.6189444810420238,0.9400094479309793,0.6257524341577042,0.2672612419124244,0.6845784083784223,0.9298576841902082,0.6257524341577042,0.2672612419124244,0.7006456306265345,0.866442199775533,0.6005012995382664
0.2672612419124244,0.5824416347701024,0.9400094479309793,0.6282711165844588,0.2672612419124244,0.6659313099412488,0.9376509573649416,0.6282711165844588,0.2672612419124244,0.670182777121033,0.8778058361391694,0.6039080365084326
0.2581988897471611,0.8284743090367793,0.8223925488333583,0.6115500482999785,0.2581988897471611,0.8340803009544157,0.8660197035076713,0.6115500482999785,0.2581988897471611,0.668364099299809,0.8303872053872053,0.6016927874575169
0.2581988897471611,0.8264063295628765,0.8395073996093839,0.5950830883313577,0.2581988897471611,0.822608736037898,0.8479622819293082,0.5950830883313577,0.2581988897471611,0.6629080658361372,0.8267396184062851,0.5945658502122833
0.2581988897471611,0.824248435994842,0.8416973131811336,0.5686468750182032,0.2581988897471611,0.8309221373336739,0.8822481758127887,0.5686468750182032,0.2581988897471611,0.6970082749840866,0.8076599326599326,0.5648617332615173
0.2581988897471611,0.82373209260321,0.8441485052204898,0.5609901891813942,0.2581988897471611,0.8315026821168985,0.8675845170761194,0.5609901891813942,0.2581988897471611,0.6970992088751478,0.8221099887766554,0.5583322764471741
0.2581988897471611,0.8234550056181815,0.8230541579785491,0.6072167296886797,0.2581988897471611,0.8283909620788148,0.8728900890696074,0.6072167296886797,0.2581988897471611,0.6650904792216059,0.8271604938271605,0.6074330230733189
0.2581988897471611,0.8201230570186908,0.8442046975519192,0.5617648795917989,0.2581988897471611,0.8279033044609061,0.8769622870088409,0.5617648795917989,0.2581988897471611,0.7015549695371465,0.8261784511784511,0.5546698484257729
0.2581988897471611,0.81850889359574,0.863585337420664,0.577503181846327,0.2581988897471611,0.8293662773146321,0.8947584301195977,0.577503181846327,0.2581988897471611,0.6960989360734746,0.7839506172839505,0.5713274731596807
0.2581988897471611,0.8184892893951057,0.8271460391073229,0.6220781402360911,0.2581988897471611,0.8254882381626919,0.8575086288563178,0.6220781402360911,0.2581988897471611,0.6857324724924979,0.8153759820426487,0.6177626321769438
0.2581988897471611,0.8182576095935478,0.8697576046955201,0.5944519906893952,0.2581988897471611,0.8268351020597728,0.8907227413222532,0.5944519906893952,0.2581988897471611,0.6790033645539693,0.8618125701459034,0.5868412057561392
0.2581988897471611,0.8178452547759765,0.8411480886988014,0.5965991956730936,0.2581988897471611,0.8316187910735434,0.8683220017422797,0.5965991956730936,0.2581988897471611,0.7049195235064109,0.7905443322109988,0.5908139133497727
0.2581988897471611,0.8162443527923108,0.8750996858308973,0.5944519906893952,0.2581988897471611,0.8210064324361981,0.9030841018243142,0.5944519906893952,0.2581988897471611,0.7062835318723288,0.8381032547699214,0.5868412057561392
0.2581988897471611,0.8162376842925401,0.8286378343919927,0.6040133279043041,0.2581988897471611,0.8204026658616446,0.8510947663033954,0.6040133279043041,0.2581988897471611,0.6760025461489497,0.8230920314253647,0.605161521006411
0.2581988897471611,0.8154617525654704,0.8434503869334099,0.5965991956730936,0.2581988897471611,0.8214244246801198,0.8628872191335841,0.5965991956730936,0.2581988897471611,0.6603619168864235,0.808641975308642,0.5908139133497727
0.2581988897471611,0.8153720990927916,0.8325443125741294,0.6115500482999785,0.2581988897471611,0.8219353040893574,0.8552063306217095,0.6115500482999785,0.2581988897471611,0.6808220423751933,0.8221099887766554,0.6016927874575169
0.2581988897471611,0.8139963053952665,0.8504331571582047,0.5965991956730936,0.2581988897471611,0.8272763160950236,0.8737202752090862,0.5965991956730936,0.2581988897471611,0.7029189779030645,0.8122895622895623,0.5908139133497727
0.2581988897471611,0.8130430491813109,0.8503769648267753,0.6115500482999785,0.2581988897471611,0.817151615075587,0.8761152749170131,0.6115500482999785,0.2581988897471611,0.6792761662271528,0.8340347923681257,0.6016927874575169
0.2581988897471611,0.8114328623472123,0.8766841825888855,0.6007948518541639,0.2581988897471611,0.8171748368669159,0.9109335673304769,0.6007948518541639,0.2581988897471611,0.6905519687187415,0.8427328843995511,0.5971626573526156
0.2581988897471611,0.8111564881165525,0.8294680205314715,0.6184716931413715,0.2581988897471611,0.8248148062141514,0.8622256099883933,0.6184716931413715,0.2581988897471611,0.6980994816768209,0.8132716049382716,0.6044513591086549
0.2581988897471611,0.8100160302926597,0.8511144494929357,0.6113620740692819,0.2581988897471611,0.8168265099969811,0.8861181448530364,0.6113620740692819,0.2581988897471611,0.6827316540874784,0.7957351290684623,0.5956770999822798
0.2581988897471611,0.8097359966880036,0.8784737654830509,0.5922412055434008,0.2581988897471611,0.8179411559807723,0.9081550628973147,0.5922412055434008,0.2581988897471611,0.7322906247158316,0.8024691358024691,0.5835675548850303
0.2581988897471611,0.8095276690754417,0.8589245486200179,0.6184716931413715,0.2581988897471611,0.8229338411165037,0.8993827097783547,0.6184716931413715,0.2581988897471611,0.6857324724924979,0.808641975308642,0.6044513591086549
0.2581988897471611,0.8091335698922234,0.8014639213485144,0.6242140209321819,0.2581988897471611,0.819915008243736,0.8357694984215351,0.6242140209321819,0.2581988897471611,0.6792761662271528,0.8138327721661055,0.6191493303862644
0.2581988897471611,0.8086560818265974,0.8767965672517442,0.5944519906893952,0.2581988897471611,0.8191022455472216,0.8947416041672487,0.5944519906893952,0.2581988897471611,0.677093752841684,0.8375420875420876,0.5868412057561392
0.2581988897471611,0.8085842266337125,0.8760225734436946,0.6198394416807027,0.2581988897471611,0.8166407356663493,0.9135533363641213,0.6198394416807027,0.2581988897471611,0.707738474129308,0.8288439955106621,0.5949627152711743
0.2581988897471611,0.8082530541701306,0.8348269276191976,0.622810115784346,0.2581988897471611,0.8082344472052574,0.8628310268021547,0.622810115784346,0.2581988897471611,0.6845503319087024,0.8101851851851851,0.6053451582712271
0.2581988897471611,0.8079359730800308,0.8790791822968124,0.5861475680558981,0.2581988897471611,0.8160834126744537,0.8751727041146755,0.5861475680558981,0.2581988897471611,0.6885514231153951,0.8066778900112234,0.5831742177738142
0.2581988897471611,0.8076392897268336,0.8201267597406391,0.6239740621993677,0.2581988897471611,0.8144578872814249,0.828694026723422,0.6239740621993677,0.2581988897471611,0.6434482131490407,0.8468013468013468,0.6170184580237441
0.2581988897471611,0.8076127720699069,0.9158921437406188,0.5929961459627583,0.2581988897471611,0.8208438798968952,0.927591895097489,0.5929961459627583,0.2581988897471611,0.728835136855506,0.8251964085297419,0.5936616342342186
0.2581988897471611,0.8050555955318456,0.815465970939993,0.6268638304449676,0.2581988897471611,0.8085595522838632,0.850489349489634,0.6268638304449676,0.2581988897471611,0.66008911521324,0.840628507295174,0.6198918506481171
0.2581988897471611,0.8047765619487519,0.8209372626905778,0.6242140209321819,0.2581988897471611,0.8205652184009474,0.8498080571549029,0.6242140209321819,0.2581988897471611,0.6911885059561699,0.8452581369248036,0.6191493303862644
0.2581988897471611,0.8045316442053054,0.8837961634288878,0.5955640558964921,0.2581988897471611,0.8076539024220328,0.9047613000556209,0.5955640558964921,0.2581988897471611,0.6998272256069837,0.8402076318742985,0.5927700609282205
0.2581988897471611,0.8045111181541871,0.9189319266413876,0.5922412055434008,0.2581988897471611,0.8158047511785059,0.9274991936241704,0.5922412055434008,0.2581988897471611,0.7392925343275438,0.7901234567901234,0.5835675548850303
0.2581988897471611,0.8043270638900054,0.8396001010827024,0.6206484156734906,0.2581988897471611,0.8145275526554119,0.8637539144149522,0.6206484156734906,0.2581988897471611,0.7071928707829408,0.7920875420875421,0.606723955223071
0.2581988897471611,0.8032894682241171,0.8185422629826509,0.6268638304449676,0.2581988897471611,0.8107888442514456,0.8457723683575585,0.6268638304449676,0.2581988897471611,0.6429935436937346,0.8308080808080808,0.6198918506481171
0.2581988897471611,0.8030510776121166,0.8216185550253088,0.6251382559223058,0.2581988897471611,0.8038455286440797,0.8599233117537849,0.6251382559223058,0.2581988897471611,0.6779121578612349,0.8463804713804713,0.6107304455880962
0.2581988897471611,0.8020524128324905,0.8241259393960944,0.6250157636446168,0.2581988897471611,0.8166871792490072,0.8544323368136599,0.6250157636446168,0.2581988897471611,0.6717286532690734,0.85662177328844,0.6170184580237441
0.2581988897471611,0.8018146456693929,0.8899122383723146,0.5955640558964921,0.2581988897471611,0.8085595522838632,0.9132920578965147,0.5955640558964921,0.2581988897471611,0.68664181140311,0.8180415263748597,0.5927700609282205
0.2581988897471611,0.800597930039066,0.8442805730728887,0.6206484156734906,0.2581988897471611,0.8119034902352368,0.8808322560490887,0.6206484156734906,0.2581988897471611,0.7091934163862872,0.800364758698092,0.606723955223071
0.2581988897471611,0.8002802079154098,0.8362822137619782,0.6230259288735899,0.2581988897471611,0.8066089218122285,0.8667375049842916,0.6230259288735899,0.2581988897471611,0.6730017277439302,0.8107463524130191,0.6188055149195351
0.2581988897471611,0.7999947885691953,0.8932863180244681,0.6021910895406314,0.2581988897471611,0.8127626965144091,0.8956448085905059,0.6021910895406314,0.2581988897471611,0.7395653360007275,0.8040123456790124,0.5925696799907525
0.2581988897471611,0.7999185196283737,0.8946854118358194,0.6126304633517126,0.2581988897471611,0.8058193809070432,0.8954397224543287,0.6126304633517126,0.2581988897471611,0.6925525143220879,0.8648989898989898,0.5961164822094577
0.2581988897471611,0.7998946007374559,0.9251772122000219,0.5922412055434008,0.2581988897471611,0.8086059958665212,0.9322526838981351,0.5922412055434008,0.2581988897471611,0.7301082113303629,0.7922278338945006,0.5835675548850303
0.2581988897471611,0.7998864396922571,0.9003617897225813,0.6065259298795184,0.2581988897471611,0.8053085014978055,0.9003617897225813,0.6065259298795184,0.2581988897471611,0.7371101209420751,0.816358024691358,0.6072169602613955
0.2581988897471611,0.799580781562118,0.8387334058013345,0.6282680121452994,0.2581988897471611,0.810185077676892,0.8752485796356451,0.6282680121452994,0.2581988897471611,0.6620896608165864,0.8427328843995511,0.6223750353275236
0.2581988897471611,0.7980370042840207,0.9056476785265292,0.5956956599855823,0.2581988897471611,0.805981933446346,0.9283096965741091,0.5956956599855823,0.2581988897471611,0.7321087569337092,0.8246352413019079,0.5936616342342186
0.2581988897471611,0.7976227998527374,0.8349393122820563,0.6291891153087189,0.2581988897471611,0.8049833964191998,0.8613954238489144,0.6291891153087189,0.2581988897471611,0.6719105210511958,0.8359988776655444,0.6207173045430678
0.2581988897471611,0.7973165769403981,0.861339231517485,0.6282680121452994,0.2581988897471611,0.8063999256902677,0.8807760637176593,0.6282680121452994,0.2581988897471611,0.6695462398836046,0.8282828282828283,0.6223750353275236
0.2581988897471611,0.796608056710614,0.913533653174581,0.5942708836183566,0.2581988897471611,0.8095116457283514,0.9181944419752271,0.5942708836183566,0.2581988897471611,0.7349277075566063,0.8195847362514029,0.5945658502122833
0.2581988897471611,0.7965393878722349,0.8637539144149522,0.6282680121452994,0.2581988897471611,0.8067018089775445,0.8957010009219352,0.6282680121452994,0.2581988897471611,0.672910793852869,0.8221099887766554,0.6223750353275236
0.2581988897471611,0.7963367548461001,0.9165172437439204,0.5929961459627583,0.2581988897471611,0.8138773424982003,0.9267251998161209,0.5929961459627583,0.2581988897471611,0.7367463853778303,0.8070987654320988,0.5936616342342186
0.2581988897471611,0.7937705058556435,0.8900414489875221,0.6127584273945867,0.2581988897471611,0.7941155980772356,0.9001932127282932,0.6127584273945867,0.2581988897471611,0.6968264072019642,0.8303872053872053,0.5986216382009575
0.2581988897471611,0.7937092306344131,0.8840209327546052,0.6215795946282743,0.2581988897471611,0.8090936534844297,0.891870398260768,0.6215795946282743,0.2581988897471611,0.7014640356460853,0.8390852974186307,0.5986527426945306
0.2581988897471611,0.7927741922746825,0.8986649083017344,0.6211415423276603,0.2581988897471611,0.8042402990966723,0.9050225785232274,0.6211415423276603,0.2581988897471611,0.7276529962717104,0.8540965207631874,0.6079796502312509
0.2581988897471611,0.791882421606695,0.8645279082230016,0.6245091067356551,0.2581988897471611,0.8085595522838632,0.894116504163947,0.6245091067356551,0.2581988897471611,0.6903701009366191,0.8519921436588103,0.6105179982152595
0.2581988897471611,0.7896542670596783,0.8962895917833478,0.6226688289319663,0.2581988897471611,0.79653066437545,0.9235562063001446,0.6226688289319663,0.2581988897471611,0.6613621896880968,0.8251964085297419,0.6048718880036542
0.2581988897471611,0.7889578082125889,0.8793966530958482,0.6263184534295041,0.2581988897471611,0.7949283607737501,0.8856054295125935,0.6263184534295041,0.2581988897471611,0.7084659452577976,0.851010101010101,0.61113773606369
0.2581988897471611,0.7855973217175718,0.9019462864805695,0.6176393275290903,0.2581988897471611,0.7970647655760166,0.9128158516979609,0.6176393275290903,0.2581988897471611,0.7227425661544058,0.8462401795735128,0.6117617570873477
0.2581988897471611,0.7854470822806346,0.9174401313567178,0.6186178972005688,0.2581988897471611,0.7891693565241623,0.923648907773463,0.6186178972005688,0.2581988897471611,0.7302900791124852,0.7962962962962963,0.5984116823393819
0.2581988897471611,0.7854160413748305,0.8800020699096097,0.6228559438172698,0.2581988897471611,0.8006409214406799,0.900305597391152,0.6228559438172698,0.2581988897471611,0.6808220423751933,0.8143939393939394,0.5971691360780317
0.2581988897471611,0.7851108966551318,0.8457723683575585,0.629350637973574,0.2581988897471611,0.796391333627476,0.8675114987923411,0.629350637973574,0.2581988897471611,0.6429935436937346,0.8416105499438833,0.6154705401034513
0.2581988897471611,0.7844511113316487,0.8839450572336356,0.6228559438172698,0.2581988897471611,0.7887745860715696,0.8948708147824563,0.6228559438172698,0.2581988897471611,0.671546785486951,0.8354377104377104,0.6071396683022756
0.2581988897471611,0.7786333918648879,0.9189684357832767,0.5929961459627583,0.2581988897471611,0.7919095279009822,0.9338371806561232,0.5929961459627583,0.2581988897471611,0.7203782849868146,0.8540965207631874,0.5936616342342186
0.2581988897471611,0.7775737633197221,0.9290640071926184,0.5922412055434008,0.2581988897471611,0.7966699951234238,0.9369134726987811,0.5922412055434008,0.2581988897471611,0.7216513594616714,0.8143939393939394,0.5835675548850303
0.2581988897471611,0.7770567071737214,0.9236292245839228,0.6126304633517126,0.2581988897471611,0.7930473956761025,0.9361394788907316,0.6126304633517126,0.2581988897471611,0.6973720105483313,0.8959034792368126,0.5961164822094577
0.2581988897471611,0.7741991194895763,0.9025713864838713,0.6292334064613558,0.2581988897471611,0.786754290225948,0.9088363552320458,0.6292334064613558,0.2581988897471611,0.7046467218332273,0.8365600448933782,0.6163041627483511
0.2581988897471611,0.7727002549513623,0.9094979643772366,0.6263184534295041,0.2581988897471611,0.782783363908692,0.9212904172074252,0.6263184534295041,0.2581988897471611,0.7062835318723288,0.8577441077441077,0.614949379495747
0.2581988897471611,0.7721856730965987,0.9143076469826306,0.6198394416807027,0.2581988897471611,0.796437777210134,0.9283096965741091,0.6198394416807027,0.2581988897471611,0.7011912339729017,0.8257575757575757,0.5990963646495604
0.2581988897471611,0.7714537759517995,0.9103843428481448,0.6201937275621918,0.2581988897471611,0.7906787729605462,0.9181776160228783,0.6201937275621918,0.2581988897471611,0.7085568791488588,0.8627946127946128,0.5973829197400218
0.2581988897471611,0.7714537635887903,0.9266858334370405,0.6126304633517126,0.2581988897471611,0.7887049206975826,0.9344791066117738,0.6126304633517126,0.2581988897471611,0.7141038465035919,0.8427328843995511,0.5961164822094577
0.2581988897471611,0.7656087557351311,0.8682293002689613,0.6319745169177021,0.2581988897471611,0.7752362817267724,0.8986845914912747,0.6319745169177021,0.2581988897471611,0.682549786305356,0.8581649831649831,0.6216002414868085
0.2581988897471611,0.765121642106819,0.8832272557570154,0.629350637973574,0.2581988897471611,0.7831084689872977,0.8987772929645931,0.629350637973574,0.2581988897471611,0.6996453578248614,0.8566217732884399,0.6154705401034513
0.2581988897471611,0.7648594908657786,0.9275357027660596,0.6113620740692819,0.2581988897471611,0.7921649676056011,0.9500488270088917,0.6113620740692819,0.2581988897471611,0.7060107301991452,0.8013468013468013,0.5941223975562688
0.2581988897471611,0.7608823857616466,0.859791243901386,0.6330935234343322,0.2581988897471611,0.780019970740543,0.8846628587102559,0.6330935234343322,0.2581988897471611,0.7061925979812677,0.8556397306397306,0.6220535606085276
0.2581988897471611,0.7597631308828343,0.9290836903821587,0.6228559438172698,0.2581988897471611,0.7665977753523907,0.9244229015815125,0.6228559438172698,0.2581988897471611,0.7016459034282077,0.8473625140291807,0.5956259087328745
0.2581988897471611,0.7592299559833863,0.8807395545757701,0.6304827890127123,0.2581988897471611,0.7781622274342243,0.8994585852993242,0.6304827890127123,0.2581988897471611,0.6501773210875693,0.8525533108866442,0.6221312530823986
0.2581988897471611,0.7585635679682013,0.9306681871401469,0.6113620740692819,0.2581988897471611,0.7796484220792792,0.9446702367316254,0.6113620740692819,0.2581988897471611,0.7074656724561244,0.8132716049382716,0.5941223975562688
0.2581988897471611,0.7546467354529153,0.9305754856668284,0.6228559438172698,0.2581988897471611,0.7605136660241971,0.9345746653222837,0.6228559438172698,0.2581988897471611,0.6924615804310267,0.8381032547699214,0.5956259087328745
0.2581988897471611,0.749415710890856,0.8909840197898597,0.6317056077225152,0.2581988897471611,0.7674105380489051,0.895664491780046,0.6317056077225152,0.2581988897471611,0.6661816859143402,0.8602693602693603,0.6242057651064369
0.2581988897471611,0.7481652787998377,0.9174401313567178,0.6292334064613558,0.2581988897471611,0.770336483756357,0.9205726157308051,0.6292334064613558,0.2581988897471611,0.6619987269255252,0.8375420875420876,0.6117490583503362
0.2581988897471611,0.7453849828843734,0.9096468581819844,0.6317056077225152,0.2581988897471611,0.7696398300164875,0.9097030505134138,0.6317056077225152,0.2581988897471611,0.7194689460762026,0.8319304152637486,0.6156761532506043
0.2581988897471611,0.7435294770081505,0.9329704853747552,0.6159536728930997,0.2581988897471611,0.768873510902631,0.9384614603148802,0.6159536728930997,0.2581988897471611,0.7048285896153497,0.8556397306397306,0.6012580997394865
0.2581988897471611,0.7411197619925645,0.8690763123607891,0.6330935234343322,0.2581988897471611,0.7639969347235446,0.8854368525183054,0.6330935234343322,0.2581988897471611,0.7098299536237156,0.8458193041526375,0.6219654032159413
0.2581988897471611,0.7371426751641854,0.8745307781590249,0.6330935234343322,0.2581988897471611,0.7623481875391868,0.8901173245084917,0.6330935234343322,0.2581988897471611,0.6863690097299263,0.882996632996633,0.6219654032159413
0.2581988897471611,0.7341785803843486,0.9322526838981351,0.621653738527981,0.2581988897471611,0.7729373243852031,0.9322526838981351,0.621653738527981,0.2581988897471611,0.6673638264981359,0.8292648709315376,0.5951854578921127
0.2581988897471611,0.73309823097468,0.9407637585494886,0.6228559438172698,0.2581988897471611,0.7645078141327822,0.9423482553074768,0.6228559438172698,0.2581988897471611,0.718286805492407,0.8070987654320988,0.5971691360780317
0.2581988897471611,0.7299788524197005,0.9180652313600195,0.6302848548881448,0.2581988897471611,0.741378909969115,0.9212539080655362,0.6302848548881448,0.2581988897471611,0.6569064290260981,0.8179012345679012,0.6202802052308183
0.2581988897471611,0.7281686078280795,0.8994950944412133,0.632978647985295,0.2581988897471611,0.756542739706941,0.9212904172074252,0.632978647985295,0.2581988897471611,0.6897335636991907,0.8571829405162739,0.6235080108443247
0.2581988897471611,0.7245421933846198,0.8752288964461049,0.6330935234343322,0.2581988897471611,0.748275781993823,0.9026078956257604,0.6330935234343322,0.2581988897471611,0.6469946349004274,0.8608305274971941,0.6239325874038533
0.2581988897471611,0.7244118142392258,0.9205726157308051,0.629350637973574,0.2581988897471611,0.7474397975059797,0.9229311062968428,0.629350637973574,0.2581988897471611,0.6991906883695553,0.8654601571268238,0.6191981232294683
0.2581988897471611,0.7240816066278999,0.9345746653222837,0.6257524341577042,0.2581988897471611,0.7630216194877273,0.9377071496963709,0.6257524341577042,0.2581988897471611,0.70864781303992,0.8489057239057238,0.6037727477177401
0.2581988897471611,0.718423174861975,0.9213831186807437,0.6282711165844588,0.2581988897471611,0.7398694935327311,0.9283658889055385,0.6282711165844588,0.2581988897471611,0.7068291352186961,0.8381032547699214,0.6039080365084326
0.2581988897471611,0.7174299205499263,0.9127793425560717,0.6317056077225152,0.2581988897471611,0.7381743027657154,0.9229311062968428,0.6317056077225152,0.2581988897471611,0.7117395653360007,0.8442760942760943,0.6176332696024107
0.2581988897471611,0.710507889780807,0.9026275788153006,0.632978647985295,0.2581988897471611,0.7378956412697676,0.910420851990034,0.632978647985295,0.2581988897471611,0.6753660089115213,0.8390852974186307,0.6216002414868085
0.2581988897471611,0.7084194793204173,0.9235927154420336,0.6282711165844588,0.2581988897471611,0.7397533845760862,0.9244229015815125,0.6282711165844588,0.2581988897471611,0.6655451486769118,0.8571829405162739,0.6039080365084326
0.2581988897471611,0.7063534041339077,0.8839085480917466,0.6330935234343322,0.2581988897471611,0.735945010798133,0.9150816407906801,0.6330935234343322,0.2581988897471611,0.6907338365008638,0.8612514029180696,0.6219654032159413
0.2581988897471611,0.7037465675371393,0.9251772122000219,0.6282711165844588,0.2581988897471611,0.7337157188305505,0.927591895097489,0.6282711165844588,0.2581988897471611,0.7081931435846139,0.8525533108866442,0.6039080365084326
0.2581988897471611,0.7028688271186866,0.9291201995240478,0.6282711165844588,0.2581988897471611,0.729048138773425,0.9353851682722223,0.6282711165844588,0.2581988897471611,0.6993725561516777,0.8463804713804713,0.6039080365084326
0.2581988897471611,0.7017164186416612,0.9283658889055385,0.6292334064613558,0.2581988897471611,0.745582054199661,0.929139882713588,0.6292334064613558,0.2581988897471611,0.7067382013276348,0.8215488215488216,0.6117490583503362
0.2581988897471611,0.6951878166120636,0.887590256948166,0.6330935234343322,0.2581988897471611,0.7309291038710726,0.8978347221622556,0.6330935234343322,0.2581988897471611,0.7275620623806492,0.8639169472502806,0.6219654032159413
0.2581988897471611,0.6824635355725093,0.9197621127808664,0.6317056077225152,0.2581988897471611,0.7086361841952489,0.9400094479309793,0.6317056077225152,0.2581988897471611,0.6467218332272437,0.8504489337822672,0.6156761532506043
0.2581988897471611,0.6718191423493183,0.9392354541229297,0.6257524341577042,0.2581988897471611,0.7012748763439611,0.945444230539675,0.6257524341577042,0.2581988897471611,0.7159225243248158,0.8618125701459034,0.5997354562597828
0.2581988897471611,0.6653976487491184,0.9290836903821587,0.6292334064613558,0.2581988897471611,0.6982095998885354,0.9361591620802718,0.6292334064613558,0.2581988897471611,0.6562698917886697,0.8411896745230079,0.6117490583503362
0.2581988897471611,0.6636497868279306,0.9429733553107785,0.6186467794248804,0.2581988897471611,0.7130018809650976,0.9398970632681206,0.6186467794248804,0.2581988897471611,0.6941893243611894,0.8654601571268238,0.6001228622338852
0.2581988897471611,0.6628756662433449,0.9361029697488426,0.6317056077225152,0.2581988897471611,0.6979541601839165,0.9361029697488426,0.6317056077225152,0.2581988897471611,0.6864599436209875,0.8587261503928171,0.6156761532506043
0.2581988897471611,0.6607361957862072,0.9118564549432744,0.6321481518881477,0.2581988897471611,0.70153031604858,0.914214945509312,0.6321481518881477,0.2581988897471611,0.6747294716740929,0.8731762065095399,0.6253331064457939
0.2581988897471611,0.6506248555985144,0.9079499767611375,0.632978647985295,0.2581988897471611,0.6928453660915403,0.9204602310679464,0.632978647985295,0.2581988897471611,0.7029189779030645,0.8546576879910214,0.6249744248755267
0.2581988897471611,0.6454149819186764,0.9431222491155263,0.6254136305940554,0.2581988897471611,0.6947495529805169,0.9438962429235759,0.6254136305940554,0.2581988897471611,0.6707283804674002,0.8762626262626263,0.5998841534851616
0.2581988897471611,0.6451393373359383,0.8995316035831025,0.6330935234343322,0.2581988897471611,0.680770034600469,0.9119491564165928,0.6330935234343322,0.2581988897471611,0.6500863871965081,0.8458193041526374,0.6253331064457939
0.2581988897471611,0.6395611047959937,0.9453880382082456,0.6250288367365462,0.2581988897471611,0.6981863780972064,0.9438035414502575,0.6250288367365462,0.2581988897471611,0.6656360825679731,0.8747194163860831,0.6011547624618065
0.2581988897471611,0.6323484076966045,0.914214945509312,0.6330935234343322,0.2581988897471611,0.6793302835380721,0.9259512060080713,0.6330935234343322,0.2581988897471611,0.6296262617077385,0.8762626262626263,0.6253331064457939
0.2581988897471611,0.6047762496483837,0.9446702367316254,0.6257524341577042,0.2581988897471611,0.6839978635951978,0.9423117461655877,0.6257524341577042,0.2581988897471611,0.686187141947804,0.8618125701459034,0.6005012995382664
0.2581988897471611,0.590316160928971,0.949238324058953,0.6250288367365462,0.2581988897471611,0.6679051622042125,0.9422190446922691,0.6250288367365462,0.2581988897471611,0.6774574884059289,0.8654601571268238,0.6011547624618065
0.2581988897471611,0.5886686699809975,0.9392354541229297,0.6282711165844588,0.2581988897471611,0.6823026728281819,0.9392354541229297,0.6282711165844588,0.2581988897471611,0.6838228607802128,0.8633557800224467,0.6039080365084326
0.2581988897471611,0.5655668603374324,0.945444230539675,0.6282711165844588,0.2581988897471611,0.6695539093885703,0.9446702367316254,0.6282711165844588,0.2581988897471611,0.6647267436573611,0.8685465768799102,0.6039080365084326
0.25,0.8371205629619963,0.8146329275633227,0.5920532850683684,0.25,0.8379815618976848,0.8332592568135583,0.5920532850683684,0.25,0.681640447394744,0.827300785634119,0.5879986915975721
0.25,0.8300860887025806,0.8246723066412351,0.5765905650711816,0.25,0.8328727678053085,0.8535431011055603,0.5765905650711816,0.25,0.6924615804310267,0.8180415263748597,0.5689439079557503
0.25,0.8295176741582511,0.8324852630055087,0.590591398147328,0.25,0.8318974525694912,0.8480718093549755,0.590591398147328,0.25,0.6922797126489042,0.8226711560044894,0.578676860475897
0.25,0.8269758398844997,0.8379594119932849,0.5661489550713548,0.25,0.8343357406590345,0.877643579343572,0.5661489550713548,0.25,0.6831863235427844,0.7984006734006734,0.562452264118108
0.25,0.8259386201001707,0.8504331571582047,0.5965991956730936,0.25,0.8366346980006037,0.8838720389498573,0.5965991956730936,0.25,0.7006456306265345,0.8169191919191919,0.5908139133497727
0.25,0.8226753370371375,0.8270336544444642,0.6083453279805886,0.25,0.821145763184172,0.8559971503821079,0.6083453279805886,0.25,0.6704555787942166,0.8230920314253647,0.5985021030253495
0.25,0.8225891904357425,0.8401690087545748,0.5976540115237857,0.25,0.8341964099110606,0.8745307781590249,0.5976540115237857,0.25,0.7038283168136764,0.8282828282828283,0.5896259836874163
0.25,0.822465064746232,0.8447932884133318,0.5976540115237857,0.25,0.8305970322550682,0.8767403749203149,0.5976540115237857,0.25,0.7034645812494317,0.8169191919191919,0.5896259836874163
0.25,0.8209371619561604,0.8503207724953459,0.6174851021270522,0.25,0.8227248449945429,0.8651895173681925,0.6174851021270522,0.25,0.6606347185596072,0.7885802469135802,0.606723955223071
0.25,0.8201446078173903,0.8334475169973866,0.6184716931413715,0.25,0.8216566425934096,0.8691886970236478,0.6184716931413715,0.25,0.6705465126852778,0.8489057239057238,0.6044513591086549
0.25,0.819914105266126,0.8566419335749498,0.5965991956730936,0.25,0.8306202540463972,0.8706804923083175,0.5965991956730936,0.25,0.6547240156406292,0.808641975308642,0.5908139133497727
0.25,0.8197040610381894,0.8689639276979304,0.5817219087971012,0.25,0.8316652346562013,0.8900414489875221,0.5817219087971012,0.25,0.6988269528053105,0.8246352413019079,0.5826924219534573
0.25,0.8192913042308398,0.8627748344707253,0.5914523189111611,0.25,0.8318742307781622,0.8760028902541545,0.5914523189111611,0.25,0.6913703737382922,0.8101851851851851,0.5836327156576371
0.25,0.8189437973138514,0.8209007535486886,0.6249970092551289,0.25,0.8248380280054803,0.850489349489634,0.6249970092551289,0.25,0.6840047285623352,0.8076599326599326,0.6198918506481171
0.25,0.818614826157044,0.8457161760261291,0.6183121770522101,0.25,0.8231660590297936,0.8768330763936333,0.6183121770522101,0.25,0.6654542147858507,0.8267396184062851,0.6173451340275258
0.25,0.8181065428332356,0.8574327533353482,0.5945478256610657,0.25,0.8303648143417783,0.8988138021064822,0.5945478256610657,0.25,0.727016459034282,0.8040123456790124,0.5936616342342186
0.25,0.8179467410308593,0.8698306229792984,0.577503181846327,0.25,0.829319833731974,0.8909081442688902,0.577503181846327,0.25,0.6955533327271074,0.7916666666666666,0.5751055521630327
0.25,0.8173929084641555,0.8947219209777085,0.5702134243547482,0.25,0.8284141838701438,0.9173277466938591,0.5702134243547482,0.25,0.7246521778666909,0.8024691358024691,0.563201441223389
0.25,0.816963163115734,0.8698137970269495,0.5930615485479398,0.25,0.8218656387153706,0.8994023929678948,0.5930615485479398,0.25,0.6960080021824134,0.8334736251402918,0.5863813992856766
0.25,0.8167010907368716,0.8309963249580303,0.6249970092551289,0.25,0.8203330004876577,0.8792477592911004,0.6249970092551289,0.25,0.6878239519869055,0.7993827160493827,0.6198918506481171
0.25,0.8160258621717037,0.8769426038193007,0.5848144359339229,0.25,0.8285767364094466,0.9073051935682956,0.5848144359339229,0.25,0.7107392925343275,0.8128507295173961,0.5810668559722646
0.25,0.8152742363514988,0.8557190459621524,0.5991458660288276,0.25,0.8165942920836914,0.8744745858275955,0.5991458660288276,0.25,0.677093752841684,0.8205667789001122,0.5945658502122833
0.25,0.814936094375743,0.8768133932040931,0.5867764174249125,0.25,0.8307595847943711,0.8869651569448642,0.5867764174249125,0.25,0.7121942347913067,0.8319304152637486,0.580797003329732
0.25,0.8148863587567794,0.8759101887808359,0.5944519906893952,0.25,0.8207045491489213,0.8999516174502269,0.5944519906893952,0.25,0.70637446576339,0.8556397306397306,0.5868412057561392
0.25,0.8148710647158851,0.8542272506774827,0.6115500482999785,0.25,0.8222371873766342,0.8721722875929871,0.6115500482999785,0.25,0.6575429662635264,0.8066778900112234,0.6016927874575169
0.25,0.8148377189151095,0.8781759778735552,0.5944519906893952,0.25,0.8279961916262221,0.8930812318882909,0.5944519906893952,0.25,0.6850959352550695,0.8685465768799102,0.588229245343179
0.25,0.8145041926420404,0.8092010021918185,0.6268638304449676,0.25,0.8198917864524069,0.8480746665921669,0.6268638304449676,0.25,0.643630080931163,0.8153759820426487,0.6198918506481171
0.25,0.8138640903813698,0.8349028031401672,0.6184716931413715,0.25,0.8253953509973759,0.8700188831631267,0.6184716931413715,0.25,0.6925525143220879,0.8019079685746353,0.6044513591086549
0.25,0.8128265025479471,0.833318306382179,0.6249970092551289,0.25,0.821308315723475,0.860641113230405,0.6249970092551289,0.25,0.6878239519869055,0.8251964085297419,0.6198918506481171
0.25,0.8126117507010364,0.85735973505157,0.5946933667059016,0.25,0.8222836309592922,0.879191566959671,0.5946933667059016,0.25,0.692188778757843,0.8246352413019079,0.5894294351021683
0.25,0.812469225398026,0.8798728592944021,0.5976540115237857,0.25,0.8201472261570257,0.8908913183165412,0.5976540115237857,0.25,0.7247431117577521,0.8221099887766554,0.5896259836874163
0.25,0.8117467993934784,0.8815106911466284,0.5817219087971012,0.25,0.8220049694633444,0.9080229950449158,0.5817219087971012,0.25,0.703646449031554,0.8417508417508417,0.5826924219534573
0.25,0.810490814084358,0.9196862372598968,0.5922412055434008,0.25,0.8197060121217751,0.92676170895801,0.5922412055434008,0.25,0.734291170319178,0.8298260381593715,0.5835675548850303
0.25,0.8103696330947533,0.8357694984215351,0.6249970092551289,0.25,0.8207742145229083,0.8591493179457353,0.6249970092551289,0.25,0.6910066381740475,0.8122895622895623,0.6198918506481171
0.25,0.8098057658342199,0.8131074803739552,0.6268638304449676,0.25,0.8127162529317512,0.8527916477242423,0.6268638304449676,0.25,0.6695462398836046,0.803030303030303,0.6198918506481171
0.25,0.8095622591632016,0.864415523560143,0.6083453279805886,0.25,0.8207742145229083,0.8862108463263549,0.6083453279805886,0.25,0.6569064290260981,0.8138327721661055,0.5985021030253495
0.25,0.8085877341960962,0.8816989513304567,0.6186178972005688,0.25,0.8183127046420361,0.8848314357045439,0.6186178972005688,0.25,0.73065381467673,0.8375420875420876,0.5945208177340908
0.25,0.8083330214936986,0.8255615423493348,0.6268638304449676,0.25,0.8157350858045189,0.8504331571582047,0.6268638304449676,0.25,0.6440847503864691,0.8468013468013468,0.6198918506481171
0.25,0.8083259314997747,0.8402617102278933,0.622810115784346,0.25,0.8113693890346702,0.8807760637176593,0.622810115784346,0.25,0.6975538783304538,0.7978395061728395,0.6053451582712271
0.25,0.807328082371614,0.8823240513337584,0.5984441918620249,0.25,0.8244897011355456,0.9134409517012625,0.5984441918620249,0.25,0.7322906247158316,0.7947530864197531,0.5916694523416786
0.25,0.8069850158483031,0.8846460327579069,0.6214654285280099,0.25,0.8188700276339317,0.9095176475667768,0.6214654285280099,0.25,0.6837319268891516,0.8267396184062851,0.6044513591086549
0.25,0.8068296389282509,0.8317703187660799,0.6250157636446168,0.25,0.8227945103685298,0.8489975542049643,0.6250157636446168,0.25,0.6655451486769118,0.8344556677890012,0.6176780775215869
0.25,0.8064340902013768,0.8442805730728887,0.6249970092551289,0.25,0.8121124863571976,0.8629434114650134,0.6249970092551289,0.25,0.6740020005456033,0.8597081930415263,0.6198918506481171
0.25,0.8062813132759555,0.8914040336569843,0.6072167296886797,0.25,0.8208903234795533,0.9086312690958686,0.6072167296886797,0.25,0.7157406565426935,0.835016835016835,0.6074330230733189
0.25,0.8056411197900973,0.9204405478784061,0.5929961459627583,0.25,0.8219120822980285,0.9376874665068307,0.5929961459627583,0.25,0.7247431117577521,0.8092031425364759,0.5936616342342186
0.25,0.8037911840255297,0.8262793438259549,0.6251382559223058,0.25,0.8159208601351509,0.8629434114650134,0.6251382559223058,0.25,0.6645448758752387,0.8179012345679012,0.6107304455880962
0.25,0.8034890367596961,0.8402813934174335,0.6251382559223058,0.25,0.8125072568097903,0.8535656415322919,0.6251382559223058,0.25,0.660543784668546,0.7895622895622896,0.612965643976011
0.25,0.8032120051394488,0.8613589147070253,0.621653738527981,0.25,0.8134129066716207,0.8754536657718224,0.621653738527981,0.25,0.7191052105119579,0.813692480359147,0.5967320424559525
0.25,0.8032078643759745,0.8426398839834712,0.6268638304449676,0.25,0.812948470845041,0.8575086288563178,0.6268638304449676,0.25,0.6640902064199327,0.8107463524130191,0.6198918506481171
0.25,0.8023888531667027,0.885380660186876,0.6076578496220507,0.25,0.8125304786011193,0.8970242192123169,0.6076578496220507,0.25,0.7164681276711831,0.8355780022446689,0.5991712518549855
0.25,0.8016319451931361,0.9274795104346303,0.5922412055434008,0.25,0.8116944941132759,0.935328975940793,0.5922412055434008,0.25,0.732017823042648,0.7968574635241301,0.5835675548850303
0.25,0.8014775186890307,0.8449421822180796,0.6282680121452994,0.25,0.8113693890346702,0.8752485796356451,0.6282680121452994,0.25,0.6610893880149131,0.8473625140291807,0.6223750353275236
0.25,0.7986344993908799,0.907175982953088,0.6211415423276603,0.25,0.8078628985439937,0.9236292245839228,0.6211415423276603,0.25,0.7098299536237156,0.8623737373737373,0.6079796502312509
0.25,0.7979119489115606,0.8698699893583788,0.6229772422939108,0.25,0.8097670854329703,0.9111386534666541,0.6229772422939108,0.25,0.699008820587433,0.8271604938271605,0.6011161490830348
0.25,0.7973451129162026,0.8816062498571382,0.6215795946282743,0.25,0.8097438636416413,0.9080623614239962,0.6215795946282743,0.25,0.7258343184504865,0.827300785634119,0.5988020119003179
0.25,0.7970060771179033,0.9125742564198945,0.5949988057112318,0.25,0.8052620579151476,0.9259512060080713,0.5949988057112318,0.25,0.7444757661180322,0.7984006734006734,0.5835675548850303
0.25,0.794535649743565,0.8962699085938075,0.624190787443764,0.25,0.801964563546432,0.9188757343099582,0.624190787443764,0.25,0.6957352005092298,0.8184624017957352,0.606960021440158
0.25,0.7943000325154825,0.9213269263493145,0.5929961459627583,0.25,0.808675661240508,0.9369696650302105,0.5929961459627583,0.25,0.7271983268164045,0.851010101010101,0.5936616342342186
0.25,0.7928812408087552,0.9290274980507293,0.5922412055434008,0.25,0.8013840187632074,0.9321599824248166,0.5922412055434008,0.25,0.7462944439392561,0.7968574635241301,0.5835675548850303
0.25,0.7912019284728186,0.8682293002689613,0.6262972661788047,0.25,0.7986206255950584,0.8892506292271237,0.6262972661788047,0.25,0.6528144039283441,0.8757014590347924,0.6224953911546433
0.25,0.790978289925809,0.9118929640851634,0.6181185940496745,0.25,0.8064928128555837,0.9048736847184796,0.6181185940496745,0.25,0.7035555151404929,0.8519921436588103,0.6143984204136888
0.25,0.7909267360229958,0.9221571124887933,0.5929961459627583,0.25,0.8078164549613357,0.9314983732796258,0.5929961459627583,0.25,0.731108484132036,0.8396464646464646,0.5936616342342186
0.25,0.7906979885583342,0.8955886162590765,0.6243673854583106,0.25,0.8025218865383276,0.9111751626085433,0.6243673854583106,0.25,0.7192870782940802,0.8390852974186307,0.6196892880436582
0.25,0.7898971723969906,0.9212904172074252,0.6186178972005688,0.25,0.800594477858022,0.9361591620802718,0.6186178972005688,0.25,0.7364735837046468,0.8076599326599326,0.5945208177340908
0.25,0.7891447817595575,0.8660758958391007,0.6280715783408508,0.25,0.7940923762859067,0.8870972247972632,0.6280715783408508,0.25,0.6885514231153951,0.8240740740740741,0.6127688545609777
0.25,0.7870183394570928,0.8325808217160185,0.6319745169177021,0.25,0.8011982444325755,0.8691886970236478,0.6319745169177021,0.25,0.645448758752387,0.8375420875420876,0.6225726494805688
0.25,0.7862356793349273,0.8837596542869988,0.6256656960268976,0.25,0.8000603766574553,0.9125742564198945,0.6256656960268976,0.25,0.6740929344366645,0.8907126823793491,0.6172841490859398
0.25,0.7859782623586017,0.8504331571582047,0.6284478406860597,0.25,0.796414555418805,0.8511509586348248,0.6284478406860597,0.25,0.6533600072747113,0.832351290684624,0.6221312530823986
0.25,0.7848270311318699,0.9260439074813899,0.5929961459627583,0.25,0.7929312867194576,0.9307608886134653,0.5929961459627583,0.25,0.7261071201236701,0.8184624017957352,0.5936616342342186
0.25,0.7846311134467218,0.8994585852993242,0.6292334064613558,0.25,0.7930473956761025,0.9010992743887417,0.6292334064613558,0.25,0.6680003637355643,0.8741582491582491,0.6223750353275236
0.25,0.7767307178058481,0.9188757343099582,0.6227822704032515,0.25,0.7893551308547941,0.9220082186840455,0.6227822704032515,0.25,0.671092116031645,0.8417508417508417,0.5990856848540669
0.25,0.7767187222312218,0.9243105169186538,0.5965301498433921,0.25,0.7930473956761025,0.9281608027693613,0.5965301498433921,0.25,0.6610893880149131,0.8386644219977553,0.5912018657823317
0.25,0.7763403209983979,0.8651530082263034,0.6297366983688795,0.25,0.8006176996493509,0.8745869704904543,0.6297366983688795,0.25,0.6659088842411567,0.8442760942760943,0.6242057651064369
0.25,0.7750976551041658,0.9383490756520215,0.6126304633517126,0.25,0.7969254348280427,0.946142348826755,0.6126304633517126,0.25,0.6880967536600892,0.851010101010101,0.5961164822094577
0.25,0.7747049924104944,0.9057038708579586,0.6251382559223058,0.25,0.7978775282725309,0.9127793425560717,0.6251382559223058,0.25,0.695826134400291,0.7947530864197531,0.6107304455880962
0.25,0.774502090930441,0.9196862372598968,0.621857008126655,0.25,0.7918863061096533,0.9283096965741091,0.621857008126655,0.25,0.7198326816404474,0.8024691358024691,0.6075264712329581
0.25,0.7714329391360907,0.8939676103591991,0.6303439828455892,0.25,0.7783247799735271,0.9204237219260573,0.6303439828455892,0.25,0.6875511503137219,0.8338945005611672,0.6217342853335808
0.25,0.7679497966906942,0.8690959955503292,0.6307530611550336,0.25,0.7953463530176718,0.8971927962066049,0.6307530611550336,0.25,0.6488133127216513,0.8602693602693603,0.6242057651064369
0.25,0.7662675605414266,0.9120053487480222,0.6292334064613558,0.25,0.7852216519982351,0.927591895097489,0.6292334064613558,0.25,0.6959170682913521,0.8375420875420876,0.6131718928621018
0.25,0.7633572157495342,0.92676170895801,0.6228559438172698,0.25,0.7852216519982351,0.9392354541229297,0.6228559438172698,0.25,0.6722742566154406,0.8494668911335578,0.5973802679721754
0.25,0.7623940897074707,0.8946657286462791,0.6323364680980819,0.25,0.7933028353807212,0.9111189702771139,0.6323364680980819,0.25,0.694007456579067,0.8365600448933782,0.6268930616369085
0.25,0.7609260307171485,0.9284023980474276,0.6228559438172698,0.25,0.7819009358381905,0.9323088762295644,0.6228559438172698,0.25,0.6873692825315996,0.8540965207631874,0.5973802679721754
0.25,0.7599070327800664,0.8854003433764163,0.632978647985295,0.25,0.7905394422125723,0.9072883676159467,0.632978647985295,0.25,0.6754569428025825,0.8571829405162739,0.6229470197628555
0.25,0.7575105746732218,0.9120418578899113,0.6263184534295041,0.25,0.7797180874532661,0.9307608886134653,0.6263184534295041,0.25,0.68664181140311,0.8334736251402918,0.6134197973596986
0.25,0.756960163665358,0.9329704853747552,0.6228559438172698,0.25,0.7806469591064255,0.9384614603148802,0.6228559438172698,0.25,0.7221060289169774,0.8169191919191919,0.5971691360780317
0.25,0.7537578612614176,0.9346111744641727,0.6228559438172698,0.25,0.7772101339897359,0.9361591620802718,0.6228559438172698,0.25,0.6737291988724198,0.8633557800224467,0.5973802679721754
0.25,0.7519699486417553,0.9048736847184796,0.6305235648899603,0.25,0.7638576039755707,0.9196497281180077,0.6305235648899603,0.25,0.6657270164590343,0.8612514029180696,0.6191728328012356
0.25,0.7512267841880519,0.908042678234456,0.6305235648899603,0.25,0.7644381487587952,0.9150254484592507,0.6305235648899603,0.25,0.6667272892607075,0.8566217732884399,0.6191728328012356
0.25,0.7490096943040898,0.9174401313567178,0.6292334064613558,0.25,0.7596312379536957,0.9190246281147061,0.6292334064613558,0.25,0.7211057561153041,0.8329124579124579,0.6139726076379017
0.25,0.7467982220640986,0.8994950944412133,0.6317056077225152,0.25,0.770150709425725,0.9104770443214634,0.6317056077225152,0.25,0.7245612439756297,0.851010101010101,0.6156761532506043
0.25,0.7467920610620246,0.8620205238522161,0.6330935234343322,0.25,0.7642059308455055,0.8963261009252369,0.6330935234343322,0.25,0.6925525143220879,0.8504489337822672,0.6219654032159413
0.25,0.7467340790854187,0.9197986219227555,0.6292334064613558,0.25,0.7703829273390149,0.9205726157308051,0.6292334064613558,0.25,0.6603619168864235,0.8359988776655444,0.6117490583503362
0.25,0.7461521222848758,0.8955324239276472,0.6330935234343322,0.25,0.7650651371246778,0.9104011688004937,0.6330935234343322,0.25,0.6586341729562608,0.8639169472502806,0.6253331064457939
0.25,0.7437925194609125,0.9212904172074252,0.6258718769239413,0.25,0.7623714093305157,0.9345184729908543,0.6258718769239413,0.25,0.6667272892607075,0.8700897867564534,0.6036896351217047
0.25,0.7424880760693973,0.8970804115437463,0.632978647985295,0.25,0.7575644985254163,0.9087801629006165,0.632978647985295,0.25,0.7006456306265345,0.8618125701459034,0.6235712179979793
0.25,0.7398466122958407,0.9221571124887933,0.629350637973574,0.25,0.7542902259480296,0.924515603054831,0.629350637973574,0.25,0.7015549695371465,0.8365600448933782,0.6140645958884647
0.25,0.7342610181597097,0.9306681871401469,0.6257524341577042,0.25,0.7618605299212782,0.9260073983395007,0.6257524341577042,0.25,0.7180140038192234,0.8581649831649831,0.5997354562597828
0.25,0.7206597230477026,0.9204237219260573,0.6317056077225152,0.25,0.7397301627847572,0.9157629331254111,0.6317056077225152,0.25,0.6689097026461762,0.8396464646464646,0.6156761532506043
0.25,0.7186193035629609,0.9243667092500831,0.6282711165844588,0.25,0.7420291201263265,0.9345746653222837,0.6282711165844588,0.25,0.6491770482858962,0.8479236812570146,0.6039080365084326
0.25,0.7176067108933747,0.9275357027660596,0.6282711165844588,0.25,0.7511320623272879,0.9392354541229297,0.6282711165844588,0.25,0.701736837319269,0.8463804713804713,0.6039080365084326
0.25,0.7131327083363664,0.9306681871401469,0.6282711165844588,0.25,0.7449318440424494,0.940819950880918,0.6282711165844588,0.25,0.6879148858779667,0.8355780022446688,0.6039080365084326
0.25,0.7110726345078531,0.9282169951007906,0.6292334064613558,0.25,0.7430973225274597,0.9243667092500831,0.6292334064613558,0.25,0.6612712557970356,0.8442760942760943,0.6169439562354455
0.25,0.6868234497446585,0.9221571124887933,0.6317056077225152,0.25,0.716647702203748,0.9353851682722223,0.6317056077225152,0.25,0.6780030917522961,0.8679854096520763,0.6156761532506043
0.25,0.6863728604391625,0.9345184729908543,0.6292334064613558,0.25,0.7182732275967768,0.9251772122000219,0.6292334064613558,0.25,0.6672728926070747,0.8427328843995511,0.6117490583503362
0.25,0.6853548057766615,0.9197059204494371,0.6318212813357444,0.25,0.7093792815177763,0.923648907773463,0.6318212813357444,0.25,0.6928253159952714,0.8458193041526375,0.6226895959553945
0.25,0.6818164585780212,0.9229311062968428,0.6317056077225152,0.25,0.7078466432900634,0.9252895968628806,0.6317056077225152,0.25,0.6865508775120487,0.8648989898989898,0.6156761532506043
0.25,0.6776297528553022,0.93995325559955,0.6250288367365462,0.25,0.7354341313888954,0.9352362744674745,0.6250288367365462,0.25,0.6268982449759025,0.8654601571268238,0.6011547624618065
0.25,0.6752570182884693,0.9368769635568921,0.6317056077225152,0.25,0.7110048069108051,0.9423117461655877,0.6317056077225152,0.25,0.6853687369282532,0.8664421997755332,0.6156761532506043
0.25,0.6752273865353712,0.883134554283697,0.6340942182032892,0.25,0.7228014769059286,0.8902100259818102,0.6340942182032892,0.25,0.6757297444757662,0.8267396184062851,0.625114543835829
0.25,0.6601039535583322,0.9149327469859323,0.6321481518881477,0.25,0.701414207091935,0.914214945509312,0.6321481518881477,0.25,0.6737291988724198,0.8731762065095399,0.6253331064457939
0.25,0.6576247000703201,0.9400459570728684,0.6282711165844588,0.25,0.7203167452337274,0.9385176526463096,0.6282711165844588,0.25,0.7074656724561244,0.8747194163860831,0.6039080365084326
0.25,0.6569162148562645,0.944614044400196,0.6250288367365462,0.25,0.7145345191928105,0.93995325559955,0.6250288367365462,0.25,0.6599981813221788,0.8654601571268238,0.6011547624618065
0.25,0.6444868211548322,0.9484643302509035,0.6157135737581225,0.25,0.686412929893412,0.9501612116717504,0.6157135737581225,0.25,0.6411748658725107,0.8402076318742985,0.6114245584110509
0.25,0.6431868143175504,0.9438962429235759,0.6254136305940554,0.25,0.6953068759724125,0.9438962429235759,0.6254136305940554,0.25,0.6709102482495226,0.8747194163860831,0.5998841534851616
0.25,0.6394401140892295,0.914214945509312,0.6330935234343322,0.25,0.6895710935141537,0.9321599824248166,0.6330935234343322,0.25,0.6286259889060652,0.8778058361391694,0.6253331064457939
0.25,0.6316578668147893,0.9476903364428539,0.6250288367365462,0.25,0.7066158883496273,0.9329339762328661,0.6250288367365462,0.25,0.6685459670819315,0.8654601571268238,0.6011547624618065
0.25,0.6206001715064239,0.9415939446889675,0.6282711165844588,0.25,0.6939832338666605,0.9439524352550053,0.6282711165844588,0.25,0.6607256524506684,0.8726150392817059,0.6039080365084326
0.25,0.5884895362713495,0.9423117461655877,0.6282711165844588,0.25,0.6908715138285767,0.9430857399736372,0.6282711165844588,0.25,0.6607256524506684,0.8747194163860831,0.6039080365084326
0.25,0.5739114562187596,0.9453880382082456,0.6282711165844588,0.25,0.6764275596219492,0.9423117461655877,0.6282711165844588,0.25,0.684823133581886,0.8716329966329966,0.6039080365084326
0.24253562503633297,0.8407192863376798,0.830940132626601,0.6115500482999785,0.24253562503633297,0.8456447530362492,0.8636050206102043,0.6115500482999785,0.24253562503633297,0.668364099299809,0.8205667789001122,0.6016927874575169
0.24253562503633297,0.8364108778449282,0.8387334058013345,0.5900555296399901,0.24253562503633297,0.8370526902445254,0.8535459583427516,0.5900555296399901,0.24253562503633297,0.6850959352550695,0.8309483726150393,0.5803206790114692
0.24253562503633297,0.83469124896742,0.8294118282000422,0.6183121770522101,0.24253562503633297,0.836332814713327,0.8542834430089121,0.6183121770522101,0.24253562503633297,0.6722742566154406,0.8169191919191918,0.6173451340275258
0.24253562503633297,0.8337713528369712,0.8449421822180796,0.6115500482999785,0.24253562503633297,0.8385621066809094,0.8776070702016828,0.6115500482999785,0.24253562503633297,0.668818768755115,0.8226711560044894,0.6016927874575169
0.24253562503633297,0.8275322776674782,0.865963511176242,0.5965991956730936,0.24253562503633297,0.8366346980006037,0.8854003433764163,0.5965991956730936,0.24253562503633297,0.6997362917159226,0.8200056116722783,0.5908139133497727
0.24253562503633297,0.8268934021091386,0.8668302064576101,0.5930615485479398,0.24253562503633297,0.8352413905208648,0.8979105976832251,0.5930615485479398,0.24253562503633297,0.7049195235064109,0.8390852974186307,0.5863813992856766
0.24253562503633297,0.8249200058771136,0.8302223311499808,0.6239740621993677,0.24253562503633297,0.8269279892250888,0.8543761444822305,0.6239740621993677,0.24253562503633297,0.6678184959534419,0.8396464646464646,0.6181159024749742
0.24253562503633297,0.8237402405942992,0.8564733565806617,0.5976540115237857,0.24253562503633297,0.833476534379862,0.8806271699129115,0.5976540115237857,0.24253562503633297,0.7042829862689824,0.851010101010101,0.5922883079826234
0.24253562503633297,0.8223619706858148,0.8542637598193719,0.6057071262029802,0.24253562503633297,0.824071708891624,0.8892871383690129,0.6057071262029802,0.24253562503633297,0.686187141947804,0.819023569023569,0.5960661478079889
0.24253562503633297,0.8222564140060703,0.860472536236117,0.5976540115237857,0.24253562503633297,0.8323386666047419,0.8962699085938075,0.5976540115237857,0.24253562503633297,0.7185596071655906,0.8055555555555556,0.5896259836874163
0.24253562503633297,0.8220300861589643,0.8753777902508527,0.5990686903887747,0.24253562503633297,0.8339641919977707,0.897927423635574,0.5990686903887747,0.24253562503633297,0.7081022096935528,0.8371212121212122,0.5855476352292517
0.24253562503633297,0.8214414888865914,0.8201267597406391,0.6268638304449676,0.24253562503633297,0.8282980749134988,0.8496591633501551,0.6268638304449676,0.24253562503633297,0.6679094298445031,0.8159371492704826,0.6198918506481171
0.24253562503633297,0.8213486184206444,0.8823605604756475,0.5990686903887747,0.24253562503633297,0.8317813436128463,0.9026078956257604,0.5990686903887747,0.24253562503633297,0.7076475402382468,0.8392255892255892,0.5855476352292517
0.24253562503633297,0.8206046585109505,0.841055387225483,0.6183121770522101,0.24253562503633297,0.8262313354852193,0.8753609642985039,0.6183121770522101,0.24253562503633297,0.6639992725288715,0.8381032547699214,0.6173451340275258
0.24253562503633297,0.8201404012458472,0.8403544117012117,0.622810115784346,0.24253562503633297,0.8251631330840861,0.8707170014502066,0.622810115784346,0.24253562503633297,0.6823679185232336,0.8221099887766554,0.6053451582712271
0.24253562503633297,0.8196609307217497,0.8404302872221813,0.6249970092551289,0.24253562503633297,0.8215869772194228,0.8622256099883933,0.6249970092551289,0.24253562503633297,0.671546785486951,0.8489057239057238,0.6198918506481171
0.24253562503633297,0.8188913671731477,0.8829856604789492,0.5976540115237857,0.24253562503633297,0.8246986972575064,0.89462921950439,0.5976540115237857,0.24253562503633297,0.703646449031554,0.8055555555555556,0.5896259836874163
0.24253562503633297,0.8187681386081027,0.8752850887775343,0.6085122763203621,0.24253562503633297,0.8277871955042612,0.904929877049909,0.6085122763203621,0.24253562503633297,0.6956442666181686,0.851010101010101,0.6078472392506877
0.24253562503633297,0.8184325087037122,0.8263355361573843,0.6268638304449676,0.24253562503633297,0.823909156352321,0.8489048527316457,0.6268638304449676,0.24253562503633297,0.6730017277439302,0.7916666666666666,0.6198918506481171
0.24253562503633297,0.816987219535533,0.872152604403447,0.6198394416807027,0.24253562503633297,0.8186378097206418,0.9088166720425055,0.6198394416807027,0.24253562503633297,0.681640447394744,0.8319304152637486,0.595451418343615
0.24253562503633297,0.8166996183869187,0.8379229028513957,0.6268638304449676,0.24253562503633297,0.8220978566286603,0.8667375049842916,0.6268638304449676,0.24253562503633297,0.657361098481404,0.827300785634119,0.6198918506481171
0.24253562503633297,0.8138885298240939,0.8938187165544513,0.5861475680558981,0.24253562503633297,0.8237233820216892,0.8844774557636189,0.5861475680558981,0.24253562503633297,0.6906429026098027,0.8082210998877666,0.5831742177738142
0.24253562503633297,0.8134063980278405,0.900305597391152,0.5929961459627583,0.24253562503633297,0.8261616701112324,0.9329704853747552,0.5929961459627583,0.24253562503633297,0.7347458397744839,0.8205667789001122,0.5936616342342186
0.24253562503633297,0.8131737768714232,0.8862108463263549,0.5956374592276135,0.24253562503633297,0.8195666813738012,0.8932301256930388,0.5956374592276135,0.24253562503633297,0.7290170046376284,0.8344556677890012,0.5890858501302588
0.24253562503633297,0.8131539127404359,0.8744745858275955,0.6181289308103431,0.24253562503633297,0.826626105937812,0.8799093684362912,0.6181289308103431,0.24253562503633297,0.6947349277075566,0.8200056116722784,0.6209166024617162
0.24253562503633297,0.8128400063329324,0.841922082506851,0.6268638304449676,0.24253562503633297,0.8174767201541927,0.8605849208989758,0.6268638304449676,0.24253562503633297,0.6549058834227517,0.8329124579124578,0.6198918506481171
0.24253562503633297,0.8124332339900256,0.887944236889091,0.5938134571940004,0.24253562503633297,0.825256020249402,0.9244959198652908,0.5938134571940004,0.24253562503633297,0.7405656088024006,0.8442760942760943,0.5936616342342186
0.24253562503633297,0.8122776537330237,0.8776070702016828,0.61345487145658,0.24253562503633297,0.8216566425934096,0.8908351259851119,0.61345487145658,0.24253562503633297,0.7152859870873874,0.8587261503928171,0.609527833176183
0.24253562503633297,0.8120229241370728,0.8722649890663057,0.6186178972005688,0.24253562503633297,0.8155260896825581,0.8972293053484941,0.6186178972005688,0.24253562503633297,0.6966445394198417,0.8463804713804713,0.598109589374425
0.24253562503633297,0.8106605059103171,0.8636612129416337,0.6249253314231331,0.24253562503633297,0.8248612497968093,0.8690959955503292,0.6249253314231331,0.24253562503633297,0.6780030917522961,0.8277216610549943,0.6242057651064369
0.24253562503633297,0.8080623105196033,0.9118929640851634,0.5936372496752365,0.24253562503633297,0.8207974363142373,0.9235927154420336,0.5936372496752365,0.24253562503633297,0.7411112121487679,0.813973063973064,0.5840336352311535
0.24253562503633297,0.807027797620024,0.8900611321770624,0.6147096591359142,0.24253562503633297,0.8151777628126233,0.9110262688037954,0.6147096591359142,0.24253562503633297,0.6707283804674002,0.8143939393939394,0.6101008644317589
0.24253562503633297,0.8065712297628286,0.9181017405019086,0.5990702347114347,0.24253562503633297,0.8206348837749344,0.9329704853747552,0.5990702347114347,0.24253562503633297,0.7366554514867691,0.8122895622895623,0.5895755068778232
0.24253562503633297,0.8061972703058821,0.8590369332828767,0.6290525677712095,0.24253562503633297,0.8215637554280937,0.8769819701983812,0.6290525677712095,0.24253562503633297,0.6604528507774847,0.8288439955106621,0.6202802052308183
0.24253562503633297,0.8061708412633207,0.8076726977652595,0.6291891153087189,0.24253562503633297,0.8124375914358034,0.8567346350482683,0.6291891153087189,0.24253562503633297,0.6711830499227062,0.8221099887766554,0.6207173045430678
0.24253562503633297,0.8051129312532517,0.8944803256996422,0.6072167296886797,0.24253562503633297,0.8208206581055663,0.9180652313600195,0.6072167296886797,0.24253562503633297,0.7158315904337547,0.8473625140291807,0.6074330230733189
0.24253562503633297,0.8050895146383867,0.909590665850555,0.6198394416807027,0.24253562503633297,0.8149455448993336,0.9120053487480222,0.6198394416807027,0.24253562503633297,0.7319268891515868,0.8423120089786756,0.5974379689194715
0.24253562503633297,0.8050256843440193,0.9220447278259346,0.5922412055434008,0.24253562503633297,0.8141560039941481,0.9322526838981351,0.5922412055434008,0.24253562503633297,0.7296535418750568,0.8061167227833894,0.5835675548850303
0.24253562503633297,0.8033932346479528,0.8272022314387523,0.6291296172930708,0.24253562503633297,0.8068875833081764,0.8629996037964428,0.6291296172930708,0.24253562503633297,0.6610893880149131,0.8344556677890012,0.6198918506481171
0.24253562503633297,0.8026140683429617,0.9228187216339842,0.5929961459627583,0.24253562503633297,0.8136451245849105,0.93774365883826,0.5929961459627583,0.24253562503633297,0.7346549058834227,0.8381032547699214,0.5936616342342186
0.24253562503633297,0.8023775682731453,0.8721722875929871,0.621653738527981,0.24253562503633297,0.8164549613357175,0.9134971440326919,0.621653738527981,0.24253562503633297,0.7080112758024916,0.8369809203142536,0.5993032519801553
0.24253562503633297,0.8019027089211906,0.8635123191368859,0.6299085638093462,0.24253562503633297,0.8067250307688735,0.9109897596619063,0.6299085638093462,0.24253562503633297,0.692643448213149,0.8256172839506173,0.6211323437886842
0.24253562503633297,0.8007329001611275,0.8658708097029235,0.6276949041589199,0.24253562503633297,0.8148294359426886,0.900120194444515,0.6276949041589199,0.24253562503633297,0.7211966900063653,0.8726150392817059,0.6253331064457939
0.24253562503633297,0.7992747306568662,0.9243105169186538,0.5929961459627583,0.24253562503633297,0.8125537003924482,0.9368769635568921,0.5929961459627583,0.24253562503633297,0.7262889879057924,0.8153759820426487,0.5936616342342186
0.24253562503633297,0.7991239407204603,0.8690398032189,0.6229772422939108,0.24253562503633297,0.8104405173815108,0.9064216723345787,0.6229772422939108,0.24253562503633297,0.6970082749840866,0.8550785634118967,0.6011161490830348
0.24253562503633297,0.7990887043775006,0.907175982953088,0.6211415423276603,0.24253562503633297,0.8126698093490932,0.9151181499325692,0.6211415423276603,0.24253562503633297,0.7199236155315086,0.8639169472502806,0.6079796502312509
0.24253562503633297,0.7977347931298403,0.8971927962066049,0.6251382559223058,0.24253562503633297,0.8083737779532313,0.9065705661393265,0.6251382559223058,0.24253562503633297,0.7331090297353824,0.8334736251402918,0.6150623552405522
0.24253562503633297,0.7974800426473143,0.9127034670351021,0.6113620740692819,0.24253562503633297,0.8134593502542786,0.9103449764690643,0.6113620740692819,0.24253562503633297,0.7125579703555515,0.8473625140291807,0.5956770999822798
0.24253562503633297,0.7943789496743506,0.9210853310712481,0.5965301498433921,0.24253562503633297,0.8158511947611639,0.9281608027693613,0.5965301498433921,0.24253562503633297,0.6733654633081749,0.8525533108866442,0.5912018657823317
0.24253562503633297,0.793946931989442,0.8713617846430486,0.6268638304449676,0.24253562503633297,0.8004319253187191,0.889306821558553,0.6268638304449676,0.24253562503633297,0.6797308356824588,0.8381032547699214,0.6198918506481171
0.24253562503633297,0.7938277256258433,0.930704696282036,0.5929961459627583,0.24253562503633297,0.8089543227364558,0.93774365883826,0.5929961459627583,0.24253562503633297,0.7273801945985269,0.8479236812570146,0.5936616342342186
0.24253562503633297,0.7914254595921871,0.8909475106479706,0.6292334064613558,0.24253562503633297,0.8013607969718785,0.9010992743887417,0.6292334064613558,0.24253562503633297,0.6662726198054014,0.8757014590347924,0.6223750353275236
0.24253562503633297,0.790610420441224,0.9143638393140598,0.6198394416807027,0.24253562503633297,0.8041706337226854,0.9252334045314512,0.6198394416807027,0.24253562503633297,0.7137401109393471,0.8540965207631874,0.5964518602826101
0.24253562503633297,0.790199767265196,0.9213269263493145,0.5979368837738963,0.24253562503633297,0.8055871629937533,0.930704696282036,0.5979368837738963,0.24253562503633297,0.722378830590161,0.8282828282828283,0.5850257855064649
0.24253562503633297,0.7869027924674902,0.864415523560143,0.6319745169177021,0.24253562503633297,0.8083041125792444,0.8800582622410391,0.6319745169177021,0.24253562503633297,0.7071019368918796,0.792648709315376,0.6216002414868085
0.24253562503633297,0.785753360557755,0.8955521071171874,0.6263184534295041,0.24253562503633297,0.8007802521886538,0.9197621127808664,0.6263184534295041,0.24253562503633297,0.717377466581795,0.8685465768799102,0.61113773606369
0.24253562503633297,0.783851858527365,0.9079696599506777,0.6257524341577042,0.24253562503633297,0.79790075006386,0.9251968953895621,0.6257524341577042,0.24253562503633297,0.6887332908975176,0.8504489337822672,0.6012475348092463
0.24253562503633297,0.783661567700853,0.9220644110154748,0.6021910895406314,0.24253562503633297,0.7945800339038154,0.9267813921475503,0.6021910895406314,0.24253562503633297,0.7584795853414568,0.8494668911335578,0.5925696799907525
0.24253562503633297,0.7835800498562543,0.9214196278226329,0.6228559438172698,0.24253562503633297,0.8038919722267376,0.9323453853714535,0.6228559438172698,0.24253562503633297,0.7256524506683641,0.8525533108866442,0.5971691360780317
0.24253562503633297,0.7832062864413141,0.847244480452688,0.6322370826213004,0.24253562503633297,0.8058658244897011,0.8838523557603172,0.6322370826213004,0.24253562503633297,0.6655451486769118,0.8468013468013468,0.628680350266354
0.24253562503633297,0.7802021597762777,0.8753412811089636,0.6310233626374057,0.24253562503633297,0.7975292014025962,0.8878515354157724,0.6310233626374057,0.24253562503633297,0.7038283168136764,0.8184624017957352,0.6249744248755267
0.24253562503633297,0.7786674920396042,0.9290078148611891,0.6126304633517126,0.24253562503633297,0.7910967652044679,0.9352531004198233,0.6126304633517126,0.24253562503633297,0.7188324088387742,0.8421717171717171,0.5961164822094577
0.24253562503633297,0.7753470999359334,0.9002690882492629,0.6263184534295041,0.24253562503633297,0.788194041288345,0.9088363552320458,0.6263184534295041,0.24253562503633297,0.6996453578248614,0.8571829405162739,0.614949379495747
0.24253562503633297,0.7752984177835917,0.930519293335399,0.6195153201350561,0.24253562503633297,0.7961823375055151,0.9329339762328661,0.6195153201350561,0.24253562503633297,0.6877330180958443,0.8648989898989898,0.6123775462841109
0.24253562503633297,0.7736561652961081,0.9236854169153521,0.621653738527981,0.24253562503633297,0.7920720804402852,0.9229114231073026,0.621653738527981,0.24253562503633297,0.7111939619896336,0.8473625140291807,0.5967320424559525
0.24253562503633297,0.7668853146276854,0.865963511176242,0.632978647985295,0.24253562503633297,0.7880779323317001,0.9033453802919208,0.632978647985295,0.24253562503633297,0.6673638264981359,0.8581649831649831,0.6235080108443247
0.24253562503633297,0.765729992089517,0.8807957469071994,0.6307530611550336,0.24253562503633297,0.7940923762859067,0.8963822932566663,0.6307530611550336,0.24253562503633297,0.6488133127216513,0.858726150392817,0.6242057651064369
0.24253562503633297,0.762914154288146,0.870587790834999,0.6310589612894257,0.24253562503633297,0.7845714418410236,0.9019097773386804,0.6310589612894257,0.24253562503633297,0.7149222515231427,0.8700897867564534,0.6233571961514419
0.24253562503633297,0.7614027520458246,0.8495102695454072,0.6330935234343322,0.24253562503633297,0.7783015581821981,0.8908351259851119,0.6330935234343322,0.24253562503633297,0.6776393561880513,0.84834455667789,0.6219654032159413
0.24253562503633297,0.7607586314231516,0.9346111744641727,0.6228559438172698,0.24253562503633297,0.7832477997352716,0.9385176526463096,0.6228559438172698,0.24253562503633297,0.6718195871601346,0.8494668911335578,0.5973802679721754
0.24253562503633297,0.7598193109316217,0.9283658889055385,0.6257524341577042,0.24253562503633297,0.7875902747137914,0.9392354541229297,0.6257524341577042,0.24253562503633297,0.6824588524142948,0.8700897867564534,0.5997354562597828
0.24253562503633297,0.7592508253575797,0.9306119948087175,0.6263184534295041,0.24253562503633297,0.778464110721501,0.9228187216339842,0.6263184534295041,0.24253562503633297,0.7066472674365736,0.8463804713804713,0.608016443271381
0.24253562503633297,0.758087735240425,0.9165734360753498,0.6274295218092236,0.24253562503633297,0.7851055430415902,0.9182141251647673,0.6274295218092236,0.24253562503633297,0.7065563335455124,0.8633557800224467,0.6202802052308183
0.24253562503633297,0.7569710002654437,0.9157994422673003,0.627791007960604,0.24253562503633297,0.7733785384204538,0.9228187216339842,0.627791007960604,0.24253562503633297,0.7314722196962808,0.8556397306397306,0.6126294288946054
0.24253562503633297,0.7545547281707495,0.8947219209777085,0.632978647985295,0.24253562503633297,0.7686180711980122,0.9110824611352248,0.632978647985295,0.24253562503633297,0.6985541511321269,0.8442760942760943,0.6216002414868085
0.24253562503633297,0.7519593106944976,0.9119491564165928,0.6305235648899603,0.24253562503633297,0.7790214337133966,0.9120053487480222,0.6305235648899603,0.24253562503633297,0.7470219150677457,0.8535353535353535,0.6177938799743956
0.24253562503633297,0.7494232817367359,0.9174401313567178,0.6292334064613558,0.24253562503633297,0.7745396279869029,0.9182141251647673,0.6292334064613558,0.24253562503633297,0.6801855051377649,0.840628507295174,0.6117490583503362
0.24253562503633297,0.7493292744114455,0.9407075662180593,0.5982278263922735,0.24253562503633297,0.778649885052133,0.9391230694600711,0.5982278263922735,0.24253562503633297,0.7095571519505319,0.8365600448933782,0.5831840828908887
0.24253562503633297,0.7476139022486179,0.8776997716750014,0.6330935234343322,0.24253562503633297,0.768919954485289,0.8862670386577842,0.6330935234343322,0.24253562503633297,0.6973720105483313,0.8375420875420876,0.6219654032159413
0.24253562503633297,0.7474412735552187,0.9430660567840969,0.6228559438172698,0.24253562503633297,0.7668996586396675,0.9314590069005453,0.6228559438172698,0.24253562503633297,0.6622715285987087,0.8421717171717171,0.5971691360780317
0.24253562503633297,0.7428581943930727,0.9375947650335122,0.6257524341577042,0.24253562503633297,0.781297169263637,0.9383687588415618,0.6257524341577042,0.24253562503633297,0.6770028189506229,0.8298260381593715,0.6045750611508494
0.24253562503633297,0.7419404396740736,0.9251772122000219,0.6282711165844588,0.24253562503633297,0.7642988180108213,0.9392354541229297,0.6282711165844588,0.24253562503633297,0.6780940256433573,0.8432940516273849,0.6039080365084326
0.24253562503633297,0.7396519597842515,0.9149327469859323,0.6307007931296823,0.24253562503633297,0.7695004992685136,0.9180652313600195,0.6307007931296823,0.24253562503633297,0.6887332908975176,0.867003367003367,0.6201843740443984
0.24253562503633297,0.7379561820698707,0.9025713864838713,0.632978647985295,0.24253562503633297,0.7683858532847224,0.9189319266413876,0.632978647985295,0.24253562503633297,0.7168318632354278,0.8437149270482603,0.6235080108443247
0.24253562503633297,0.7368905156152027,0.9267813921475503,0.6263626080944955,0.24253562503633297,0.7594454636230639,0.9299138765216375,0.6263626080944955,0.24253562503633297,0.6860052741656816,0.851010101010101,0.6039334121726294
0.24253562503633297,0.735248685312972,0.9431222491155263,0.6228559438172698,0.24253562503633297,0.7705222580869888,0.939989764741439,0.6228559438172698,0.24253562503633297,0.7328362280621988,0.8365600448933782,0.5971691360780317
0.24253562503633297,0.7342030758829537,0.9055549770532106,0.6330935234343322,0.24253562503633297,0.7590042495878132,0.9243105169186538,0.6330935234343322,0.24253562503633297,0.6966445394198417,0.8602693602693603,0.6239325874038533
0.24253562503633297,0.7325473371951382,0.9097030505134138,0.6317056077225152,0.24253562503633297,0.7526647005550008,0.9197986219227555,0.6317056077225152,0.24253562503633297,0.711375829771756,0.8602693602693603,0.6156761532506043
0.24253562503633297,0.728022941092057,0.8613954238489144,0.633239783368553,0.24253562503633297,0.7471843578013608,0.8777924731483198,0.633239783368553,0.24253562503633297,0.6875511503137219,0.8215488215488216,0.6283352561161448
0.24253562503633297,0.7256929386913296,0.9384052679834509,0.6254136305940554,0.24253562503633297,0.7624178529131738,0.9391792617915005,0.6254136305940554,0.24253562503633297,0.717377466581795,0.8562008978675645,0.5998841534851616
0.24253562503633297,0.7248708473265705,0.9189881189728168,0.6317056077225152,0.24253562503633297,0.7594686854143928,0.9338006715142342,0.6317056077225152,0.24253562503633297,0.7138310448304083,0.8494668911335578,0.6201843740443984
0.24253562503633297,0.7248052286960162,0.9336882868513754,0.6317056077225152,0.24253562503633297,0.7486705524464157,0.9446702367316254,0.6317056077225152,0.24253562503633297,0.6782758934254797,0.8519921436588103,0.6156761532506043
0.24253562503633297,0.7007382343005598,0.909590665850555,0.6318212813357444,0.24253562503633297,0.7238696793070617,0.9057403799998476,0.6318212813357444,0.24253562503633297,0.6999181594980449,0.858726150392817,0.6226895959553945
0.24253562503633297,0.6986236169478337,0.9220644110154748,0.6318212813357444,0.24253562503633297,0.7242644497596544,0.9237051001048924,0.6318212813357444,0.24253562503633297,0.7011003000818405,0.8571829405162739,0.6226895959553945
0.24253562503633297,0.6892182055188597,0.8893995230318715,0.6340942182032892,0.24253562503633297,0.7329726215080231,0.8995512867726426,0.6340942182032892,0.24253562503633297,0.6764572156042558,0.8602693602693603,0.625114543835829
0.24253562503633297,0.6843530914803108,0.93995325559955,0.6292334064613558,0.24253562503633297,0.7191092120846202,0.9259512060080713,0.6292334064613558,0.24253562503633297,0.6700918432299718,0.8504489337822672,0.6117490583503362
0.24253562503633297,0.6841629387202022,0.9267251998161209,0.6318212813357444,0.24253562503633297,0.7107261454148573,0.923648907773463,0.6318212813357444,0.24253562503633297,0.6900972992634354,0.8571829405162739,0.6226895959553945
0.24253562503633297,0.6826124421080967,0.9127231502246423,0.632978647985295,0.24253562503633297,0.7330655086733391,0.9228749139654134,0.632978647985295,0.24253562503633297,0.7060107301991452,0.8556397306397306,0.6216002414868085
0.24253562503633297,0.669945243309861,0.9306119948087175,0.632978647985295,0.24253562503633297,0.7012516545526322,0.9329339762328661,0.632978647985295,0.24253562503633297,0.6840047285623352,0.8571829405162739,0.6229470197628555
0.24253562503633297,0.6662808140714575,0.913533653174581,0.6330935234343322,0.24253562503633297,0.7048278104172956,0.9096468581819844,0.6330935234343322,0.24253562503633297,0.6276257161043921,0.8731762065095399,0.6253331064457939
0.24253562503633297,0.66505319918132,0.9415377523575381,0.6317056077225152,0.24253562503633297,0.7058495692357708,0.9423117461655877,0.6317056077225152,0.24253562503633297,0.6923706465399655,0.8664421997755332,0.6162367304628924
0.24253562503633297,0.6621948682576216,0.952500019048248,0.6282711165844588,0.24253562503633297,0.7236606831851009,0.9532740128562975,0.6282711165844588,0.24253562503633297,0.7084659452577976,0.8814534231200898,0.6039080365084326
0.24253562503633297,0.6324037388443421,0.9173277466938591,0.6330935234343322,0.24253562503633297,0.6881545642430857,0.9290274980507293,0.6330935234343322,0.24253562503633297,0.627989451668637,0.8685465768799102,0.6253331064457939
0.23570226039551584,0.8460481175851507,0.8029528593959927,0.5920532850683684,0.23570226039551584,0.8440424494345494,0.8449028158389992,0.5920532850683684,0.23570226039551584,0.6790942984450304,0.8020482603815937,0.5879986915975721
0.23570226039551584,0.8433938842050744,0.8270898467758936,0.6115500482999785,0.23570226039551584,0.843252908529364,0.8683220017422797,0.6115500482999785,0.23570226039551584,0.6755478766936437,0.8092031425364759,0.6016927874575169
0.23570226039551584,0.8416606101742561,0.8332986231926387,0.6115500482999785,0.23570226039551584,0.8451338736270115,0.8729827905429259,0.6115500482999785,0.23570226039551584,0.6630899336182595,0.8092031425364759,0.6016927874575169
0.23570226039551584,0.8400512644087419,0.8247875485412852,0.6204038802099024,0.23570226039551584,0.8384924413069225,0.8551866474321692,0.6204038802099024,0.23570226039551584,0.6595435118668728,0.8288439955106621,0.6044513591086549
0.23570226039551584,0.8383247142424756,0.8349028031401672,0.6183121770522101,0.23570226039551584,0.8424169240415206,0.8784372563411618,0.6183121770522101,0.23570226039551584,0.6681822315176866,0.8359988776655444,0.6173451340275258
0.23570226039551584,0.838215428541222,0.8356571137586765,0.6073587681277262,0.23570226039551584,0.8373313517404732,0.8753412811089636,0.6073587681277262,0.23570226039551584,0.6842775302355187,0.819023569023569,0.5960661478079889
0.23570226039551584,0.8381065669449433,0.8434138777915208,0.6183121770522101,0.23570226039551584,0.841882822840954,0.870587790834999,0.6183121770522101,0.23570226039551584,0.6654542147858507,0.8329124579124578,0.6173451340275258
0.23570226039551584,0.8315789238548582,0.8713982937849376,0.5930615485479398,0.23570226039551584,0.8392123168381209,0.8986845914912747,0.5930615485479398,0.23570226039551584,0.7055560607438393,0.8375420875420876,0.5863813992856766
0.23570226039551584,0.831458901839794,0.8520176539161928,0.5965991956730936,0.23570226039551584,0.841766713884309,0.8768330763936333,0.5965991956730936,0.23570226039551584,0.718741474947713,0.8194444444444444,0.5908139133497727
0.23570226039551584,0.8305805881155758,0.8441316792681409,0.6186178972005688,0.23570226039551584,0.8407681768571628,0.8644352067496832,0.6186178972005688,0.23570226039551584,0.6506319905428753,0.8230920314253647,0.6016927874575169
0.23570226039551584,0.8303964224307316,0.852735455392813,0.6057071262029802,0.23570226039551584,0.8297610477672248,0.8729827905429259,0.6057071262029802,0.23570226039551584,0.6890060925707011,0.835016835016835,0.5960661478079889
0.23570226039551584,0.8280443949831922,0.850489349489634,0.6183121770522101,0.23570226039551584,0.8331746510925853,0.8847387342312254,0.6183121770522101,0.23570226039551584,0.6703646449031554,0.8329124579124578,0.6173451340275258
0.23570226039551584,0.8270330368484027,0.8325611385264784,0.622810115784346,0.23570226039551584,0.8303880361331073,0.8629237282754733,0.622810115784346,0.23570226039551584,0.6762753478221333,0.8174803591470259,0.6053451582712271
0.23570226039551584,0.8267190639417303,0.8675480079342303,0.5965991956730936,0.23570226039551584,0.8370294684531965,0.8799655607677206,0.5965991956730936,0.23570226039551584,0.6977357461125762,0.8169191919191919,0.5908139133497727
0.23570226039551584,0.8252665479418462,0.865096815894874,0.5976540115237857,0.23570226039551584,0.8333604254232172,0.8939676103591991,0.5976540115237857,0.23570226039551584,0.7227425661544058,0.8489057239057238,0.5896259836874163
0.23570226039551584,0.8252504135234675,0.8146919771319434,0.6268638304449676,0.23570226039551584,0.8318974525694912,0.8465828713074972,0.6268638304449676,0.23570226039551584,0.6677275620623806,0.8159371492704826,0.6198918506481171
0.23570226039551584,0.8235715285944275,0.8170504676979812,0.6268638304449676,0.23570226039551584,0.8310846898729768,0.8465828713074972,0.6268638304449676,0.23570226039551584,0.6827316540874784,0.8221099887766554,0.6198918506481171
0.23570226039551584,0.8235309768485218,0.8854368525183054,0.5990686903887747,0.23570226039551584,0.8345911803636532,0.891738330408369,0.5990686903887747,0.23570226039551584,0.7169227971264891,0.8371212121212122,0.5855476352292517
0.23570226039551584,0.8231888347865167,0.827827331442054,0.6268638304449676,0.23570226039551584,0.8251166895014281,0.8636612129416337,0.6268638304449676,0.23570226039551584,0.6537237428389561,0.8535353535353535,0.6198918506481171
0.23570226039551584,0.8230615175208569,0.8713421014535083,0.6184462389262446,0.23570226039551584,0.8266028841464831,0.8885693368923926,0.6184462389262446,0.23570226039551584,0.7067382013276348,0.8324915824915824,0.6093034130186288
0.23570226039551584,0.8224604243175265,0.8395073996093839,0.6268638304449676,0.23570226039551584,0.8264403316071802,0.8504331571582047,0.6268638304449676,0.23570226039551584,0.6905519687187415,0.8205667789001122,0.6230473176102658
0.23570226039551584,0.8220486649209175,0.8511509586348248,0.6196394321704805,0.23570226039551584,0.8350091726075749,0.871454486116367,0.6196394321704805,0.23570226039551584,0.6964626716377194,0.8421717171717171,0.6257711129567535
0.23570226039551584,0.8214454400583251,0.8885328277505036,0.5944519906893952,0.23570226039551584,0.83215289227411,0.9102719581852862,0.5944519906893952,0.23570226039551584,0.7211057561153041,0.8303872053872053,0.5868412057561392
0.23570226039551584,0.8210216850870898,0.8356571137586765,0.6281511960642548,0.23570226039551584,0.8271602071383787,0.8636050206102043,0.6281511960642548,0.23570226039551584,0.6681822315176866,0.8577441077441077,0.6224953911546433
0.23570226039551584,0.8204355314671915,0.8643228220868244,0.6184716931413715,0.23570226039551584,0.8301558182198174,0.8816427589990272,0.6184716931413715,0.23570226039551584,0.7201964172046922,0.8381032547699214,0.6044513591086549
0.23570226039551584,0.8202919788057782,0.8442973990252377,0.622810115784346,0.23570226039551584,0.8249309151707963,0.8753777902508527,0.622810115784346,0.23570226039551584,0.6823679185232336,0.8267396184062851,0.6053451582712271
0.23570226039551584,0.8201484130902553,0.8465069957865275,0.622810115784346,0.23570226039551584,0.8206116619836055,0.8550742627693104,0.622810115784346,0.23570226039551584,0.6810039101573157,0.8061167227833894,0.6053451582712271
0.23570226039551584,0.8181763015361646,0.8994389021097839,0.5922412055434008,0.23570226039551584,0.8308524719596869,0.9258950136766421,0.5922412055434008,0.23570226039551584,0.7186505410566518,0.808641975308642,0.5835675548850303
0.23570226039551584,0.8172309144160922,0.8963261009252369,0.6126304633517126,0.23570226039551584,0.8315491256995564,0.9181214236914489,0.6126304633517126,0.23570226039551584,0.702282440665636,0.8592873176206509,0.5961164822094577
0.23570226039551584,0.8158260108994749,0.8450910760228274,0.6249970092551289,0.23570226039551584,0.8222836309592922,0.8622256099883933,0.6249970092551289,0.23570226039551584,0.6716377193780122,0.8519921436588103,0.6198918506481171
0.23570226039551584,0.8152247509107008,0.8845701572369373,0.6198394416807027,0.23570226039551584,0.8188235840512738,0.9088166720425055,0.6198394416807027,0.23570226039551584,0.6826407201964172,0.835016835016835,0.595451418343615
0.23570226039551584,0.8138221366241237,0.8854200265659564,0.6144370822146336,0.23570226039551584,0.8256972342846527,0.9110459519933356,0.6144370822146336,0.23570226039551584,0.68209511685005,0.8612514029180696,0.6014581453007348
0.23570226039551584,0.8137596223375531,0.9096833673238736,0.5938134571940004,0.23570226039551584,0.8254185727887049,0.9299307024739865,0.5938134571940004,0.23570226039551584,0.7372919887241975,0.8298260381593715,0.5936616342342186
0.23570226039551584,0.81299954037249,0.8519249524428744,0.6224103634571041,0.23570226039551584,0.8297610477672248,0.8994023929678948,0.6224103634571041,0.23570226039551584,0.6639083386378103,0.8479236812570146,0.6223750353275236
0.23570226039551584,0.8127115730945039,0.8464339775027493,0.6268638304449676,0.23570226039551584,0.8218656387153706,0.8565857412435205,0.6268638304449676,0.23570226039551584,0.6534509411657725,0.8334736251402918,0.6222014398839849
0.23570226039551584,0.8123794006093598,0.8505258586315231,0.623357121172539,0.23570226039551584,0.815595755056545,0.8746796719637728,0.623357121172539,0.23570226039551584,0.6695462398836046,0.8437149270482603,0.6170184580237441
0.23570226039551584,0.8120277867160032,0.8613027223755959,0.6206484156734906,0.23570226039551584,0.829319833731974,0.8956082994486168,0.6206484156734906,0.23570226039551584,0.7248340456488133,0.7988215488215488,0.606723955223071
0.23570226039551584,0.8120093017900594,0.8294118282000422,0.6291891153087189,0.23570226039551584,0.8210296542275272,0.853602150674181,0.6291891153087189,0.23570226039551584,0.6699099754478494,0.8128507295173961,0.6207173045430678
0.23570226039551584,0.8116511562347132,0.8877391507529138,0.6147096591359142,0.23570226039551584,0.8298771567238696,0.9002128959178335,0.6147096591359142,0.23570226039551584,0.6959170682913521,0.8411896745230079,0.6071396683022756
0.23570226039551584,0.8112932178557609,0.9126107655617837,0.5922412055434008,0.23570226039551584,0.8250005805447832,0.9361029697488426,0.5922412055434008,0.23570226039551584,0.7282895335091388,0.7962962962962963,0.5835675548850303
0.23570226039551584,0.8111742082252684,0.9156505484625524,0.5922412055434008,0.23570226039551584,0.8216798643847386,0.9282169951007906,0.5922412055434008,0.23570226039551584,0.7331999636264436,0.8205667789001123,0.5835675548850303
0.23570226039551584,0.8110988057701497,0.9103449764690643,0.5943870343162008,0.23570226039551584,0.8237233820216892,0.9197789387332154,0.5943870343162008,0.23570226039551584,0.7107392925343275,0.8577441077441077,0.5941054054337491
0.23570226039551584,0.810978028690045,0.914214945509312,0.5949988057112318,0.23570226039551584,0.8200543389917099,0.9330266777061846,0.5949988057112318,0.23570226039551584,0.73520050922979,0.7932098765432098,0.5835675548850303
0.23570226039551584,0.810932611063287,0.9173839390252885,0.5929961459627583,0.23570226039551584,0.8223300745419502,0.9361591620802718,0.5929961459627583,0.23570226039551584,0.7403837410202783,0.8396464646464646,0.5936616342342186
0.23570226039551584,0.8106704474592372,0.9096271749924442,0.6186178972005688,0.23570226039551584,0.8219585258806864,0.9244594107234017,0.6186178972005688,0.23570226039551584,0.7312903519141584,0.8313692480359147,0.5970014588156205
0.23570226039551584,0.8104719571162987,0.9243105169186538,0.5929961459627583,0.23570226039551584,0.819729233913104,0.9368769635568921,0.5929961459627583,0.23570226039551584,0.7349277075566063,0.8200056116722783,0.5936616342342186
0.23570226039551584,0.8099159629426702,0.9274991936241704,0.5922412055434008,0.23570226039551584,0.8202633351136707,0.9197059204494371,0.5922412055434008,0.23570226039551584,0.7349277075566063,0.827300785634119,0.5835675548850303
0.23570226039551584,0.8097490438095294,0.8309963249580303,0.6291891153087189,0.23570226039551584,0.8179643777721013,0.853602150674181,0.6291891153087189,0.23570226039551584,0.667454760389197,0.8174803591470259,0.6207173045430678
0.23570226039551584,0.8096921471669297,0.9189122434518473,0.6228559438172698,0.23570226039551584,0.8128788054710541,0.933817497466583,0.6228559438172698,0.23570226039551584,0.6902791670455579,0.8458193041526375,0.5971691360780317
0.23570226039551584,0.8094988836125715,0.9259512060080713,0.5929961459627583,0.23570226039551584,0.8186378097206418,0.9353851682722223,0.5929961459627583,0.23570226039551584,0.736564517595708,0.8138327721661055,0.5936616342342186
0.23570226039551584,0.8089269992859863,0.8644352067496832,0.6249970092551289,0.23570226039551584,0.8166639574576783,0.8854565357078457,0.6249970092551289,0.23570226039551584,0.6929162498863326,0.8514309764309764,0.6198918506481171
0.23570226039551584,0.8086935807538568,0.8566222503854095,0.6294612825034878,0.23570226039551584,0.8241413742656108,0.8651895173681925,0.6294612825034878,0.23570226039551584,0.6800036373556424,0.8215488215488216,0.6227686935798081
0.23570226039551584,0.8079377528926525,0.8667375049842916,0.6233072151155589,0.23570226039551584,0.8207509927315794,0.8870410324658338,0.6233072151155589,0.23570226039551584,0.6761844139310721,0.8055555555555556,0.6209166024617162
0.23570226039551584,0.8068597599032928,0.9243105169186538,0.5990702347114347,0.23570226039551584,0.8203794440703156,0.9235927154420336,0.5990702347114347,0.23570226039551584,0.7356551786850959,0.8009259259259259,0.5895755068778232
0.23570226039551584,0.8017800256339704,0.930704696282036,0.5929961459627583,0.23570226039551584,0.8162691870050856,0.936195671222161,0.5929961459627583,0.23570226039551584,0.7350186414476676,0.8381032547699214,0.5936616342342186
0.23570226039551584,0.8014261472365924,0.8658708097029235,0.6276949041589199,0.23570226039551584,0.8148062141513597,0.900120194444515,0.6276949041589199,0.23570226039551584,0.7206510866599982,0.8726150392817059,0.6253331064457939
0.23570226039551584,0.8003632365811896,0.863585337420664,0.6306144580028457,0.23570226039551584,0.8082344472052574,0.8901538336503808,0.6306144580028457,0.23570226039551584,0.6572701645903428,0.8679854096520763,0.6231511948541036
0.23570226039551584,0.7975646967032816,0.9321599824248166,0.5922412055434008,0.23570226039551584,0.8070501358474793,0.9493872178637008,0.5922412055434008,0.23570226039551584,0.7231972356097117,0.8334736251402918,0.5835675548850303
0.23570226039551584,0.7950079625459482,0.9244032183919724,0.5946498064815472,0.23570226039551584,0.8100457469289181,0.9284023980474276,0.5946498064815472,0.23570226039551584,0.7244703100845685,0.851010101010101,0.5936616342342186
0.23570226039551584,0.794367829646515,0.9306119948087175,0.5940154802185508,0.23570226039551584,0.8028702134082624,0.9431784414469557,0.5940154802185508,0.23570226039551584,0.745294171137583,0.8282828282828283,0.5936616342342186
0.23570226039551584,0.7943540828247299,0.8729827905429259,0.6310233626374057,0.23570226039551584,0.8121589299398556,0.8854930448497347,0.6310233626374057,0.23570226039551584,0.6915522415204146,0.8230920314253647,0.6249744248755267
0.23570226039551584,0.7926784930600362,0.8830418528103785,0.627630524223755,0.23570226039551584,0.8187306968859578,0.9111386534666541,0.627630524223755,0.23570226039551584,0.7021915067745749,0.8411896745230079,0.6221312530823986
0.23570226039551584,0.7906955468255815,0.9251407030581327,0.6021910895406314,0.23570226039551584,0.8009892483106147,0.9345746653222837,0.6021910895406314,0.23570226039551584,0.7463853778303173,0.835016835016835,0.5925696799907525
0.23570226039551584,0.7896546814124656,0.9290640071926184,0.5979368837738963,0.23570226039551584,0.8056800501590693,0.9416304538308566,0.5979368837738963,0.23570226039551584,0.7222878966990998,0.835016835016835,0.5850257855064649
0.23570226039551584,0.7871485004452833,0.9157994422673003,0.6263184534295041,0.23570226039551584,0.8012214662239046,0.9430857399736372,0.6263184534295041,0.23570226039551584,0.7153769209784486,0.8912738496071829,0.61113773606369
0.23570226039551584,0.7842886156986323,0.8877026416110246,0.6301225142400727,0.23570226039551584,0.8011750226412465,0.9041558832418595,0.6301225142400727,0.23570226039551584,0.6673638264981359,0.8355780022446689,0.6196539838672814
0.23570226039551584,0.7839831804098178,0.9212904172074252,0.6257524341577042,0.23570226039551584,0.8096741982676544,0.9189319266413876,0.6257524341577042,0.23570226039551584,0.7142857142857143,0.8550785634118967,0.6012475348092463
0.23570226039551584,0.7762985190527644,0.9258585045347529,0.6195153201350561,0.23570226039551584,0.7970415437846875,0.9329339762328661,0.6195153201350561,0.23570226039551584,0.6873692825315996,0.8489057239057238,0.6123775462841109
0.23570226039551584,0.7761193143134039,0.9258585045347529,0.6230423623235903,0.23570226039551584,0.8016859020504842,0.9313494794748779,0.6230423623235903,0.23570226039551584,0.6757297444757662,0.859287317620651,0.6156156834856532
0.23570226039551584,0.7757049444788766,0.9210853310712481,0.6263184534295041,0.23570226039551584,0.7897034577247289,0.9337444791828048,0.6263184534295041,0.23570226039551584,0.6867327452941712,0.8432940516273849,0.61113773606369
0.23570226039551584,0.7751714457607287,0.9314786900900855,0.6228559438172698,0.23570226039551584,0.7946729210691312,0.9299503856635267,0.6228559438172698,0.23570226039551584,0.6871874147494771,0.8458193041526375,0.5973802679721754
0.23570226039551584,0.7742229967609222,0.8768330763936333,0.6306144580028457,0.23570226039551584,0.790957434456494,0.9212342248759959,0.6306144580028457,0.23570226039551584,0.6567245612439756,0.8458193041526375,0.6231511948541036
0.23570226039551584,0.7722795970291673,0.8775508778702534,0.6304605132207461,0.23570226039551584,0.7815526089682558,0.8869848401344045,0.6304605132207461,0.23570226039551584,0.6833681913249068,0.8529741863075196,0.6238591380192047
0.23570226039551584,0.771010605680571,0.887758833942454,0.6319745169177021,0.23570226039551584,0.784014118849128,0.8940238026906285,0.6319745169177021,0.23570226039551584,0.6749113394562153,0.8581649831649831,0.6216002414868085
0.23570226039551584,0.7707398745110008,0.912666957893213,0.6274295218092236,0.23570226039551584,0.7876134965051204,0.9173839390252885,0.6274295218092236,0.23570226039551584,0.6995544239338001,0.840628507295174,0.6202802052308183
0.23570226039551584,0.7683630890236811,0.8465266789760678,0.633239783368553,0.23570226039551584,0.7907484383345331,0.8799655607677206,0.633239783368553,0.23570226039551584,0.7041011184868601,0.8529741863075196,0.6268930616369085
0.23570226039551584,0.7673539927820912,0.8908913183165412,0.6305235648899603,0.23570226039551584,0.7838283445184961,0.9142711378407414,0.6305235648899603,0.23570226039551584,0.7213785577884878,0.8489057239057238,0.6181612350302241
0.23570226039551584,0.7670909047167354,0.8979105976832251,0.632978647985295,0.23570226039551584,0.7923275201449039,0.910420851990034,0.632978647985295,0.23570226039551584,0.6995544239338001,0.8602693602693603,0.6235080108443247
0.23570226039551584,0.7623032074591611,0.9330266777061846,0.6228559438172698,0.23570226039551584,0.7853377609548801,0.9361591620802718,0.6228559438172698,0.23570226039551584,0.6695462398836046,0.8479236812570146,0.5973802679721754
0.23570226039551584,0.7620837227297352,0.910420851990034,0.6317056077225152,0.23570226039551584,0.7845946636323526,0.9151378331221094,0.6317056077225152,0.23570226039551584,0.7287442029644449,0.8365600448933782,0.6156761532506043
0.23570226039551584,0.7601110873219166,0.9376874665068307,0.6228559438172698,0.23570226039551584,0.7878689362097392,0.9438962429235759,0.6228559438172698,0.23570226039551584,0.7354733109029735,0.8169191919191919,0.5971691360780317
0.23570226039551584,0.7586817104218909,0.9329704853747552,0.6257524341577042,0.23570226039551584,0.7845249982583656,0.9407637585494886,0.6257524341577042,0.23570226039551584,0.6691825043193598,0.8390852974186307,0.5997354562597828
0.23570226039551584,0.7569752277235618,0.9259877151499605,0.6263626080944955,0.23570226039551584,0.7780461184775793,0.9361394788907316,0.6263626080944955,0.23570226039551584,0.7258343184504865,0.8442760942760943,0.6039334121726294
0.23570226039551584,0.7504443754726738,0.9064216723345787,0.632978647985295,0.23570226039551584,0.7727747718459002,0.9220644110154748,0.632978647985295,0.23570226039551584,0.6936437210148222,0.8618125701459034,0.6216002414868085
0.23570226039551584,0.7501881709159481,0.8697941138374092,0.6332464329384464,0.23570226039551584,0.7853145391635511,0.8947584301195977,0.6332464329384464,0.23570226039551584,0.6652723470037283,0.8427328843995511,0.6229470197628555
0.23570226039551584,0.7497662915130658,0.9251210198685925,0.627791007960604,0.23570226039551584,0.7704990362956599,0.9359905850859838,0.627791007960604,0.23570226039551584,0.6997362917159226,0.8540965207631874,0.6126294288946054
0.23570226039551584,0.7496045209974275,0.8721160952615579,0.6330935234343322,0.23570226039551584,0.7682929661194065,0.900986889725883,0.6330935234343322,0.23570226039551584,0.6836409929980903,0.8437149270482603,0.6219654032159413
0.23570226039551584,0.7484038153107071,0.907857275287819,0.631879918916797,0.23570226039551584,0.7651115807073358,0.9156505484625524,0.631879918916797,0.23570226039551584,0.7011912339729017,0.8489057239057239,0.6239325874038533
0.23570226039551584,0.74693017522792,0.9150816407906801,0.6317056077225152,0.23570226039551584,0.7705687016696467,0.9314421809481964,0.6317056077225152,0.23570226039551584,0.7109211603164499,0.8458193041526375,0.6156761532506043
0.23570226039551584,0.7463778729867722,0.9205726157308051,0.6282711165844588,0.23570226039551584,0.7768618071198012,0.9299503856635267,0.6282711165844588,0.23570226039551584,0.7281985996180776,0.8515712682379349,0.6062220375918241
0.23570226039551584,0.7426030608876216,0.9071394738111989,0.6330935234343322,0.23570226039551584,0.7589578060051553,0.9165734360753498,0.6330935234343322,0.23570226039551584,0.6992816222606165,0.8535353535353536,0.6239325874038533
0.23570226039551584,0.7425056222513037,0.9244594107234017,0.6282711165844588,0.23570226039551584,0.7644381487587952,0.9330266777061846,0.6282711165844588,0.23570226039551584,0.678457761207602,0.8494668911335578,0.6039080365084326
0.23570226039551584,0.7360495093067813,0.9087239705691871,0.6330935234343322,0.23570226039551584,0.7552887629751759,0.9196497281180077,0.6330935234343322,0.23570226039551584,0.6923706465399655,0.866442199775533,0.6238695015591047
0.23570226039551584,0.7350113201396526,0.9181017405019086,0.6296819081657202,0.23570226039551584,0.757912825395351,0.9211780325445665,0.6296819081657202,0.23570226039551584,0.6689097026461762,0.8442760942760943,0.6253331064457939
0.23570226039551584,0.7341347054461559,0.9259512060080713,0.6282711165844588,0.23570226039551584,0.7629983976963983,0.927591895097489,0.6282711165844588,0.23570226039551584,0.6932799854505775,0.8355780022446688,0.6039080365084326
0.23570226039551584,0.7333527488636936,0.9291201995240478,0.6282711165844588,0.23570226039551584,0.7630680630703852,0.935328975940793,0.6282711165844588,0.23570226039551584,0.6850959352550695,0.8402076318742985,0.6039080365084326
0.23570226039551584,0.7321327530428515,0.9438400505921465,0.6198394416807027,0.23570226039551584,0.7643684833848083,0.9384052679834509,0.6198394416807027,0.23570226039551584,0.7008274984086569,0.8525533108866442,0.5957779484386099
0.23570226039551584,0.727238282155389,0.9446505535420852,0.6228559438172698,0.23570226039551584,0.7597009033276827,0.9392157709333895,0.6228559438172698,0.23570226039551584,0.705010457397472,0.8417508417508417,0.5997461014657899
0.23570226039551584,0.7251394898386506,0.9189319266413876,0.6317056077225152,0.23570226039551584,0.7518054942758284,0.9369331558883214,0.6317056077225152,0.23570226039551584,0.6832772574338456,0.8448372615039281,0.6156761532506043
0.23570226039551584,0.7232056928632846,0.9391792617915005,0.6254136305940554,0.23570226039551584,0.7622320785825418,0.9461620320162951,0.6254136305940554,0.23570226039551584,0.7172865326907338,0.8592873176206509,0.5998841534851616
0.23570226039551584,0.72284965093926,0.9344622806594249,0.6317056077225152,0.23570226039551584,0.7486473306550867,0.9415939446889675,0.6317056077225152,0.23570226039551584,0.6767300172774393,0.8427328843995511,0.6156761532506043
0.23570226039551584,0.7166796283221709,0.9390303679867527,0.6257054733367053,0.23570226039551584,0.7488563267770476,0.9359540759440946,0.6257054733367053,0.23570226039551584,0.6933709193416386,0.8793490460157127,0.6148920687381654
0.23570226039551584,0.7102372595886118,0.9423117461655877,0.6257524341577042,0.23570226039551584,0.7636253860622808,0.9423117461655877,0.6257524341577042,0.23570226039551584,0.7143766481767755,0.8359988776655444,0.6005012995382664
0.23570226039551584,0.6984870891633753,0.9267251998161209,0.6318212813357444,0.23570226039551584,0.723521352437127,0.923648907773463,0.6318212813357444,0.23570226039551584,0.6980085477857597,0.8571829405162739,0.6226895959553945
0.23570226039551584,0.6975551361807755,0.9110824611352248,0.632978647985295,0.23570226039551584,0.7443977428418829,0.914214945509312,0.632978647985295,0.23570226039551584,0.6938255887969447,0.8437149270482603,0.6235080108443247
0.23570226039551584,0.6954554415179283,0.9384417771253399,0.6292334064613558,0.23570226039551584,0.7168566983257089,0.9423482553074768,0.6292334064613558,0.23570226039551584,0.6588160407383832,0.8365600448933782,0.6117490583503362
0.23570226039551584,0.6936750840792144,0.9391792617915005,0.6263626080944955,0.23570226039551584,0.7259364187353412,0.9431222491155263,0.6263626080944955,0.23570226039551584,0.6912794398472311,0.8540965207631874,0.6039334121726294
0.23570226039551584,0.6896464537913095,0.93995325559955,0.6292334064613558,0.23570226039551584,0.7239393446810487,0.9204602310679464,0.6292334064613558,0.23570226039551584,0.6722742566154406,0.8458193041526375,0.6117490583503362
0.23570226039551584,0.6828993910887674,0.949238324058953,0.6257524341577042,0.23570226039551584,0.7212688386782157,0.9570877895651158,0.6257524341577042,0.23570226039551584,0.6728198599618078,0.8303872053872053,0.5997354562597828
0.23570226039551584,0.6685986135675873,0.931385988616767,0.632978647985295,0.23570226039551584,0.7118175696073195,0.9375947650335122,0.632978647985295,0.23570226039551584,0.6943711921433118,0.8571829405162739,0.6229470197628555
0.23570226039551584,0.665964089358542,0.9431222491155263,0.6282711165844588,0.23570226039551584,0.7310452128277175,0.948557031724222,0.6282711165844588,0.23570226039551584,0.699008820587433,0.8845398428731762,0.6039080365084326
0.23570226039551584,0.6198707415114963,0.9173839390252885,0.6330935234343322,0.23570226039551584,0.6818846805842602,0.9251772122000219,0.6330935234343322,0.23570226039551584,0.6258070382831681,0.8731762065095399,0.6253331064457939
0.22941573387056177,0.8453449674319938,0.8153704122294831,0.5920532850683684,0.22941573387056177,0.8469219515593432,0.8449028158389992,0.5920532850683684,0.22941573387056177,0.68209511685005,0.8180415263748597,0.5879986915975721
0.22941573387056177,0.8452036818854237,0.8239770455913465,0.6183121770522101,0.22941573387056177,0.8490583563616098,0.8698699893583788,0.6183121770522101,0.22941573387056177,0.6671819587160135,0.8359988776655444,0.6173451340275258
0.22941573387056177,0.8432335599311701,0.8294483373419312,0.6115500482999785,0.22941573387056177,0.8492209089009126,0.8605287285675464,0.6115500482999785,0.22941573387056177,0.6676366281713194,0.8365600448933782,0.6016927874575169
0.22941573387056177,0.8432166196135137,0.8372051013747756,0.6183121770522101,0.22941573387056177,0.8458537491582101,0.8783810640097324,0.6183121770522101,0.22941573387056177,0.6639083386378103,0.8329124579124578,0.6173451340275258
0.22941573387056177,0.8417575308695898,0.8255418591597945,0.622810115784346,0.22941573387056177,0.840396628195899,0.8667740141261807,0.622810115784346,0.22941573387056177,0.6705465126852778,0.803030303030303,0.6053451582712271
0.22941573387056177,0.840814929496445,0.8348269276191976,0.6204038802099024,0.22941573387056177,0.8406056243178599,0.8512436601081432,0.6204038802099024,0.22941573387056177,0.6669091570428298,0.8319304152637486,0.6044513591086549
0.22941573387056177,0.8394976390184317,0.8386968966594452,0.6183121770522101,0.22941573387056177,0.8425562547894945,0.8611538285708481,0.6183121770522101,0.22941573387056177,0.6687278348640538,0.8329124579124578,0.6173451340275258
0.22941573387056177,0.8390619626506268,0.8542834430089121,0.6183121770522101,0.22941573387056177,0.8423008150848756,0.8620767161836455,0.6183121770522101,0.22941573387056177,0.6685459670819315,0.8282828282828283,0.6173451340275258
0.22941573387056177,0.8354885829834986,0.8511312754452846,0.622810115784346,0.22941573387056177,0.8394445347514107,0.8706608091187773,0.622810115784346,0.22941573387056177,0.662817131945076,0.8107463524130191,0.6053451582712271
0.22941573387056177,0.8300921910379516,0.8760225734436946,0.5998155569960859,0.22941573387056177,0.8377725657757239,0.8791353746282418,0.5998155569960859,0.22941573387056177,0.7198326816404474,0.8458193041526375,0.5990338288605335
0.22941573387056177,0.8288396885651962,0.8566419335749498,0.6183121770522101,0.22941573387056177,0.8330817639272694,0.8784372563411618,0.6183121770522101,0.22941573387056177,0.6717286532690734,0.8411896745230079,0.6173451340275258
0.22941573387056177,0.8286240279219106,0.8635488282787749,0.6115500482999785,0.22941573387056177,0.8352646123121937,0.8799093684362912,0.6115500482999785,0.22941573387056177,0.7143766481767755,0.851010101010101,0.6045686018366645
0.22941573387056177,0.8285424468800647,0.8232592441147264,0.6268638304449676,0.22941573387056177,0.8359148224694053,0.8753047719670745,0.6268638304449676,0.22941573387056177,0.6695462398836046,0.8143939393939393,0.6198918506481171
0.22941573387056177,0.8279596900929876,0.8271095299654339,0.6268638304449676,0.22941573387056177,0.8356593827647865,0.8590566164724169,0.6268638304449676,0.22941573387056177,0.674274802218787,0.8061167227833894,0.6198918506481171
0.22941573387056177,0.82642369659633,0.836431107566726,0.6268638304449676,0.22941573387056177,0.8325708845180317,0.8628872191335841,0.6268638304449676,0.22941573387056177,0.686187141947804,0.8365600448933782,0.6230473176102658
0.22941573387056177,0.8256666491741601,0.8681534247479916,0.6036966384095847,0.22941573387056177,0.8333372036318881,0.8892674551794726,0.6036966384095847,0.22941573387056177,0.7321996908247704,0.819023569023569,0.590337798169042
0.22941573387056177,0.8244491354770208,0.8410357040359429,0.6291891153087189,0.22941573387056177,0.82256229245524,0.8628310268021547,0.6291891153087189,0.22941573387056177,0.6766390833863781,0.7947530864197531,0.6207173045430678
0.22941573387056177,0.821927281285463,0.8785664669563693,0.6186178972005688,0.22941573387056177,0.8343357406590345,0.9050787708546568,0.6186178972005688,0.22941573387056177,0.7046467218332273,0.8369809203142536,0.5960132078599344
0.22941573387056177,0.8193967117097941,0.8612830391860556,0.622810115784346,0.22941573387056177,0.826718993103128,0.9002494050597226,0.622810115784346,0.22941573387056177,0.7199236155315086,0.8092031425364759,0.6053451582712271
0.22941573387056177,0.8193311595784082,0.8550939459588507,0.6249970092551289,0.22941573387056177,0.8250470241274412,0.9032891879604914,0.6249970092551289,0.22941573387056177,0.6746385377830317,0.8396464646464646,0.6198918506481171
0.22941573387056177,0.8192366525878866,0.9025151941524419,0.5922412055434008,0.22941573387056177,0.8297842695585538,0.9313297962853377,0.5922412055434008,0.22941573387056177,0.7174684004728562,0.8200056116722783,0.5835675548850303
0.22941573387056177,0.8182452980326874,0.8908716351270011,0.6152106911549597,0.22941573387056177,0.8332443164665723,0.9096271749924442,0.6152106911549597,0.22941573387056177,0.6776393561880513,0.8648989898989898,0.5961164822094577
0.22941573387056177,0.8163939557262357,0.9173277466938591,0.5922412055434008,0.22941573387056177,0.8308524719596869,0.9392354541229297,0.5922412055434008,0.22941573387056177,0.7351095753387288,0.7962962962962963,0.5835675548850303
0.22941573387056177,0.8163863556237932,0.8411845978406907,0.6252753627563683,0.22941573387056177,0.8315026821168985,0.8816989513304566,0.6252753627563683,0.22941573387056177,0.7041011184868601,0.8215488215488216,0.6219909560249961
0.22941573387056177,0.8163409881401726,0.8784540822935106,0.622810115784346,0.22941573387056177,0.8253953509973759,0.9026078956257604,0.622810115784346,0.22941573387056177,0.7337455669728108,0.8282828282828283,0.6053451582712271
0.22941573387056177,0.8145407079037686,0.8410918963673721,0.6281511960642548,0.22941573387056177,0.8270440981817337,0.8643790144182538,0.6281511960642548,0.22941573387056177,0.6664544875875239,0.8562008978675646,0.6224953911546433
0.22941573387056177,0.8132198740029656,0.9274991936241704,0.5922412055434008,0.22941573387056177,0.8232821679864385,0.9197059204494371,0.5922412055434008,0.22941573387056177,0.728835136855506,0.8205667789001123,0.5835675548850303
0.22941573387056177,0.8129430977825276,0.8457723683575585,0.6251382559223058,0.22941573387056177,0.8245129229268746,0.8885890200819329,0.6251382559223058,0.22941573387056177,0.7299263435482404,0.8215488215488215,0.6107304455880962
0.22941573387056177,0.8127414367500144,0.8465828713074972,0.6268638304449676,0.22941573387056177,0.8240484871002949,0.8785299578144803,0.6268638304449676,0.22941573387056177,0.6567245612439756,0.8540965207631874,0.6205099552493802
0.22941573387056177,0.8125655682570504,0.911800262611845,0.6126304633517126,0.22941573387056177,0.8277175301302743,0.9336320945199461,0.6126304633517126,0.22941573387056177,0.7098299536237156,0.8330527497194163,0.5961164822094577
0.22941573387056177,0.8121320306898733,0.8613027223755959,0.6249970092551289,0.22941573387056177,0.8211689849755011,0.887758833942454,0.6249970092551289,0.22941573387056177,0.6631808675093207,0.8468013468013468,0.6198918506481171
0.22941573387056177,0.8117348233232273,0.8510947663033954,0.6268638304449676,0.22941573387056177,0.8219120822980285,0.8659073188448126,0.6268638304449676,0.22941573387056177,0.6503591888696917,0.8273007856341189,0.6222014398839849
0.22941573387056177,0.811144882706217,0.9235927154420336,0.5929961459627583,0.22941573387056177,0.8199382300350649,0.9369331558883214,0.5929961459627583,0.22941573387056177,0.7355642447940347,0.8153759820426487,0.5936616342342186
0.22941573387056177,0.8110387833594692,0.8636612129416337,0.6252753627563683,0.22941573387056177,0.8186378097206418,0.9026275788153006,0.6252753627563683,0.22941573387056177,0.7096480858415931,0.8458193041526375,0.6219909560249961
0.22941573387056177,0.8107372569317167,0.9282535042426798,0.5929961459627583,0.22941573387056177,0.8217727515500546,0.9376874665068307,0.5929961459627583,0.22941573387056177,0.7391106665454215,0.8169191919191919,0.5936616342342186
0.22941573387056177,0.8106468835633037,0.8863035477996734,0.621653738527981,0.22941573387056177,0.8188700276339317,0.9291567086659369,0.621653738527981,0.22941573387056177,0.6764572156042558,0.8581649831649831,0.5967320424559525
0.22941573387056177,0.8103404130836208,0.9149692561278213,0.5990702347114347,0.22941573387056177,0.8230963936558066,0.9306119948087175,0.5990702347114347,0.22941573387056177,0.7435664272074202,0.8184624017957352,0.5895755068778232
0.22941573387056177,0.8101603204344604,0.8987576097750529,0.6228559438172698,0.22941573387056177,0.8182198174767201,0.9244959198652908,0.6228559438172698,0.22941573387056177,0.6790942984450304,0.8334736251402918,0.5971691360780317
0.22941573387056177,0.809059975277667,0.8558679397669002,0.6263184534295041,0.22941573387056177,0.8220049694633444,0.871454486116367,0.6263184534295041,0.22941573387056177,0.6563608256797309,0.8608305274971941,0.6133682729490877
0.22941573387056177,0.8088461987262998,0.9213269263493145,0.6144253105017217,0.22941573387056177,0.8192880198778534,0.9229114231073026,0.6144253105017217,0.22941573387056177,0.7318359552605256,0.8618125701459035,0.5935935793668605
0.22941573387056177,0.8088076033306469,0.8636050206102043,0.6263184534295041,0.22941573387056177,0.8132735759236468,0.8940041195010884,0.6263184534295041,0.22941573387056177,0.6948258615986178,0.8639169472502806,0.6177387072843161
0.22941573387056177,0.8059651162562117,0.860436027094228,0.6268638304449676,0.22941573387056177,0.8214708682627778,0.8901173245084917,0.6268638304449676,0.22941573387056177,0.7082840774756752,0.8396464646464646,0.6225117352693468
0.22941573387056177,0.8057875891234758,0.8824167528070768,0.6264570208904854,0.22941573387056177,0.8151545410212944,0.9042120755732888,0.6264570208904854,0.22941573387056177,0.7318359552605256,0.8282828282828283,0.619022976617158
0.22941573387056177,0.8053268368099346,0.9290836903821587,0.5922412055434008,0.22941573387056177,0.8173606111975478,0.9376509573649416,0.5922412055434008,0.22941573387056177,0.7331999636264436,0.8319304152637486,0.5835675548850303
0.22941573387056177,0.8033675697315198,0.8847752433731145,0.6245686529650845,0.22941573387056177,0.8185913661379839,0.9073445599473761,0.6245686529650845,0.22941573387056177,0.688005819769028,0.8344556677890012,0.6017942278532706
0.22941573387056177,0.8029538559043798,0.9190246281147061,0.6263184534295041,0.22941573387056177,0.8090704316931008,0.9213466095388546,0.6263184534295041,0.22941573387056177,0.7021915067745749,0.8236531986531986,0.61113773606369
0.22941573387056177,0.8028923696673118,0.924347026060543,0.6228559438172698,0.22941573387056177,0.8127162529317512,0.9408002676913777,0.6228559438172698,0.22941573387056177,0.6896426298081295,0.8365600448933782,0.5971691360780317
0.22941573387056177,0.801959713682531,0.874362201164737,0.627028639821898,0.22941573387056177,0.8168729535796392,0.9024590018210126,0.627028639821898,0.22941573387056177,0.7075566063471856,0.8519921436588103,0.6191728328012356
0.22941573387056177,0.8015149277733026,0.9322526838981351,0.5929961459627583,0.22941573387056177,0.8156421986392031,0.9369696650302105,0.5929961459627583,0.22941573387056177,0.7362007820314631,0.8381032547699214,0.5936616342342186
0.22941573387056177,0.796958634030902,0.8839085480917466,0.6306944891757396,0.22941573387056177,0.817058727910271,0.9034942740966686,0.6306944891757396,0.22941573387056177,0.6804583068109484,0.8359988776655444,0.6156761532506043
0.22941573387056177,0.7958238603501487,0.9259512060080713,0.6021910895406314,0.22941573387056177,0.8041009683486984,0.9338006715142342,0.6021910895406314,0.22941573387056177,0.7441120305537874,0.8303872053872055,0.5925696799907525
0.22941573387056177,0.7949873609345736,0.8893433307004421,0.6274295218092236,0.22941573387056177,0.8164085177530594,0.9072883676159467,0.6274295218092236,0.22941573387056177,0.6842775302355187,0.8710718294051627,0.6202802052308183
0.22941573387056177,0.7917357880986945,0.8464901698341787,0.6319745169177021,0.22941573387056177,0.8180572649374173,0.8675114987923411,0.6319745169177021,0.22941573387056177,0.6495407838501409,0.8142536475869809,0.6216002414868085
0.22941573387056177,0.7905340837726117,0.9336517777094863,0.6156855114650812,0.22941573387056177,0.8093026496063906,0.9383687588415618,0.6156855114650812,0.22941573387056177,0.6885514231153951,0.882435465768799,0.6002161151910737
0.22941573387056177,0.7886027259191767,0.8628113436126146,0.632978647985295,0.22941573387056177,0.810138634094234,0.8846628587102559,0.632978647985295,0.22941573387056177,0.6583613712830773,0.851010101010101,0.6229470197628555
0.22941573387056177,0.787433879400548,0.9205164233993757,0.6263184534295041,0.22941573387056177,0.7999907112834684,0.9368769635568921,0.6263184534295041,0.22941573387056177,0.7158315904337547,0.8629349046015713,0.61113773606369
0.22941573387056177,0.7871741646706165,0.898740783822704,0.6306944891757396,0.22941573387056177,0.8082344472052574,0.9074007522788055,0.6306944891757396,0.22941573387056177,0.7112848958806948,0.8489057239057238,0.6156761532506043
0.22941573387056177,0.7834801186529461,0.9002690882492629,0.6292334064613558,0.22941573387056177,0.7994566100829018,0.9151378331221094,0.6292334064613558,0.22941573387056177,0.7034645812494317,0.8602693602693603,0.6163493301880553
0.22941573387056177,0.781849673530548,0.9268179012894394,0.6228559438172698,0.22941573387056177,0.8015233495111813,0.9353851682722223,0.6228559438172698,0.22941573387056177,0.6829135218696007,0.8587261503928171,0.5973802679721754
0.22941573387056177,0.7815002017397411,0.930704696282036,0.6228559438172698,0.22941573387056177,0.7997817151615075,0.9346111744641727,0.6228559438172698,0.22941573387056177,0.6844593980176412,0.8556397306397305,0.5973802679721754
0.22941573387056177,0.7794907775482098,0.9322330007085948,0.6228559438172698,0.22941573387056177,0.8004087035273901,0.9423847644493659,0.6228559438172698,0.22941573387056177,0.7260161862326089,0.8602693602693603,0.598642130691122
0.22941573387056177,0.7784238394697169,0.9080623614239962,0.6282711165844588,0.22941573387056177,0.7946032556951443,0.923648907773463,0.6282711165844588,0.22941573387056177,0.6971901427662089,0.8494668911335578,0.6062220375918241
0.22941573387056177,0.7780969035253406,0.9026275788153006,0.6292334064613558,0.22941573387056177,0.8008499175626408,0.9274991936241704,0.6292334064613558,0.22941573387056177,0.7014640356460853,0.8498877665544332,0.6131718928621018
0.22941573387056177,0.7779441591584036,0.9227260201606656,0.6240049950696869,0.22941573387056177,0.7993405011262569,0.9328777839014367,0.6240049950696869,0.22941573387056177,0.6803673729198872,0.8122895622895623,0.6057637898278483
0.22941573387056177,0.7736641198560129,0.9352362744674745,0.6195153201350561,0.22941573387056177,0.7962287810881732,0.9290274980507293,0.6195153201350561,0.22941573387056177,0.6900972992634354,0.8571829405162739,0.6123775462841109
0.22941573387056177,0.7731374766185545,0.8768892687250627,0.6319745169177021,0.22941573387056177,0.7864059633560133,0.8986845914912747,0.6319745169177021,0.22941573387056177,0.6758206783668274,0.8581649831649831,0.6216002414868085
0.22941573387056177,0.7725305826297783,0.8954594056438689,0.6308693337977442,0.22941573387056177,0.7900053410120057,0.9251407030581327,0.6308693337977442,0.22941573387056177,0.6418114031099391,0.851010101010101,0.6245659177990512
0.22941573387056177,0.7702270959662556,0.9111189702771139,0.6292334064613558,0.22941573387056177,0.7820170447948355,0.9236292245839228,0.6292334064613558,0.22941573387056177,0.6969173410930254,0.8406285072951739,0.6117490583503362
0.22941573387056177,0.7696529953590644,0.9329704853747552,0.6228559438172698,0.22941573387056177,0.7944407031558415,0.9385176526463096,0.6228559438172698,0.22941573387056177,0.7131945075929799,0.8453984287317621,0.5971691360780317
0.22941573387056177,0.7694432006181935,0.922782212492095,0.6258249460755461,0.22941573387056177,0.8004551471100481,0.9274991936241704,0.6258249460755461,0.22941573387056177,0.7093752841684096,0.867003367003367,0.6152702857421224
0.22941573387056177,0.7672663940262184,0.9166661375486683,0.6282711165844588,0.22941573387056177,0.7874973875484755,0.929139882713588,0.6282711165844588,0.22941573387056177,0.7073747385650632,0.8479236812570146,0.6039080365084326
0.22941573387056177,0.7666754619112113,0.9337444791828048,0.621653738527981,0.22941573387056177,0.7954624619743167,0.9391792617915005,0.621653738527981,0.22941573387056177,0.6809129762662545,0.8504489337822672,0.6008298392991901
0.22941573387056177,0.7665395171847059,0.8480549834026266,0.633239783368553,0.22941573387056177,0.7917934189443374,0.8784175731516215,0.633239783368553,0.22941573387056177,0.7051923251795944,0.864337822671156,0.6268930616369085
0.22941573387056177,0.7664590794524696,0.9376874665068307,0.6228559438172698,0.22941573387056177,0.7952999094350138,0.9384614603148802,0.6228559438172698,0.22941573387056177,0.7203782849868146,0.8242143658810326,0.5971691360780317
0.22941573387056177,0.7657011258447467,0.9407637585494886,0.6228559438172698,0.22941573387056177,0.7879153797923972,0.9376874665068307,0.6228559438172698,0.22941573387056177,0.6977357461125762,0.8442760942760943,0.5973802679721754
0.22941573387056177,0.7655794171619702,0.9134971440326919,0.6292334064613558,0.22941573387056177,0.7858254185727888,0.9220644110154748,0.6292334064613558,0.22941573387056177,0.6997362917159226,0.8411896745230079,0.6169439562354455
0.22941573387056177,0.7644051842106832,0.900986889725883,0.6307530611550336,0.22941573387056177,0.7750505073961406,0.9220082186840455,0.6307530611550336,0.22941573387056177,0.6950986632718014,0.8535353535353536,0.6242057651064369
0.22941573387056177,0.7627274882038462,0.9197059204494371,0.62757662276661,0.22941573387056177,0.7797877528272531,0.9220644110154748,0.62757662276661,0.22941573387056177,0.6885514231153951,0.8411896745230079,0.6231511948541036
0.22941573387056177,0.7627100684164333,0.9243105169186538,0.6245403109133846,0.22941573387056177,0.7812507256809791,0.9297452995273494,0.6245403109133846,0.22941573387056177,0.7325634263890152,0.8613916947250281,0.609996469498095
0.22941573387056177,0.7622278297300613,0.918157932833338,0.6292334064613558,0.22941573387056177,0.7866846248519611,0.9368769635568921,0.6292334064613558,0.22941573387056177,0.6752750750204601,0.8390852974186307,0.6117490583503362
0.22941573387056177,0.7621582385036759,0.9259877151499605,0.6263626080944955,0.22941573387056177,0.7805076283584516,0.9306485039506066,0.6263626080944955,0.22941573387056177,0.7291988724197508,0.8334736251402918,0.6062471176381374
0.22941573387056177,0.7618062565612257,0.8644717158915723,0.6330935234343322,0.22941573387056177,0.7850823212502612,0.8807760637176593,0.6330935234343322,0.22941573387056177,0.7172865326907338,0.8519921436588103,0.6219654032159413
0.22941573387056177,0.7617115535286977,0.9205164233993757,0.6317056077225152,0.22941573387056177,0.7877063836704363,0.9314421809481964,0.6317056077225152,0.22941573387056177,0.7253796489951805,0.8365600448933782,0.6156761532506043
0.22941573387056177,0.7559469442449469,0.8706804923083175,0.6330935234343322,0.22941573387056177,0.7903304460906114,0.892568516547848,0.6330935234343322,0.22941573387056177,0.7285623351823225,0.8618125701459034,0.6219654032159413
0.22941573387056177,0.7554164683977828,0.9220082186840455,0.6317056077225152,0.22941573387056177,0.775816826509997,0.9368769635568921,0.6317056077225152,0.22941573387056177,0.6800945712467037,0.8581649831649831,0.6156761532506043
0.22941573387056177,0.7545136715379689,0.9282535042426798,0.6265736934543115,0.22941573387056177,0.7875438311311335,0.931385988616767,0.6265736934543115,0.22941573387056177,0.7024643084477585,0.8618125701459034,0.6266856000444598
0.22941573387056177,0.7509714525672949,0.9423117461655877,0.6257524341577042,0.22941573387056177,0.7878921580010682,0.9485205225823329,0.6257524341577042,0.22941573387056177,0.6710011821405838,0.8700897867564534,0.6053732687488309
0.22941573387056177,0.7472984681263802,0.9251407030581327,0.6292334064613558,0.22941573387056177,0.7824350370387572,0.9329339762328661,0.6292334064613558,0.22941573387056177,0.6789124306629081,0.8556397306397306,0.6169439562354455
0.22941573387056177,0.7461797768011461,0.9314421809481964,0.6282711165844588,0.22941573387056177,0.7762115969625897,0.9338006715142342,0.6282711165844588,0.22941573387056177,0.7273801945985269,0.8469416386083053,0.6062220375918241
0.22941573387056177,0.7439425588628218,0.9446702367316254,0.6228559438172698,0.22941573387056177,0.772914102593874,0.9486132240556513,0.6228559438172698,0.22941573387056177,0.7206510866599982,0.8205667789001123,0.5956259087328745
0.22941573387056177,0.7435598826395643,0.9088363552320458,0.632978647985295,0.22941573387056177,0.7752130599354434,0.9189319266413876,0.632978647985295,0.22941573387056177,0.6952805310539238,0.8679854096520763,0.6249744248755267
0.22941573387056177,0.7391576088809471,0.9345746653222837,0.6292334064613558,0.22941573387056177,0.777140468615749,0.9392354541229297,0.6292334064613558,0.22941573387056177,0.6937346549058834,0.8107463524130191,0.6131718928621018
0.22941573387056177,0.7374088336328407,0.9283658889055385,0.6317056077225152,0.22941573387056177,0.7645310359241112,0.9314983732796258,0.6317056077225152,0.22941573387056177,0.6888242247885787,0.851010101010101,0.6156761532506043
0.22941573387056177,0.7338745366635872,0.9094979643772366,0.6330935234343322,0.22941573387056177,0.7590739149618001,0.918157932833338,0.6330935234343322,0.22941573387056177,0.6995544239338001,0.8519921436588103,0.6239325874038533
0.22941573387056177,0.7309561650534553,0.9103084673271753,0.6320326836069537,0.22941573387056177,0.7543598913220165,0.9150254484592507,0.6320326836069537,0.22941573387056177,0.6496317177412021,0.8602693602693603,0.6249744248755267
0.22941573387056177,0.7298675790383317,0.9447067458735146,0.6228559438172698,0.22941573387056177,0.7554513155144787,0.9369134726987811,0.6228559438172698,0.22941573387056177,0.720105483313631,0.8251964085297419,0.5971691360780317
0.22941573387056177,0.7255674045402131,0.9375385727020829,0.6279621849472322,0.22941573387056177,0.7481828948285071,0.9422555538341584,0.6279621849472322,0.22941573387056177,0.6882786214422115,0.8571829405162739,0.6148920687381654
0.22941573387056177,0.7254619488378434,0.9298014918587788,0.6317056077225152,0.22941573387056177,0.7506444047093793,0.9470287272976632,0.6317056077225152,0.22941573387056177,0.6805492407020096,0.8504489337822672,0.6156761532506043
0.22941573387056177,0.7119058876735974,0.9501050193403211,0.6254136305940554,0.22941573387056177,0.745512388825674,0.9492945163903824,0.6254136305940554,0.22941573387056177,0.6898244975902519,0.867003367003367,0.5998841534851616
0.22941573387056177,0.7028318910539052,0.8566222503854095,0.6335964371931333,0.22941573387056177,0.7396140538281123,0.889323647510902,0.6335964371931333,0.22941573387056177,0.6398108575065927,0.8654601571268238,0.6253331064457939
0.22941573387056177,0.7006559542495548,0.9446702367316254,0.6263626080944955,0.22941573387056177,0.7312077653670204,0.945444230539675,0.6263626080944955,0.22941573387056177,0.6930981176684551,0.8571829405162739,0.6039334121726294
0.22941573387056177,0.6978168932645034,0.9376312741754014,0.6292334064613558,0.22941573387056177,0.7237303485590878,0.9509155222902598,0.6292334064613558,0.22941573387056177,0.683004455760662,0.8571829405162739,0.6117490583503362
0.22941573387056177,0.6733821752833311,0.9141025608464534,0.6321481518881477,0.22941573387056177,0.7189234377539884,0.9321037900933872,0.6321481518881477,0.22941573387056177,0.6604528507774847,0.8608305274971941,0.6253331064457939
0.22941573387056177,0.6650232326287124,0.946142348826755,0.6282711165844588,0.22941573387056177,0.7270742865104615,0.9500488270088917,0.6282711165844588,0.22941573387056177,0.6748204055651541,0.859287317620651,0.6039080365084326
0.22941573387056177,0.6645337782450228,0.9461985411581842,0.6282711165844588,0.22941573387056177,0.7293964656433597,0.9493310255322716,0.6282711165844588,0.22941573387056177,0.7040101845957989,0.8799102132435466,0.6039080365084326
0.22941573387056177,0.64681540918121,0.9423117461655877,0.6317056077225152,0.22941573387056177,0.7057799038617839,0.9423117461655877,0.6317056077225152,0.22941573387056177,0.671546785486951,0.8731762065095399,0.6156761532506043
0.22941573387056177,0.6448097778995342,0.9142514546512012,0.6330935234343322,0.22941573387056177,0.7045491489213478,0.9235927154420336,0.6330935234343322,0.22941573387056177,0.6281713194507593,0.8618125701459034,0.6253331064457939
0.22360679774997896,0.8479435113674262,0.8083876420046884,0.5920532850683684,0.22360679774997896,0.8486171423263591,0.8465800140703058,0.5920532850683684,0.22360679774997896,0.6792761662271528,0.8164983164983165,0.5879986915975721
0.22360679774997896,0.8479197735446834,0.8115201263787757,0.5920532850683684,0.22360679774997896,0.8521004110257066,0.8472613064050369,0.5920532850683684,0.22360679774997896,0.6826407201964172,0.8118686868686869,0.5879986915975721
0.22360679774997896,0.8463190181509864,0.836431107566726,0.6183121770522101,0.22360679774997896,0.847200613055291,0.8776070702016828,0.6183121770522101,0.22360679774997896,0.6700918432299718,0.8344556677890012,0.6173451340275258
0.22360679774997896,0.8452665147690507,0.8394877164198438,0.6140694681777777,0.22360679774997896,0.8435547918166407,0.8550742627693104,0.6140694681777777,0.22360679774997896,0.6672728926070747,0.8267396184062851,0.604318469686373
0.22360679774997896,0.8443115457791642,0.850357281637235,0.6140694681777777,0.22360679774997896,0.843252908529364,0.8535262751532114,0.6140694681777777,0.22360679774997896,0.6681822315176866,0.8381032547699214,0.604318469686373
0.22360679774997896,0.8442128778296931,0.8402813934174335,0.6183121770522101,0.22360679774997896,0.8465736246894086,0.8892506292271237,0.6183121770522101,0.22360679774997896,0.6631808675093207,0.8396464646464646,0.6173451340275258
0.22360679774997896,0.8437157751201454,0.8216550641671979,0.6204038802099024,0.22360679774997896,0.8425330329981655,0.8411845978406907,0.6204038802099024,0.22360679774997896,0.66008911521324,0.8174803591470259,0.6044513591086549
0.22360679774997896,0.8428799421552452,0.8402617102278933,0.622810115784346,0.22360679774997896,0.8436709007732857,0.8714348029268268,0.622810115784346,0.22360679774997896,0.6677275620623806,0.8107463524130191,0.6053451582712271
0.22360679774997896,0.8413552556673417,0.8504331571582047,0.6183121770522101,0.22360679774997896,0.844622994217774,0.8861743371844658,0.6183121770522101,0.22360679774997896,0.6602709829953624,0.8344556677890012,0.6173451340275258
0.22360679774997896,0.8411996708797961,0.8379229028513957,0.6268638304449676,0.22360679774997896,0.8403269628219121,0.8690959955503292,0.6268638304449676,0.22360679774997896,0.6673638264981359,0.8319304152637486,0.6198918506481171
0.22360679774997896,0.8411323408555104,0.8449224990285393,0.622810115784346,0.22360679774997896,0.8443907763044841,0.8761517840589023,0.622810115784346,0.22360679774997896,0.6734563971992361,0.8313692480359147,0.6053451582712271
0.22360679774997896,0.8391051835011538,0.8402252010860041,0.6291891153087189,0.22360679774997896,0.8410700601444395,0.8807760637176593,0.6291891153087189,0.22360679774997896,0.6757297444757662,0.8200056116722784,0.6207173045430678
0.22360679774997896,0.8386844982421183,0.8496591633501551,0.6291891153087189,0.22360679774997896,0.8379815618976848,0.8675480079342303,0.6291891153087189,0.22360679774997896,0.6800036373556424,0.8153759820426487,0.6207173045430678
0.22360679774997896,0.835581826720183,0.8628872191335841,0.5965991956730936,0.22360679774997896,0.8442050019738523,0.8690763123607891,0.5965991956730936,0.22360679774997896,0.7090115486041648,0.832351290684624,0.5908139133497727
0.22360679774997896,0.8330529008104545,0.872152604403447,0.6115500482999785,0.22360679774997896,0.8398160834126744,0.8846628587102559,0.6115500482999785,0.22360679774997896,0.6730017277439302,0.8309483726150393,0.6029531877883582
0.22360679774997896,0.8302383626608489,0.8790988654863525,0.5976540115237857,0.22360679774997896,0.8396767526647005,0.8915529274617321,0.5976540115237857,0.22360679774997896,0.7090115486041648,0.8076599326599326,0.5896259836874163
0.22360679774997896,0.8287016974918725,0.8830783619522676,0.5976540115237857,0.22360679774997896,0.8381441144369877,0.914214945509312,0.5976540115237857,0.22360679774997896,0.7164681276711831,0.8489057239057238,0.5896259836874163
0.22360679774997896,0.8261119133245228,0.8519052692533341,0.6240049950696869,0.22360679774997896,0.8285302928267887,0.8987211006331638,0.6240049950696869,0.22360679774997896,0.6937346549058834,0.8386644219977553,0.6057637898278483
0.22360679774997896,0.8258301878305109,0.8613954238489144,0.6199283647745948,0.22360679774997896,0.836239927548011,0.8908716351270011,0.6199283647745948,0.22360679774997896,0.6832772574338456,0.8292648709315376,0.6075657138757418
0.22360679774997896,0.8251579111066144,0.8806833622443407,0.6002066857664671,0.22360679774997896,0.8399321923693194,0.900120194444515,0.6002066857664671,0.22360679774997896,0.6977357461125762,0.8448372615039281,0.5925126496614765
0.22360679774997896,0.8243782978903514,0.8698699893583788,0.61345487145658,0.22360679774997896,0.8329192113879664,0.8956082994486168,0.61345487145658,0.22360679774997896,0.717377466581795,0.8040123456790124,0.606723955223071
0.22360679774997896,0.8243503587177092,0.8790791822968124,0.6026562527906023,0.22360679774997896,0.8372152427838283,0.9064019891450384,0.6026562527906023,0.22360679774997896,0.6409929980903882,0.8644781144781144,0.5964625415846301
0.22360679774997896,0.8241310823932992,0.8510947663033954,0.6291891153087189,0.22360679774997896,0.8312472424122797,0.8862108463263549,0.6291891153087189,0.22360679774997896,0.6707283804674002,0.8230920314253647,0.6207173045430678
0.22360679774997896,0.8228883435496329,0.8893798398423313,0.6228559438172698,0.22360679774997896,0.8278568608782482,0.9158556345987297,0.6228559438172698,0.22360679774997896,0.6519959989087933,0.8556397306397306,0.5971691360780317
0.22360679774997896,0.8213861244892695,0.9018535850072511,0.61345487145658,0.22360679774997896,0.8328263242226506,0.9182141251647673,0.61345487145658,0.22360679774997896,0.7202873510957534,0.8159371492704826,0.606723955223071
0.22360679774997896,0.8201505316954082,0.8986649083017344,0.6152106911549597,0.22360679774997896,0.8346608457376402,0.908042678234456,0.6152106911549597,0.22360679774997896,0.6785486950986632,0.874719416386083,0.5961164822094577
0.22360679774997896,0.8195762486378421,0.9040069894371116,0.6147096591359142,0.22360679774997896,0.844437219887142,0.9218958340211867,0.6147096591359142,0.22360679774997896,0.6997362917159226,0.8504489337822672,0.6085407754505924
0.22360679774997896,0.8193235640065094,0.8574524365248885,0.6291891153087189,0.22360679774997896,0.8248380280054803,0.8792477592911004,0.6291891153087189,0.22360679774997896,0.6936437210148222,0.8138327721661055,0.6207173045430678
0.22360679774997896,0.8182860797612838,0.860472536236117,0.6291891153087189,0.22360679774997896,0.8221907437939763,0.8784737654830509,0.6291891153087189,0.22360679774997896,0.6813676457215604,0.8230920314253647,0.6207173045430678
0.22360679774997896,0.8179183418928361,0.8674356232713715,0.627028639821898,0.22360679774997896,0.8298771567238696,0.9064019891450384,0.627028639821898,0.22360679774997896,0.6740020005456033,0.8710718294051627,0.6201577404368047
0.22360679774997896,0.8148716907756101,0.9181017405019086,0.5922412055434008,0.22360679774997896,0.8255579035366788,0.9282535042426798,0.5922412055434008,0.22360679774997896,0.7321087569337092,0.8226711560044894,0.5835675548850303
0.22360679774997896,0.8131993225347284,0.9149889393173616,0.6147096591359142,0.22360679774997896,0.8390497642988181,0.9266690074846915,0.6147096591359142,0.22360679774997896,0.7162862598890607,0.8525533108866442,0.6085407754505924
0.22360679774997896,0.8129282154835988,0.9212342248759959,0.5929961459627583,0.22360679774997896,0.8218656387153706,0.9415939446889675,0.5929961459627583,0.22360679774997896,0.7392016004364826,0.8138327721661055,0.5936616342342186
0.22360679774997896,0.8124156063351192,0.8745110949694848,0.6229211057518386,0.22360679774997896,0.8233750551517544,0.8986087159703051,0.6229211057518386,0.22360679774997896,0.6730017277439302,0.8448372615039281,0.6110196476031752
0.22360679774997896,0.811794620972861,0.9181382496437978,0.6228559438172698,0.22360679774997896,0.8190325801732345,0.9361394788907316,0.6228559438172698,0.22360679774997896,0.6797308356824588,0.8365600448933782,0.5971691360780317
0.22360679774997896,0.8097869466462888,0.9188195419785288,0.5990702347114347,0.22360679774997896,0.8227945103685298,0.9251772122000219,0.5990702347114347,0.22360679774997896,0.7428389560789306,0.8251964085297419,0.5895755068778232
0.22360679774997896,0.8082347222844213,0.9298380010006679,0.5929961459627583,0.22360679774997896,0.8204491094443025,0.9392719632648189,0.5929961459627583,0.22360679774997896,0.7345639719923616,0.8344556677890012,0.593790837099281
0.22360679774997896,0.8072818087024406,0.8628872191335841,0.6292334064613558,0.22360679774997896,0.8191486891298795,0.9026275788153006,0.6292334064613558,0.22360679774997896,0.6907338365008638,0.8494668911335578,0.6140875306454943
0.22360679774997896,0.8065608648000335,0.8761714672484425,0.6249970092551289,0.22360679774997896,0.8248380280054803,0.8994950944412133,0.6249970092551289,0.22360679774997896,0.7269255251432208,0.8308080808080808,0.6198918506481171
0.22360679774997896,0.805952524569523,0.8869286478029751,0.6240049950696869,0.22360679774997896,0.8230035064904907,0.9103646596586046,0.6240049950696869,0.22360679774997896,0.6997362917159226,0.8381032547699214,0.6057637898278483
0.22360679774997896,0.8051381792060756,0.8744745858275955,0.6310233626374057,0.22360679774997896,0.8279265262522351,0.8893433307004421,0.6310233626374057,0.22360679774997896,0.695826134400291,0.8313692480359147,0.6249744248755267
0.22360679774997896,0.8049139079954976,0.8737567843509754,0.6319745169177021,0.22360679774997896,0.8285070710354597,0.8807760637176593,0.6319745169177021,0.22360679774997896,0.7049195235064109,0.8288439955106621,0.6216002414868085
0.22360679774997896,0.8043711075333637,0.9252334045314512,0.6169069964979599,0.22360679774997896,0.8249773587534542,0.9415377523575381,0.6169069964979599,0.22360679774997896,0.7304719468946076,0.8354377104377104,0.6016927874575169
0.22360679774997896,0.8034681269945527,0.9197789387332154,0.6228559438172698,0.22360679774997896,0.8152009846039523,0.9252137213419109,0.6228559438172698,0.22360679774997896,0.7245612439756297,0.8602693602693603,0.5971691360780317
0.22360679774997896,0.7999826150747381,0.9251210198685925,0.6195153201350561,0.22360679774997896,0.8128788054710541,0.9235365231106043,0.6195153201350561,0.22360679774997896,0.6873692825315996,0.8504489337822672,0.6123775462841109
0.22360679774997896,0.7997305538923084,0.9033453802919208,0.6288295485686426,0.22360679774997896,0.8181501521027332,0.9166296284067792,0.6288295485686426,0.22360679774997896,0.7097390197326544,0.8371212121212122,0.6136683171333772
0.22360679774997896,0.7995963336136435,0.9320110886200688,0.6195153201350561,0.22360679774997896,0.8240484871002949,0.9281046104379319,0.6195153201350561,0.22360679774997896,0.680731108484132,0.8442760942760943,0.6123775462841109
0.22360679774997896,0.7991186488149111,0.9251575290104816,0.6228559438172698,0.22360679774997896,0.811439054408657,0.9369499818406704,0.6228559438172698,0.22360679774997896,0.6747294716740929,0.8319304152637486,0.5956259087328745
0.22360679774997896,0.7934346564118498,0.9229311062968428,0.6245686529650845,0.22360679774997896,0.8145972180293988,0.9314421809481964,0.6245686529650845,0.22360679774997896,0.7119214331181232,0.8292648709315376,0.6008192516623745
0.22360679774997896,0.7933687127339734,0.9275357027660596,0.6228559438172698,0.22360679774997896,0.8138076771242133,0.9337809883246939,0.6228559438172698,0.22360679774997896,0.709102482495226,0.8365600448933782,0.5971691360780317
0.22360679774997896,0.7918941201619397,0.8933060012140084,0.6306944891757396,0.22360679774997896,0.8116712723219469,0.9074007522788055,0.6306944891757396,0.22360679774997896,0.7044648540511048,0.8489057239057238,0.6156761532506043
0.22360679774997896,0.7869693569834478,0.9259512060080713,0.6257524341577042,0.22360679774997896,0.8104637391728398,0.922100920157364,0.6257524341577042,0.22360679774997896,0.7119214331181232,0.8442760942760943,0.6012475348092463
0.22360679774997896,0.7862539349692804,0.9050422617127677,0.6306944891757396,0.22360679774997896,0.8091168752757588,0.9081747460868549,0.6306944891757396,0.22360679774997896,0.7037373829226152,0.8535353535353536,0.6156761532506043
0.22360679774997896,0.7851509285403312,0.8761152749170131,0.6319745169177021,0.22360679774997896,0.8097903072242992,0.8885693368923926,0.6319745169177021,0.22360679774997896,0.6786396289897245,0.8442760942760943,0.6225726494805688
0.22360679774997896,0.7835040330133203,0.9267251998161209,0.6245686529650845,0.22360679774997896,0.8003622599447321,0.9352362744674745,0.6245686529650845,0.22360679774997896,0.6911885059561699,0.832351290684624,0.5993039170776929
0.22360679774997896,0.7827097121160379,0.9072883676159467,0.6282711165844588,0.22360679774997896,0.8029863223649072,0.9298576841902082,0.6282711165844588,0.22360679774997896,0.6910066381740475,0.8577441077441077,0.6062220375918241
0.22360679774997896,0.7794594598184993,0.8800020699096097,0.6319745169177021,0.22360679774997896,0.8022896686250377,0.8995316035831025,0.6319745169177021,0.22360679774997896,0.6620896608165864,0.8473625140291807,0.6225726494805688
0.22360679774997896,0.7763803574141414,0.922782212492095,0.6258249460755461,0.22360679774997896,0.8036365325221188,0.9329339762328661,0.6258249460755461,0.22360679774997896,0.7121942347913067,0.8587261503928171,0.6152702857421224
0.22360679774997896,0.7739734385887703,0.8831148710941568,0.631683479122612,0.22360679774997896,0.7904929986299143,0.8870213492762935,0.631683479122612,0.22360679774997896,0.6799127034645812,0.8793490460157127,0.6253331064457939
0.22360679774997896,0.7731754100940762,0.9164807346020313,0.6280715783408508,0.22360679774997896,0.7938137147899589,0.9360664606069533,0.6280715783408508,0.22360679774997896,0.694462126034373,0.8200056116722784,0.6113430481224704
0.22360679774997896,0.772860087930023,0.9134971440326919,0.6292334064613558,0.22360679774997896,0.7946032556951443,0.9438597337816867,0.6292334064613558,0.22360679774997896,0.6507229244339365,0.8793490460157127,0.6131718928621018
0.22360679774997896,0.7714422083215924,0.9268179012894394,0.6282711165844588,0.22360679774997896,0.7964842207927919,0.9307243794715763,0.6282711165844588,0.22360679774997896,0.7157406565426935,0.8479236812570146,0.6039080365084326
0.22360679774997896,0.771162821663236,0.9330266777061846,0.6228559438172698,0.22360679774997896,0.7883798156189769,0.9385176526463096,0.6228559438172698,0.22360679774997896,0.7226516322633445,0.866442199775533,0.5971691360780317
0.22360679774997896,0.7710052016632595,0.8971366038751756,0.6307007931296823,0.22360679774997896,0.7958804542182384,0.918157932833338,0.6307007931296823,0.22360679774997896,0.7049195235064109,0.8897306397306397,0.6201843740443984
0.22360679774997896,0.7694266185974431,0.8666251203214328,0.6323364680980819,0.22360679774997896,0.7919559714836403,0.8955324239276472,0.6323364680980819,0.22360679774997896,0.6423570064563062,0.835016835016835,0.6268930616369085
0.22360679774997896,0.7686414483236342,0.9221571124887933,0.6292334064613558,0.22360679774997896,0.7869865081392379,0.9283658889055385,0.6292334064613558,0.22360679774997896,0.6914613076293534,0.8375420875420876,0.6117490583503362
0.22360679774997896,0.7671302825142693,0.9407637585494886,0.6228559438172698,0.22360679774997896,0.7938137147899589,0.9376874665068307,0.6228559438172698,0.22360679774997896,0.6941893243611894,0.8427328843995511,0.5973802679721754
0.22360679774997896,0.7659562065962383,0.9118929640851634,0.6306399820875491,0.22360679774997896,0.7981561897684787,0.9164610514124911,0.6306399820875491,0.22360679774997896,0.6828225879785396,0.84834455667789,0.6253331064457939
0.22360679774997896,0.7647089653902697,0.940819950880918,0.6228559438172698,0.22360679774997896,0.788194041288345,0.9346111744641727,0.6228559438172698,0.22360679774997896,0.7220150950259162,0.8040123456790124,0.5971691360780317
0.22360679774997896,0.7614878256762229,0.9212904172074252,0.6317056077225152,0.22360679774997896,0.7905626640039013,0.932216174756246,0.6317056077225152,0.22360679774997896,0.7287442029644449,0.8303872053872053,0.6156761532506043
0.22360679774997896,0.7613324245676739,0.9306681871401469,0.6257524341577042,0.22360679774997896,0.7860111929034206,0.935328975940793,0.6257524341577042,0.22360679774997896,0.6957352005092298,0.8375420875420876,0.6012475348092463
0.22360679774997896,0.7612405403780803,0.9290274980507293,0.6292334064613558,0.22360679774997896,0.7864988505213292,0.9407637585494886,0.6292334064613558,0.22360679774997896,0.6760025461489497,0.840628507295174,0.6117490583503362
0.22360679774997896,0.760815273357042,0.9306485039506066,0.6263626080944955,0.22360679774997896,0.7811578385156631,0.9306485039506066,0.6263626080944955,0.22360679774997896,0.73065381467673,0.8334736251402918,0.6062471176381374
0.22360679774997896,0.7597277075589558,0.871454486116367,0.6330935234343322,0.22360679774997896,0.7809720641850312,0.8768892687250627,0.6330935234343322,0.22360679774997896,0.6961898699645358,0.8602693602693603,0.6253331064457939
0.22360679774997896,0.7590200393785654,0.9462547334896136,0.6228559438172698,0.22360679774997896,0.7851984302069062,0.9400459570728684,0.6228559438172698,0.22360679774997896,0.7239247067382013,0.8267396184062851,0.5971691360780317
0.22360679774997896,0.7589855828266648,0.8730951752057846,0.6330935234343322,0.22360679774997896,0.7803450758191487,0.8909840197898597,0.6330935234343322,0.22360679774997896,0.6734563971992361,0.8633557800224467,0.6253331064457939
0.22360679774997896,0.7506353113257637,0.9001567035864042,0.632978647985295,0.22360679774997896,0.77985741820124,0.9166099452172389,0.632978647985295,0.22360679774997896,0.6745476038919705,0.832351290684624,0.6216002414868085
0.22360679774997896,0.7486110875369255,0.9110824611352248,0.6330935234343322,0.22360679774997896,0.769059285233263,0.9188757343099582,0.6330935234343322,0.22360679774997896,0.7008274984086569,0.8519921436588103,0.6238695015591047
0.22360679774997896,0.7454645893002132,0.9165172437439204,0.6330935234343322,0.22360679774997896,0.7647632538374011,0.9188757343099582,0.6330935234343322,0.22360679774997896,0.6987360189142493,0.8458193041526375,0.6239325874038533
0.22360679774997896,0.7299846042906308,0.8605652377094355,0.6335964371931333,0.22360679774997896,0.7624875182871607,0.8908154427955717,0.6335964371931333,0.22360679774997896,0.684823133581886,0.8442760942760943,0.6253331064457939
0.22360679774997896,0.7284775336321466,0.942199361502729,0.627791007960604,0.22360679774997896,0.768966398067947,0.9406148647447408,0.627791007960604,0.22360679774997896,0.717832136037101,0.8731762065095399,0.6126294288946054
0.22360679774997896,0.724036973322745,0.9384614603148802,0.6292334064613558,0.22360679774997896,0.751062396953301,0.9486132240556513,0.6292334064613558,0.22360679774997896,0.7199236155315086,0.8525533108866442,0.6117490583503362
0.22360679774997896,0.6974133379148649,0.9407075662180593,0.6292334064613558,0.22360679774997896,0.7260060841093282,0.9493675346741607,0.6292334064613558,0.22360679774997896,0.6889151586796399,0.827300785634119,0.6117490583503362
0.22360679774997896,0.6931855684179998,0.8814179896733099,0.6340942182032892,0.22360679774997896,0.7423774469962613,0.8987014174436235,0.6340942182032892,0.22360679774997896,0.6599981813221788,0.8211279461279462,0.6238463473339793
0.22360679774997896,0.692023228835342,0.8892674551794726,0.6340942182032892,0.22360679774997896,0.7447925132944755,0.9150057652697106,0.6340942182032892,0.22360679774997896,0.6586341729562608,0.8577441077441077,0.6238463473339793
0.22360679774997896,0.6840594505024726,0.9470652364395523,0.6282711165844588,0.22360679774997896,0.7297447925132945,0.9509155222902598,0.6282711165844588,0.22360679774997896,0.7229244339365282,0.8845398428731762,0.6039080365084326
0.22360679774997896,0.6814031258540844,0.9391792617915005,0.6317056077225152,0.22360679774997896,0.7216868309221374,0.9485205225823329,0.6317056077225152,0.22360679774997896,0.6999181594980449,0.8432940516273849,0.6156761532506043
0.22360679774997896,0.6671271507566562,0.948557031724222,0.6282711165844588,0.22360679774997896,0.7328565125513782,0.9493310255322716,0.6282711165844588,0.22360679774997896,0.7098299536237156,0.8881874298540966,0.6039080365084326
0.22360679774997896,0.6462654880863897,0.9228187216339842,0.6330935234343322,0.22360679774997896,0.7094257251004342,0.9266690074846915,0.6330935234343322,0.22360679774997896,0.6160771119396199,0.8489057239057238,0.6253331064457939
0.21821789023599236,0.8522258236974042,0.8107461325707261,0.5920532850683684,0.21821789023599236,0.8521004110257066,0.8411452314616101,0.5920532850683684,0.21821789023599236,0.682549786305356,0.8164983164983165,0.5879986915975721
0.21821789023599236,0.8483950700557222,0.8153704122294831,0.5920532850683684,0.21821789023599236,0.8488493602396489,0.8566390763377585,0.5920532850683684,0.21821789023599236,0.6799127034645812,0.8340347923681257,0.5879986915975721
0.21821789023599236,0.8478425606381808,0.8395073996093839,0.6207449190598884,0.21821789023599236,0.8463646285674477,0.8581702380015086,0.6207449190598884,0.21821789023599236,0.6749113394562153,0.8153759820426487,0.6197691351862675
0.21821789023599236,0.8456573969590008,0.842620200793931,0.6140694681777777,0.21821789023599236,0.8442050019738523,0.85584825657736,0.6140694681777777,0.21821789023599236,0.6696371737746658,0.8251964085297419,0.604318469686373
0.21821789023599236,0.8455048044036763,0.8402617102278933,0.622810115784346,0.21821789023599236,0.8468522861853564,0.8768695855355224,0.622810115784346,0.21821789023599236,0.6708193143584614,0.8107463524130191,0.6053451582712271
0.21821789023599236,0.8453599383452882,0.8472809895945771,0.6140694681777777,0.21821789023599236,0.8450642082530246,0.8613757406593742,0.6140694681777777,0.21821789023599236,0.6672728926070747,0.8267396184062851,0.604318469686373
0.21821789023599236,0.8452544123043059,0.8534897660113223,0.622810115784346,0.21821789023599236,0.8456215312449202,0.8722087967348764,0.622810115784346,0.21821789023599236,0.6716377193780122,0.8107463524130191,0.6053451582712271
0.21821789023599236,0.8450423602007789,0.8503769648267753,0.6291891153087189,0.21821789023599236,0.8442514455565102,0.8753412811089636,0.6291891153087189,0.21821789023599236,0.6750932072383378,0.8184624017957352,0.6207173045430678
0.21821789023599236,0.8414717883957753,0.8565857412435205,0.6183121770522101,0.21821789023599236,0.8474096091772519,0.8675114987923411,0.6183121770522101,0.21821789023599236,0.6654542147858507,0.8282828282828283,0.6173451340275258
0.21821789023599236,0.8400752621618378,0.8712859091220789,0.6219528976617601,0.21821789023599236,0.8425098112068365,0.8712859091220789,0.6219528976617601,0.21821789023599236,0.6959170682913521,0.8592873176206509,0.6201577404368047
0.21821789023599236,0.8373934270194509,0.8728900890696074,0.5976540115237857,0.21821789023599236,0.8434619046513248,0.9094979643772366,0.5976540115237857,0.21821789023599236,0.721014822224243,0.8153759820426487,0.5896259836874163
0.21821789023599236,0.8364049663299197,0.8814938651942794,0.5976540115237857,0.21821789023599236,0.8471773912639621,0.8955521071171874,0.5976540115237857,0.21821789023599236,0.7252887151041193,0.8215488215488216,0.5896259836874163
0.21821789023599236,0.836133682050059,0.883815846618428,0.5976540115237857,0.21821789023599236,0.8455054222882753,0.9119126472747037,0.5976540115237857,0.21821789023599236,0.7213785577884878,0.8421717171717171,0.5896259836874163
0.21821789023599236,0.834409983438789,0.8535262751532114,0.622810115784346,0.21821789023599236,0.8394909783340687,0.8776800884854611,0.622810115784346,0.21821789023599236,0.6868236791852323,0.8174803591470259,0.6053451582712271
0.21821789023599236,0.8324777923492354,0.8783051884887628,0.6115500482999785,0.21821789023599236,0.8413022780577294,0.8877391507529138,0.6115500482999785,0.21821789023599236,0.6817313812858052,0.813973063973064,0.6029531877883582
0.21821789023599236,0.8315439350792421,0.8589807409514473,0.6291891153087189,0.21821789023599236,0.8351020597728909,0.8753412811089636,0.6291891153087189,0.21821789023599236,0.6826407201964172,0.8437149270482603,0.6207173045430678
0.21821789023599236,0.8263175034135729,0.8799093684362912,0.6002066857664671,0.21821789023599236,0.8399321923693194,0.8985722068284159,0.6002066857664671,0.21821789023599236,0.697644812221515,0.8448372615039281,0.5925126496614765
0.21821789023599236,0.825508130821096,0.8775873870121427,0.6152106911549597,0.21821789023599236,0.8379118965236978,0.9088166720425055,0.6152106911549597,0.21821789023599236,0.6773665545148677,0.8633557800224466,0.5995623074969751
0.21821789023599236,0.824371078891112,0.8861743371844658,0.6002066857664671,0.21821789023599236,0.8407449550658338,0.9001763867759444,0.6002066857664671,0.21821789023599236,0.6997362917159226,0.8309483726150393,0.5925126496614765
0.21821789023599236,0.8242489356600732,0.8978347221622556,0.6126304633517126,0.21821789023599236,0.829528829853935,0.9180820573123685,0.6126304633517126,0.21821789023599236,0.690824770391925,0.8566217732884399,0.5961164822094577
0.21821789023599236,0.8227924098217522,0.9024590018210126,0.6147096591359142,0.21821789023599236,0.8479901539604765,0.9180455481704792,0.6147096591359142,0.21821789023599236,0.6964626716377194,0.8504489337822672,0.6085407754505924
0.21821789023599236,0.8195373880901924,0.8940406286429774,0.6181395076808354,0.21821789023599236,0.8346376239463112,0.9073248767578358,0.6181395076808354,0.21821789023599236,0.6917341093025371,0.8618125701459034,0.6021191992140894
0.21821789023599236,0.819238255862877,0.8924196227431,0.6274295218092236,0.21821789023599236,0.833592643336507,0.9119491564165928,0.6274295218092236,0.21821789023599236,0.7058288624170228,0.8437149270482603,0.6202802052308183
0.21821789023599236,0.8181710545521091,0.8263355361573843,0.6299085638093462,0.21821789023599236,0.8296913823932378,0.864584100554431,0.6299085638093462,0.21821789023599236,0.6828225879785396,0.8381032547699214,0.624179672808251
0.21821789023599236,0.8173210382974395,0.9181382496437978,0.6228559438172698,0.21821789023599236,0.8248148062141514,0.9337809883246939,0.6228559438172698,0.21821789023599236,0.6812767118304992,0.835016835016835,0.5971691360780317
0.21821789023599236,0.8144110114115031,0.8480184742607375,0.6307534861918984,0.21821789023599236,0.8377725657757239,0.8752850887775343,0.6307534861918984,0.21821789023599236,0.6805492407020096,0.8319304152637486,0.6229470197628555
0.21821789023599236,0.8133326040693559,0.9235927154420336,0.5922412055434008,0.21821789023599236,0.8232821679864385,0.9267251998161209,0.5922412055434008,0.21821789023599236,0.7422024188415022,0.8448372615039281,0.5835675548850303
0.21821789023599236,0.8128897315086084,0.92676170895801,0.5929961459627583,0.21821789023599236,0.8244897011355456,0.9415939446889675,0.5929961459627583,0.21821789023599236,0.7453851050286442,0.8319304152637486,0.5936616342342186
0.21821789023599236,0.8119261467297859,0.8519249524428744,0.629324935375166,0.21821789023599236,0.8289715068620394,0.8885328277505036,0.629324935375166,0.21821789023599236,0.6838228607802128,0.8531144781144782,0.6223750353275236
0.21821789023599236,0.8114184595180398,0.922782212492095,0.5949988057112318,0.21821789023599236,0.8229570629078327,0.9329901685642954,0.5949988057112318,0.21821789023599236,0.742566154405747,0.8334736251402918,0.5835675548850303
0.21821789023599236,0.8111886761714097,0.858226430332938,0.629324935375166,0.21821789023599236,0.8286928453660916,0.9064216723345787,0.629324935375166,0.21821789023599236,0.6819132490679276,0.8292648709315376,0.6223750353275236
0.21821789023599236,0.8090545387018712,0.8425274993206125,0.6319745169177021,0.21821789023599236,0.8262777790678772,0.8768892687250627,0.6319745169177021,0.21821789023599236,0.6624533963808311,0.8452581369248036,0.6225726494805688
0.21821789023599236,0.8078680326609514,0.8502280710220274,0.63005061028826,0.21821789023599236,0.8209135452708822,0.8806833622443407,0.63005061028826,0.21821789023599236,0.6553605528780576,0.8654601571268238,0.6260195766201218
0.21821789023599236,0.8078245459673276,0.9288786042459815,0.6195153201350561,0.21821789023599236,0.8295752734365929,0.9281046104379319,0.6195153201350561,0.21821789023599236,0.6797308356824588,0.8556397306397306,0.6123775462841109
0.21821789023599236,0.8077976139576134,0.9157994422673003,0.6234854832552438,0.21821789023599236,0.8342196317023896,0.9290836903821587,0.6234854832552438,0.21821789023599236,0.7011912339729017,0.8612514029180696,0.6173451340275258
0.21821789023599236,0.8073831255610578,0.9009306973944536,0.6246760942049705,0.21821789023599236,0.8221210784199893,0.9188757343099582,0.6246760942049705,0.21821789023599236,0.694916795489679,0.8525533108866442,0.6163493301880553
0.21821789023599236,0.8060464321460605,0.9048933679080198,0.6257524341577042,0.21821789023599236,0.8255811253280078,0.9166296284067792,0.6257524341577042,0.21821789023599236,0.6657270164590343,0.8741582491582491,0.6012475348092463
0.21821789023599236,0.8014480876620608,0.9374823803706536,0.6113620740692819,0.21821789023599236,0.8259294521979426,0.9452756535453869,0.6113620740692819,0.21821789023599236,0.6997362917159226,0.819023569023569,0.5956770999822798
0.21821789023599236,0.801209880729057,0.888625529223822,0.6292334064613558,0.21821789023599236,0.8185681443466549,0.9158556345987297,0.6292334064613558,0.21821789023599236,0.7083750113667364,0.8581649831649831,0.6223750353275236
0.21821789023599236,0.7998630855835392,0.8931374242197203,0.6285456068418509,0.21821789023599236,0.8103244084248659,0.911800262611845,0.6285456068418509,0.21821789023599236,0.6966445394198417,0.8648989898989898,0.6231511948541036
0.21821789023599236,0.799692209365921,0.879191566959671,0.629955075482312,0.21821789023599236,0.8149919884819915,0.8846825418997961,0.629955075482312,0.21821789023599236,0.6684550331908702,0.8184624017957352,0.623040283628226
0.21821789023599236,0.7974317891304913,0.9157994422673003,0.6288295485686426,0.21821789023599236,0.8171748368669159,0.9220644110154748,0.6288295485686426,0.21821789023599236,0.7106483586432664,0.8371212121212122,0.6136683171333772
0.21821789023599236,0.7950382906973837,0.896362610067126,0.6292334064613558,0.21821789023599236,0.8094884239370225,0.9228187216339842,0.6292334064613558,0.21821789023599236,0.67982176957352,0.8731762065095399,0.6131718928621018
0.21821789023599236,0.7948216913100606,0.8846263495683667,0.6307530611550336,0.21821789023599236,0.8134825720456076,0.9010430820573124,0.6307530611550336,0.21821789023599236,0.6709102482495226,0.8531144781144782,0.6242057651064369
0.21821789023599236,0.7946872911918427,0.889138244564265,0.629350637973574,0.21821789023599236,0.8067946961428605,0.9157432499358709,0.629350637973574,0.21821789023599236,0.6930071837773938,0.8489057239057238,0.6154705401034513
0.21821789023599236,0.7905395255700514,0.9235562063001446,0.6257524341577042,0.21821789023599236,0.8126001439751063,0.9338006715142342,0.6257524341577042,0.21821789023599236,0.6750932072383378,0.8535353535353535,0.6012475348092463
0.21821789023599236,0.788995413338867,0.9111386534666541,0.6292334064613558,0.21821789023599236,0.8058658244897011,0.923648907773463,0.6292334064613558,0.21821789023599236,0.6836409929980903,0.8489057239057238,0.6223750353275236
0.21821789023599236,0.786803727749885,0.9291005163345075,0.6228559438172698,0.21821789023599236,0.8119731556092237,0.928326522526458,0.6228559438172698,0.21821789023599236,0.7067382013276348,0.8556397306397306,0.5971691360780317
0.21821789023599236,0.7855726789378981,0.9321599824248166,0.6228559438172698,0.21821789023599236,0.811508719782644,0.9361029697488426,0.6228559438172698,0.21821789023599236,0.7273801945985269,0.8494668911335578,0.5956259087328745
0.21821789023599236,0.7853341977918099,0.8807760637176593,0.6319745169177021,0.21821789023599236,0.810161855885563,0.8971731130170647,0.6319745169177021,0.21821789023599236,0.6748204055651541,0.8442760942760943,0.6225726494805688
0.21821789023599236,0.7812819235171714,0.9322330007085948,0.6228559438172698,0.21821789023599236,0.8034972017741449,0.9267420257684698,0.6228559438172698,0.21821789023599236,0.7143766481767755,0.8556397306397306,0.5971691360780317
0.21821789023599236,0.7800150422501623,0.8868724554715457,0.6307530611550336,0.21821789023599236,0.8055639412024244,0.8994389021097839,0.6307530611550336,0.21821789023599236,0.6665454214785851,0.8303872053872053,0.6242057651064369
0.21821789023599236,0.7776423193552389,0.9352727836093636,0.6126304633517126,0.21821789023599236,0.8079790075006386,0.9352727836093636,0.6126304633517126,0.21821789023599236,0.7209238883331818,0.8184624017957352,0.5961164822094577
0.21821789023599236,0.7768807474555698,0.9407637585494886,0.6228559438172698,0.21821789023599236,0.8012214662239046,0.9438962429235759,0.6228559438172698,0.21821789023599236,0.7116486314449395,0.8267396184062851,0.5971691360780317
0.21821789023599236,0.776528776647507,0.8884766354190742,0.6307530611550336,0.21821789023599236,0.8030792095302232,0.8923269212697816,0.6307530611550336,0.21821789023599236,0.7076475402382468,0.8644781144781144,0.6242057651064369
0.21821789023599236,0.7740169994604505,0.8800020699096097,0.632978647985295,0.21821789023599236,0.7994333882915728,0.8932301256930388,0.632978647985295,0.21821789023599236,0.6882786214422115,0.867003367003367,0.6229470197628555
0.21821789023599236,0.7736877077868654,0.8971000947332864,0.6317056077225152,0.21821789023599236,0.7910735434131388,0.9182703174961967,0.6317056077225152,0.21821789023599236,0.6940983904701282,0.8251964085297419,0.6156761532506043
0.21821789023599236,0.7736106115226687,0.8830418528103785,0.6330935234343322,0.21821789023599236,0.8025218865383276,0.8986845914912747,0.6330935234343322,0.21821789023599236,0.7183777393834683,0.8602693602693603,0.6253331064457939
0.21821789023599236,0.7728448454144661,0.9056476785265292,0.6295679689616459,0.21821789023599236,0.8008034739799829,0.9407272494075996,0.6295679689616459,0.21821789023599236,0.7153769209784486,0.8592873176206509,0.610222081714443
0.21821789023599236,0.7711485602023885,0.9283658889055385,0.6257524341577042,0.21821789023599236,0.7940691544945777,0.9400094479309793,0.6257524341577042,0.21821789023599236,0.6789124306629081,0.8556397306397306,0.6052545332305492
0.21821789023599236,0.7701643243601536,0.9034577649547795,0.6317056077225152,0.21821789023599236,0.7966699951234238,0.9260073983395007,0.6317056077225152,0.21821789023599236,0.7013731017550241,0.8479236812570146,0.6156761532506043
0.21821789023599236,0.7697862533962953,0.9057403799998476,0.6295066824468505,0.21821789023599236,0.7897499013073869,0.9112313549399726,0.6295066824468505,0.21821789023599236,0.6752750750204601,0.8731762065095399,0.6148736490363258
0.21821789023599236,0.7665210334873841,0.9408002676913777,0.6228559438172698,0.21821789023599236,0.7999210459094814,0.9423482553074768,0.6228559438172698,0.21821789023599236,0.6868236791852323,0.851010101010101,0.5971691360780317
0.21821789023599236,0.766314321512822,0.9447067458735146,0.6228559438172698,0.21821789023599236,0.7899124538466897,0.9400459570728684,0.6228559438172698,0.21821789023599236,0.7327452941711375,0.8334736251402918,0.5971691360780317
0.21821789023599236,0.7655458615739791,0.9033453802919208,0.632978647985295,0.21821789023599236,0.7956017927222906,0.9189319266413876,0.632978647985295,0.21821789023599236,0.6735473310902974,0.8716329966329966,0.6216002414868085
0.21821789023599236,0.7645455505175908,0.9462547334896136,0.6228559438172698,0.21821789023599236,0.7889139168195435,0.940819950880918,0.6228559438172698,0.21821789023599236,0.7245612439756297,0.8381032547699214,0.5971691360780317
0.21821789023599236,0.761995873795697,0.9157994422673003,0.632978647985295,0.21821789023599236,0.7814365000116109,0.927443001292741,0.632978647985295,0.21821789023599236,0.7145585159588979,0.840628507295174,0.6235080108443247
0.21821789023599236,0.7600609107044249,0.9321964915667057,0.6263626080944955,0.21821789023599236,0.785546757076841,0.9314224977586562,0.6263626080944955,0.21821789023599236,0.7290170046376284,0.8334736251402918,0.6062471176381374
0.21821789023599236,0.7533423702324781,0.9322526838981351,0.6292334064613558,0.21821789023599236,0.7861505236513945,0.9376874665068307,0.6292334064613558,0.21821789023599236,0.7127398381376739,0.8236531986531986,0.6131718928621018
0.21821789023599236,0.7492492106410465,0.9141587531778828,0.6330935234343322,0.21821789023599236,0.769059285233263,0.9212342248759959,0.6330935234343322,0.21821789023599236,0.705010457397472,0.8458193041526375,0.6239325874038533
0.21821789023599236,0.7411936471762365,0.91729123755197,0.6330935234343322,0.21821789023599236,0.7649258063767039,0.9188757343099582,0.6330935234343322,0.21821789023599236,0.7016459034282077,0.8442760942760943,0.6239325874038533
0.21821789023599236,0.7394519196113819,0.936010268275524,0.6292334064613558,0.21821789023599236,0.7727051064719133,0.9430295476422079,0.6292334064613558,0.21821789023599236,0.6945530599254343,0.8107463524130191,0.6117490583503362
0.21821789023599236,0.735664232397793,0.8783613808201922,0.6340942182032892,0.21821789023599236,0.775770382927339,0.9204602310679464,0.6340942182032892,0.21821789023599236,0.6717286532690734,0.8484848484848485,0.6238463473339793
0.21821789023599236,0.7197278299604278,0.9353851682722223,0.6317056077225152,0.21821789023599236,0.7509230662053271,0.9470287272976632,0.6317056077225152,0.21821789023599236,0.7152859870873874,0.8608305274971941,0.6156761532506043
0.21821789023599236,0.7179462568001926,0.9431784414469557,0.6317056077225152,0.21821789023599236,0.7511320623272879,0.9493872178637008,0.6317056077225152,0.21821789023599236,0.720105483313631,0.8479236812570146,0.6156761532506043
0.21821789023599236,0.7125603055312748,0.8821554743394703,0.6340942182032892,0.21821789023599236,0.7491349882729954,0.9110262688037954,0.6340942182032892,0.21821789023599236,0.6608165863417296,0.8633557800224467,0.6238896372647407
0.21821789023599236,0.7036443471037908,0.8962137162623782,0.6340942182032892,0.21821789023599236,0.7669461022223254,0.9290274980507293,0.6340942182032892,0.21821789023599236,0.6939165226880059,0.8515712682379349,0.6238463473339793
0.21821789023599236,0.686421364134151,0.918157932833338,0.6330935234343322,0.21821789023599236,0.7286765901121612,0.931385988616767,0.6330935234343322,0.21821789023599236,0.6667272892607075,0.8618125701459034,0.6253331064457939
0.21821789023599236,0.6728474446412083,0.927591895097489,0.6318212813357444,0.21821789023599236,0.733088730464668,0.9361226529383827,0.6318212813357444,0.21821789023599236,0.7031917795762481,0.8685465768799102,0.6160528324666039
0.21821789023599236,0.6639681591998082,0.9321037900933872,0.6330935234343322,0.21821789023599236,0.7162064881684973,0.93995325559955,0.6330935234343322,0.21821789023599236,0.6429026098026734,0.8762626262626263,0.6253331064457939
0.21320071635561044,0.8539561335239417,0.8122379278553958,0.5920532850683684,0.21320071635561044,0.855514014351067,0.8597153683804164,0.5920532850683684,0.21320071635561044,0.6856415386014367,0.8278619528619529,0.5901999865114801
0.21320071635561044,0.8524000836937343,0.8044811638225516,0.601807031551953,0.21320071635561044,0.8573020922833987,0.8465238217388764,0.601807031551953,0.21320071635561044,0.67982176957352,0.795314253647587,0.5891116985858899
0.21320071635561044,0.8517363289227644,0.8153704122294831,0.5920532850683684,0.21320071635561044,0.852843508348234,0.8589975669037961,0.5920532850683684,0.21320071635561044,0.6815495135036829,0.8294051627384961,0.5879986915975721
0.21320071635561044,0.8514829472019945,0.8285422756814829,0.5926855920825371,0.21320071635561044,0.8522397417736804,0.8667346477471002,0.5926855920825371,0.21320071635561044,0.682549786305356,0.8066778900112234,0.5879986915975721
0.21320071635561044,0.8510894389091949,0.8293724618209617,0.5920532850683684,0.21320071635561044,0.852750621182918,0.8543367781031501,0.5920532850683684,0.21320071635561044,0.6800036373556424,0.8211279461279462,0.5879986915975721
0.21320071635561044,0.848519493455714,0.8348072444296574,0.5920532850683684,0.21320071635561044,0.8523094071476673,0.8651698341786522,0.5920532850683684,0.21320071635561044,0.6826407201964172,0.8066778900112234,0.5880845526444504
0.21320071635561044,0.8481771019066433,0.8480184742607375,0.6291891153087189,0.21320071635561044,0.847316722011936,0.8706242999768882,0.6291891153087189,0.21320071635561044,0.6741838683277257,0.8107463524130191,0.6207173045430678
0.21320071635561044,0.8460210266224584,0.8488092940211359,0.6140694681777777,0.21320071635561044,0.8456215312449202,0.8651698341786522,0.6140694681777777,0.21320071635561044,0.6686369009729927,0.8221099887766554,0.604318469686373
0.21320071635561044,0.8437099750257996,0.8526792630613836,0.6291891153087189,0.21320071635561044,0.8471309476813041,0.8698503061688386,0.6291891153087189,0.21320071635561044,0.671546785486951,0.8200056116722784,0.6207173045430678
0.21320071635561044,0.8433976086960394,0.8643228220868244,0.6195356775832966,0.21320071635561044,0.8463646285674477,0.8861181448530364,0.6195356775832966,0.21320071635561044,0.6668182231517686,0.8577441077441077,0.6184779139881501
0.21320071635561044,0.8414759369917153,0.855811747435471,0.6291891153087189,0.21320071635561044,0.8434619046513248,0.8760590825855838,0.6291891153087189,0.21320071635561044,0.6680912976266254,0.8365600448933782,0.6207173045430678
0.21320071635561044,0.8412467953697412,0.8581702380015086,0.6207449190598884,0.21320071635561044,0.8458305273668811,0.8581702380015086,0.6207449190598884,0.21320071635561044,0.6690006365372374,0.8159371492704826,0.6197691351862675
0.21320071635561044,0.8407313458006528,0.8636050206102043,0.6291891153087189,0.21320071635561044,0.844530107052458,0.8706242999768882,0.6291891153087189,0.21320071635561044,0.6695462398836046,0.8092031425364759,0.6207173045430678
0.21320071635561044,0.8396151078800808,0.8799093684362912,0.5976540115237857,0.21320071635561044,0.8475953835078838,0.8986845914912747,0.5976540115237857,0.21320071635561044,0.7224697644812221,0.8354377104377104,0.5896259836874163
0.21320071635561044,0.8354779039541911,0.8861181448530364,0.5976540115237857,0.21320071635561044,0.8451803172096696,0.9157994422673003,0.5976540115237857,0.21320071635561044,0.7218332272437937,0.8535353535353535,0.5896259836874163
0.21320071635561044,0.8324306873636651,0.8915332442721918,0.5976540115237857,0.21320071635561044,0.8425562547894945,0.8977982130203664,0.5976540115237857,0.21320071635561044,0.7165590615622442,0.8308080808080808,0.5896259836874163
0.21320071635561044,0.8317486085394515,0.8931936165511496,0.6026562527906023,0.21320071635561044,0.838980098924831,0.9158556345987297,0.6026562527906023,0.21320071635561044,0.718286805492407,0.8149551066217733,0.5964625415846301
0.21320071635561044,0.8303882939440174,0.8985722068284159,0.5976540115237857,0.21320071635561044,0.8439263404779045,0.8946854118358194,0.5976540115237857,0.21320071635561044,0.7404746749113394,0.8261784511784511,0.5896259836874163
0.21320071635561044,0.8264649095712668,0.900120194444515,0.5976540115237857,0.21320071635561044,0.8409075076051367,0.9032526788186023,0.5976540115237857,0.21320071635561044,0.73065381467673,0.8261784511784511,0.5896259836874163
0.21320071635561044,0.8249387110335604,0.8690398032189,0.6291891153087189,0.21320071635561044,0.832176114065439,0.8768330763936333,0.6291891153087189,0.21320071635561044,0.6612712557970356,0.8092031425364759,0.6207173045430678
0.21320071635561044,0.824616852676974,0.9172350452205407,0.6126304633517126,0.21320071635561044,0.8397696398300165,0.9234803307791749,0.6126304633517126,0.21320071635561044,0.6886423570064563,0.8531144781144782,0.5961164822094577
0.21320071635561044,0.8236768826283223,0.9135701623164701,0.6128172129044815,0.21320071635561044,0.8347769546942851,0.9314224977586562,0.6128172129044815,0.21320071635561044,0.710466490861144,0.851010101010101,0.6021191992140894
0.21320071635561044,0.823451371661304,0.8769257778669518,0.6209893129159735,0.21320071635561044,0.8367972505399066,0.8978909144936849,0.6209893129159735,0.21320071635561044,0.6750932072383378,0.8504489337822672,0.6085407754505924
0.21320071635561044,0.82293184713681,0.8402617102278933,0.6294612825034878,0.21320071635561044,0.8355664955994705,0.8940041195010884,0.6294612825034878,0.21320071635561044,0.6832772574338456,0.8390852974186307,0.6227686935798081
0.21320071635561044,0.8225977527796191,0.9344060883279957,0.6126304633517126,0.21320071635561044,0.8369133594965515,0.9421431691712996,0.6126304633517126,0.21320071635561044,0.6734563971992361,0.8324915824915824,0.5961164822094577
0.21320071635561044,0.8216291588318975,0.9032329956290621,0.6147096591359142,0.21320071635561044,0.8477811578385157,0.9172715543624297,0.6147096591359142,0.21320071635561044,0.695371464944985,0.8427328843995511,0.6085407754505924
0.21320071635561044,0.8215661898015892,0.8963064177356967,0.6274295218092236,0.21320071635561044,0.835032394398904,0.9173839390252885,0.6274295218092236,0.21320071635561044,0.7094662180594707,0.866442199775533,0.6202802052308183
0.21320071635561044,0.8212109003317832,0.9156505484625524,0.6165271477686709,0.21320071635561044,0.8392587604207788,0.9351238898046158,0.6165271477686709,0.21320071635561044,0.6961898699645358,0.8489057239057238,0.5976580873187527
0.21320071635561044,0.8189397796429488,0.865096815894874,0.6310589612894257,0.21320071635561044,0.8322922230220839,0.8948343056405672,0.6310589612894257,0.21320071635561044,0.6930981176684551,0.835016835016835,0.6223928551837121
0.21320071635561044,0.8184257717850508,0.9127034670351021,0.6228559438172698,0.21320071635561044,0.8262777790678772,0.9306485039506066,0.6228559438172698,0.21320071635561044,0.6827316540874784,0.835016835016835,0.5977860206354703
0.21320071635561044,0.812410682478664,0.9351238898046158,0.6126304633517126,0.21320071635561044,0.8355664955994705,0.9405951815552005,0.6126304633517126,0.21320071635561044,0.6846412657997636,0.8294051627384961,0.5961164822094577
0.21320071635561044,0.8123656739830496,0.9072321752845174,0.6234854832552438,0.21320071635561044,0.833476534379862,0.9251772122000219,0.6234854832552438,0.21320071635561044,0.7024643084477585,0.8612514029180696,0.6173451340275258
0.21320071635561044,0.8122967002928236,0.8448859898866503,0.6319745169177021,0.21320071635561044,0.8278800826695771,0.88002175309915,0.6319745169177021,0.21320071635561044,0.6659088842411567,0.85662177328844,0.6225726494805688
0.21320071635561044,0.8115210636654133,0.9203113372631986,0.6195153201350561,0.21320071635561044,0.8338945266237837,0.9335955853780569,0.6195153201350561,0.21320071635561044,0.6977357461125762,0.8494668911335578,0.6123775462841109
0.21320071635561044,0.8101840380617283,0.9306119948087175,0.6234854832552438,0.21320071635561044,0.8333139818405592,0.9384052679834509,0.6234854832552438,0.21320071635561044,0.6983722833500046,0.8597081930415263,0.6173451340275258
0.21320071635561044,0.8093321579106152,0.9048371755765905,0.6245686529650845,0.21320071635561044,0.8256740124933237,0.9306316779982577,0.6245686529650845,0.21320071635561044,0.7093752841684096,0.8302469135802468,0.6008192516623745
0.21320071635561044,0.807631937191735,0.8658146173714942,0.63005061028826,0.21320071635561044,0.8259062304066136,0.8853441510449869,0.63005061028826,0.21320071635561044,0.6703646449031554,0.8463804713804713,0.6260195766201218
0.21320071635561044,0.8061628567557534,0.9188757343099582,0.6246760942049705,0.21320071635561044,0.8231660590297936,0.9297452995273494,0.6246760942049705,0.21320071635561044,0.6960989360734746,0.8550785634118967,0.6163493301880553
0.21320071635561044,0.8038640893831145,0.8847387342312254,0.6292334064613558,0.21320071635561044,0.8250702459187702,0.8948904979719965,0.6292334064613558,0.21320071635561044,0.6810948440483768,0.8468013468013468,0.6223750353275236
0.21320071635561044,0.8029949106174384,0.8916653121245908,0.6306944891757396,0.21320071635561044,0.8299932656805146,0.910420851990034,0.6306944891757396,0.21320071635561044,0.7031917795762481,0.8194444444444444,0.6156761532506043
0.21320071635561044,0.7986697357338396,0.9267813921475503,0.6317056077225152,0.21320071635561044,0.8177553816501405,0.9213466095388546,0.6317056077225152,0.21320071635561044,0.7087387469309812,0.8556397306397306,0.6156761532506043
0.21320071635561044,0.7986385691246417,0.9359540759440946,0.6195153201350561,0.21320071635561044,0.8184055918073521,0.9336882868513754,0.6195153201350561,0.21320071635561044,0.6569064290260981,0.8489057239057238,0.6123775462841109
0.21320071635561044,0.7948153328837805,0.9376874665068307,0.6228559438172698,0.21320071635561044,0.8096277546849964,0.9446702367316254,0.6228559438172698,0.21320071635561044,0.7194689460762026,0.8329124579124579,0.5971691360780317
0.21320071635561044,0.7911387600985821,0.9415742614994272,0.6228559438172698,0.21320071635561044,0.8066785871862155,0.9470287272976632,0.6228559438172698,0.21320071635561044,0.7212876238974266,0.8267396184062851,0.5971691360780317
0.21320071635561044,0.7895189887838479,0.8785299578144803,0.6318212813357444,0.21320071635561044,0.8115783851566309,0.8979667900146544,0.6318212813357444,0.21320071635561044,0.6968264072019642,0.8550785634118967,0.6245659177990512
0.21320071635561044,0.7887123901128114,0.9477465287742833,0.6156855114650812,0.21320071635561044,0.823955599934979,0.9453880382082456,0.6156855114650812,0.21320071635561044,0.7326543602800764,0.8540965207631874,0.6002161151910737
0.21320071635561044,0.7829123529746383,0.9431222491155263,0.6228559438172698,0.21320071635561044,0.8071894665954532,0.9384614603148802,0.6228559438172698,0.21320071635561044,0.7212876238974266,0.8267396184062851,0.5971691360780317
0.21320071635561044,0.7827425138676106,0.8799093684362912,0.6320326836069537,0.21320071635561044,0.8045421823839491,0.9064778646660081,0.6320326836069537,0.21320071635561044,0.6348094934982268,0.8489057239057238,0.6249744248755267
0.21320071635561044,0.7826979627265557,0.8798531761048619,0.6323364680980819,0.21320071635561044,0.8025683301209855,0.9094979643772366,0.6323364680980819,0.21320071635561044,0.6727289260707465,0.8556397306397306,0.6268930616369085
0.21320071635561044,0.7799751094226158,0.8846263495683667,0.6317642821516829,0.21320071635561044,0.8096045328936674,0.9025713864838713,0.6317642821516829,0.21320071635561044,0.6439938164954079,0.8525533108866442,0.6229470197628555
0.21320071635561044,0.7771717200198864,0.930704696282036,0.6229772422939108,0.21320071635561044,0.811439054408657,0.9424044476389062,0.6229772422939108,0.21320071635561044,0.7305628807856688,0.8675645342312008,0.5998698191200869
0.21320071635561044,0.7765932655600837,0.8902100259818102,0.6319745169177021,0.21320071635561044,0.810254743050879,0.8971731130170647,0.6319745169177021,0.21320071635561044,0.6757297444757662,0.8442760942760943,0.6225726494805688
0.21320071635561044,0.7763244907407664,0.9321037900933872,0.6246760942049705,0.21320071635561044,0.8059354898636881,0.9344622806594249,0.6246760942049705,0.21320071635561044,0.6858234063835591,0.8612514029180696,0.6177387072843161
0.21320071635561044,0.7692924686573908,0.9345184729908543,0.6257524341577042,0.21320071635561044,0.8020806725030769,0.9470287272976632,0.6257524341577042,0.21320071635561044,0.7484768573247249,0.8411896745230079,0.5997354562597828
0.21320071635561044,0.7673831952085705,0.8900611321770624,0.6330935234343322,0.21320071635561044,0.8027541044516174,0.9080623614239962,0.6330935234343322,0.21320071635561044,0.7142857142857143,0.8494668911335578,0.6219654032159413
0.21320071635561044,0.7640340254744954,0.9351800821360451,0.627028639821898,0.21320071635561044,0.7967628822887397,0.9406148647447408,0.627028639821898,0.21320071635561044,0.6800945712467037,0.8479236812570146,0.6191728328012356
0.21320071635561044,0.763296094950738,0.9298941933320973,0.6292334064613558,0.21320071635561044,0.7892854654808071,0.9361591620802718,0.6292334064613558,0.21320071635561044,0.6699099754478494,0.8344556677890012,0.6126714363046726
0.21320071635561044,0.7564999884970259,0.9470287272976632,0.6228559438172698,0.21320071635561044,0.7833174651092585,0.9431784414469557,0.6228559438172698,0.21320071635561044,0.7201964172046922,0.8267396184062851,0.5971691360780317
0.21320071635561044,0.7560740034999757,0.8924758150745294,0.6330935234343322,0.21320071635561044,0.7803450758191487,0.923648907773463,0.6330935234343322,0.21320071635561044,0.6950986632718014,0.8716329966329966,0.6253331064457939
0.21320071635561044,0.753901798327956,0.9352165912779342,0.6268492815360063,0.21320071635561044,0.7789517683394097,0.9430098644526677,0.6268492815360063,0.21320071635561044,0.7359279803582796,0.8505892255892256,0.6087568980886975
0.21320071635561044,0.7538452730363717,0.9359905850859838,0.627791007960604,0.21320071635561044,0.7828762510740078,0.9414815600261088,0.627791007960604,0.21320071635561044,0.7396562698917887,0.8546576879910214,0.6126294288946054
0.21320071635561044,0.7514283546864774,0.8939114180277699,0.6330935234343322,0.21320071635561044,0.7752595035181014,0.9072321752845174,0.6330935234343322,0.21320071635561044,0.6719105210511958,0.8700897867564534,0.6219654032159413
0.21320071635561044,0.7509683072948391,0.8777559640064307,0.6330961903192495,0.21320071635561044,0.7849894340849453,0.9019097773386804,0.6330961903192495,0.21320071635561044,0.702282440665636,0.8334736251402918,0.6238463473339793
0.21320071635561044,0.7466589033110688,0.9157432499358709,0.6330935234343322,0.21320071635561044,0.7648793627940459,0.9235365231106043,0.6330935234343322,0.21320071635561044,0.681640447394744,0.8442760942760943,0.6239325874038533
0.21320071635561044,0.7402019115178341,0.8706608091187773,0.6335964371931333,0.21320071635561044,0.7765367020411954,0.8792280761015602,0.6335964371931333,0.21320071635561044,0.6696371737746658,0.8442760942760943,0.6253331064457939
0.21320071635561044,0.7364364754943038,0.8760955917274729,0.6335964371931333,0.21320071635561044,0.7706151452523048,0.8870213492762935,0.6335964371931333,0.21320071635561044,0.6693643721014823,0.8602693602693603,0.6253331064457939
0.21320071635561044,0.7358948939020354,0.9383490756520215,0.627791007960604,0.21320071635561044,0.7652741332466386,0.9476903364428539,0.627791007960604,0.21320071635561044,0.7244703100845685,0.8567620650953984,0.6126294288946054
0.21320071635561044,0.7299967965983633,0.9407440753599484,0.6282711165844588,0.21320071635561044,0.7619998606692521,0.948557031724222,0.6282711165844588,0.21320071635561044,0.7103755569700827,0.8648989898989898,0.6109674411004004
0.21320071635561044,0.7287792327580863,0.9282169951007906,0.632978647985295,0.21320071635561044,0.7668996586396675,0.9321599824248166,0.632978647985295,0.21320071635561044,0.668364099299809,0.8587261503928171,0.6216002414868085
0.21320071635561044,0.7281029970299905,0.9306119948087175,0.6317056077225152,0.21320071635561044,0.764740032046072,0.9345184729908543,0.6317056077225152,0.21320071635561044,0.6828225879785396,0.8423120089786756,0.6201843740443984
0.21320071635561044,0.7193260544234111,0.9406710570761702,0.6292334064613558,0.21320071635561044,0.7531988017555674,0.9423117461655877,0.6292334064613558,0.21320071635561044,0.6795489679003365,0.8618125701459034,0.6155487853439169
0.21320071635561044,0.6971893819994214,0.9547658081409672,0.6238179082134508,0.21320071635561044,0.7339711585351694,0.9461985411581842,0.6238179082134508,0.21320071635561044,0.668818768755115,0.8489057239057238,0.5997613693558981
0.21320071635561044,0.679862494539543,0.9243105169186538,0.6330935234343322,0.21320071635561044,0.7246592202122472,0.9360467774174132,0.6330935234343322,0.21320071635561044,0.6666363553696463,0.8762626262626263,0.6253331064457939
0.20851441405707477,0.8545478187842673,0.8130119216634454,0.5920532850683684,0.20851441405707477,0.8560016719689757,0.857413070145808,0.5920532850683684,0.20851441405707477,0.6914613076293534,0.8164983164983165,0.5901999865114801
0.20851441405707477,0.8520771145860229,0.8153704122294831,0.5920532850683684,0.20851441405707477,0.8539813761233541,0.8551107719111997,0.5920532850683684,0.20851441405707477,0.680731108484132,0.8392255892255892,0.5879986915975721
0.20851441405707477,0.8508255658311361,0.816200598368962,0.622810115784346,0.20851441405707477,0.8533311659661427,0.8590172500933364,0.622810115784346,0.20851441405707477,0.6747294716740929,0.8045735129068462,0.6053451582712271
0.20851441405707477,0.8504118493931744,0.8309204494370608,0.5993553217173868,0.20851441405707477,0.855606901516383,0.8714151197372866,0.5993553217173868,0.20851441405707477,0.6805492407020096,0.8180415263748597,0.5919725511095875
0.20851441405707477,0.8490558527899458,0.8363552320457565,0.5920532850683684,0.20851441405707477,0.8529363955135499,0.879889685246751,0.5920532850683684,0.20851441405707477,0.6846412657997636,0.8066778900112234,0.5880845526444504
0.20851441405707477,0.8488150002497173,0.8410160208464026,0.5920532850683684,0.20851441405707477,0.8504748856326777,0.8674721324132606,0.5920532850683684,0.20851441405707477,0.6824588524142948,0.8128507295173961,0.5880845526444504
0.20851441405707477,0.8485301919893965,0.8581702380015086,0.6291891153087189,0.20851441405707477,0.8499175626407821,0.8706242999768882,0.6291891153087189,0.20851441405707477,0.6734563971992361,0.8092031425364759,0.6207173045430678
0.20851441405707477,0.8440912420963511,0.8666616294633219,0.6140694681777777,0.20851441405707477,0.8468755079766853,0.8775873870121427,0.6140694681777777,0.20851441405707477,0.6758206783668274,0.8251964085297419,0.604318469686373
0.20851441405707477,0.8431583138182077,0.8588880394781289,0.6291891153087189,0.20851441405707477,0.8438102315212596,0.869906498500268,0.6291891153087189,0.20851441405707477,0.6745476038919705,0.8344556677890012,0.6207173045430678
0.20851441405707477,0.8412053315255389,0.8705315985035696,0.5976540115237857,0.20851441405707477,0.8480365975431344,0.900986889725883,0.5976540115237857,0.20851441405707477,0.7212876238974266,0.8313692480359147,0.5896259836874163
0.20851441405707477,0.840890950178823,0.8775508778702534,0.5976540115237857,0.20851441405707477,0.8494531268142025,0.909554156708666,0.5976540115237857,0.20851441405707477,0.7227425661544058,0.8375420875420876,0.5896259836874163
0.20851441405707477,0.8406521302402036,0.8877026416110246,0.5976540115237857,0.20851441405707477,0.847386387385923,0.8994389021097839,0.5976540115237857,0.20851441405707477,0.7233791033918341,0.8261784511784511,0.5896259836874163
0.20851441405707477,0.8389952059321066,0.8963429268775858,0.5939597640460679,0.20851441405707477,0.8534472749227875,0.9189487525937364,0.5939597640460679,0.20851441405707477,0.7211057561153041,0.8648989898989898,0.5784607920402929
0.20851441405707477,0.8374940774273932,0.8914967351303027,0.5976540115237857,0.20851441405707477,0.8470845040986462,0.8946854118358194,0.5976540115237857,0.20851441405707477,0.7162862598890607,0.8375420875420876,0.5896259836874163
0.20851441405707477,0.8358925063822308,0.8923634304116708,0.5976540115237857,0.20851441405707477,0.8480598193344635,0.900986889725883,0.5976540115237857,0.20851441405707477,0.7245612439756297,0.8442760942760943,0.5896259836874163
0.20851441405707477,0.8340094372149252,0.8939114180277699,0.5976540115237857,0.20851441405707477,0.8447855467570768,0.900120194444515,0.5976540115237857,0.20851441405707477,0.7362917159225243,0.8261784511784511,0.5896259836874163
0.20851441405707477,0.8306783491883939,0.8969315177389984,0.5976540115237857,0.20851441405707477,0.8436012353992987,0.9017046912025032,0.5976540115237857,0.20851441405707477,0.7120123670091844,0.8375420875420876,0.5896259836874163
0.20851441405707477,0.8305089857116784,0.8767572008726637,0.6142001832959679,0.20851441405707477,0.8360541532173792,0.8837764802393476,0.6142001832959679,0.20851441405707477,0.6727289260707465,0.8324915824915824,0.6006777416455855
0.20851441405707477,0.8256613520469672,0.8658876356552725,0.622810115784346,0.20851441405707477,0.833639086919165,0.8948146224510269,0.622810115784346,0.20851441405707477,0.6897335636991907,0.8402076318742986,0.6053451582712271
0.20851441405707477,0.8241283201437684,0.9050028953336873,0.6128172129044815,0.20851441405707477,0.8348233982769431,0.9252137213419109,0.6128172129044815,0.20851441405707477,0.710466490861144,0.8463804713804713,0.6021191992140894
0.20851441405707477,0.8238574554383389,0.843301493128662,0.6303439828455892,0.20851441405707477,0.8395142001253977,0.879191566959671,0.6303439828455892,0.20851441405707477,0.671546785486951,0.8654601571268238,0.6217342853335808
0.20851441405707477,0.8229180325872342,0.9273868089613118,0.6126304633517126,0.20851441405707477,0.8400250795346353,0.9312736039539083,0.6126304633517126,0.20851441405707477,0.6883695553332727,0.8257575757575757,0.5961164822094577
0.20851441405707477,0.8217964851764599,0.9087239705691871,0.6274295218092236,0.20851441405707477,0.8366346980006037,0.9204602310679464,0.6274295218092236,0.20851441405707477,0.7026461762298809,0.8519921436588103,0.6202802052308183
0.20851441405707477,0.8191612729390648,0.854300268961261,0.6298089681257679,0.20851441405707477,0.8317116782388594,0.8877756598948029,0.6298089681257679,0.20851441405707477,0.6759116122578885,0.880331088664422,0.6205156209984013
0.20851441405707477,0.8177739833321446,0.8673991141294823,0.6310589612894257,0.20851441405707477,0.83215289227411,0.9041558832418595,0.6310589612894257,0.20851441405707477,0.6940983904701282,0.8319304152637486,0.6223928551837121
0.20851441405707477,0.8175277346070704,0.9352727836093636,0.6234854832552438,0.20851441405707477,0.8400947449086222,0.9415377523575381,0.6234854832552438,0.20851441405707477,0.688005819769028,0.8612514029180696,0.6173451340275258
0.20851441405707477,0.8146447029280951,0.9429171629793491,0.6126304633517126,0.20851441405707477,0.8361238185913661,0.9429536721212383,0.6126304633517126,0.20851441405707477,0.6736382649813586,0.8294051627384961,0.5961164822094577
0.20851441405707477,0.8140151526111382,0.8698137970269495,0.6283070705084082,0.20851441405707477,0.8257436778673107,0.8839085480917466,0.6283070705084082,0.20851441405707477,0.6851868691461308,0.851010101010101,0.6223750353275236
0.20851441405707477,0.8137337027124105,0.8870410324658338,0.6282680121452994,0.20851441405707477,0.8339177484151128,0.8986845914912747,0.6282680121452994,0.20851441405707477,0.7241065745203237,0.8540965207631874,0.6223750353275236
0.20851441405707477,0.8079346069290967,0.876078765775124,0.6283070705084082,0.20851441405707477,0.825372129206047,0.9018170758653619,0.6283070705084082,0.20851441405707477,0.6983722833500046,0.8442760942760943,0.6223750353275236
0.20851441405707477,0.8074590374335952,0.9313297962853377,0.6246760942049705,0.20851441405707477,0.8223997399159371,0.9391792617915005,0.6246760942049705,0.20851441405707477,0.6574520323724652,0.8571829405162739,0.6177387072843161
0.20851441405707477,0.8014830999350734,0.8434307037438696,0.6321902630968975,0.20851441405707477,0.8245825883008615,0.8760590825855838,0.6321902630968975,0.20851441405707477,0.6787305628807857,0.8618125701459034,0.6238137136995071
0.20851441405707477,0.7993453154545481,0.8940603118325177,0.6292334064613558,0.20851441405707477,0.8315026821168985,0.9205726157308051,0.6292334064613558,0.20851441405707477,0.7001000272801673,0.8489057239057238,0.6223750353275236
0.20851441405707477,0.7879048455563721,0.9283096965741091,0.6257054733367053,0.20851441405707477,0.8176857162761535,0.9337444791828048,0.6257054733367053,0.20851441405707477,0.7071019368918796,0.8540965207631874,0.6148920687381654
0.20851441405707477,0.7842519421750259,0.9447067458735146,0.6228559438172698,0.20851441405707477,0.8072126883867822,0.9384614603148802,0.6228559438172698,0.20851441405707477,0.718741474947713,0.8267396184062851,0.5971691360780317
0.20851441405707477,0.7832473209588978,0.9454807396815641,0.6228559438172698,0.20851441405707477,0.8069340268908344,0.940819950880918,0.6228559438172698,0.20851441405707477,0.7259252523415477,0.8494668911335578,0.5971691360780317
0.20851441405707477,0.781130901678353,0.8879077277472018,0.6319745169177021,0.20851441405707477,0.8166871792490072,0.8879077277472018,0.6319745169177021,0.20851441405707477,0.711375829771756,0.8421717171717171,0.623202368137219
0.20851441405707477,0.7775158835491132,0.9305754856668284,0.625586938598308,0.20851441405707477,0.8038223068527506,0.9430857399736372,0.625586938598308,0.20851441405707477,0.7147403837410202,0.8716329966329966,0.6208400986334971
0.20851441405707477,0.7752976978878574,0.8816062498571382,0.6330935234343322,0.20851441405707477,0.8017323456331421,0.9002690882492629,0.6330935234343322,0.20851441405707477,0.710466490861144,0.8473625140291807,0.6253331064457939
0.20851441405707477,0.7715187880270044,0.9335955853780569,0.6257524341577042,0.20851441405707477,0.8055174976197664,0.9445775352583069,0.6257524341577042,0.20851441405707477,0.6940983904701282,0.8257575757575757,0.6012475348092463
0.20851441405707477,0.7701715127206304,0.8962699085938075,0.632978647985295,0.20851441405707477,0.8075842370480459,0.9220082186840455,0.632978647985295,0.20851441405707477,0.6531781394925888,0.8535353535353535,0.6216002414868085
0.20851441405707477,0.7678375565373474,0.8948708147824563,0.6330935234343322,0.20851441405707477,0.8022896686250377,0.9104011688004937,0.6330935234343322,0.20851441405707477,0.6942802582522506,0.8602693602693603,0.6253331064457939
0.20851441405707477,0.7643075514520808,0.9391792617915005,0.6257524341577042,0.20851441405707477,0.7987135127603744,0.9446702367316254,0.6257524341577042,0.20851441405707477,0.7290170046376284,0.8390852974186307,0.5997354562597828
0.20851441405707477,0.7636875934482256,0.9369696650302105,0.6258718769239413,0.20851441405707477,0.8037294196874347,0.93774365883826,0.6258718769239413,0.20851441405707477,0.722378830590161,0.8602693602693603,0.6021960555455721
0.20851441405707477,0.760043495447556,0.9072883676159467,0.6330935234343322,0.20851441405707477,0.7893551308547941,0.9166296284067792,0.6330935234343322,0.20851441405707477,0.6917341093025371,0.8587261503928171,0.6253331064457939
0.20851441405707477,0.7592311898270832,0.9321599824248166,0.6292334064613558,0.20851441405707477,0.7997584933701786,0.9423117461655877,0.6292334064613558,0.20851441405707477,0.6821860507411112,0.8571829405162739,0.6153792209289883
0.20851441405707477,0.7568082245065991,0.9524635099063588,0.6257524341577042,0.20851441405707477,0.7951838004783689,0.9493310255322716,0.6257524341577042,0.20851441405707477,0.7334727652996271,0.8390852974186307,0.5997354562597828
0.20851441405707477,0.753915608346988,0.9353851682722223,0.6263184534295041,0.20851441405707477,0.7776281262336576,0.9307243794715763,0.6263184534295041,0.20851441405707477,0.7372919887241975,0.8319304152637486,0.608016443271381
0.20851441405707477,0.7506435524617624,0.9383490756520215,0.627791007960604,0.20851441405707477,0.7801593014885169,0.9476903364428539,0.627791007960604,0.20851441405707477,0.7400200054560334,0.8567620650953984,0.6126294288946054
0.20851441405707477,0.7475818249233233,0.8823043681442181,0.6335964371931333,0.20851441405707477,0.7807630680630704,0.8986649083017344,0.6335964371931333,0.20851441405707477,0.6704555787942166,0.8442760942760943,0.6253331064457939
0.20851441405707477,0.744936489377733,0.9391230694600711,0.627791007960604,0.20851441405707477,0.7889371386108724,0.9461058396848658,0.627791007960604,0.20851441405707477,0.7227425661544058,0.858726150392817,0.6126294288946054
0.20851441405707477,0.7409402557032788,0.9032891879604914,0.6340942182032892,0.20851441405707477,0.7887745860715696,0.9283096965741091,0.6340942182032892,0.20851441405707477,0.6800036373556424,0.8814534231200898,0.6248072602052279
0.20851441405707477,0.7307038731972352,0.9407440753599484,0.6282711165844588,0.20851441405707477,0.7643452615934794,0.952500019048248,0.6282711165844588,0.20851441405707477,0.6869146130762935,0.8695286195286195,0.6109674411004004
0.20851441405707477,0.7243643913476995,0.9469725349662338,0.6292334064613558,0.20851441405707477,0.7597009033276827,0.9438962429235759,0.6292334064613558,0.20851441405707477,0.727016459034282,0.851010101010101,0.6117490583503362
0.20851441405707477,0.7196646062214104,0.9368207712254627,0.6317056077225152,0.20851441405707477,0.7642291526368344,0.9352362744674745,0.6317056077225152,0.20851441405707477,0.7097390197326544,0.8618125701459034,0.6162367304628924
0.20851441405707477,0.6741013172579194,0.9289713057193,0.6330935234343322,0.20851441405707477,0.7504354085874184,0.9351800821360451,0.6330935234343322,0.20851441405707477,0.7249249795398746,0.8458193041526375,0.6238695015591047
0.2041241452319315,0.8537618654174776,0.8028966670645634,0.601807031551953,0.2041241452319315,0.858277407519216,0.8434110205543295,0.601807031551953,0.2041241452319315,0.6838228607802128,0.7906846240179574,0.5891116985858899
0.2041241452319315,0.8529949605302094,0.8161444060375327,0.5920532850683684,0.2041241452319315,0.8558158976383439,0.8628478527545036,0.5920532850683684,0.2041241452319315,0.6923706465399655,0.8087822671156004,0.5901999865114801
0.2041241452319315,0.8527554135544902,0.8317309523869995,0.622810115784346,0.2041241452319315,0.8530525044701949,0.8628675359440439,0.622810115784346,0.2041241452319315,0.680731108484132,0.8128507295173961,0.6053451582712271
0.2041241452319315,0.8504429984177192,0.8332986231926387,0.6140694681777777,0.2041241452319315,0.8521700763996934,0.8792280761015602,0.6140694681777777,0.2041241452319315,0.6849140674729471,0.8159371492704826,0.604318469686373
0.2041241452319315,0.8493520110607928,0.8581702380015086,0.6291891153087189,0.2041241452319315,0.8501962241367299,0.8706242999768882,0.6291891153087189,0.2041241452319315,0.6748204055651541,0.8092031425364759,0.6207173045430678
0.2041241452319315,0.8452174130422776,0.8628310268021547,0.6291891153087189,0.2041241452319315,0.8543993683672758,0.8752850887775343,0.6291891153087189,0.2041241452319315,0.6843684641265799,0.8092031425364759,0.6207173045430678
0.2041241452319315,0.845141749965706,0.8790426731549232,0.5976540115237857,0.2041241452319315,0.8516359751991268,0.9024786850105527,0.5976540115237857,0.2041241452319315,0.7197417477493862,0.8221099887766554,0.5896259836874163
0.2041241452319315,0.8432609616584531,0.8635488282787749,0.622810115784346,0.2041241452319315,0.8451338736270115,0.8674553064609117,0.622810115784346,0.2041241452319315,0.6941893243611894,0.803030303030303,0.6053451582712271
0.2041241452319315,0.8425637294705702,0.889138244564265,0.5976540115237857,0.2041241452319315,0.8507071035459676,0.8907789336536825,0.5976540115237857,0.2041241452319315,0.7198326816404474,0.8261784511784511,0.5896259836874163
0.2041241452319315,0.8415433699130977,0.8673626049875932,0.5992715772230515,0.2041241452319315,0.8506374381719806,0.8892506292271237,0.5992715772230515,0.2041241452319315,0.7256524506683641,0.8267396184062851,0.5896259836874163
0.2041241452319315,0.8381321197496142,0.8939114180277699,0.5976540115237857,0.2041241452319315,0.8477579360471866,0.9017608835339326,0.5976540115237857,0.2041241452319315,0.7239247067382013,0.8489057239057238,0.5896259836874163
0.2041241452319315,0.836857951755575,0.8736078905462276,0.5992715772230515,0.2041241452319315,0.8447855467570768,0.8979105976832251,0.5992715772230515,0.2041241452319315,0.7290170046376284,0.8221099887766554,0.5896259836874163
0.2041241452319315,0.8348021275003763,0.8946854118358194,0.5976540115237857,0.2041241452319315,0.8449016557137218,0.8962699085938075,0.5976540115237857,0.2041241452319315,0.7246521778666909,0.8421717171717171,0.5896259836874163
0.2041241452319315,0.8337391783737454,0.91577975907776,0.6228559438172698,0.2041241452319315,0.8507303253372965,0.9329704853747552,0.6228559438172698,0.2041241452319315,0.7117395653360007,0.8489057239057238,0.5996175770417198
0.2041241452319315,0.8287064018089249,0.8761517840589023,0.6263184534295041,0.2041241452319315,0.8422311497108887,0.9073248767578358,0.6263184534295041,0.2041241452319315,0.7048285896153497,0.8768237934904601,0.61113773606369
0.2041241452319315,0.8283529306229686,0.8730024737324661,0.6282680121452994,0.2041241452319315,0.8463646285674477,0.8869483309925152,0.6282680121452994,0.2041241452319315,0.6920978448667818,0.8334736251402918,0.6223750353275236
0.2041241452319315,0.8265667215645717,0.9320475977619579,0.6126304633517126,0.2041241452319315,0.8391426514641339,0.9351603989465049,0.6126304633517126,0.2041241452319315,0.6915522415204146,0.8340347923681257,0.5961164822094577
0.2041241452319315,0.8263890380896793,0.8456599836946997,0.6303439828455892,0.2041241452319315,0.8395838654993846,0.8768330763936333,0.6303439828455892,0.2041241452319315,0.6711830499227062,0.8562008978675646,0.6217342853335808
0.2041241452319315,0.8240064472863701,0.8737005920195461,0.6282680121452994,0.2041241452319315,0.8339409702064418,0.8846263495683667,0.6282680121452994,0.2041241452319315,0.6785486950986632,0.8721941638608306,0.6223750353275236
0.2041241452319315,0.8234310684515105,0.8488289772106762,0.6304204968767652,0.2041241452319315,0.836332814713327,0.9041558832418595,0.6304204968767652,0.2041241452319315,0.6520869327998545,0.8338945005611672,0.6227686935798081
0.2041241452319315,0.8233385035285105,0.9227260201606656,0.6144370822146336,0.2041241452319315,0.8414416088057033,0.9336882868513754,0.6144370822146336,0.2041241452319315,0.6725470582886242,0.8566217732884399,0.599785612374405
0.2041241452319315,0.8207857706860485,0.860472536236117,0.6294421090232012,0.2041241452319315,0.8392587604207788,0.8744745858275955,0.6294421090232012,0.2041241452319315,0.6757297444757662,0.8432940516273849,0.6245659177990512
0.2041241452319315,0.8188438459150681,0.9374823803706536,0.6126304633517126,0.2041241452319315,0.839072986090147,0.9429536721212383,0.6126304633517126,0.2041241452319315,0.6809129762662545,0.8278619528619529,0.5961164822094577
0.2041241452319315,0.8185789148398439,0.9181944419752271,0.6209893129159735,0.2041241452319315,0.8357754917214314,0.9290640071926184,0.6209893129159735,0.2041241452319315,0.6972810766572701,0.8556397306397306,0.6048718880036542
0.2041241452319315,0.8119378127265464,0.9212342248759959,0.6246760942049705,0.2041241452319315,0.8319903397348072,0.9368207712254627,0.6246760942049705,0.2041241452319315,0.6960989360734746,0.8489057239057238,0.6177387072843161
0.2041241452319315,0.810392209332134,0.9235365231106043,0.6246760942049705,0.2041241452319315,0.82667254952047,0.9329704853747552,0.6246760942049705,0.2041241452319315,0.7011003000818405,0.8618125701459034,0.6177387072843161
0.2041241452319315,0.8102548847094853,0.8720795861196687,0.6307534861918984,0.2041241452319315,0.8373081299491443,0.9079696599506777,0.6307534861918984,0.2041241452319315,0.6872783486405384,0.8540965207631874,0.6229470197628555
0.2041241452319315,0.8102474136123584,0.9297452995273494,0.6246760942049705,0.2041241452319315,0.8290179504446973,0.9368207712254627,0.6246760942049705,0.2041241452319315,0.7048285896153497,0.8535353535353535,0.6177387072843161
0.2041241452319315,0.8097183514484442,0.883815846618428,0.6292722622280252,0.2041241452319315,0.8272298725123656,0.9080623614239962,0.6292722622280252,0.2041241452319315,0.6909157042829863,0.8587261503928171,0.6223750353275236
0.2041241452319315,0.8085440201306038,0.9134971440326919,0.6257524341577042,0.2041241452319315,0.8380976708543297,0.9430295476422079,0.6257524341577042,0.2041241452319315,0.6891879603528235,0.8602693602693603,0.6012475348092463
0.2041241452319315,0.8063039546303049,0.9383490756520215,0.6170765993072105,0.2041241452319315,0.8265099969811671,0.9476903364428539,0.6170765993072105,0.2041241452319315,0.7184686732745295,0.8138327721661055,0.5941873335185464
0.2041241452319315,0.8051224955384125,0.922782212492095,0.6280715783408508,0.2041241452319315,0.8247915844228224,0.9345746653222837,0.6280715783408508,0.2041241452319315,0.6785486950986632,0.8514309764309764,0.6127688545609777
0.2041241452319315,0.8047457790535789,0.9243667092500831,0.6274295218092236,0.2041241452319315,0.8277407519216032,0.9251407030581327,0.6274295218092236,0.2041241452319315,0.717832136037101,0.8648989898989898,0.6202802052308183
0.2041241452319315,0.8033912476589374,0.8488654863525653,0.6321902630968975,0.2041241452319315,0.826649327729141,0.8830783619522676,0.6321902630968975,0.2041241452319315,0.6824588524142948,0.8710718294051627,0.6238137136995071
0.2041241452319315,0.8018984260982913,0.8940603118325177,0.6292334064613558,0.2041241452319315,0.8204258876529735,0.9221571124887933,0.6292334064613558,0.2041241452319315,0.6801855051377649,0.8778058361391694,0.6177387072843161
0.2041241452319315,0.8004285437560537,0.8535262751532114,0.6321902630968975,0.2041241452319315,0.8250238023361122,0.8753412811089636,0.6321902630968975,0.2041241452319315,0.6767300172774393,0.8344556677890012,0.6238137136995071
0.2041241452319315,0.80010783393072,0.9260073983395007,0.6317056077225152,0.2041241452319315,0.8238162691870051,0.9283658889055385,0.6317056077225152,0.2041241452319315,0.7161953259979994,0.8540965207631874,0.6156761532506043
0.2041241452319315,0.7982016966932681,0.882267859002329,0.632978647985295,0.2041241452319315,0.8351717251468779,0.9080061690925669,0.632978647985295,0.2041241452319315,0.7033736473583705,0.8587261503928171,0.6216002414868085
0.2041241452319315,0.7980430890347386,0.9336882868513754,0.6246760942049705,0.2041241452319315,0.8260920047372454,0.9438400505921465,0.6246760942049705,0.2041241452319315,0.6797308356824588,0.8731762065095399,0.6177387072843161
0.2041241452319315,0.7961795107276828,0.9359905850859838,0.6181395076808354,0.2041241452319315,0.8216101990107517,0.9461985411581842,0.6181395076808354,0.2041241452319315,0.6954623988360462,0.8608305274971941,0.6023377188787437
0.2041241452319315,0.7953328248066655,0.8923999395535599,0.6320326836069537,0.2041241452319315,0.8246754754661775,0.9158359514091894,0.6320326836069537,0.2041241452319315,0.6700009093389107,0.8319304152637486,0.6249744248755267
0.2041241452319315,0.7952713202938447,0.9275357027660596,0.6257524341577042,0.2041241452319315,0.8148991013166755,0.9469725349662338,0.6257524341577042,0.2041241452319315,0.6813676457215604,0.8716329966329966,0.6012475348092463
0.2041241452319315,0.785889757417176,0.9423482553074768,0.6228559438172698,0.2041241452319315,0.8082808907879154,0.9376874665068307,0.6228559438172698,0.2041241452319315,0.7254705828862417,0.8448372615039281,0.5971691360780317
0.2041241452319315,0.7834045441907401,0.8863035477996734,0.6330935234343322,0.2041241452319315,0.8012911315978914,0.8979471068251142,0.6330935234343322,0.2041241452319315,0.6787305628807857,0.8602693602693603,0.6253331064457939
0.2041241452319315,0.7827318564159779,0.9296891071959201,0.625499103190973,0.2041241452319315,0.8123447042704874,0.9359905850859838,0.625499103190973,0.2041241452319315,0.6786396289897245,0.8535353535353535,0.605576277568858
0.2041241452319315,0.7780821469298056,0.9320475977619579,0.6257524341577042,0.2041241452319315,0.810068968720247,0.9422555538341584,0.6257524341577042,0.2041241452319315,0.6974629444393926,0.8159371492704826,0.6012475348092463
0.2041241452319315,0.775473881675956,0.9470652364395523,0.6228559438172698,0.2041241452319315,0.8070733576388083,0.9424044476389062,0.6228559438172698,0.2041241452319315,0.7264708556879149,0.8479236812570146,0.5971691360780317
0.2041241452319315,0.7752978183696074,0.9344622806594249,0.6246760942049705,0.2041241452319315,0.8062838167336228,0.9422555538341584,0.6246760942049705,0.2041241452319315,0.6767300172774393,0.8679854096520763,0.6177387072843161
0.2041241452319315,0.7731013854618013,0.9361029697488424,0.6292334064613558,0.2041241452319315,0.8038687504354086,0.9290836903821587,0.6292334064613558,0.2041241452319315,0.7470219150677457,0.8525533108866442,0.6176938664158744
0.2041241452319315,0.7726389621454789,0.8947219209777085,0.632978647985295,0.2041241452319315,0.8067018089775445,0.9134409517012625,0.632978647985295,0.2041241452319315,0.6369919068836956,0.8648989898989898,0.6216002414868085
0.2041241452319315,0.7684153210490786,0.9376874665068307,0.6257524341577042,0.2041241452319315,0.8016859020504842,0.9438962429235759,0.6257524341577042,0.2041241452319315,0.7345639719923616,0.8390852974186307,0.5998041049626612
0.2041241452319315,0.7681615843333242,0.9017046912025032,0.6320326836069537,0.2041241452319315,0.8037061978961058,0.9243667092500831,0.6320326836069537,0.2041241452319315,0.6598163135400564,0.8700897867564534,0.6249744248755267
0.2041241452319315,0.7542416321930676,0.9017412003443923,0.6340942182032892,0.2041241452319315,0.7939994891205908,0.9352727836093636,0.6340942182032892,0.2041241452319315,0.7287442029644449,0.8540965207631874,0.6238463473339793
0.2041241452319315,0.7508034044072761,0.9195935357865783,0.6321481518881477,0.2041241452319315,0.7766760327891693,0.9328777839014367,0.6321481518881477,0.2041241452319315,0.6788214967718469,0.8737373737373737,0.6253331064457939
0.2041241452319315,0.7407092078741896,0.9290274980507293,0.6317056077225152,0.2041241452319315,0.7683161879107354,0.9329339762328661,0.6317056077225152,0.2041241452319315,0.7029189779030645,0.8407687991021324,0.6201843740443984
0.2041241452319315,0.7345670911801584,0.9400262738833283,0.6282711165844588,0.2041241452319315,0.7655527947425864,0.9462912426315028,0.6282711165844588,0.2041241452319315,0.674274802218787,0.8623737373737373,0.6109674411004004
0.2041241452319315,0.7314825215612419,0.9415180691679979,0.6282711165844588,0.2041241452319315,0.7650186935420198,0.9446505535420852,0.6282711165844588,0.2041241452319315,0.6725470582886242,0.858726150392817,0.6109674411004004
0.2041241452319315,0.7302087458047932,0.9313297962853377,0.6296849890341965,0.2041241452319315,0.7583075958479437,0.9344060883279957,0.6296849890341965,0.2041241452319315,0.6749113394562153,0.8747194163860831,0.6141816354081084
0.2041241452319315,0.7047725865117326,0.9501050193403211,0.6292334064613558,0.2041241452319315,0.7492743190209693,0.9493310255322716,0.6292334064613558,0.2041241452319315,0.6929162498863326,0.8458193041526375,0.6117490583503362
0.2041241452319315,0.6944262394907509,0.9547658081409672,0.6292334064613558,0.2041241452319315,0.747021805262058,0.9469725349662338,0.6292334064613558,0.2041241452319315,0.6938255887969447,0.8618125701459034,0.6117490583503362
0.2041241452319315,0.6857921740338223,0.9197424295913262,0.6330935234343322,0.2041241452319315,0.7472540231753477,0.914214945509312,0.6330935234343322,0.2041241452319315,0.7181958716013458,0.8375420875420876,0.6238695015591047
0.2,0.8546707424974654,0.8199946918882401,0.622810115784346,0.2,0.8586721779718087,0.8519979707266525,0.622810115784346,0.2,0.682549786305356,0.8159371492704826,0.6053451582712271
0.2,0.8519309104046412,0.8433745114124402,0.622810115784346,0.2,0.8557462322643569,0.8574327533353482,0.622810115784346,0.2,0.6785486950986632,0.8128507295173961,0.6053451582712271
0.2,0.8480667731820555,0.8666813126528622,0.6291891153087189,0.2,0.8510554304159023,0.8706242999768882,0.6291891153087189,0.2,0.6794580340092753,0.8251964085297419,0.6207173045430678
0.2,0.8454772254476622,0.8719672014568101,0.5976540115237857,0.2,0.8530292826788658,0.8985722068284159,0.5976540115237857,0.2,0.7236519050650178,0.8205667789001123,0.5896259836874163
0.2,0.8453427549908317,0.8735516982147982,0.5976540115237857,0.2,0.8516824187817849,0.904063181768541,0.5976540115237857,0.2,0.719196144403019,0.8107463524130191,0.5896259836874163
0.2,0.8433066059659798,0.8876099401377062,0.5976540115237857,0.2,0.8508928778765994,0.8962699085938075,0.5976540115237857,0.2,0.7191052105119579,0.8329124579124579,0.5896259836874163
0.2,0.8430558679327126,0.8680804064642134,0.5992715772230515,0.2,0.8522629635650094,0.9034015726233502,0.5992715772230515,0.2,0.7199236155315086,0.8221099887766554,0.5896259836874163
0.2,0.8421937746304167,0.8899684307037439,0.5976540115237857,0.2,0.8493602396488865,0.8978544053517957,0.5976540115237857,0.2,0.7099208875147768,0.8375420875420876,0.5896259836874163
0.2,0.8418759541402075,0.8821189651975812,0.599123462059221,0.2,0.8517985277384298,0.9064216723345787,0.599123462059221,0.2,0.7194689460762026,0.8442760942760943,0.5896259836874163
0.2,0.841704199073877,0.8712493999801898,0.6012616207405053,0.2,0.8533079441748136,0.9017608835339326,0.6012616207405053,0.2,0.7246521778666909,0.8236531986531986,0.5896259836874163
0.2,0.8401048853913705,0.8922707289383522,0.5976540115237857,0.2,0.8506838817546386,0.895495914785758,0.5976540115237857,0.2,0.717832136037101,0.8421717171717171,0.5896259836874163
0.2,0.8398064117822642,0.8946854118358194,0.5976540115237857,0.2,0.850126558762743,0.900986889725883,0.5976540115237857,0.2,0.7226516322633445,0.8535353535353535,0.5896259836874163
0.2,0.8397683773293676,0.8822313498604398,0.5992715772230515,0.2,0.8491512435269256,0.8948343056405672,0.5992715772230515,0.2,0.722833500045467,0.8236531986531986,0.5896259836874163
0.2,0.83688760562387,0.8745110949694848,0.61345487145658,0.2,0.8532382788008267,0.9127596593665315,0.61345487145658,0.2,0.7087387469309812,0.8051346801346801,0.608738286194467
0.2,0.8367876321098899,0.8868359463296567,0.6073298733836514,0.2,0.8480598193344635,0.9017608835339326,0.6073298733836514,0.2,0.7141947803946531,0.8221099887766554,0.5975987377794859
0.2,0.83428945584575,0.8808322560490887,0.61345487145658,0.2,0.8470612823073171,0.8917945227397984,0.61345487145658,0.2,0.6914613076293534,0.8489057239057238,0.608738286194467
0.2,0.8341840158083115,0.8870016660867533,0.6059335665330574,0.2,0.8545851426979078,0.9064384982869276,0.6059335665330574,0.2,0.700372828953351,0.8437149270482603,0.591853886408761
0.2,0.8340647227500689,0.8876661324691355,0.5992715772230515,0.2,0.846016301697513,0.8995147776307535,0.5992715772230515,0.2,0.7363826498135855,0.8205667789001123,0.5896259836874163
0.2,0.8276801112320689,0.9181185664542575,0.6157466620501575,0.2,0.8372616863664863,0.918892560262307,0.6157466620501575,0.2,0.7006456306265345,0.8236531986531986,0.6071396683022756
0.2,0.8250830845680831,0.9188757343099582,0.6144370822146336,0.2,0.8397464180386875,0.9243667092500831,0.6144370822146336,0.2,0.6812767118304992,0.8581649831649831,0.599785612374405
0.2,0.8248540543667716,0.9297452995273494,0.6144370822146336,0.2,0.8434386828599958,0.9344622806594249,0.6144370822146336,0.2,0.6775484222969901,0.8581649831649831,0.599785612374405
0.2,0.8246729213050988,0.895495914785758,0.6261780949178233,0.2,0.8472238348466201,0.9250845107267034,0.6261780949178233,0.2,0.6744566700009094,0.8432940516273849,0.6202802052308183
0.2,0.8204185787865256,0.9319914054305285,0.6139861707912345,0.2,0.8358683788867474,0.9382928833205921,0.6139861707912345,0.2,0.6954623988360462,0.8340347923681257,0.6012580997394865
0.2,0.8185704658363516,0.9273868089613118,0.6156855114650812,0.2,0.8465504028980796,0.9360467774174132,0.6156855114650812,0.2,0.6820041829589888,0.8535353535353535,0.6002161151910737
0.2,0.8183539674264035,0.9306119948087175,0.6246760942049705,0.2,0.8429278034507582,0.9407637585494886,0.6246760942049705,0.2,0.6787305628807857,0.8778058361391694,0.6177387072843161
0.2,0.8177381150167163,0.9111386534666541,0.6274295218092236,0.2,0.8406520679005178,0.9274991936241704,0.6274295218092236,0.2,0.7238337728471401,0.8695286195286195,0.6202802052308183
0.2,0.8171107184742185,0.9390668771286417,0.6126304633517126,0.2,0.837726122193066,0.9375188895125426,0.6126304633517126,0.2,0.6925525143220879,0.8432940516273849,0.5961164822094577
0.2,0.8148773143323247,0.8783810640097324,0.6280332044682533,0.2,0.833639086919165,0.8878150262738833,0.6280332044682533,0.2,0.6588160407383832,0.8587261503928171,0.6202802052308183
0.2,0.8124458641479423,0.8830783619522676,0.6304204968767652,0.2,0.8360077096347213,0.904929877049909,0.6304204968767652,0.2,0.6413567336546331,0.8519921436588103,0.6207173045430678
0.2,0.810976519251064,0.9102719581852862,0.6280715783408508,0.2,0.8284374056614727,0.9438035414502575,0.6280715783408508,0.2,0.7177412021460399,0.8215488215488215,0.6127688545609777
0.2,0.8105339339575103,0.914214945509312,0.6274295218092236,0.2,0.8330585421359403,0.9298014918587788,0.6274295218092236,0.2,0.7169227971264891,0.8602693602693603,0.6202802052308183
0.2,0.8088735268130485,0.8861743371844658,0.6292722622280252,0.2,0.8283445184961568,0.9057600631893878,0.6292722622280252,0.2,0.6893698281349459,0.8587261503928171,0.6223750353275236
0.2,0.8088344011134018,0.8505061754419829,0.6319745169177021,0.2,0.8290411722360262,0.8824532619489659,0.6319745169177021,0.2,0.701736837319269,0.8267396184062851,0.6229470197628555
0.2,0.8085848878627436,0.9313297962853377,0.6246760942049705,0.2,0.8348001764856141,0.935328975940793,0.6246760942049705,0.2,0.6813676457215604,0.8685465768799102,0.6177387072843161
0.2,0.8083540015974545,0.8590734424247658,0.6319745169177021,0.2,0.8266028841464831,0.8777924731483198,0.6319745169177021,0.2,0.692188778757843,0.8267396184062851,0.6229470197628555
0.2,0.8079328166731875,0.9002128959178335,0.6292334064613558,0.2,0.8333604254232172,0.9134971440326919,0.6292334064613558,0.2,0.664181140310994,0.8581649831649831,0.6153792209289883
0.2,0.8077991364507038,0.9243667092500831,0.6274295218092236,0.2,0.8292037247753292,0.9298576841902082,0.6274295218092236,0.2,0.7164681276711831,0.8648989898989898,0.6202802052308183
0.2,0.8050147577473682,0.8668667155994991,0.6319745169177021,0.2,0.8227248449945429,0.8762079763903317,0.6319745169177021,0.2,0.6874602164226608,0.8359988776655444,0.6229470197628555
0.2,0.8045219326390759,0.9205726157308051,0.6317056077225152,0.2,0.8278104172955901,0.9267813921475503,0.6317056077225152,0.2,0.7169227971264891,0.8556397306397306,0.6156761532506043
0.2,0.8036837009431946,0.9445943612106559,0.6126304633517126,0.2,0.8339409702064418,0.9500291438193516,0.6126304633517126,0.2,0.6918250431935983,0.8592873176206509,0.5975971710179679
0.2,0.8035966070741969,0.927443001292741,0.6280715783408508,0.2,0.8259991175719295,0.9400094479309793,0.6280715783408508,0.2,0.6776393561880513,0.8514309764309764,0.6127688545609777
0.2,0.7980854512320285,0.8892871383690129,0.6321481518881477,0.2,0.8210528760188561,0.9017973926758217,0.6321481518881477,0.2,0.6428116759116123,0.8747194163860831,0.6253331064457939
0.2,0.7980024838437735,0.9360467774174132,0.6257524341577042,0.2,0.8203562222789866,0.9469725349662338,0.6257524341577042,0.2,0.6842775302355187,0.8845398428731762,0.6040477429515786
0.2,0.7964939975823175,0.8971366038751756,0.632978647985295,0.2,0.821215428558159,0.9142711378407414,0.632978647985295,0.2,0.6629989997271983,0.8427328843995511,0.6249744248755267
0.2,0.790047146681931,0.9024224926791233,0.6319685571327154,0.2,0.812948470845041,0.9165734360753498,0.6319685571327154,0.2,0.6871874147494771,0.8762626262626263,0.6215181689828717
0.2,0.7893098122702362,0.9422555538341584,0.6156855114650812,0.2,0.8216101990107517,0.9438400505921465,0.6156855114650812,0.2,0.7258343184504865,0.8571829405162739,0.6002161151910737
0.2,0.786896738893057,0.9010233988677722,0.632978647985295,0.2,0.8108817314167615,0.9143076469826306,0.632978647985295,0.2,0.6718195871601346,0.8489057239057238,0.6249744248755267
0.2,0.7819085773576382,0.9375947650335122,0.6246760942049705,0.2,0.8154796460999002,0.9391792617915005,0.6246760942049705,0.2,0.692188778757843,0.8633557800224467,0.6177387072843161
0.2,0.7814364365623425,0.9079134676192484,0.632978647985295,0.2,0.8144346654900959,0.9297452995273494,0.632978647985295,0.2,0.6645448758752387,0.8731762065095399,0.6249744248755267
0.2,0.7760316986639779,0.8870410324658338,0.6330935234343322,0.2,0.8030559877388942,0.9080623614239962,0.6330935234343322,0.2,0.6973720105483313,0.8587261503928171,0.6253331064457939
0.2,0.7725229290822764,0.9384052679834509,0.6257524341577042,0.2,0.807421684508743,0.9493310255322716,0.6257524341577042,0.2,0.7253796489951805,0.8375420875420876,0.5997354562597828
0.2,0.7717952606242174,0.9392354541229297,0.6292334064613558,0.2,0.8043796298446462,0.9338006715142342,0.6292334064613558,0.2,0.731108484132036,0.8556397306397306,0.6176938664158744
0.2,0.7555328571470695,0.9275357027660596,0.6317056077225152,0.2,0.7951838004783689,0.923648907773463,0.6317056077225152,0.2,0.6656360825679731,0.8685465768799102,0.6221312530823986
0.2,0.7529953805653737,0.9407075662180593,0.627791007960604,0.2,0.7851055430415902,0.9469163426348045,0.627791007960604,0.2,0.739838137673911,0.8552188552188552,0.6126294288946054
0.2,0.7434227007674403,0.9282535042426798,0.6306399820875491,0.2,0.7850126558762743,0.9290274980507293,0.6306399820875491,0.2,0.6845503319087024,0.8639169472502806,0.6238602413002443
0.2,0.7424703122678097,0.9298014918587788,0.6317056077225152,0.2,0.7770940250330911,0.9197424295913262,0.6317056077225152,0.2,0.7029189779030645,0.8489057239057238,0.6223258326242349
0.2,0.7342874087310429,0.9454610564920238,0.6282711165844588,0.2,0.7653437986206256,0.9462912426315028,0.6282711165844588,0.2,0.6745476038919705,0.8608305274971941,0.6109674411004004
0.2,0.7235708782694171,0.9391230694600711,0.6296849890341965,0.2,0.7512713930752618,0.9453318458768163,0.6296849890341965,0.2,0.668364099299809,0.8700897867564534,0.6141816354081084
0.2,0.7024626078860704,0.9555398019490168,0.6292334064613558,0.2,0.7492975408122983,0.9469725349662338,0.6292334064613558,0.2,0.6933709193416386,0.8618125701459034,0.6117490583503362
0.2,0.6890763036647524,0.9197424295913262,0.6330935234343322,0.2,0.7434456493973945,0.9165734360753498,0.6330935234343322,0.2,0.7224697644812221,0.8452581369248036,0.6238695015591047
0.2,0.6826808496339228,0.9204602310679464,0.6330935234343322,0.2,0.7498084202215359,0.9321037900933872,0.6330935234343322,0.2,0.7217422933527325,0.8458193041526375,0.6238695015591047
0.19611613513818404,0.8551281592557106,0.8355812382377069,0.622810115784346,0.19611613513818404,0.8602280379908506,0.8574327533353482,0.622810115784346,0.19611613513818404,0.680731108484132,0.8128507295173961,0.6053451582712271
0.19611613513818404,0.8461761866139293,0.8775143687283644,0.5992715772230515,0.19611613513818404,0.8537491582100644,0.9034015726233502,0.5992715772230515,0.19611613513818404,0.7176502682549787,0.8221099887766554,0.5896259836874163
0.19611613513818404,0.8442301660009685,0.8720795861196687,0.6012616207405053,0.19611613513818404,0.8524255161043123,0.9033453802919208,0.6012616207405053,0.19611613513818404,0.7199236155315086,0.8174803591470258,0.5896259836874163
0.19611613513818404,0.8437553997939232,0.8869286478029751,0.5976540115237857,0.19611613513818404,0.851357313703179,0.9032891879604914,0.5976540115237857,0.19611613513818404,0.718286805492407,0.8375420875420876,0.5896259836874163
0.19611613513818404,0.8435767488559532,0.8930447227464018,0.5976540115237857,0.19611613513818404,0.8532615005921557,0.904063181768541,0.5976540115237857,0.19611613513818404,0.721014822224243,0.8421717171717171,0.5896259836874163
0.19611613513818404,0.8431146733932495,0.8807198713862299,0.6113620740692819,0.19611613513818404,0.8532150570094977,0.9056476785265292,0.6113620740692819,0.19611613513818404,0.7225606983722833,0.8298260381593715,0.5956770999822798
0.19611613513818404,0.8407167155996115,0.8823240513337584,0.61345487145658,0.19611613513818404,0.8535401620881035,0.9087801629006165,0.61345487145658,0.19611613513818404,0.7035555151404929,0.8375420875420876,0.608738286194467
0.19611613513818404,0.840423223822564,0.8674721324132606,0.624190787443764,0.19611613513818404,0.8519378584864037,0.886247355468244,0.624190787443764,0.19611613513818404,0.6865508775120487,0.8525533108866442,0.6047392810422234
0.19611613513818404,0.8386660223772621,0.8924758150745294,0.61345487145658,0.19611613513818404,0.8516127534077979,0.9096468581819844,0.61345487145658,0.19611613513818404,0.6916431754114759,0.8344556677890012,0.608738286194467
0.19611613513818404,0.8365260085620214,0.8993462006364654,0.5976540115237857,0.19611613513818404,0.8490815781529387,0.9009306973944536,0.5976540115237857,0.19611613513818404,0.7334727652996271,0.8421717171717171,0.5896259836874163
0.19611613513818404,0.8345458297987413,0.9188560511204179,0.6126304633517126,0.19611613513818404,0.8553050182291062,0.9415742614994272,0.6126304633517126,0.19611613513818404,0.7138310448304083,0.8411896745230079,0.5985776970443194
0.19611613513818404,0.8344747173078876,0.8807395545757701,0.6153904245954801,0.19611613513818404,0.8535866056707614,0.8931936165511496,0.6153904245954801,0.19611613513818404,0.6870055469673547,0.8566217732884399,0.6078596274766863
0.19611613513818404,0.8337236165700325,0.9219885354945052,0.6126304633517126,0.19611613513818404,0.8483617026217403,0.9328581007118966,0.6126304633517126,0.19611613513818404,0.6932799854505775,0.8463804713804713,0.5961164822094577
0.19611613513818404,0.8326391869833145,0.9258388213452127,0.6126304633517126,0.19611613513818404,0.8454589787056174,0.9328581007118966,0.6126304633517126,0.19611613513818404,0.6978266800036373,0.8448372615039281,0.5961164822094577
0.19611613513818404,0.8265724864896112,0.9274233181032009,0.6126304633517126,0.19611613513818404,0.8426491419548104,0.9281973119112504,0.6126304633517126,0.19611613513818404,0.6752750750204601,0.8463804713804713,0.5961164822094577
0.19611613513818404,0.8254666441705969,0.936708386562604,0.6126304633517126,0.19611613513818404,0.8438102315212596,0.9375188895125426,0.6126304633517126,0.19611613513818404,0.6779121578612349,0.8432940516273849,0.5961164822094577
0.19611613513818404,0.8242193502106687,0.9001567035864042,0.6278896042505497,0.19611613513818404,0.8374474606971182,0.9243667092500831,0.6278896042505497,0.19611613513818404,0.7211057561153041,0.8411896745230079,0.6198918506481171
0.19611613513818404,0.8238406714628387,0.8667178217947513,0.6298089681257679,0.19611613513818404,0.8448319903397348,0.8955886162590765,0.6298089681257679,0.19611613513818404,0.6760025461489497,0.8679854096520763,0.6205156209984013
0.19611613513818404,0.8227855595627064,0.9297818086692387,0.6136245802408129,0.19611613513818404,0.8487332512830039,0.9415180691679979,0.6136245802408129,0.19611613513818404,0.7241065745203237,0.858726150392817,0.6010178839381339
0.19611613513818404,0.8224481797933568,0.9228187216339842,0.6246760942049705,0.19611613513818404,0.8496156793535053,0.9329704853747552,0.6246760942049705,0.19611613513818404,0.6898244975902519,0.8778058361391694,0.6177387072843161
0.19611613513818404,0.8222349641847457,0.8588880394781289,0.6304605132207461,0.19611613513818404,0.8330120985532824,0.8854003433764163,0.6304605132207461,0.19611613513818404,0.6934618532326998,0.8448372615039281,0.623309588038444
0.19611613513818404,0.8220239876630373,0.9258388213452127,0.6156855114650812,0.19611613513818404,0.8476418270905418,0.9360467774174132,0.6156855114650812,0.19611613513818404,0.6794580340092753,0.8550785634118967,0.6002161151910737
0.19611613513818404,0.8213367628321434,0.8745307781590249,0.6281106779918054,0.19611613513818404,0.8479669321691475,0.9149889393173616,0.6281106779918054,0.19611613513818404,0.6424479403473675,0.8519921436588103,0.6198918506481171
0.19611613513818404,0.8211605008729667,0.8737005920195461,0.6304204968767652,0.19611613513818404,0.8427188073287973,0.8987211006331638,0.6304204968767652,0.19611613513818404,0.6619077930344639,0.8452581369248036,0.6207173045430678
0.19611613513818404,0.8188563373154817,0.9220082186840455,0.6274295218092236,0.19611613513818404,0.8420685971715858,0.9352362744674745,0.6274295218092236,0.19611613513818404,0.7240156406292625,0.8648989898989898,0.6202802052308183
0.19611613513818404,0.8181587826910989,0.9391230694600711,0.6126304633517126,0.19611613513818404,0.8370062466618675,0.9367645788940333,0.6126304633517126,0.19611613513818404,0.7015549695371465,0.8448372615039281,0.5961164822094577
0.19611613513818404,0.8169837647271087,0.9312370948120192,0.6257524341577042,0.19611613513818404,0.8407681768571628,0.9406710570761702,0.6257524341577042,0.19611613513818404,0.6672728926070747,0.8519921436588103,0.6012475348092463
0.19611613513818404,0.816293573081112,0.8768133932040931,0.6292334064613558,0.19611613513818404,0.8324083319787289,0.8870213492762935,0.6292334064613558,0.19611613513818404,0.6895516959170683,0.8562008978675646,0.6223750353275236
0.19611613513818404,0.8150123828209396,0.9405586724133115,0.6113620740692819,0.19611613513818404,0.8398857487866614,0.9508031376274011,0.6113620740692819,0.19611613513818404,0.6809129762662545,0.8402076318742985,0.5956770999822798
0.19611613513818404,0.812378244245641,0.9227260201606656,0.6280715783408508,0.19611613513818404,0.8279033044609061,0.9438035414502575,0.6280715783408508,0.19611613513818404,0.7156497226516323,0.8329124579124578,0.6127688545609777
0.19611613513818404,0.8108810897189582,0.8705315985035696,0.6307534861918984,0.19611613513818404,0.8367740287485776,0.914214945509312,0.6307534861918984,0.19611613513818404,0.6945530599254343,0.8381032547699214,0.6229470197628555
0.19611613513818404,0.8097229567078433,0.8636780388939825,0.6319745169177021,0.19611613513818404,0.8289947286533683,0.8715275044001453,0.6319745169177021,0.19611613513818404,0.7016459034282077,0.8587261503928171,0.6229470197628555
0.19611613513818404,0.808441301951746,0.8645082250334615,0.6319745169177021,0.19611613513818404,0.8281587441655249,0.8777924731483198,0.6319745169177021,0.19611613513818404,0.6960989360734746,0.8313692480359147,0.6229470197628555
0.19611613513818404,0.8069438582381473,0.9229311062968428,0.6317056077225152,0.19611613513818404,0.8282748531221699,0.9260073983395007,0.6317056077225152,0.19611613513818404,0.7267436573610985,0.8427328843995511,0.6156761532506043
0.19611613513818404,0.8068216693945148,0.9391792617915005,0.6246760942049705,0.19611613513818404,0.8357522699301024,0.9454245473501347,0.6246760942049705,0.19611613513818404,0.6790942984450304,0.8623737373737373,0.6177387072843161
0.19611613513818404,0.8063998988014731,0.9436911567873987,0.6126304633517126,0.19611613513818404,0.8295520516452639,0.9421431691712996,0.6126304633517126,0.19611613513818404,0.6607256524506684,0.8448372615039281,0.5961164822094577
0.19611613513818404,0.8013911147681047,0.8704754061721403,0.6321481518881477,0.19611613513818404,0.832083226900123,0.8986649083017344,0.6321481518881477,0.19611613513818404,0.646358097662999,0.8644781144781144,0.6253331064457939
0.19611613513818404,0.796129739248313,0.8979105976832251,0.632978647985295,0.19611613513818404,0.8219817476720154,0.9057038708579586,0.632978647985295,0.19611613513818404,0.6619077930344639,0.8602693602693603,0.6249744248755267
0.19611613513818404,0.7945772803732112,0.9400262738833283,0.6228559438172698,0.19611613513818404,0.8168265099969811,0.9446870626839743,0.6228559438172698,0.19611613513818404,0.7387469309811767,0.8716329966329966,0.598642130691122
0.19611613513818404,0.7848046535473175,0.9297818086692387,0.6292334064613558,0.19611613513818404,0.8152242063952814,0.9369134726987811,0.6292334064613558,0.19611613513818404,0.6768209511685005,0.8504489337822672,0.6131718928621018
0.19611613513818404,0.7722341397025593,0.9392157709333895,0.6257524341577042,0.19611613513818404,0.8040777465573694,0.9438962429235759,0.6257524341577042,0.19611613513818404,0.6704555787942166,0.8519921436588103,0.5997354562597828
0.19611613513818404,0.7718424516133312,0.8908716351270011,0.6330935234343322,0.19611613513818404,0.8063302603162807,0.9017412003443923,0.6330935234343322,0.19611613513818404,0.7212876238974266,0.8581649831649831,0.6253331064457939
0.19611613513818404,0.7706940118926928,0.939989764741439,0.6257524341577042,0.19611613513818404,0.8113693890346702,0.9462547334896136,0.6257524341577042,0.19611613513818404,0.7322906247158316,0.8375420875420876,0.5997354562597828
0.19611613513818404,0.7628430593819454,0.9407637585494886,0.6257524341577042,0.19611613513818404,0.8063767038989388,0.944614044400196,0.6257524341577042,0.19611613513818404,0.6912794398472311,0.8519921436588103,0.5997354562597828
0.19611613513818404,0.7602371876374329,0.8970804115437463,0.6340942182032892,0.19611613513818404,0.7999907112834684,0.92676170895801,0.6340942182032892,0.19611613513818404,0.7208329544421206,0.8571829405162739,0.6238463473339793
0.19611613513818404,0.7575189246190611,0.9469725349662338,0.6257524341577042,0.19611613513818404,0.8000371548661264,0.9431222491155263,0.6257524341577042,0.19611613513818404,0.7319268891515868,0.8390852974186307,0.5997354562597828
0.19611613513818404,0.7477157624653383,0.9282535042426798,0.6306399820875491,0.19611613513818404,0.7912360959524418,0.9266690074846915,0.6306399820875491,0.19611613513818404,0.6901882331544967,0.8592873176206509,0.6238602413002443
0.19611613513818404,0.7439537069185981,0.9290274980507293,0.6296849890341965,0.19611613513818404,0.7817848268815456,0.9313297962853377,0.6296849890341965,0.19611613513818404,0.70864781303992,0.8695286195286195,0.6141816354081084
0.19611613513818404,0.739397299835813,0.9399700815518989,0.6282711165844588,0.19611613513818404,0.7697791607644614,0.9408002676913777,0.6282711165844588,0.19611613513818404,0.6672728926070747,0.8623737373737373,0.6109674411004004
0.19611613513818404,0.7354042674896961,0.9431587582574155,0.6282711165844588,0.19611613513818404,0.7651348024986647,0.9384979694567693,0.6282711165844588,0.19611613513818404,0.6767300172774393,0.8602693602693603,0.6109674411004004
0.19611613513818404,0.7305455014341398,0.922782212492095,0.6330935234343322,0.19611613513818404,0.7678285302928268,0.9298014918587788,0.6330935234343322,0.19611613513818404,0.6507229244339365,0.8685465768799102,0.6239325874038533
0.19611613513818404,0.7304892315423648,0.9235927154420336,0.632978647985295,0.19611613513818404,0.763462833522978,0.9290274980507293,0.632978647985295,0.19611613513818404,0.6517231972356097,0.8639169472502806,0.6249744248755267
0.19611613513818404,0.7296821964033441,0.9298576841902082,0.6317056077225152,0.19611613513818404,0.7861969672340524,0.9423117461655877,0.6317056077225152,0.19611613513818404,0.6911885059561699,0.8618125701459034,0.6176332696024107
0.19611613513818404,0.7218263069820319,0.9547658081409672,0.6292334064613558,0.19611613513818404,0.7625571836611477,0.9547658081409672,0.6292334064613558,0.19611613513818404,0.7190142766208966,0.8618125701459034,0.6117490583503362
0.19611613513818404,0.6973400716495523,0.9243105169186538,0.6330935234343322,0.19611613513818404,0.7400784896546919,0.9344622806594249,0.6330935234343322,0.19611613513818404,0.6680003637355643,0.8458193041526375,0.6238695015591047
0.19611613513818404,0.6862813599635934,0.9244032183919724,0.6330935234343322,0.19611613513818404,0.7436314237280264,0.9290274980507293,0.6330935234343322,0.19611613513818404,0.7458397744839501,0.8679854096520763,0.6238695015591047
0.19245008972987526,0.8553519274991355,0.8441119960786008,0.622810115784346,0.19245008972987526,0.859670714998955,0.8690763123607891,0.622810115784346,0.19245008972987526,0.6781849595344185,0.8143939393939394,0.6053451582712271
0.19245008972987526,0.8516202105471183,0.8456403005051596,0.622810115784346,0.19245008972987526,0.8553050182291062,0.8768695855355224,0.622810115784346,0.19245008972987526,0.7006456306265345,0.8097643097643097,0.6053451582712271
0.19245008972987526,0.8451933944026068,0.8798728592944021,0.5992715772230515,0.19245008972987526,0.8553282400204352,0.8956082994486168,0.5992715772230515,0.19245008972987526,0.7157406565426935,0.8221099887766554,0.5896259836874163
0.19245008972987526,0.844955693047578,0.88294915133706,0.5992715772230515,0.19245008972987526,0.854236815827973,0.9034015726233502,0.5992715772230515,0.19245008972987526,0.7189233427298354,0.8334736251402918,0.5896259836874163
0.19245008972987526,0.844233034449518,0.8900246230351733,0.5992715772230515,0.19245008972987526,0.8527041776002601,0.9034015726233502,0.5992715772230515,0.19245008972987526,0.7201964172046922,0.827300785634119,0.5896259836874163
0.19245008972987526,0.8433598615103365,0.8878150262738833,0.61345487145658,0.19245008972987526,0.8553282400204352,0.9158556345987297,0.61345487145658,0.19245008972987526,0.6957352005092298,0.8282828282828283,0.608738286194467
0.19245008972987526,0.8402319524788648,0.8955521071171874,0.5976540115237857,0.19245008972987526,0.8484313679957272,0.9143076469826306,0.5976540115237857,0.19245008972987526,0.721469491679549,0.8381032547699214,0.5896259836874163
0.19245008972987526,0.8399047592149572,0.8963261009252369,0.61345487145658,0.19245008972987526,0.8517056405731138,0.9064778646660081,0.61345487145658,0.19245008972987526,0.6918250431935983,0.8396464646464646,0.608738286194467
0.19245008972987526,0.8349538190917914,0.9102522749957459,0.6126304633517126,0.19245008972987526,0.8562803334649235,0.9329704853747552,0.6126304633517126,0.19245008972987526,0.7147403837410202,0.8381032547699214,0.5993588301561635
0.19245008972987526,0.8347724515168844,0.8690201200293597,0.6230917240641416,0.19245008972987526,0.8462949631934608,0.893947927169659,0.6230917240641416,0.19245008972987526,0.7082840774756752,0.7999438832772165,0.6075657138757418
0.19245008972987526,0.8338147678097828,0.9212145416864557,0.6126304633517126,0.19245008972987526,0.8540045979146831,0.9391595786019602,0.6126304633517126,0.19245008972987526,0.7105574247522052,0.8128507295173961,0.5985776970443194
0.19245008972987526,0.8334481029123318,0.8884766354190742,0.6246760942049705,0.19245008972987526,0.8549334695678424,0.9235927154420336,0.6246760942049705,0.19245008972987526,0.6855506047103755,0.8793490460157127,0.6177387072843161
0.19245008972987526,0.8319179016775543,0.9274233181032009,0.6126304633517126,0.19245008972987526,0.8520307456517195,0.9328581007118966,0.6126304633517126,0.19245008972987526,0.7014640356460853,0.8432940516273849,0.5961164822094577
0.19245008972987526,0.8306512204455734,0.8573962441934591,0.6294612825034878,0.19245008972987526,0.8463181849847897,0.8892871383690129,0.6294612825034878,0.19245008972987526,0.6828225879785396,0.8221099887766554,0.6227686935798081
0.19245008972987526,0.8290535758461259,0.8924196227431,0.6239144347095943,0.19245008972987526,0.8493370178575576,0.9188195419785288,0.6239144347095943,0.19245008972987526,0.6666363553696463,0.866442199775533,0.6087965670872878
0.19245008972987526,0.828254012495332,0.9220250446363943,0.6136245802408129,0.19245008972987526,0.8475489399252258,0.9346280004165217,0.6136245802408129,0.19245008972987526,0.7218332272437937,0.8648989898989898,0.6010178839381339
0.19245008972987526,0.8282458039178177,0.8596985424280674,0.6315677188907489,0.19245008972987526,0.8447391031744189,0.8784175731516215,0.6315677188907489,0.19245008972987526,0.6700009093389107,0.8814534231200898,0.621103975090983
0.19245008972987526,0.8279933987212132,0.9056279953369889,0.6246760942049705,0.19245008972987526,0.8530757262615238,0.9360832865593023,0.6246760942049705,0.19245008972987526,0.6889151586796399,0.8654601571268238,0.6177387072843161
0.19245008972987526,0.8277398632691089,0.8673429217980531,0.6291891153087189,0.19245008972987526,0.8471309476813041,0.8791353746282418,0.6291891153087189,0.19245008972987526,0.6915522415204146,0.8138327721661055,0.6207173045430678
0.19245008972987526,0.8269815083627082,0.932084106903847,0.6126304633517126,0.19245008972987526,0.8455518658709333,0.9406513738866299,0.6126304633517126,0.19245008972987526,0.6980085477857597,0.8432940516273849,0.5961164822094577
0.19245008972987526,0.8268011232247102,0.8868724554715457,0.6268638304449676,0.19245008972987526,0.8507767689199545,0.9025713864838713,0.6268638304449676,0.19245008972987526,0.6720923888333182,0.8556397306397306,0.6198918506481171
0.19245008972987526,0.8253644510740891,0.9235730322524934,0.6136245802408129,0.19245008972987526,0.8494995703968604,0.9415180691679979,0.6136245802408129,0.19245008972987526,0.7191052105119579,0.8571829405162739,0.6010178839381339
0.19245008972987526,0.8243032693970704,0.9305923116191772,0.6136245802408129,0.19245008972987526,0.850033671597427,0.9407440753599484,0.6136245802408129,0.19245008972987526,0.7221969628080386,0.8540965207631874,0.6010178839381339
0.19245008972987526,0.8238407216059761,0.9345718080850923,0.6136245802408129,0.19245008972987526,0.8427652509114553,0.9384220939357998,0.6136245802408129,0.19245008972987526,0.7243793761935073,0.858726150392817,0.6010178839381339
0.19245008972987526,0.82349735284164,0.9390106847972124,0.6126304633517126,0.19245008972987526,0.8465271811067506,0.9460861564953256,0.6126304633517126,0.19245008972987526,0.6871874147494771,0.8340347923681257,0.5961164822094577
0.19245008972987526,0.8231182245717162,0.9150254484592507,0.6234854832552438,0.19245008972987526,0.847293500220607,0.935328975940793,0.6234854832552438,0.19245008972987526,0.6900972992634354,0.866442199775533,0.6173451340275258
0.19245008972987526,0.8230514300730679,0.9266690074846915,0.6156855114650812,0.19245008972987526,0.8427420291201263,0.9313297962853377,0.6156855114650812,0.19245008972987526,0.6750932072383378,0.8566217732884399,0.6002161151910737
0.19245008972987526,0.8219329328701183,0.8830783619522676,0.6304204968767652,0.19245008972987526,0.8411861691010845,0.8979471068251142,0.6304204968767652,0.19245008972987526,0.6508138583249977,0.8566217732884399,0.6207173045430678
0.19245008972987526,0.82180747619898,0.9306119948087175,0.6246760942049705,0.19245008972987526,0.8472470566379491,0.9461985411581842,0.6246760942049705,0.19245008972987526,0.6960989360734746,0.8731762065095399,0.6177387072843161
0.19245008972987526,0.8211105782730845,0.9429536721212383,0.6126304633517126,0.19245008972987526,0.843206464946706,0.9398211877471511,0.6126304633517126,0.19245008972987526,0.6864599436209875,0.8309483726150393,0.5961164822094577
0.19245008972987526,0.8199168323463505,0.9111386534666541,0.6274295218092236,0.19245008972987526,0.841836379258296,0.9375947650335122,0.6274295218092236,0.19245008972987526,0.7221969628080386,0.8741582491582491,0.6202802052308183
0.19245008972987526,0.8195324649248369,0.9328777839014367,0.6144370822146336,0.19245008972987526,0.843252908529364,0.9391792617915005,0.6144370822146336,0.19245008972987526,0.6928253159952714,0.8581649831649831,0.599785612374405
0.19245008972987526,0.8192408943287358,0.914214945509312,0.6274295218092236,0.19245008972987526,0.8442514455565102,0.9352362744674745,0.6274295218092236,0.19245008972987526,0.7243793761935073,0.8602693602693603,0.6202802052308183
0.19245008972987526,0.8175147506827912,0.9368207712254627,0.6156855114650812,0.19245008972987526,0.8467826208113693,0.9384052679834509,0.6156855114650812,0.19245008972987526,0.6995544239338001,0.8566217732884399,0.6002161151910737
0.19245008972987526,0.8131235031160005,0.8986283991598453,0.6317056077225152,0.19245008972987526,0.8384459977242644,0.9189319266413876,0.6317056077225152,0.19245008972987526,0.6632718014003819,0.8618125701459034,0.6178550745750295
0.19245008972987526,0.8131220770697413,0.9390668771286417,0.6156855114650812,0.19245008972987526,0.8411397255184265,0.9414253676946794,0.6156855114650812,0.19245008972987526,0.6758206783668274,0.867003367003367,0.6002161151910737
0.19245008972987526,0.8129358129752194,0.9367645788940333,0.6246760942049705,0.19245008972987526,0.8403269628219121,0.9407075662180593,0.6246760942049705,0.19245008972987526,0.6812767118304992,0.8685465768799102,0.6177387072843161
0.19245008972987526,0.8126521154660233,0.8596985424280674,0.6321481518881477,0.19245008972987526,0.8346376239463112,0.8807198713862299,0.6321481518881477,0.19245008972987526,0.6589979085205055,0.869107744107744,0.6253331064457939
0.19245008972987526,0.8106343719674153,0.9143076469826306,0.6317056077225152,0.19245008972987526,0.8364721454613009,0.9291763918554772,0.6317056077225152,0.19245008972987526,0.7222878966990998,0.858726150392817,0.6156761532506043
0.19245008972987526,0.8098833011772225,0.8636780388939825,0.6319745169177021,0.19245008972987526,0.8290876158186843,0.8753777902508527,0.6319745169177021,0.19245008972987526,0.7043739201600436,0.8540965207631874,0.6229470197628555
0.19245008972987526,0.8085926483003641,0.9298014918587788,0.6280715783408508,0.19245008972987526,0.8322922230220839,0.9438035414502575,0.6280715783408508,0.19245008972987526,0.7156497226516323,0.8215488215488215,0.6132947001029965
0.19245008972987526,0.8007626980085695,0.9260073983395007,0.6317056077225152,0.19245008972987526,0.8273924250516684,0.9283658889055385,0.6317056077225152,0.19245008972987526,0.7276529962717104,0.8427328843995511,0.6156761532506043
0.19245008972987526,0.7996607749939045,0.8712859091220789,0.6320326836069537,0.19245008972987526,0.833662308710494,0.9009672065363428,0.6320326836069537,0.19245008972987526,0.6639083386378103,0.8716329966329966,0.6249744248755267
0.19245008972987526,0.7986981400935068,0.8830980451418079,0.6319745169177021,0.19245008972987526,0.8341499663284025,0.9041193740999703,0.6319745169177021,0.19245008972987526,0.6814585796126216,0.8535353535353535,0.6249744248755267
0.19245008972987526,0.7952674342390796,0.9384052679834509,0.6257524341577042,0.19245008972987526,0.8172677240322318,0.9493310255322716,0.6257524341577042,0.19245008972987526,0.7366554514867691,0.8778058361391694,0.6012475348092463
0.19245008972987526,0.7769529642472826,0.9407637585494886,0.6257524341577042,0.19245008972987526,0.8108120660427746,0.9501050193403211,0.6257524341577042,0.19245008972987526,0.7071928707829408,0.8540965207631874,0.6052545332305492
0.19245008972987526,0.7693356393647802,0.9290274980507293,0.6302848548881448,0.19245008972987526,0.8039848593920536,0.9336882868513754,0.6302848548881448,0.19245008972987526,0.6929162498863326,0.8891694725028059,0.6202802052308183
0.19245008972987526,0.7639748733889616,0.9321037900933872,0.6305235648899603,0.19245008972987526,0.7981794115598078,0.9297452995273494,0.6305235648899603,0.19245008972987526,0.6980085477857597,0.8390852974186307,0.6191728328012356
0.19245008972987526,0.7626623283100505,0.9111751626085433,0.632978647985295,0.19245008972987526,0.7960430067575412,0.9376312741754014,0.632978647985295,0.19245008972987526,0.7186505410566518,0.8432940516273849,0.6216002414868085
0.19245008972987526,0.7610949610278013,0.900986889725883,0.6330935234343322,0.19245008972987526,0.8109978403734064,0.930519293335399,0.6330935234343322,0.19245008972987526,0.6970992088751478,0.8556397306397306,0.6238695015591047
0.19245008972987526,0.7581798513324314,0.9446505535420852,0.6257524341577042,0.19245008972987526,0.8011053572672596,0.9407637585494886,0.6257524341577042,0.19245008972987526,0.7314722196962808,0.8375420875420876,0.5997354562597828
0.19245008972987526,0.7493885248635324,0.9134409517012625,0.6330935234343322,0.19245008972987526,0.7786963286347909,0.9321037900933872,0.6330935234343322,0.19245008972987526,0.6753660089115213,0.8571829405162739,0.6253331064457939
0.19245008972987526,0.7472607653246489,0.9188757343099582,0.6330935234343322,0.19245008972987526,0.778649885052133,0.9375385727020829,0.6330935234343322,0.19245008972987526,0.6746385377830317,0.8571829405162739,0.6253331064457939
0.19245008972987526,0.7471814884866749,0.9064581814764678,0.6340942182032892,0.19245008972987526,0.7901446717599796,0.9291201995240478,0.6340942182032892,0.19245008972987526,0.7021005728835137,0.8562008978675646,0.6238463473339793
0.19245008972987526,0.7455416054736096,0.9088166720425055,0.6340942182032892,0.19245008972987526,0.7953231312263428,0.9345549821327435,0.6340942182032892,0.19245008972987526,0.7227425661544058,0.8654601571268238,0.6238463473339793
0.19245008972987526,0.7448669730205041,0.9345184729908543,0.6317056077225152,0.19245008972987526,0.7831549125699556,0.9555959942804461,0.6317056077225152,0.19245008972987526,0.696280803855597,0.8540965207631874,0.617943135438751
0.19245008972987526,0.7374568571669733,0.913533653174581,0.6340942182032892,0.19245008972987526,0.7882637066623319,0.9259877151499605,0.6340942182032892,0.19245008972987526,0.7025552423388197,0.8319304152637486,0.6238463473339793
0.19245008972987526,0.7350179886394234,0.9206091248726942,0.632828918392013,0.19245008972987526,0.7861969672340524,0.9369134726987811,0.632828918392013,0.19245008972987526,0.700372828953351,0.835016835016835,0.6179929227448081
0.19245008972987526,0.7308700894817727,0.9212342248759959,0.632978647985295,0.19245008972987526,0.7639969347235446,0.9282535042426798,0.632978647985295,0.19245008972987526,0.6538146767300173,0.8685465768799102,0.6249744248755267
0.1889822365046136,0.8544472139889187,0.8643031388972842,0.622810115784346,0.1889822365046136,0.8549102477765135,0.8807198713862299,0.622810115784346,0.1889822365046136,0.6934618532326998,0.803030303030303,0.6053451582712271
0.1889822365046136,0.8466562304437923,0.8636050206102043,0.6294612825034878,0.1889822365046136,0.8567912128741612,0.8947219209777085,0.6294612825034878,0.1889822365046136,0.6860962080567428,0.8221099887766554,0.6227686935798081
0.1889822365046136,0.8462085701732707,0.8766476734469963,0.5976540115237857,0.1889822365046136,0.8536330492534194,0.9024421758686636,0.5976540115237857,0.1889822365046136,0.7256524506683641,0.8427328843995511,0.5896259836874163
0.1889822365046136,0.8433777236784773,0.8816062498571382,0.61345487145658,0.1889822365046136,0.8557462322643569,0.9002690882492629,0.61345487145658,0.1889822365046136,0.6884604892243339,0.8556397306397306,0.608738286194467
0.1889822365046136,0.8426307266150682,0.897060728354206,0.6126304633517126,0.1889822365046136,0.8641060771427908,0.9360832865593023,0.6126304633517126,0.1889822365046136,0.7255615167773029,0.8562008978675645,0.5985776970443194
0.1889822365046136,0.8424072130803527,0.8885328277505036,0.61345487145658,0.1889822365046136,0.8555372361423961,0.909554156708666,0.61345487145658,0.1889822365046136,0.6952805310539238,0.8365600448933782,0.608738286194467
0.1889822365046136,0.8412563700981895,0.8963261009252369,0.61345487145658,0.1889822365046136,0.854213594036644,0.9103646596586046,0.61345487145658,0.1889822365046136,0.6909157042829863,0.8463804713804713,0.608738286194467
0.1889822365046136,0.8385869006528223,0.9002690882492629,0.61345487145658,0.1889822365046136,0.8536562710447484,0.9173474298833993,0.61345487145658,0.1889822365046136,0.6974629444393926,0.8504489337822672,0.608738286194467
0.1889822365046136,0.8384570765374408,0.8682461262213101,0.6230917240641416,0.1889822365046136,0.8516824187817849,0.8932666348349279,0.6230917240641416,0.1889822365046136,0.7066472674365736,0.8257575757575757,0.6087866507994271
0.1889822365046136,0.8362755031222665,0.8372416105166647,0.6315677188907489,0.1889822365046136,0.841859601049625,0.8808322560490887,0.6315677188907489,0.1889822365046136,0.6702737110120942,0.8309483726150393,0.6212133101853807
0.1889822365046136,0.8350994753845264,0.9196300449284674,0.6126304633517126,0.1889822365046136,0.8549799131505005,0.9337247959932645,0.6126304633517126,0.1889822365046136,0.7155587887605711,0.8494668911335578,0.5985776970443194
0.1889822365046136,0.8344768411346841,0.8713224182639681,0.6230917240641416,0.1889822365046136,0.8491280217355966,0.904966386191798,0.6230917240641416,0.1889822365046136,0.6871874147494771,0.7999438832772165,0.6087866507994271
0.1889822365046136,0.8341567150584034,0.9150422744115996,0.6136245802408129,0.1889822365046136,0.8513108701205211,0.934684192747951,0.6136245802408129,0.1889822365046136,0.7176502682549787,0.8571829405162739,0.6010178839381339
0.1889822365046136,0.8318082146776228,0.9173277466938591,0.6156855114650812,0.1889822365046136,0.8510089868332443,0.9367645788940333,0.6156855114650812,0.1889822365046136,0.6775484222969901,0.8726150392817059,0.6002161151910737
0.1889822365046136,0.8316465164203187,0.9282535042426798,0.6246760942049705,0.1889822365046136,0.8549334695678424,0.935328975940793,0.6246760942049705,0.1889822365046136,0.6869146130762935,0.8731762065095399,0.6177387072843161
0.1889822365046136,0.8311408846164786,0.9290443240030781,0.6136245802408129,0.1889822365046136,0.8508232125026125,0.9407805845018375,0.6136245802408129,0.1889822365046136,0.7189233427298354,0.8602693602693603,0.6010178839381339
0.1889822365046136,0.8303562993203447,0.8689836108874706,0.6291891153087189,0.1889822365046136,0.8505677727979937,0.8830783619522676,0.6291891153087189,0.1889822365046136,0.6610893880149131,0.8251964085297419,0.6229905169287038
0.1889822365046136,0.829530076944299,0.8394877164198438,0.6303439828455892,0.1889822365046136,0.8446694378004319,0.873019299684815,0.6303439828455892,0.1889822365046136,0.6780940256433573,0.8324915824915824,0.621103975090983
0.1889822365046136,0.8281196052357483,0.9298183178111277,0.6136245802408129,0.1889822365046136,0.8495924575621764,0.9431390750678752,0.6136245802408129,0.1889822365046136,0.722378830590161,0.8540965207631874,0.6010178839381339
0.1889822365046136,0.8267919999380774,0.8621132253255346,0.6304204968767652,0.1889822365046136,0.8492209089009126,0.8917018212664799,0.6304204968767652,0.1889822365046136,0.6752750750204601,0.8452581369248036,0.6207173045430678
0.1889822365046136,0.8263872601967798,0.9390668771286417,0.6126304633517126,0.1889822365046136,0.8447391031744189,0.9398773800785803,0.6126304633517126,0.1889822365046136,0.6934618532326998,0.8417508417508417,0.5961164822094577
0.1889822365046136,0.8263433904802309,0.8807198713862299,0.6304204968767652,0.1889822365046136,0.8489886909876228,0.904929877049909,0.6304204968767652,0.1889822365046136,0.6753660089115213,0.8566217732884399,0.6207173045430678
0.1889822365046136,0.8258276346770957,0.8309963249580303,0.6319745169177021,0.1889822365046136,0.8463414067761187,0.888625529223822,0.6319745169177021,0.1889822365046136,0.6933709193416386,0.8179012345679012,0.6229470197628555
0.1889822365046136,0.8249609967018255,0.9329142930433258,0.6156855114650812,0.1889822365046136,0.8442978891391681,0.9359905850859838,0.6156855114650812,0.1889822365046136,0.6747294716740929,0.8679854096520763,0.6002161151910737
0.1889822365046136,0.8238728172070239,0.9329704853747552,0.6246760942049705,0.1889822365046136,0.8481991500824374,0.9461985411581842,0.6246760942049705,0.1889822365046136,0.6912794398472311,0.8685465768799102,0.6177387072843161
0.1889822365046136,0.8232733396416932,0.9438400505921465,0.6246760942049705,0.1889822365046136,0.8467593990200404,0.9352727836093636,0.6246760942049705,0.1889822365046136,0.6829135218696007,0.8685465768799102,0.6177387072843161
0.1889822365046136,0.821405580180213,0.8597547347594968,0.6315677188907489,0.1889822365046136,0.8463878503587767,0.9056476785265292,0.6315677188907489,0.1889822365046136,0.6766390833863781,0.8648989898989898,0.6264801711580812
0.1889822365046136,0.8208433722505513,0.8862108463263549,0.6304204968767652,0.1889822365046136,0.8410236165617816,0.9080623614239962,0.6304204968767652,0.1889822365046136,0.6498135855233246,0.8679854096520763,0.6207173045430678
0.1889822365046136,0.8180259357047336,0.927443001292741,0.6274295218092236,0.1889822365046136,0.8416738267189932,0.9235927154420336,0.6274295218092236,0.1889822365046136,0.7249249795398746,0.8587261503928171,0.6202802052308183
0.1889822365046136,0.8139910786066861,0.8900611321770624,0.6321481518881477,0.1889822365046136,0.8381441144369877,0.9072321752845174,0.6321481518881477,0.1889822365046136,0.6550877512048741,0.882996632996633,0.6253331064457939
0.1889822365046136,0.8073565642112595,0.8907789336536825,0.6321481518881477,0.1889822365046136,0.8331746510925853,0.9032891879604914,0.6321481518881477,0.1889822365046136,0.6500863871965081,0.882996632996633,0.6253331064457939
0.1889822365046136,0.8046140884309323,0.9314786900900855,0.6257524341577042,0.1889822365046136,0.826649327729141,0.9392719632648189,0.6257524341577042,0.1889822365046136,0.729744475766118,0.8778058361391694,0.6012475348092463
0.1889822365046136,0.8023554344164926,0.9336882868513754,0.6257524341577042,0.1889822365046136,0.8298771567238696,0.9547658081409672,0.6257524341577042,0.1889822365046136,0.7317450213694644,0.8602693602693603,0.6012475348092463
0.1889822365046136,0.8003320549981604,0.8876829584214844,0.6330935234343322,0.1889822365046136,0.8302254835938044,0.9040996909104301,0.6330935234343322,0.1889822365046136,0.6945530599254343,0.8494668911335578,0.6253331064457939
0.1889822365046136,0.8001487323016225,0.9376874665068307,0.6257524341577042,0.1889822365046136,0.8235143858997283,0.9493310255322716,0.6257524341577042,0.1889822365046136,0.709102482495226,0.8685465768799102,0.6052545332305492
0.1889822365046136,0.7991571705700297,0.8908154427955717,0.6321481518881477,0.1889822365046136,0.8254417945800339,0.9111189702771139,0.6321481518881477,0.1889822365046136,0.6388105847049195,0.882996632996633,0.6253331064457939
0.1889822365046136,0.7922629818356216,0.9407637585494886,0.6292334064613558,0.1889822365046136,0.8202168915310127,0.9337444791828048,0.6292334064613558,0.1889822365046136,0.7366554514867691,0.8334736251402918,0.6131718928621018
0.1889822365046136,0.7862771405683078,0.9283096965741091,0.6317056077225152,0.1889822365046136,0.8233518333604254,0.9392354541229297,0.6317056077225152,0.1889822365046136,0.7015549695371465,0.8525533108866442,0.6156761532506043
0.1889822365046136,0.7848831413795668,0.8698503061688386,0.6335964371931333,0.1889822365046136,0.8195666813738012,0.8830783619522676,0.6335964371931333,0.1889822365046136,0.6731835955260526,0.8055555555555556,0.6249744248755267
0.1889822365046136,0.7831083585830524,0.8729462814010367,0.6335964371931333,0.1889822365046136,0.8220746348373313,0.8979667900146544,0.6335964371931333,0.1889822365046136,0.7111030280985723,0.8602693602693603,0.6249744248755267
0.1889822365046136,0.782695717726909,0.900986889725883,0.6330935234343322,0.1889822365046136,0.8201936697396838,0.9196497281180077,0.6330935234343322,0.1889822365046136,0.6676366281713194,0.8427328843995511,0.6239325874038533
0.1889822365046136,0.7826315643049417,0.9431222491155263,0.6257524341577042,0.1889822365046136,0.8236537166477021,0.9469725349662338,0.6257524341577042,0.1889822365046136,0.6669091570428298,0.8648989898989898,0.5997354562597828
0.1889822365046136,0.7824475582641757,0.909739559655303,0.6318212813357444,0.1889822365046136,0.8217727515500546,0.9260439074813899,0.6318212813357444,0.1889822365046136,0.7106483586432664,0.8716329966329966,0.6160528324666039
0.1889822365046136,0.7719494930060383,0.9126107655617837,0.632978647985295,0.1889822365046136,0.8063999256902677,0.9266690074846915,0.632978647985295,0.1889822365046136,0.6928253159952714,0.867003367003367,0.6229470197628555
0.1889822365046136,0.7637450607857689,0.9133847593698332,0.632978647985295,0.1889822365046136,0.8121821517311846,0.9305558024772882,0.632978647985295,0.1889822365046136,0.6877330180958443,0.843294051627385,0.6216002414868085
0.1889822365046136,0.7635106747905613,0.9455172488234532,0.6238179082134508,0.1889822365046136,0.7855699788681699,0.9462912426315028,0.6238179082134508,0.1889822365046136,0.7035555151404929,0.8618125701459034,0.5997613693558981
0.1889822365046136,0.7625360384027937,0.9446505535420852,0.6257524341577042,0.1889822365046136,0.8002925945707452,0.9407637585494886,0.6257524341577042,0.1889822365046136,0.7451123033554605,0.8375420875420876,0.5997354562597828
0.1889822365046136,0.7532950646743578,0.9446702367316254,0.6263184534295041,0.1889822365046136,0.7892158001068202,0.9438962429235759,0.6263184534295041,0.1889822365046136,0.7136491770482859,0.8303872053872053,0.608016443271381
0.1889822365046136,0.7490903613279168,0.9298576841902082,0.6317056077225152,0.1889822365046136,0.8032882056521841,0.9430857399736372,0.6317056077225152,0.1889822365046136,0.7111939619896336,0.8618125701459034,0.6176332696024107
0.1889822365046136,0.7434000359156941,0.909590665850555,0.6340942182032892,0.1889822365046136,0.7917005317790214,0.9291201995240478,0.6340942182032892,0.1889822365046136,0.7011912339729017,0.8303872053872053,0.6238463473339793
0.1889822365046136,0.7370019954818652,0.9423847644493659,0.6282711165844588,0.1889822365046136,0.7679214174581427,0.9431587582574155,0.6282711165844588,0.1889822365046136,0.6858234063835591,0.8721941638608305,0.6109674411004004
0.1889822365046136,0.7245466892966563,0.9398970632681206,0.6317056077225152,0.1889822365046136,0.7887745860715696,0.9430295476422079,0.6317056077225152,0.1889822365046136,0.683913794671274,0.8479236812570146,0.6156761532506043
0.18569533817705186,0.8475515529045577,0.8766476734469963,0.5976540115237857,0.18569533817705186,0.8549566913591714,0.901668182060614,0.5976540115237857,0.18569533817705186,0.7274711284895881,0.8411896745230079,0.5896259836874163
0.18569533817705186,0.8449563725523621,0.8776042129644915,0.6098633643204714,0.18569533817705186,0.8577897499013074,0.8901144672713004,0.6098633643204714,0.18569533817705186,0.6826407201964172,0.8608305274971941,0.591616166769635
0.18569533817705186,0.8438431444486647,0.8696452200326614,0.6115500482999785,0.18569533817705186,0.8669623574762557,0.8931739333616094,0.6115500482999785,0.18569533817705186,0.7000090933891061,0.835016835016835,0.6016927874575169
0.18569533817705186,0.8418967733712633,0.8908351259851119,0.61345487145658,0.18569533817705186,0.8544225901586049,0.9064778646660081,0.61345487145658,0.18569533817705186,0.6980994816768209,0.8313692480359147,0.608738286194467
0.18569533817705186,0.8416638115025931,0.8924758150745294,0.61345487145658,0.18569533817705186,0.8557694540556858,0.9057038708579586,0.61345487145658,0.18569533817705186,0.6910975720651087,0.8448372615039281,0.608738286194467
0.18569533817705186,0.838947065755668,0.8899852566560928,0.6181065619210819,0.18569533817705186,0.8543297029932889,0.91577975907776,0.6181065619210819,0.18569533817705186,0.647722106028917,0.8082210998877666,0.6238527536057001
0.18569533817705186,0.8382679003014978,0.9118367717537341,0.6147096591359142,0.18569533817705186,0.8592527227550333,0.9242908337291136,0.6147096591359142,0.18569533817705186,0.6918250431935983,0.8319304152637486,0.6071396683022756
0.18569533817705186,0.8381558425985259,0.887795343084343,0.6227485529216348,0.18569533817705186,0.8594152752943363,0.9111189702771139,0.6227485529216348,0.18569533817705186,0.6675456942802582,0.8385241301907969,0.6058716725115951
0.18569533817705186,0.8378910880609327,0.8675114987923411,0.6271394204916585,0.18569533817705186,0.8509625432505864,0.8908913183165412,0.6271394204916585,0.18569533817705186,0.6640902064199327,0.8402076318742986,0.6219909560249961
0.18569533817705186,0.8375477551570029,0.8760393993960436,0.6230917240641416,0.18569533817705186,0.8512179829552051,0.8978909144936849,0.6230917240641416,0.18569533817705186,0.7060107301991452,0.8076599326599326,0.6075657138757418
0.18569533817705186,0.8371565921501248,0.8676042002656595,0.6271394204916585,0.18569533817705186,0.8502891113020459,0.894116504163947,0.6271394204916585,0.18569533817705186,0.675184141129399,0.8473625140291807,0.6220503642457776
0.18569533817705186,0.835148746507565,0.8559044489087894,0.6315677188907489,0.18569533817705186,0.8450874300443536,0.8792842684329896,0.6315677188907489,0.18569533817705186,0.6625443302718923,0.8371212121212122,0.6212133101853807
0.18569533817705186,0.8334955056083833,0.9266858334370405,0.6136245802408129,0.18569533817705186,0.8529828390962079,0.9431390750678752,0.6136245802408129,0.18569533817705186,0.7188324088387742,0.8571829405162739,0.6010178839381339
0.18569533817705186,0.8330070206074934,0.897043902401857,0.6244282156729316,0.18569533817705186,0.8497782318928082,0.9134971440326919,0.6244282156729316,0.18569533817705186,0.6886423570064563,0.827300785634119,0.6091207129859838
0.18569533817705186,0.831149530353077,0.9290443240030781,0.6136245802408129,0.18569533817705186,0.8507535471286255,0.9431390750678752,0.6136245802408129,0.18569533817705186,0.7185596071655906,0.8602693602693603,0.6010178839381339
0.18569533817705186,0.8303210753403943,0.8751923873042158,0.6268189703211055,0.18569533817705186,0.8537027146274063,0.8986283991598453,0.6268189703211055,0.18569533817705186,0.7051013912885332,0.8479236812570146,0.6209528482034993
0.18569533817705186,0.8291691541655908,0.9375188895125426,0.6126304633517126,0.18569533817705186,0.8461324106541579,0.9391033862705309,0.6126304633517126,0.18569533817705186,0.692188778757843,0.8402076318742985,0.5961164822094577
0.18569533817705186,0.8288129330931131,0.9298183178111277,0.6136245802408129,0.18569533817705186,0.8500104498060981,0.9431390750678752,0.6136245802408129,0.18569533817705186,0.7213785577884878,0.866442199775533,0.6010178839381339
0.18569533817705186,0.8282563936416597,0.8605287285675464,0.6315677188907489,0.18569533817705186,0.8448552121310637,0.8917018212664799,0.6315677188907489,0.18569533817705186,0.6790033645539693,0.8535353535353535,0.6264801711580812
0.18569533817705186,0.8275152266202591,0.9288589210564413,0.6181395076808354,0.18569533817705186,0.8455750876622623,0.9375188895125426,0.6181395076808354,0.18569533817705186,0.6792761662271528,0.8432940516273849,0.6021191992140894
0.18569533817705186,0.8272832595515075,0.9305923116191772,0.6136245802408129,0.18569533817705186,0.8526577340176021,0.9391595786019602,0.6136245802408129,0.18569533817705186,0.7170137310175503,0.8540965207631874,0.6013716075365361
0.18569533817705186,0.8271728298495448,0.9383490756520215,0.6156855114650812,0.18569533817705186,0.851357313703179,0.9407075662180593,0.6156855114650812,0.18569533817705186,0.6775484222969901,0.8679854096520763,0.6002161151910737
0.18569533817705186,0.8254945735910515,0.9010233988677722,0.6274295218092236,0.18569533817705186,0.8506606599633095,0.9251210198685925,0.6274295218092236,0.18569533817705186,0.6746385377830317,0.8479236812570146,0.6202802052308183
0.18569533817705186,0.8254403812223794,0.9368207712254627,0.6246760942049705,0.18569533817705186,0.8484313679957272,0.939989764741439,0.6246760942049705,0.18569533817705186,0.6906429026098027,0.8716329966329966,0.6177387072843161
0.18569533817705186,0.8247324283856171,0.9384052679834509,0.6246760942049705,0.18569533817705186,0.8482223718737664,0.939989764741439,0.6246760942049705,0.18569533817705186,0.6909157042829863,0.867003367003367,0.6177387072843161
0.18569533817705186,0.824588484177713,0.9118929640851634,0.6257524341577042,0.18569533817705186,0.8462252978194738,0.9470090441081229,0.6257524341577042,0.18569533817705186,0.7091934163862872,0.8731762065095399,0.6012475348092463
0.18569533817705186,0.8245376677552873,0.9430660567840969,0.6246760942049705,0.18569533817705186,0.8463414067761187,0.9383490756520215,0.6246760942049705,0.18569533817705186,0.6849140674729471,0.8700897867564534,0.6177387072843161
0.18569533817705186,0.8237485123690603,0.9079499767611375,0.6258456895765299,0.18569533817705186,0.8456215312449202,0.924347026060543,0.6258456895765299,0.18569533817705186,0.6810039101573157,0.8365600448933782,0.6110196476031752
0.18569533817705186,0.8226465164049609,0.8706804923083175,0.6315677188907489,0.18569533817705186,0.8454822004969463,0.9025713864838713,0.6315677188907489,0.18569533817705186,0.6758206783668274,0.8648989898989898,0.6264801711580812
0.18569533817705186,0.8224619643952701,0.9227990384444439,0.6257524341577042,0.18569533817705186,0.8450642082530246,0.9477830379161725,0.6257524341577042,0.18569533817705186,0.7081931435846139,0.8716329966329966,0.6012475348092463
0.18569533817705186,0.8203649975037471,0.9258950136766421,0.6257524341577042,0.18569533817705186,0.8394677565427398,0.9454807396815641,0.6257524341577042,0.18569533817705186,0.7118304992270619,0.8808922558922558,0.6012475348092463
0.18569533817705186,0.8199565736624345,0.9134409517012625,0.6274295218092236,0.18569533817705186,0.8465039593154216,0.9406710570761702,0.6274295218092236,0.18569533817705186,0.6661816859143402,0.8463804713804713,0.6202802052308183
0.18569533817705186,0.8196771185851875,0.907175982953088,0.6292334064613558,0.18569533817705186,0.8395374219167266,0.9369134726987811,0.6292334064613558,0.18569533817705186,0.694916795489679,0.8648989898989898,0.6153792209289883
0.18569533817705186,0.816194342269163,0.8823043681442181,0.6321902630968975,0.18569533817705186,0.8420918189629149,0.8955324239276472,0.6321902630968975,0.18569533817705186,0.6694553059925434,0.8540965207631874,0.6238137136995071
0.18569533817705186,0.8161757647358319,0.914214945509312,0.6317056077225152,0.18569533817705186,0.8412790562664004,0.9244229015815125,0.6317056077225152,0.18569533817705186,0.6924615804310267,0.8618125701459034,0.6156761532506043
0.18569533817705186,0.814249954878855,0.8846263495683667,0.6321481518881477,0.18569533817705186,0.8389568771335021,0.9017973926758217,0.6321481518881477,0.18569533817705186,0.6558152223333636,0.882996632996633,0.6253331064457939
0.18569533817705186,0.8115474705927775,0.9197424295913262,0.6292334064613558,0.18569533817705186,0.8426259201634814,0.9197986219227555,0.6292334064613558,0.18569533817705186,0.694462126034373,0.8654601571268238,0.6163493301880553
0.18569533817705186,0.8090161231457712,0.9329142930433258,0.6257524341577042,0.18569533817705186,0.833569421545178,0.9547658081409672,0.6257524341577042,0.18569533817705186,0.7285623351823225,0.8716329966329966,0.6012475348092463
0.18569533817705186,0.8042660238731094,0.9398970632681206,0.6257524341577042,0.18569533817705186,0.8299236003065277,0.9493310255322716,0.6257524341577042,0.18569533817705186,0.732472492497954,0.8602693602693603,0.6012475348092463
0.18569533817705186,0.8030654980259423,0.8908154427955717,0.6321481518881477,0.18569533817705186,0.8309685809163319,0.9056841876684183,0.6321481518881477,0.18569533817705186,0.63353641902337,0.882996632996633,0.6253331064457939
0.18569533817705186,0.797575677973614,0.8909278274584304,0.6321481518881477,0.18569533817705186,0.8274388686343265,0.9041558832418595,0.6321481518881477,0.18569533817705186,0.6584523051741384,0.882996632996633,0.6253331064457939
0.18569533817705186,0.7962604298493975,0.9375947650335122,0.629350637973574,0.18569533817705186,0.8282516313308409,0.9375947650335122,0.629350637973574,0.18569533817705186,0.7092843502773484,0.8627946127946128,0.6245659177990512
0.18569533817705186,0.7875636227340292,0.9040069894371116,0.632978647985295,0.18569533817705186,0.8107191788774586,0.9165172437439204,0.632978647985295,0.18569533817705186,0.6891879603528235,0.8489057239057238,0.6258767723626902
0.18569533817705186,0.7841602886592226,0.870587790834999,0.6335964371931333,0.18569533817705186,0.826556440563825,0.9010430820573124,0.6335964371931333,0.18569533817705186,0.7140129126125306,0.8442760942760943,0.6249744248755267
0.18569533817705186,0.7829782614832085,0.92676170895801,0.6318212813357444,0.18569533817705186,0.8202168915310127,0.9268179012894394,0.6318212813357444,0.18569533817705186,0.7201964172046922,0.8685465768799102,0.6160528324666039
0.18569533817705186,0.7748261688695552,0.9195935357865783,0.632978647985295,0.18569533817705186,0.8200775607830388,0.9321037900933872,0.632978647985295,0.18569533817705186,0.6705465126852778,0.8381032547699214,0.6249744248755267
0.18569533817705186,0.7623569562184832,0.9134409517012625,0.6330935234343322,0.18569533817705186,0.7903536678819404,0.9321037900933872,0.6330935234343322,0.18569533817705186,0.6786396289897245,0.8571829405162739,0.6253331064457939
0.18569533817705186,0.7490810432278998,0.9134774608431516,0.6340942182032892,0.18569533817705186,0.7938369365812878,0.9368572803673518,0.6340942182032892,0.18569533817705186,0.7035555151404929,0.8267396184062851,0.6220121054345928
0.18569533817705186,0.7469160622767633,0.913533653174581,0.6340942182032892,0.18569533817705186,0.7934189443373661,0.9337809883246939,0.6340942182032892,0.18569533817705186,0.7002818950622897,0.8303872053872053,0.6238463473339793
0.18569533817705186,0.7415793957225155,0.9143076469826306,0.6340942182032892,0.18569533817705186,0.7915379792397186,0.9291201995240478,0.6340942182032892,0.18569533817705186,0.7010093661907792,0.8242143658810326,0.6238463473339793
0.18569533817705186,0.7306109630314381,0.9414815600261088,0.6292334064613558,0.18569533817705186,0.7940227109119198,0.9547096158095378,0.6292334064613558,0.18569533817705186,0.7355642447940347,0.8494668911335578,0.6117490583503362
0.18569533817705186,0.7299907600710611,0.9492748332008423,0.6292334064613558,0.18569533817705186,0.7945103685298284,0.9492748332008423,0.6292334064613558,0.18569533817705186,0.73520050922979,0.8562008978675646,0.6117490583503362
0.18569533817705186,0.7245740851111955,0.939271963264819,0.6317056077225152,0.18569533817705186,0.7732392076724799,0.9361029697488426,0.6317056077225152,0.18569533817705186,0.6680003637355643,0.8525533108866442,0.6223258326242349
0.18257418583505536,0.8455513881463405,0.8713954365477463,0.6098633643204714,0.18257418583505536,0.8594617188769942,0.8853974861392249,0.6098633643204714,0.18257418583505536,0.6800036373556424,0.8577441077441077,0.591616166769635
0.18257418583505536,0.8453376415426357,0.8837596542869988,0.5976540115237857,0.18257418583505536,0.8563964424215684,0.909554156708666,0.5976540115237857,0.18257418583505536,0.721014822224243,0.8411896745230079,0.5896259836874163
0.18257418583505536,0.8450956984467576,0.8813646545790719,0.5992715772230515,0.18257418583505536,0.855514014351067,0.9087436537587272,0.5992715772230515,0.18257418583505536,0.7253796489951805,0.8319304152637486,0.5896259836874163
0.18257418583505536,0.8443065710884713,0.887758833942454,0.61345487145658,0.18257418583505536,0.8562338898822656,0.918157932833338,0.61345487145658,0.18257418583505536,0.6931890515595163,0.8571829405162739,0.608738286194467
0.18257418583505536,0.8428018380370208,0.8768330763936333,0.6153904245954801,0.18257418583505536,0.858323851101874,0.8830418528103785,0.6153904245954801,0.18257418583505536,0.6945530599254343,0.8230920314253647,0.6078596274766863
0.18257418583505536,0.842727144343249,0.8736078905462276,0.6183974988701681,0.18257418583505536,0.8577897499013074,0.8955521071171874,0.6183974988701681,0.18257418583505536,0.657361098481404,0.8489057239057238,0.6091207129859838
0.18257418583505536,0.8422958341910651,0.895495914785758,0.61345487145658,0.18257418583505536,0.8578826370666233,0.914214945509312,0.61345487145658,0.18257418583505536,0.7001000272801673,0.8427328843995511,0.608738286194467
0.18257418583505536,0.8410328442004648,0.8908154427955717,0.6226620914610427,0.18257418583505536,0.8595546060423102,0.9064581814764678,0.6226620914610427,0.18257418583505536,0.6974629444393926,0.8597081930415263,0.6084091603865605
0.18257418583505536,0.8390132094685724,0.8745476041113738,0.6230917240641416,0.18257418583505536,0.8502891113020459,0.8940406286429774,0.6230917240641416,0.18257418583505536,0.7039192507047377,0.8257575757575757,0.6075657138757418
0.18257418583505536,0.8360201467754907,0.8924758150745294,0.6153904245954801,0.18257418583505536,0.8533543877574716,0.9158556345987297,0.6153904245954801,0.18257418583505536,0.6905519687187415,0.8587261503928171,0.6078596274766863
0.18257418583505536,0.8358659333605227,0.8504696663000937,0.6315677188907489,0.18257418583505536,0.8480365975431344,0.8762079763903317,0.6315677188907489,0.18257418583505536,0.6667272892607075,0.8242143658810326,0.6212133101853807
0.18257418583505536,0.8356911782295052,0.9196665540703566,0.6126304633517126,0.18257418583505536,0.8576039755706755,0.9438203674026063,0.6126304633517126,0.18257418583505536,0.7081022096935528,0.8438552188552189,0.5985776970443194
0.18257418583505536,0.8350765453807835,0.9212145416864557,0.6126304633517126,0.18257418583505536,0.8578594152752943,0.9445943612106559,0.6126304633517126,0.18257418583505536,0.7122851686823679,0.8438552188552189,0.5985776970443194
0.18257418583505536,0.8349111259344362,0.9274795104346303,0.6156855114650812,0.18257418583505536,0.8578594152752943,0.9414253676946794,0.6156855114650812,0.18257418583505536,0.6929162498863326,0.8726150392817059,0.6002161151910737
0.18257418583505536,0.8329679939654998,0.9196665540703566,0.6205744442315837,0.18257418583505536,0.8535401620881035,0.9352531004198233,0.6205744442315837,0.18257418583505536,0.7231972356097117,0.8571829405162739,0.6050985809874379
0.18257418583505536,0.8320664570576013,0.9313101130957975,0.6126304633517126,0.18257418583505536,0.854190372245315,0.9484446470613633,0.6126304633517126,0.18257418583505536,0.7151041193052651,0.8423120089786756,0.5985776970443194
0.18257418583505536,0.8293814030022238,0.9297818086692387,0.6156855114650812,0.18257418583505536,0.8514037572858371,0.937575081843972,0.6156855114650812,0.18257418583505536,0.675184141129399,0.858726150392817,0.6002161151910737
0.18257418583505536,0.8291703939220313,0.8774946855388241,0.6268189703211055,0.18257418583505536,0.8537491582100644,0.9009306973944536,0.6268189703211055,0.18257418583505536,0.7006456306265345,0.8550785634118967,0.6209528482034993
0.18257418583505536,0.8282825099999084,0.9328581007118966,0.6156855114650812,0.18257418583505536,0.8502891113020459,0.9399335724100097,0.6156855114650812,0.18257418583505536,0.6764572156042558,0.8556397306397306,0.6002161151910737
0.18257418583505536,0.8256387933942397,0.9335759021885167,0.6181395076808354,0.18257418583505536,0.8438102315212596,0.9461788579686441,0.6181395076808354,0.18257418583505536,0.6516322633445485,0.8448372615039281,0.6021191992140894
0.18257418583505536,0.8251684532981406,0.9111189702771139,0.6257524341577042,0.18257418583505536,0.845969858114855,0.9422920629760474,0.6257524341577042,0.18257418583505536,0.7058288624170228,0.8731762065095399,0.6012475348092463
0.18257418583505536,0.8250776154338029,0.9204602310679464,0.6257524341577042,0.18257418583505536,0.8452035390009985,0.9361029697488426,0.6257524341577042,0.18257418583505536,0.7058288624170228,0.8731762065095399,0.6012475348092463
0.18257418583505536,0.8237873729167101,0.924347026060543,0.6257524341577042,0.18257418583505536,0.8460859670714999,0.9493675346741607,0.6257524341577042,0.18257418583505536,0.7089206147131035,0.8778058361391694,0.6012475348092463
0.18257418583505536,0.8232858564592256,0.9258950136766421,0.6257524341577042,0.18257418583505536,0.8455286440796043,0.9454807396815641,0.6257524341577042,0.18257418583505536,0.7083750113667364,0.8685465768799102,0.6012475348092463
0.18257418583505536,0.8200666750151536,0.8829294681475198,0.6317642821516829,0.18257418583505536,0.8424865894155075,0.8978544053517957,0.6317642821516829,0.18257418583505536,0.6874602164226608,0.8294051627384961,0.6229470197628555
0.18257418583505536,0.8116813931609613,0.9159483360720482,0.6292334064613558,0.18257418583505536,0.8430903559900611,0.924515603054831,0.6292334064613558,0.18257418583505536,0.6942802582522506,0.8608305274971941,0.6163493301880553
0.18257418583505536,0.8110846961209145,0.9313297962853377,0.6257524341577042,0.18257418583505536,0.8343125188677054,0.9493310255322716,0.6257524341577042,0.18257418583505536,0.7286532690733837,0.8716329966329966,0.6012475348092463
0.18257418583505536,0.8074541161879617,0.9305558024772882,0.6292334064613558,0.18257418583505536,0.8342892970763764,0.9344987898013141,0.6292334064613558,0.18257418583505536,0.6712739838137673,0.8417508417508417,0.6131718928621018
0.18257418583505536,0.8065907629337504,0.8752850887775343,0.6335964371931333,0.18257418583505536,0.8255579035366788,0.8925123242164186,0.6335964371931333,0.18257418583505536,0.6726379921796853,0.8215488215488216,0.6237980741983999
0.18257418583505536,0.8017442152941454,0.885380660186876,0.6321902630968975,0.18257418583505536,0.8283212967048278,0.8884569522295339,0.6321902630968975,0.18257418583505536,0.7053741929617169,0.8540965207631874,0.6238137136995071
0.18257418583505536,0.7997568487079104,0.893947927169659,0.632978647985295,0.18257418583505536,0.8398625269953324,0.9259512060080713,0.632978647985295,0.18257418583505536,0.6899154314813131,0.8639169472502806,0.6229470197628555
0.18257418583505536,0.7981251241292218,0.9298014918587788,0.629350637973574,0.18257418583505536,0.8302022618024755,0.93995325559955,0.629350637973574,0.18257418583505536,0.7075566063471856,0.8550785634118967,0.6245659177990512
0.18257418583505536,0.7937348798859151,0.9423482553074768,0.6257524341577042,0.18257418583505536,0.8320367833174651,0.9461985411581842,0.6257524341577042,0.18257418583505536,0.6797308356824588,0.8504489337822672,0.5997354562597828
0.18257418583505536,0.7923512137925849,0.948557031724222,0.6156855114650812,0.18257418583505536,0.8360541532173792,0.9516333237668799,0.6156855114650812,0.18257418583505536,0.7006456306265345,0.8648989898989898,0.5986961892827298
0.18257418583505536,0.7913985021653542,0.9431222491155263,0.6257524341577042,0.18257418583505536,0.8352181687295358,0.9461985411581842,0.6257524341577042,0.18257418583505536,0.6960989360734746,0.8535353535353535,0.5997354562597828
0.18257418583505536,0.7815055627552807,0.9072321752845174,0.632327686424611,0.18257418583505536,0.8206581055662634,0.9166099452172389,0.632327686424611,0.18257418583505536,0.6725470582886242,0.8463804713804713,0.6156761532506043
0.18257418583505536,0.7773553045664995,0.9283096965741091,0.6318212813357444,0.18257418583505536,0.8208903234795533,0.9384614603148802,0.6318212813357444,0.18257418583505536,0.7183777393834683,0.867003367003367,0.6160528324666039
0.18257418583505536,0.7770037037272522,0.9118929640851634,0.632978647985295,0.18257418583505536,0.8112997236606831,0.9376312741754014,0.632978647985295,0.18257418583505536,0.6937346549058834,0.8174803591470258,0.6216002414868085
0.18257418583505536,0.7669414790115416,0.9455172488234532,0.6238179082134508,0.18257418583505536,0.8012214662239046,0.9408564600228071,0.6238179082134508,0.18257418583505536,0.6964626716377194,0.8402076318742985,0.6007415136842668
0.18257418583505536,0.7625578576554118,0.9134409517012625,0.6330935234343322,0.18257418583505536,0.7904929986299143,0.9375385727020829,0.6330935234343322,0.18257418583505536,0.6802764390288261,0.8571829405162739,0.6253331064457939
0.18257418583505536,0.7545985021315671,0.9119491564165928,0.6340942182032892,0.18257418583505536,0.7908181037085201,0.9337809883246939,0.6340942182032892,0.18257418583505536,0.6963717377466582,0.8359988776655444,0.6290284627412169
0.18257418583505536,0.7545922760125244,0.9423482553074768,0.6280715783408508,0.18257418583505536,0.789587348768084,0.9454807396815641,0.6280715783408508,0.18257418583505536,0.7127398381376739,0.8519921436588103,0.6113430481224704
0.1796053020267749,0.8504078773348657,0.8721160952615579,0.61345487145658,0.1796053020267749,0.8627359914543808,0.9009306973944536,0.61345487145658,0.1796053020267749,0.6985541511321269,0.8344556677890012,0.6069006018084607
0.1796053020267749,0.8499238745008032,0.8838129893812368,0.6086923689203023,0.1796053020267749,0.862317999210459,0.8948314484033759,0.6086923689203023,0.1796053020267749,0.6728198599618078,0.8691077441077442,0.5965109883768985
0.1796053020267749,0.8465489167577229,0.8892309460375835,0.6226620914610427,0.1796053020267749,0.866590808814992,0.9064581814764678,0.6226620914610427,0.1796053020267749,0.7024643084477585,0.8597081930415263,0.6084091603865605
0.1796053020267749,0.8429216502648694,0.8954397224543287,0.6226620914610427,0.1796053020267749,0.8647330655086733,0.9133847593698332,0.6226620914610427,0.1796053020267749,0.7067382013276348,0.840628507295174,0.6084091603865605
0.1796053020267749,0.8426441821766378,0.8682658094108504,0.6294612825034878,0.1796053020267749,0.8563499988389104,0.8900611321770624,0.6294612825034878,0.1796053020267749,0.6885514231153951,0.8381032547699214,0.6227686935798081
0.1796053020267749,0.8421255963961812,0.9025151941524419,0.61345487145658,0.1796053020267749,0.858347072893203,0.9072883676159467,0.61345487145658,0.1796053020267749,0.6851868691461308,0.8448372615039281,0.608738286194467
0.1796053020267749,0.8417857983914757,0.9048736847184796,0.61345487145658,0.1796053020267749,0.8576736409446625,0.9157994422673003,0.61345487145658,0.1796053020267749,0.7007365645175957,0.8411896745230079,0.608738286194467
0.1796053020267749,0.840301865604228,0.8689836108874706,0.6294612825034878,0.1796053020267749,0.8549566913591714,0.8845701572369373,0.6294612825034878,0.1796053020267749,0.6862780758388651,0.8221099887766554,0.6227686935798081
0.1796053020267749,0.8387277060385361,0.9211780325445665,0.6181395076808354,0.1796053020267749,0.8612033532266679,0.9384052679834509,0.6181395076808354,0.1796053020267749,0.6869146130762935,0.8359988776655443,0.6021191992140894
0.1796053020267749,0.8386649116261372,0.9032891879604914,0.6187529458603783,0.1796053020267749,0.8563732206302395,0.9142514546512012,0.6187529458603783,0.1796053020267749,0.6850959352550695,0.8695286195286195,0.612586907771224
0.1796053020267749,0.8379004133023157,0.8892871383690129,0.6246084925476743,0.1796053020267749,0.8534008313401296,0.9127231502246423,0.6246084925476743,0.1796053020267749,0.6675456942802582,0.8648989898989898,0.6083843550149177
0.1796053020267749,0.8342490350248818,0.9289516225297597,0.6126304633517126,0.1796053020267749,0.8558623412210018,0.9516136405773397,0.6126304633517126,0.1796053020267749,0.7169227971264891,0.8423120089786756,0.5985776970443194
0.1796053020267749,0.8338935032093758,0.9313101130957975,0.6126304633517126,0.1796053020267749,0.8566054385435292,0.9508396467692901,0.6126304633517126,0.1796053020267749,0.7094662180594707,0.8257575757575757,0.5985776970443194
0.1796053020267749,0.8329676278361281,0.9321402992352763,0.6156855114650812,0.1796053020267749,0.8573485358660567,0.937575081843972,0.6156855114650812,0.1796053020267749,0.6937346549058834,0.8726150392817059,0.6002161151910737
0.1796053020267749,0.8308235690131444,0.9336320945199461,0.6156855114650812,0.1796053020267749,0.8543297029932889,0.9407075662180593,0.6156855114650812,0.1796053020267749,0.6765481494953169,0.8679854096520763,0.6002161151910737
0.1796053020267749,0.8307682932301881,0.8799655607677206,0.6271001163313284,0.1796053020267749,0.8470845040986462,0.8948343056405672,0.6271001163313284,0.1796053020267749,0.7011003000818405,0.84006734006734,0.6219909560249961
0.1796053020267749,0.829395512651459,0.8861743371844658,0.6271001163313284,0.1796053020267749,0.8467593990200404,0.9034015726233502,0.6271001163313284,0.1796053020267749,0.7009184322997181,0.8566217732884399,0.6219909560249961
0.1796053020267749,0.827924352081553,0.9320279145724176,0.6181395076808354,0.1796053020267749,0.8531686134268397,0.9414618768365686,0.6181395076808354,0.1796053020267749,0.6482677093752842,0.8386644219977553,0.6021191992140894
0.1796053020267749,0.8275816145985856,0.8899684307037439,0.6259682427731117,0.1796053020267749,0.847386387385923,0.9087801629006165,0.6259682427731117,0.1796053020267749,0.669728107665727,0.8417508417508417,0.6242057651064369
0.1796053020267749,0.8271296871700958,0.9064019891450384,0.6257524341577042,0.1796053020267749,0.847316722011936,0.9438765597340356,0.6257524341577042,0.1796053020267749,0.7095571519505319,0.8731762065095399,0.6012475348092463
0.1796053020267749,0.8261343130242723,0.8636977220835228,0.6315677188907489,0.1796053020267749,0.8476418270905418,0.87851027462494,0.6315677188907489,0.1796053020267749,0.6619077930344639,0.8355780022446689,0.6212472532678088
0.1796053020267749,0.8259766773593644,0.9352727836093636,0.6246760942049705,0.1796053020267749,0.8479437103778186,0.9344987898013141,0.6246760942049705,0.1796053020267749,0.6917341093025371,0.874719416386083,0.6177387072843161
0.1796053020267749,0.8253380265620716,0.8854368525183054,0.629324935375166,0.1796053020267749,0.8464342939414347,0.9088728643739349,0.629324935375166,0.1796053020267749,0.703646449031554,0.8319304152637486,0.6223750353275236
0.1796053020267749,0.8211591040832701,0.8805709775814821,0.6317642821516829,0.1796053020267749,0.8425330329981655,0.8978544053517957,0.6317642821516829,0.1796053020267749,0.6879148858779667,0.8294051627384961,0.6229470197628555
0.1796053020267749,0.8210271366367171,0.9266690074846915,0.6280715783408508,0.1796053020267749,0.8429045816594292,0.93995325559955,0.6280715783408508,0.1796053020267749,0.6517231972356097,0.8494668911335578,0.61388722807366
0.1796053020267749,0.8167747224404561,0.8846628587102559,0.6321481518881477,0.1796053020267749,0.8425794765808234,0.9088166720425055,0.6321481518881477,0.1796053020267749,0.6569973629171593,0.8783670033670034,0.6253331064457939
0.1796053020267749,0.8160807509387134,0.9328777839014367,0.6257524341577042,0.1796053020267749,0.836309592921998,0.948557031724222,0.6257524341577042,0.1796053020267749,0.7189233427298354,0.8716329966329966,0.6012475348092463
0.1796053020267749,0.8150675087120054,0.8916456289350506,0.6321481518881477,0.1796053020267749,0.8378654529410399,0.9119491564165928,0.6321481518881477,0.1796053020267749,0.6592707101936892,0.882996632996633,0.6253331064457939
0.1796053020267749,0.8059070710823589,0.9336882868513754,0.6257524341577042,0.1796053020267749,0.8339874137890997,0.9539918143329177,0.6257524341577042,0.1796053020267749,0.7247431117577521,0.8845398428731762,0.602483174356279
0.1796053020267749,0.8053015738832793,0.9345549821327435,0.6257524341577042,0.1796053020267749,0.837795787567053,0.9469725349662338,0.6257524341577042,0.1796053020267749,0.6705465126852778,0.8778058361391694,0.6032131106192249
0.1796053020267749,0.8024965954882909,0.939989764741439,0.6257524341577042,0.1796053020267749,0.8383995541416065,0.9376312741754014,0.6257524341577042,0.1796053020267749,0.7066472674365736,0.8747194163860831,0.6038923761867799
0.1796053020267749,0.802216821813988,0.8799093684362912,0.632978647985295,0.1796053020267749,0.8360541532173792,0.9165734360753498,0.632978647985295,0.1796053020267749,0.6720014549422569,0.8747194163860831,0.6216002414868085
0.1796053020267749,0.7984490580891892,0.9431222491155263,0.6257524341577042,0.1796053020267749,0.8393284257947659,0.9461985411581842,0.6257524341577042,0.1796053020267749,0.6999181594980449,0.8778058361391694,0.6038923761867799
0.1796053020267749,0.7983995595942819,0.9321037900933872,0.629350637973574,0.1796053020267749,0.8298307131412117,0.93995325559955,0.629350637973574,0.1796053020267749,0.7092843502773484,0.8519921436588103,0.6245659177990512
0.1796053020267749,0.7980435782566824,0.9321599824248166,0.629350637973574,0.1796053020267749,0.8299932656805146,0.93995325559955,0.629350637973574,0.1796053020267749,0.70637446576339,0.8535353535353535,0.6245659177990512
0.1796053020267749,0.7978757997792044,0.9344622806594249,0.6283858548452188,0.1796053020267749,0.8328031024313216,0.93995325559955,0.6283858548452188,0.1796053020267749,0.7061016640902065,0.8365600448933782,0.6245659177990512
0.1796053020267749,0.7963860473932357,0.9375947650335122,0.629350637973574,0.1796053020267749,0.8301558182198174,0.93995325559955,0.629350637973574,0.1796053020267749,0.7073747385650632,0.8550785634118967,0.6245659177990512
0.1796053020267749,0.7948767110021078,0.8892871383690129,0.6332464329384464,0.1796053020267749,0.8310150244989899,0.9259512060080713,0.6332464329384464,0.1796053020267749,0.656451759570792,0.8571829405162739,0.6238695015591047
0.1796053020267749,0.7781466990396292,0.9095344735191258,0.632978647985295,0.1796053020267749,0.8139934514548453,0.939989764741439,0.632978647985295,0.1796053020267749,0.692643448213149,0.8288439955106621,0.6216002414868085
0.1796053020267749,0.7681950192859874,0.9196862372598968,0.632978647985295,0.1796053020267749,0.8114158326173281,0.9422920629760474,0.632978647985295,0.1796053020267749,0.6933709193416386,0.8288439955106621,0.6216002414868085
0.1796053020267749,0.7680311608039587,0.9017973926758217,0.6330935234343322,0.1796053020267749,0.7959501195922254,0.9298014918587788,0.6330935234343322,0.1796053020267749,0.7168318632354278,0.8473625140291807,0.6253331064457939
0.1796053020267749,0.7653431907677161,0.9025151941524419,0.6330935234343322,0.1796053020267749,0.7913754267004157,0.9266690074846915,0.6330935234343322,0.1796053020267749,0.6690006365372374,0.8556397306397306,0.6253331064457939
0.1796053020267749,0.7648398332200851,0.9430660567840969,0.6292334064613558,0.1796053020267749,0.8084666651185473,0.9415180691679979,0.6292334064613558,0.1796053020267749,0.7111030280985723,0.8639169472502806,0.6117490583503362
0.1796053020267749,0.7639395237056176,0.9462912426315028,0.6238179082134508,0.1796053020267749,0.8011982444325755,0.9384979694567693,0.6238179082134508,0.1796053020267749,0.6951895971628625,0.8448372615039281,0.6007415136842668
0.1796053020267749,0.7508042383344947,0.9447067458735146,0.6280715783408508,0.1796053020267749,0.7891925783154913,0.9454807396815641,0.6280715783408508,0.1796053020267749,0.7136491770482859,0.8504489337822672,0.6113430481224704
0.1796053020267749,0.7455131105798549,0.9321037900933872,0.631683479122612,0.1796053020267749,0.7805076283584516,0.9375385727020829,0.631683479122612,0.1796053020267749,0.6680003637355643,0.8685465768799102,0.6239325874038533
0.1796053020267749,0.7347681444286996,0.945444230539675,0.6282711165844588,0.1796053020267749,0.7941852634512226,0.9423117461655877,0.6282711165844588,0.1796053020267749,0.707738474129308,0.8685465768799102,0.6039334121726294
0.1767766952966369,0.8506841232513098,0.8838129893812368,0.6086923689203023,0.1767766952966369,0.862387664584446,0.8948314484033759,0.6086923689203023,0.1767766952966369,0.6730926616349914,0.8691077441077442,0.5965109883768985
0.1767766952966369,0.8506786717016827,0.8744183934961662,0.61345487145658,0.1767766952966369,0.8627824350370388,0.9040069894371116,0.61345487145658,0.1767766952966369,0.6995544239338001,0.8597081930415263,0.6069006018084607
0.1767766952966369,0.8463782731336171,0.8471882881212587,0.6304204968767652,0.1767766952966369,0.8591598355897174,0.887795343084343,0.6304204968767652,0.1767766952966369,0.6993725561516777,0.8747194163860831,0.6207173045430678
0.1767766952966369,0.844876674911335,0.8908351259851119,0.61345487145658,0.1767766952966369,0.8594384970856652,0.910420851990034,0.61345487145658,0.1767766952966369,0.6803673729198872,0.8355780022446688,0.608738286194467
0.1767766952966369,0.8441265618320327,0.9017412003443923,0.6153904245954801,0.1767766952966369,0.8564428860042264,0.9133847593698332,0.6153904245954801,0.1767766952966369,0.711375829771756,0.8442760942760943,0.6078596274766863
0.1767766952966369,0.8435941569714563,0.8674356232713715,0.622810115784346,0.1767766952966369,0.85567656689037,0.8745110949694848,0.622810115784346,0.1767766952966369,0.692643448213149,0.8324915824915824,0.6053451582712271
0.1767766952966369,0.841761411702711,0.9008745050630244,0.6238579072801601,0.1767766952966369,0.8695631981051019,0.9275357027660596,0.6238579072801601,0.1767766952966369,0.6948258615986178,0.8793490460157127,0.6088213202681194
0.1767766952966369,0.8400318412762827,0.9281608027693613,0.6203152970620305,0.1767766952966369,0.8591598355897174,0.9391792617915005,0.6203152970620305,0.1767766952966369,0.7170137310175503,0.8571829405162739,0.6153792209289883
0.1767766952966369,0.8333896336335042,0.932120616045736,0.6136245802408129,0.1767766952966369,0.8549799131505005,0.9431390750678752,0.6136245802408129,0.1767766952966369,0.7099208875147768,0.8556397306397306,0.6010178839381339
0.1767766952966369,0.8316658711338873,0.9336320945199461,0.6156855114650812,0.1767766952966369,0.8546780298632236,0.9430660567840969,0.6156855114650812,0.1767766952966369,0.6785486950986632,0.858726150392817,0.6002161151910737
0.1767766952966369,0.8300844417347185,0.8878150262738833,0.6271001163313284,0.1767766952966369,0.8525416250609572,0.9019097773386804,0.6271001163313284,0.1767766952966369,0.6854596708193144,0.8452581369248036,0.6219909560249961
0.1767766952966369,0.8280817877114327,0.9320279145724176,0.6181395076808354,0.1767766952966369,0.8537027146274063,0.9414618768365686,0.6181395076808354,0.1767766952966369,0.6470855687914886,0.8371212121212122,0.6021191992140894
0.1767766952966369,0.8274612055675745,0.9313297962853377,0.6246760942049705,0.1767766952966369,0.8552817964377772,0.9392157709333895,0.6246760942049705,0.1767766952966369,0.6700918432299718,0.8731762065095399,0.6177387072843161
0.1767766952966369,0.8263581568279533,0.9102157658538568,0.6301225142400727,0.1767766952966369,0.8374010171144602,0.9165172437439204,0.6301225142400727,0.1767766952966369,0.7303810130035464,0.8226711560044894,0.6237980741983999
0.1767766952966369,0.8255089685877586,0.9111189702771139,0.6257524341577042,0.1767766952966369,0.8506374381719806,0.9430660567840969,0.6257524341577042,0.1767766952966369,0.7051013912885332,0.8716329966329966,0.6012475348092463
0.1767766952966369,0.8254092478627658,0.9173277466938591,0.6257524341577042,0.1767766952966369,0.8494531268142025,0.9446505535420852,0.6257524341577042,0.1767766952966369,0.7031008456851868,0.8685465768799102,0.6012475348092463
0.1767766952966369,0.8249604716194755,0.9234803307791749,0.6257524341577042,0.1767766952966369,0.8472238348466201,0.9360467774174132,0.6257524341577042,0.1767766952966369,0.7058288624170228,0.8700897867564534,0.60359263399869
0.1767766952966369,0.8177006740650601,0.9274795104346303,0.6257524341577042,0.1767766952966369,0.8507071035459676,0.9470090441081229,0.6257524341577042,0.1767766952966369,0.7203782849868146,0.8808922558922558,0.6012475348092463
0.1767766952966369,0.8171523914145364,0.9344622806594249,0.6257524341577042,0.1767766952966369,0.8386085502635673,0.9462547334896136,0.6257524341577042,0.1767766952966369,0.7159225243248158,0.867003367003367,0.6012475348092463
0.1767766952966369,0.8155518633927082,0.9180090390285902,0.6302848548881448,0.1767766952966369,0.8435547918166407,0.9298014918587788,0.6302848548881448,0.1767766952966369,0.7061925979812677,0.8731762065095399,0.6202802052308183
0.1767766952966369,0.8083495272630926,0.8651895173681925,0.6335964371931333,0.1767766952966369,0.8327334370573346,0.8925123242164186,0.6335964371931333,0.1767766952966369,0.6631808675093207,0.8215488215488216,0.6249744248755267
0.1767766952966369,0.8050949127429546,0.9376312741754014,0.6257524341577042,0.1767766952966369,0.8375867914450921,0.9454245473501347,0.6257524341577042,0.1767766952966369,0.670637446576339,0.8716329966329966,0.6032131106192249
0.1767766952966369,0.7996550706552897,0.9407637585494886,0.6257524341577042,0.1767766952966369,0.8378190093583819,0.9407637585494886,0.6257524341577042,0.1767766952966369,0.6980994816768209,0.8778058361391694,0.6038923761867799
0.1767766952966369,0.7986469119291154,0.9431222491155263,0.6257524341577042,0.1767766952966369,0.83900332071616,0.9461985411581842,0.6257524341577042,0.1767766952966369,0.7009184322997181,0.8778058361391694,0.6038923761867799
0.1767766952966369,0.7964860919369282,0.935328975940793,0.6292334064613558,0.1767766952966369,0.829435942688619,0.9547658081409672,0.6292334064613558,0.1767766952966369,0.7139219787214695,0.8778058361391694,0.6131718928621018
0.1767766952966369,0.7850975746294214,0.9095344735191258,0.632978647985295,0.1767766952966369,0.8206116619836055,0.939989764741439,0.632978647985295,0.1767766952966369,0.6983722833500046,0.8288439955106621,0.6216002414868085
0.1767766952966369,0.7761302929729146,0.9454245473501347,0.6257524341577042,0.1767766952966369,0.8123447042704874,0.948557031724222,0.6257524341577042,0.1767766952966369,0.7147403837410202,0.8845398428731762,0.6012475348092463
0.1767766952966369,0.7719580422958057,0.9016484988710738,0.633239783368553,0.1767766952966369,0.8208438798968952,0.9164048590810617,0.633239783368553,0.1767766952966369,0.6774574884059289,0.8504489337822672,0.6268930616369085
0.1767766952966369,0.7560185616226756,0.9157432499358709,0.6330935234343322,0.1767766952966369,0.8041241901400275,0.9391230694600711,0.6330935234343322,0.1767766952966369,0.7118304992270619,0.8381032547699214,0.6253331064457939
0.1767766952966369,0.7507832028659576,0.9438400505921465,0.6292334064613558,0.1767766952966369,0.8077467895873488,0.9524073175749295,0.6292334064613558,0.1767766952966369,0.7111030280985723,0.8654601571268238,0.6117490583503362
0.1767766952966369,0.7489104048254377,0.9321037900933872,0.631683479122612,0.1767766952966369,0.7824582588300861,0.9351800821360451,0.631683479122612,0.1767766952966369,0.6643630080931163,0.8731762065095399,0.6239325874038533
0.1767766952966369,0.7468552327381827,0.9454610564920238,0.6263626080944955,0.1767766952966369,0.7976220885679122,0.9477633547266322,0.6263626080944955,0.1767766952966369,0.7121033009002455,0.8768237934904601,0.6062471176381374
0.17407765595569785,0.8512181294671546,0.8681169156061026,0.5995012949386336,0.17407765595569785,0.8674035715115064,0.8830221696208382,0.5995012949386336,0.17407765595569785,0.664181140310994,0.8205667789001122,0.5938007413716377
0.17407765595569785,0.8507050532119282,0.8798531761048619,0.61345487145658,0.17407765595569785,0.8631307619069735,0.9048174923870502,0.61345487145658,0.17407765595569785,0.699008820587433,0.8550785634118967,0.6069006018084607
0.17407765595569785,0.8480823421271343,0.886945473755324,0.6086923689203023,0.17407765595569785,0.8644079604300676,0.8940209454534372,0.6086923689203023,0.17407765595569785,0.6750932072383378,0.8675645342312008,0.5965109883768985
0.17407765595569785,0.8468448652413545,0.8861546539949255,0.6153904245954801,0.17407765595569785,0.8591598355897174,0.9110262688037954,0.6153904245954801,0.17407765595569785,0.693552787123761,0.8396464646464646,0.6078596274766863
0.17407765595569785,0.8414181035248,0.907175982953088,0.6113620740692819,0.17407765595569785,0.866660474188979,0.9235365231106043,0.6113620740692819,0.17407765595569785,0.7166499954533054,0.8369809203142536,0.5973463460161672
0.17407765595569785,0.8401047818031736,0.930519293335399,0.6203152970620305,0.17407765595569785,0.8600654854515477,0.9360467774174132,0.6203152970620305,0.17407765595569785,0.7181958716013458,0.8602693602693603,0.6153792209289883
0.17407765595569785,0.8392765320471627,0.9055914861950998,0.6238579072801601,0.17407765595569785,0.8698186378097207,0.9235365231106043,0.6238579072801601,0.17407765595569785,0.6975538783304538,0.8618125701459034,0.6088213202681194
0.17407765595569785,0.829574607889879,0.9298380010006679,0.6246760942049705,0.17407765595569785,0.8553050182291062,0.9259877151499605,0.6246760942049705,0.17407765595569785,0.6718195871601346,0.8778058361391694,0.6177387072843161
0.17407765595569785,0.8285089062659049,0.9305558024772882,0.6246760942049705,0.17407765595569785,0.8548870259851845,0.9337809883246939,0.6246760942049705,0.17407765595569785,0.6639992725288715,0.8731762065095399,0.6177387072843161
0.17407765595569785,0.8279561649459507,0.9024590018210126,0.6257524341577042,0.17407765595569785,0.8488493602396489,0.9329704853747552,0.6257524341577042,0.17407765595569785,0.7054651268527781,0.8731762065095399,0.60359263399869
0.17407765595569785,0.8267002174169585,0.9172715543624297,0.6257524341577042,0.17407765595569785,0.8489190256136359,0.9336882868513754,0.6257524341577042,0.17407765595569785,0.703646449031554,0.8716329966329966,0.60359263399869
0.17407765595569785,0.8200724777203212,0.9274795104346303,0.6257524341577042,0.17407765595569785,0.8516824187817849,0.9477830379161725,0.6257524341577042,0.17407765595569785,0.7281076657270165,0.8808922558922558,0.6012475348092463
0.17407765595569785,0.8182552688381701,0.8768695855355224,0.6321481518881477,0.17407765595569785,0.8436244571906277,0.9010233988677722,0.6321481518881477,0.17407765595569785,0.6601800491043012,0.8783670033670034,0.6253331064457939
0.17407765595569785,0.8135218349789805,0.8572838595306004,0.6326536588164793,0.17407765595569785,0.8409539511877946,0.8737005920195461,0.6326536588164793,0.17407765595569785,0.6740020005456033,0.8427328843995511,0.6249744248755267
0.17407765595569785,0.8130124428237692,0.927443001292741,0.6292334064613558,0.17407765595569785,0.8397231962473585,0.9305754856668284,0.6292334064613558,0.17407765595569785,0.6253523688278622,0.8571829405162739,0.6131718928621018
0.17407765595569785,0.8070688699177357,0.8830418528103785,0.632978647985295,0.17407765595569785,0.83763323502775,0.8940603118325177,0.632978647985295,0.17407765595569785,0.6960989360734746,0.851010101010101,0.6229470197628555
0.17407765595569785,0.8003614423322588,0.9322526838981351,0.6317056077225152,0.17407765595569785,0.8323851101873998,0.9415939446889675,0.6317056077225152,0.17407765595569785,0.7011912339729017,0.8700897867564534,0.6156761532506043
0.17407765595569785,0.7986704653817615,0.9431222491155263,0.6257524341577042,0.17407765595569785,0.8384459977242644,0.9461985411581842,0.6257524341577042,0.17407765595569785,0.6974629444393926,0.8618125701459034,0.6038923761867799
0.17407765595569785,0.7985315407860442,0.8760590825855838,0.6335964371931333,0.17407765595569785,0.8325012191440447,0.891738330408369,0.6335964371931333,0.17407765595569785,0.673820132763481,0.8261784511784511,0.6249744248755267
0.17407765595569785,0.7875911808034685,0.9095344735191258,0.632978647985295,0.17407765595569785,0.8201007825743678,0.9447067458735146,0.632978647985295,0.17407765595569785,0.6992816222606165,0.8288439955106621,0.6216002414868085
0.17407765595569785,0.7870208828583204,0.9017973926758217,0.6330935234343322,0.17407765595569785,0.8216334208020807,0.9220447278259346,0.6330935234343322,0.17407765595569785,0.7155587887605711,0.8411896745230079,0.6253331064457939
0.17149858514250885,0.8525033849305451,0.8643593312287136,0.600986579278556,0.17149858514250885,0.865151057752595,0.8768133932040931,0.600986579278556,0.17149858514250885,0.6593616440847504,0.8138327721661055,0.5926531953166085
0.17149858514250885,0.8522899947040247,0.8713224182639681,0.600986579278556,0.17149858514250885,0.8645240693867124,0.8846066663788265,0.600986579278556,0.17149858514250885,0.6593616440847504,0.8205667789001122,0.5926531953166085
0.17149858514250885,0.8512937540724982,0.8774946855388241,0.5995012949386336,0.17149858514250885,0.8670552446415717,0.885380660186876,0.5995012949386336,0.17149858514250885,0.6630899336182595,0.8205667789001122,0.5938007413716377
0.17149858514250885,0.8500977507831083,0.8751923873042158,0.6181289308103431,0.17149858514250885,0.8697721942270626,0.8915894366036212,0.6181289308103431,0.17149858514250885,0.6709102482495226,0.8298260381593715,0.6209166024617162
0.17149858514250885,0.8496988111361565,0.8643228220868244,0.6220627805358918,0.17149858514250885,0.8697489724357337,0.8846263495683667,0.6220627805358918,0.17149858514250885,0.6627261980540148,0.8251964085297419,0.6209166024617162
0.17149858514250885,0.8491255711019248,0.8915894366036212,0.6153904245954801,0.17149858514250885,0.8632933144462764,0.9164610514124911,0.6153904245954801,0.17149858514250885,0.7031008456851868,0.8396464646464646,0.6078596274766863
0.17149858514250885,0.8401899538001248,0.9032329956290621,0.6153904245954801,0.17149858514250885,0.8618071198012215,0.9164610514124911,0.6153904245954801,0.17149858514250885,0.6970082749840866,0.8458193041526375,0.6107444953013568
0.17149858514250885,0.8384890483548167,0.9110262688037954,0.6238579072801601,0.17149858514250885,0.8703295172189582,0.9219885354945052,0.6238579072801601,0.17149858514250885,0.6930071837773938,0.8602693602693603,0.6088213202681194
0.17149858514250885,0.8383854382731372,0.9328777839014367,0.6203152970620305,0.17149858514250885,0.8599261547035738,0.9384052679834509,0.6203152970620305,0.17149858514250885,0.7174684004728562,0.858726150392817,0.6153792209289883
0.17149858514250885,0.8365294248992177,0.8861181448530364,0.6278025544289487,0.17149858514250885,0.855490792559738,0.9197059204494371,0.6278025544289487,0.17149858514250885,0.6959170682913521,0.8438552188552189,0.6136683171333772
0.17149858514250885,0.8320273795813704,0.9236292245839228,0.6246760942049705,0.17149858514250885,0.8553514618117641,0.9368572803673518,0.6246760942049705,0.17149858514250885,0.6702737110120942,0.8731762065095399,0.6177387072843161
0.17149858514250885,0.8310677544978472,0.8712859091220789,0.6296841421885697,0.17149858514250885,0.8511250957898893,0.907175982953088,0.6296841421885697,0.17149858514250885,0.6964626716377194,0.8298260381593715,0.6242057651064369
0.17149858514250885,0.8288321581102661,0.9336882868513754,0.6246760942049705,0.17149858514250885,0.8546780298632236,0.9337809883246939,0.6246760942049705,0.17149858514250885,0.6637264708556879,0.8731762065095399,0.6177387072843161
0.17149858514250885,0.8285114717823294,0.8893798398423313,0.6262122189427028,0.17149858514250885,0.8526809558089311,0.9104573611319231,0.6262122189427028,0.17149858514250885,0.6663635536964627,0.8566217732884399,0.6223750353275236
0.17149858514250885,0.828471960448936,0.9101960826643165,0.6257524341577042,0.17149858514250885,0.8498014536841372,0.9360467774174132,0.6257524341577042,0.17149858514250885,0.7056469946349004,0.8716329966329966,0.60359263399869
0.17149858514250885,0.8277689965855979,0.8643228220868244,0.6303717556558339,0.17149858514250885,0.8489422474049648,0.874567287300914,0.6303717556558339,0.17149858514250885,0.668818768755115,0.8427328843995511,0.6242057651064369
0.17149858514250885,0.8257693699638398,0.8829856604789492,0.6303717556558339,0.17149858514250885,0.8382370016023036,0.896362610067126,0.6303717556558339,0.17149858514250885,0.6602709829953624,0.8371212121212122,0.6242057651064369
0.17149858514250885,0.8220446068590652,0.930519293335399,0.6257524341577042,0.17149858514250885,0.8609711353133781,0.9469725349662338,0.6257524341577042,0.17149858514250885,0.6750022733472766,0.858726150392817,0.6012475348092463
0.17149858514250885,0.8120081597090721,0.8797969837734325,0.6326536588164793,0.17149858514250885,0.8378422311497109,0.8986087159703051,0.6326536588164793,0.17149858514250885,0.6894607620260071,0.8319304152637486,0.6249744248755267
0.17149858514250885,0.8046223751795246,0.9306681871401469,0.6317056077225152,0.17149858514250885,0.8309685809163319,0.9438962429235759,0.6317056077225152,0.17149858514250885,0.6911885059561699,0.8685465768799102,0.6162367304628924
0.17149858514250885,0.8005972902341317,0.9330266777061846,0.6317056077225152,0.17149858514250885,0.8329888767619534,0.9400459570728684,0.6317056077225152,0.17149858514250885,0.7031008456851868,0.8654601571268238,0.6156761532506043
0.17149858514250885,0.7900251991150973,0.9017973926758217,0.6330935234343322,0.17149858514250885,0.8233750551517544,0.9267055166265807,0.6330935234343322,0.17149858514250885,0.716013458215877,0.8411896745230079,0.6253331064457939
0.17149858514250885,0.782914917799963,0.9336882868513754,0.6330935234343322,0.17149858514250885,0.822585514246569,0.9329142930433258,0.6330935234343322,0.17149858514250885,0.694916795489679,0.8402076318742985,0.6238695015591047
0.1690308509457033,0.8565086813052071,0.8549253689645626,0.600986579278556,0.1690308509457033,0.8694935327311148,0.8822481758127887,0.600986579278556,0.1690308509457033,0.6606347185596072,0.8045735129068462,0.5926531953166085
0.1690308509457033,0.8537899987124041,0.8773823008759655,0.6174851021270522,0.1690308509457033,0.8670552446415717,0.8869089646134349,0.6174851021270522,0.1690308509457033,0.6646358097662999,0.8313692480359147,0.6069006018084607
0.1690308509457033,0.8517905662129305,0.8837399710974585,0.6249253314231331,0.1690308509457033,0.8653368320832269,0.8994754112516731,0.6249253314231331,0.1690308509457033,0.6739110666545421,0.819023569023569,0.6242057651064369
0.1690308509457033,0.8511978079816082,0.8860984616634962,0.600986579278556,0.1690308509457033,0.862503773541091,0.8962502254042674,0.600986579278556,0.1690308509457033,0.6551786850959352,0.8525533108866442,0.5926531953166085
0.1690308509457033,0.8465522014787817,0.884513964905508,0.6249253314231331,0.1690308509457033,0.8657548243271486,0.9002494050597226,0.6249253314231331,0.1690308509457033,0.6700009093389107,0.8303872053872053,0.6242057651064369
0.1690308509457033,0.8442605423758196,0.8759663811122653,0.6287210967267207,0.1690308509457033,0.8648723962566472,0.8908351259851119,0.6287210967267207,0.1690308509457033,0.6714558515958898,0.8365600448933782,0.6242057651064369
0.1690308509457033,0.8433400651071398,0.892251045748812,0.6193806033675284,0.1690308509457033,0.8584631818498479,0.9078375920982789,0.6193806033675284,0.1690308509457033,0.683459125215968,0.8381032547699214,0.6078596274766863
0.1690308509457033,0.8433113962865759,0.8869848401344045,0.6287210967267207,0.1690308509457033,0.8602048161995216,0.9127231502246423,0.6287210967267207,0.1690308509457033,0.6827316540874784,0.8442760942760943,0.6242057651064369
0.1690308509457033,0.8388689036618405,0.8922875548907012,0.6240841554975677,0.1690308509457033,0.8579987460232682,0.9086480950482174,0.6240841554975677,0.1690308509457033,0.6664544875875239,0.8159371492704826,0.6053451582712271
0.1690308509457033,0.8331166170733374,0.9204967402098355,0.6246760942049705,0.1690308509457033,0.8558623412210018,0.9314224977586562,0.6246760942049705,0.1690308509457033,0.6713649177048285,0.8685465768799102,0.6177387072843161
0.1690308509457033,0.8304134435302881,0.900986889725883,0.6257054733367053,0.1690308509457033,0.8582077421452291,0.9243667092500831,0.6257054733367053,0.1690308509457033,0.6956442666181686,0.8602693602693603,0.6173176323475327
0.1690308509457033,0.8297021147472795,0.9056476785265292,0.6257054733367053,0.1690308509457033,0.8570234307874509,0.918157932833338,0.6257054733367053,0.1690308509457033,0.6879148858779667,0.8602693602693603,0.6173176323475327
0.1690308509457033,0.829166716963382,0.8908716351270011,0.6282680121452994,0.1690308509457033,0.8503355548847038,0.9150816407906801,0.6282680121452994,0.1690308509457033,0.7131035737019187,0.8319304152637486,0.6223750353275236
0.1690308509457033,0.8286248911056916,0.872833896738178,0.6289406731086727,0.1690308509457033,0.851426979077166,0.9056476785265292,0.6289406731086727,0.1690308509457033,0.670637446576339,0.8329124579124579,0.623040283628226
0.1690308509457033,0.8275716359606372,0.8612830391860556,0.6310233626374057,0.1690308509457033,0.8559320065949887,0.8722453058767654,0.6310233626374057,0.1690308509457033,0.6657270164590343,0.8195847362514029,0.6249744248755267
0.1690308509457033,0.8275195895339585,0.8713982937849376,0.6319745169177021,0.1690308509457033,0.8543297029932889,0.9002128959178335,0.6319745169177021,0.1690308509457033,0.6714558515958898,0.8525533108866442,0.6249744248755267
0.1690308509457033,0.8271956106524971,0.9211780325445665,0.6257524341577042,0.1690308509457033,0.8544225901586049,0.9461985411581842,0.6257524341577042,0.1690308509457033,0.658270437392016,0.8602693602693603,0.6012475348092463
0.1690308509457033,0.8263937338831663,0.8883642507562155,0.6287210967267207,0.1690308509457033,0.8561410027169496,0.9009306973944536,0.6287210967267207,0.1690308509457033,0.7055560607438393,0.835016835016835,0.6242057651064369
0.1690308509457033,0.8170411988150678,0.9290836903821587,0.6317056077225152,0.1690308509457033,0.8466432900633954,0.9446702367316254,0.6317056077225152,0.1690308509457033,0.7041011184868601,0.8639169472502806,0.6162367304628924
0.1690308509457033,0.8109943051678484,0.9087604797110762,0.6321902630968975,0.1690308509457033,0.8460859670714999,0.9189122434518473,0.6321902630968975,0.1690308509457033,0.7239247067382013,0.8504489337822672,0.6217737053194443
0.1690308509457033,0.8047274341137602,0.9298941933320973,0.6317056077225152,0.1690308509457033,0.8311775770382928,0.9438962429235759,0.6317056077225152,0.1690308509457033,0.7015549695371465,0.8685465768799102,0.6162367304628924
0.1690308509457033,0.8015151361783183,0.930704696282036,0.6317056077225152,0.1690308509457033,0.8328727678053085,0.9454807396815641,0.6317056077225152,0.1690308509457033,0.7026461762298809,0.867003367003367,0.6162367304628924
0.1690308509457033,0.7912918725146127,0.8909278274584304,0.6330935234343322,0.1690308509457033,0.8199382300350649,0.9142514546512012,0.6330935234343322,0.1690308509457033,0.7056469946349004,0.8427328843995511,0.6253331064457939
0.16666666666666666,0.8566162223631452,0.8440558037471714,0.600986579278556,0.16666666666666666,0.8694703109397859,0.8900414489875221,0.600986579278556,0.16666666666666666,0.6629080658361372,0.8092031425364759,0.5926531953166085
0.16666666666666666,0.8558329276576891,0.8556796795830719,0.600986579278556,0.16666666666666666,0.8701901864709843,0.8854171693287651,0.600986579278556,0.16666666666666666,0.6612712557970356,0.8092031425364759,0.5926531953166085
0.16666666666666666,0.8557685468638532,0.8612268468546262,0.600986579278556,0.16666666666666666,0.8723265912732509,0.8830586787627275,0.600986579278556,0.16666666666666666,0.6583613712830773,0.7968574635241301,0.593052344049031
0.16666666666666666,0.8553632820402056,0.8721160952615579,0.6220627805358918,0.16666666666666666,0.8726516963518566,0.8892871383690129,0.6220627805358918,0.16666666666666666,0.658270437392016,0.819023569023569,0.6209166024617162
0.16666666666666666,0.8533821358138475,0.8845701572369373,0.6220627805358918,0.16666666666666666,0.8724659220212247,0.8861546539949255,0.6220627805358918,0.16666666666666666,0.661453123579158,0.8138327721661055,0.6209166024617162
0.16666666666666666,0.8516099810399044,0.884513964905508,0.6249253314231331,0.16666666666666666,0.8654064974572139,0.8994754112516731,0.6249253314231331,0.16666666666666666,0.6718195871601346,0.819023569023569,0.6242057651064369
0.16666666666666666,0.8470066136417961,0.8860057601901777,0.6193806033675284,0.16666666666666666,0.8620393377145112,0.8947219209777085,0.6193806033675284,0.16666666666666666,0.6800945712467037,0.8442760942760943,0.6078596274766863
0.16666666666666666,0.846540983084393,0.8760590825855838,0.6287210967267207,0.16666666666666666,0.867914450920744,0.9017973926758217,0.6287210967267207,0.16666666666666666,0.6592707101936892,0.8251964085297419,0.6242057651064369
0.16666666666666666,0.8455600593000577,0.88364726962414,0.6252310066982882,0.16666666666666666,0.8632004272809605,0.8969877100704278,0.6252310066982882,0.16666666666666666,0.6458124943166318,0.8386644219977553,0.6223750353275236
0.16666666666666666,0.8451220010948252,0.8954032133124395,0.6204038802099024,0.16666666666666666,0.872001486194645,0.9180652313600195,0.6204038802099024,0.16666666666666666,0.6951895971628625,0.8411896745230079,0.6044513591086549
0.16666666666666666,0.8436402990244926,0.8806271699129115,0.6287210967267207,0.16666666666666666,0.8656154935791747,0.895495914785758,0.6287210967267207,0.16666666666666666,0.6689097026461762,0.8365600448933782,0.6242057651064369
0.16666666666666666,0.835393030358821,0.8860619525216071,0.6303717556558339,0.16666666666666666,0.8531918352181688,0.8993827097783547,0.6303717556558339,0.16666666666666666,0.6704555787942166,0.8324915824915825,0.6242057651064369
0.16666666666666666,0.8306932243459569,0.9002128959178335,0.6257054733367053,0.16666666666666666,0.857069874370109,0.9235927154420336,0.6257054733367053,0.16666666666666666,0.6822769846321725,0.8716329966329966,0.6173176323475327
0.16666666666666666,0.8301268599878894,0.9149692561278213,0.6257524341577042,0.16666666666666666,0.8582309639365581,0.9423482553074768,0.6257524341577042,0.16666666666666666,0.6732745294171137,0.8602693602693603,0.6012475348092463
0.16666666666666666,0.8287792537214501,0.8713982937849376,0.6319745169177021,0.16666666666666666,0.8574878666140306,0.8947781133091378,0.6319745169177021,0.16666666666666666,0.672456124397563,0.8479236812570146,0.6249744248755267
0.16666666666666666,0.8265425413611007,0.8869483309925152,0.6297366983688795,0.16666666666666666,0.8579058588579523,0.9064216723345787,0.6297366983688795,0.16666666666666666,0.6802764390288261,0.8458193041526375,0.6266856000444598
0.16666666666666666,0.8237479872867105,0.8572838595306004,0.6326536588164793,0.16666666666666666,0.8564428860042264,0.8768695855355224,0.6326536588164793,0.16666666666666666,0.6618168591434027,0.8664421997755332,0.6249744248755267
0.16666666666666666,0.8182538798809391,0.8877026416110246,0.6320326836069537,0.16666666666666666,0.8510089868332443,0.9157994422673003,0.6320326836069537,0.16666666666666666,0.6327180140038192,0.8303872053872053,0.6249744248755267
0.16666666666666666,0.8134160613706545,0.8885131445609633,0.6335964371931333,0.16666666666666666,0.8507303253372965,0.9150254484592507,0.6335964371931333,0.16666666666666666,0.7192870782940802,0.8458193041526375,0.6249744248755267
0.16666666666666666,0.809876369445177,0.9314786900900855,0.6317056077225152,0.16666666666666666,0.8374939042797761,0.9431222491155263,0.6317056077225152,0.16666666666666666,0.6947349277075566,0.867003367003367,0.6162367304628924
0.16666666666666666,0.8033964580914867,0.9322526838981351,0.6317056077225152,0.16666666666666666,0.8330120985532824,0.9423482553074768,0.6317056077225152,0.16666666666666666,0.7128307720287351,0.8654601571268238,0.6162367304628924
0.16666666666666666,0.8016928529027947,0.9345549821327435,0.6317056077225152,0.16666666666666666,0.8341964099110606,0.9462547334896136,0.6317056077225152,0.16666666666666666,0.7016459034282077,0.8700897867564534,0.6162367304628924
0.1643989873053573,0.8569310760382517,0.8394877164198438,0.6057763448971708,0.1643989873053573,0.8702598518449713,0.8737371011614352,0.6057763448971708,0.1643989873053573,0.6515413294534873,0.8014870931537598,0.593625277247567
0.1643989873053573,0.8562493555109443,0.8580578533386499,0.600986579278556,0.1643989873053573,0.8750203190674128,0.8791718837701308,0.600986579278556,0.1643989873053573,0.6623624624897699,0.795314253647587,0.5926531953166085
0.1643989873053573,0.856153028316851,0.8611341453813078,0.600986579278556,0.1643989873053573,0.8708403966281959,0.8814741820047393,0.600986579278556,0.1643989873053573,0.6687278348640538,0.803030303030303,0.5926531953166085
0.1643989873053573,0.854121613556714,0.8775508778702534,0.6220627805358918,0.1643989873053573,0.87211759515129,0.8900611321770624,0.6220627805358918,0.1643989873053573,0.658725106847322,0.8138327721661055,0.6209166024617162
0.1643989873053573,0.8540734486542565,0.8875537478062768,0.6055349597973508,0.1643989873053573,0.8666836959803079,0.9008745050630244,0.6055349597973508,0.1643989873053573,0.6657270164590343,0.8773849607182941,0.5995201470321259
0.1643989873053573,0.8537903498679446,0.878324871678303,0.6220627805358918,0.1643989873053573,0.8727678053085015,0.8900611321770624,0.6220627805358918,0.1643989873053573,0.6597253796489951,0.819023569023569,0.6209166024617162
0.1643989873053573,0.8523420430504253,0.8853441510449869,0.6220627805358918,0.1643989873053573,0.8721408169426189,0.895495914785758,0.6220627805358918,0.1643989873053573,0.6609984541238519,0.8138327721661055,0.6209166024617162
0.1643989873053573,0.8505181076929004,0.8751923873042158,0.6287210967267207,0.1643989873053573,0.8710726145414858,0.8940041195010884,0.6287210967267207,0.1643989873053573,0.6621805947076476,0.8365600448933782,0.6242057651064369
0.1643989873053573,0.8490948996274142,0.9055914861950998,0.61345487145658,0.1643989873053573,0.8645937347606995,0.9212342248759959,0.61345487145658,0.1643989873053573,0.6851868691461308,0.8463804713804713,0.606723955223071
0.1643989873053573,0.8477090973442781,0.8908154427955717,0.6249253314231331,0.1643989873053573,0.86526716670924,0.9064581814764678,0.6249253314231331,0.1643989873053573,0.6741838683277257,0.835016835016835,0.6242057651064369
0.1643989873053573,0.8463815552438542,0.8883642507562155,0.6252310066982882,0.1643989873053573,0.8644544040127256,0.8954397224543287,0.6252310066982882,0.1643989873053573,0.6446303537328363,0.8386644219977553,0.6223750353275236
0.1643989873053573,0.8394248769488941,0.8915529274617321,0.6287210967267207,0.1643989873053573,0.8524255161043123,0.9119491564165928,0.6287210967267207,0.1643989873053573,0.646358097662999,0.8257575757575757,0.6242057651064369
0.1643989873053573,0.8362804699804939,0.9017046912025032,0.6240337285252332,0.1643989873053573,0.8512876483291921,0.9056476785265292,0.6240337285252332,0.1643989873053573,0.6849140674729471,0.8396464646464646,0.6091207129859838
0.1643989873053573,0.833406164820017,0.8565098657225508,0.6319745169177021,0.1643989873053573,0.8565822167522003,0.9088166720425055,0.6319745169177021,0.1643989873053573,0.6750022733472766,0.8691077441077442,0.6249744248755267
0.1643989873053573,0.8332090301847251,0.8861743371844658,0.6297366983688795,0.1643989873053573,0.8627127696630518,0.9064216723345787,0.6297366983688795,0.1643989873053573,0.6957352005092298,0.8458193041526375,0.6266856000444598
0.1643989873053573,0.8304124005069541,0.9149692561278213,0.6257524341577042,0.1643989873053573,0.8585328472238348,0.9461985411581842,0.6257524341577042,0.1643989873053573,0.6763662817131945,0.8489057239057238,0.6012475348092463
0.1643989873053573,0.8279816904137808,0.8938552256963405,0.6280769402376689,0.1643989873053573,0.8543297029932889,0.8931374242197203,0.6280769402376689,0.1643989873053573,0.6721833227243794,0.8371212121212122,0.6214253307581216
0.1643989873053573,0.826139008817759,0.8814376728628501,0.6320326836069537,0.1643989873053573,0.8558391194296728,0.9118929640851634,0.6320326836069537,0.1643989873053573,0.6419023370010003,0.8278619528619529,0.6249744248755267
0.1643989873053573,0.8249329558607084,0.890004939845633,0.6320326836069537,0.1643989873053573,0.8558855630123308,0.9103084673271753,0.6320326836069537,0.1643989873053573,0.6389015185959808,0.8257575757575757,0.6249744248755267
0.1643989873053573,0.8004136978550531,0.9376874665068307,0.6317056077225152,0.1643989873053573,0.8346376239463112,0.9462547334896136,0.6317056077225152,0.1643989873053573,0.7006456306265345,0.8731762065095399,0.6162367304628924
0.1643989873053573,0.7908693794150149,0.9041558832418595,0.6330935234343322,0.1643989873053573,0.8203330004876577,0.9212904172074252,0.6330935234343322,0.1643989873053573,0.7051923251795944,0.8427328843995511,0.6253331064457939
0.16222142113076254,0.8565173270418055,0.8519052692533341,0.6057763448971708,0.16222142113076254,0.8715138285767364,0.8745110949694848,0.6057763448971708,0.16222142113076254,0.6549058834227517,0.835016835016835,0.5954394280345472
0.16222142113076254,0.855927593601189,0.8697576046955201,0.6220627805358918,0.16222142113076254,0.8731857975524232,0.8892871383690129,0.6220627805358918,0.16222142113076254,0.6622715285987087,0.819023569023569,0.6209166024617162
0.16222142113076254,0.8544317277454619,0.879022989965383,0.600986579278556,0.16222142113076254,0.8662657037363862,0.90479780919751,0.600986579278556,0.16222142113076254,0.6673638264981359,0.8546576879910213,0.5926531953166085
0.16222142113076254,0.8528197180969701,0.8744745858275955,0.6287210967267207,0.16222142113076254,0.8716299375333814,0.8994389021097839,0.6287210967267207,0.16222142113076254,0.6601800491043012,0.8365600448933782,0.6242057651064369
0.16222142113076254,0.851500836706976,0.8877026416110246,0.61345487145658,0.16222142113076254,0.8627592132457098,0.9165172437439204,0.61345487145658,0.16222142113076254,0.6815495135036829,0.8463804713804713,0.606723955223071
0.16222142113076254,0.8514270655547883,0.8969877100704278,0.6153904245954801,0.16222142113076254,0.8687736571999164,0.9109897596619063,0.6153904245954801,0.16222142113076254,0.6803673729198872,0.835016835016835,0.6078596274766863
0.16222142113076254,0.8512153541635145,0.8775508778702534,0.6287210967267207,0.16222142113076254,0.8730929103871072,0.8893433307004421,0.6287210967267207,0.16222142113076254,0.6718195871601346,0.8236531986531986,0.6242057651064369
0.16222142113076254,0.8501402797658418,0.8985722068284159,0.61345487145658,0.16222142113076254,0.8632004272809605,0.9157994422673003,0.61345487145658,0.16222142113076254,0.6838228607802128,0.8608305274971941,0.606723955223071
0.16222142113076254,0.8498144246249278,0.9047809832451611,0.61345487145658,0.16222142113076254,0.8643150732647517,0.9157432499358709,0.61345487145658,0.16222142113076254,0.6840047285623352,0.8608305274971941,0.606723955223071
0.16222142113076254,0.8476825314639358,0.8915894366036212,0.6249253314231331,0.16222142113076254,0.866567587023663,0.9017973926758217,0.6249253314231331,0.16222142113076254,0.6759116122578885,0.8236531986531986,0.6242057651064369
0.16222142113076254,0.8432044637037094,0.9095709826610149,0.6144986307033298,0.16222142113076254,0.8671945753895456,0.9119294732270526,0.6144986307033298,0.16222142113076254,0.6845503319087024,0.803030303030303,0.6081280238609919
0.16222142113076254,0.8390954113484993,0.8822116666708997,0.6313783591415085,0.16222142113076254,0.8573020922833987,0.8845701572369373,0.6313783591415085,0.16222142113076254,0.6705465126852778,0.8143939393939394,0.6242057651064369
0.16222142113076254,0.8254924823227395,0.8892309460375835,0.6320326836069537,0.16222142113076254,0.856884100039477,0.9173277466938591,0.6320326836069537,0.16222142113076254,0.6403564608529599,0.8371212121212122,0.6249744248755267
0.16222142113076254,0.8244757990328164,0.8946657286462791,0.6320326836069537,0.16222142113076254,0.858300629310545,0.9118929640851634,0.6320326836069537,0.16222142113076254,0.6364463035373283,0.8164983164983165,0.6249744248755267
0.16222142113076254,0.8217438302747094,0.8947219209777085,0.6320326836069537,0.16222142113076254,0.8532382788008267,0.9181017405019086,0.6320326836069537,0.16222142113076254,0.6374465763390016,0.8143939393939394,0.6249744248755267
0.16222142113076254,0.8020598565927767,0.893947927169659,0.632978647985295,0.16222142113076254,0.8430206906160741,0.9196862372598968,0.632978647985295,0.16222142113076254,0.695371464944985,0.843294051627385,0.6229470197628555
0.16012815380508713,0.856810255956375,0.8697014123640907,0.6174851021270522,0.16012815380508713,0.870631400506235,0.9010233988677722,0.6174851021270522,0.16012815380508713,0.6882786214422115,0.8381032547699214,0.606723955223071
0.16012815380508713,0.8554371287526493,0.8541513751565131,0.6258751307688859,0.16012815380508713,0.8681698906253629,0.8869651569448642,0.6258751307688859,0.16012815380508713,0.6685459670819315,0.819023569023569,0.6253099614448134
0.16012815380508713,0.8548705728831196,0.8760028902541545,0.6220627805358918,0.16012815380508713,0.8719318208206581,0.8807198713862299,0.6220627805358918,0.16012815380508713,0.6501773210875693,0.8143939393939394,0.6209166024617162
0.16012815380508713,0.8546821198448326,0.8782489961573334,0.600986579278556,0.16012815380508713,0.86663725239765,0.8962867345461565,0.600986579278556,0.16012815380508713,0.6677275620623806,0.8546576879910213,0.5926531953166085
0.16012815380508713,0.8521847057870987,0.8752485796356451,0.6287210967267207,0.16012815380508713,0.872047929777303,0.9002128959178335,0.6287210967267207,0.16012815380508713,0.6604528507774847,0.8251964085297419,0.6242057651064369
0.16012815380508713,0.8521644474987989,0.879191566959671,0.6287210967267207,0.16012815380508713,0.8712119452894597,0.8940041195010884,0.6287210967267207,0.16012815380508713,0.6589069746294444,0.8365600448933782,0.6242057651064369
0.16012815380508713,0.8517272662225567,0.8799093684362912,0.6287210967267207,0.16012815380508713,0.8734180154657131,0.8869848401344045,0.6287210967267207,0.16012815380508713,0.6615440574702192,0.835016835016835,0.6242057651064369
0.16012815380508713,0.8474523924312213,0.8666251203214328,0.6303717556558339,0.16012815380508713,0.8668694703109397,0.8854368525183054,0.6303717556558339,0.16012815380508713,0.6692734382104211,0.8396464646464646,0.6242057651064369
0.16012815380508713,0.8447845340933098,0.8775508778702534,0.6303717556558339,0.16012815380508713,0.8582309639365581,0.882267859002329,0.6303717556558339,0.16012815380508713,0.6637264708556879,0.835016835016835,0.6242057651064369
0.16012815380508713,0.8436327340913562,0.9057206968103074,0.6144986307033298,0.16012815380508713,0.8678680073380861,0.9095709826610149,0.6144986307033298,0.16012815380508713,0.6853687369282532,0.803030303030303,0.6081280238609919
0.16012815380508713,0.8403139478734979,0.8962137162623782,0.6252304527705794,0.16012815380508713,0.8543529247846179,0.9197424295913262,0.6252304527705794,0.16012815380508713,0.6836409929980903,0.8402076318742985,0.6129618517346507
0.16012815380508713,0.8398186758108092,0.8846263495683667,0.6303717556558339,0.16012815380508713,0.861133687852681,0.8862108463263549,0.6303717556558339,0.16012815380508713,0.6611803219059743,0.8442760942760943,0.6242057651064369
0.16012815380508713,0.8329969761614763,0.8938552256963405,0.6258751307688859,0.16012815380508713,0.8618535633838794,0.8962137162623782,0.6258751307688859,0.16012815380508713,0.6975538783304538,0.835016835016835,0.623040283628226
0.16012815380508713,0.8279255462253997,0.904063181768541,0.6268529774480345,0.16012815380508713,0.8606924738174303,0.9009306973944536,0.6268529774480345,0.16012815380508713,0.6943711921433118,0.8648989898989898,0.623040283628226
0.16012815380508713,0.8270806681449447,0.8885131445609633,0.6320326836069537,0.16012815380508713,0.8570234307874509,0.9072321752845174,0.6320326836069537,0.16012815380508713,0.6511775938892426,0.8232323232323232,0.6249744248755267
0.16012815380508713,0.8246822986093413,0.8915894366036212,0.6320326836069537,0.16012815380508713,0.8568376564568191,0.909590665850555,0.6320326836069537,0.16012815380508713,0.6393561880512867,0.8143939393939394,0.6249744248755267
0.16012815380508713,0.8196663190741301,0.9141025608464534,0.6282711165844588,0.16012815380508713,0.8564196642128974,0.9384052679834509,0.6282711165844588,0.16012815380508713,0.6955533327271074,0.8562008978675646,0.6129618517346507
0.16012815380508713,0.8076333762921034,0.8985722068284159,0.6330935234343322,0.16012815380508713,0.8531686134268397,0.9313297962853377,0.6330935234343322,0.16012815380508713,0.6804583068109484,0.8799102132435466,0.6238695015591047
0.15811388300841897,0.8572779393108622,0.8642469465658549,0.600986579278556,0.15811388300841897,0.8718621554466711,0.8892674551794726,0.600986579278556,0.15811388300841897,0.6647267436573611,0.8386644219977553,0.5926531953166085
0.15811388300841897,0.8572090333484269,0.8712859091220789,0.622325845687743,0.15811388300841897,0.8759027471379143,0.901685008012963,0.622325845687743,0.15811388300841897,0.673820132763481,0.8257575757575757,0.6091207129859838
0.15811388300841897,0.8565616130308639,0.862718642139296,0.6240337285252332,0.15811388300841897,0.874880988319439,0.8860984616634962,0.6240337285252332,0.15811388300841897,0.6749113394562153,0.835016835016835,0.6091207129859838
0.15811388300841897,0.8539429372016253,0.8650771327053337,0.6258751307688859,0.15811388300841897,0.863850637438172,0.8869651569448642,0.6258751307688859,0.15811388300841897,0.667454760389197,0.8396464646464646,0.623040283628226
0.15811388300841897,0.8516998442997988,0.8705119153140294,0.6303717556558339,0.15811388300841897,0.8681002252513759,0.8823043681442181,0.6303717556558339,0.15811388300841897,0.6550877512048741,0.835016835016835,0.6242057651064369
0.15811388300841897,0.8514213234360456,0.882267859002329,0.6287210967267207,0.15811388300841897,0.8736270115876739,0.882267859002329,0.6287210967267207,0.15811388300841897,0.6618168591434027,0.835016835016835,0.6242057651064369
0.15811388300841897,0.8503211828448239,0.8806833622443407,0.6303717556558339,0.15811388300841897,0.8742075563708984,0.887758833942454,0.6303717556558339,0.15811388300841897,0.6636355369646267,0.835016835016835,0.6242057651064369
0.15811388300841897,0.8466163881503336,0.8892871383690129,0.6287210967267207,0.15811388300841897,0.8676822330074542,0.9072321752845174,0.6287210967267207,0.15811388300841897,0.6689097026461762,0.8257575757575757,0.6242057651064369
0.15811388300841897,0.8372529095920305,0.8946657286462791,0.6297430350634488,0.15811388300841897,0.8670320228502427,0.9087604797110762,0.6297430350634488,0.15811388300841897,0.6103482768027644,0.8479236812570146,0.6242057651064369
0.15811388300841897,0.8307251609940266,0.9055352938636705,0.6292722622280252,0.15811388300841897,0.8665211434410051,0.9407075662180593,0.6292722622280252,0.15811388300841897,0.6670910248249523,0.8731762065095399,0.6202802052308183
0.15811388300841897,0.8302087993266415,0.8915894366036212,0.6320326836069537,0.15811388300841897,0.858439960058519,0.9111189702771139,0.6320326836069537,0.15811388300841897,0.6303537328362281,0.8278619528619529,0.6249744248755267
0.15811388300841897,0.8269820588621769,0.8932301256930388,0.6317056077225152,0.15811388300841897,0.8555372361423961,0.9189684357832767,0.6317056077225152,0.15811388300841897,0.6222606165317814,0.874719416386083,0.6201843740443984
0.15811388300841897,0.8044216894425551,0.8993827097783547,0.6330935234343322,0.15811388300841897,0.8526345122262732,0.9274795104346303,0.6330935234343322,0.15811388300841897,0.6840956624533964,0.8866442199775533,0.6238695015591047
0.15811388300841897,0.7774496642759524,0.9017412003443923,0.6330961903192495,0.15811388300841897,0.8271137635557206,0.9344987898013141,0.6330961903192495,0.15811388300841897,0.6691825043193598,0.8639169472502806,0.6238463473339793
0.15617376188860607,0.8562705427910938,0.8565098657225508,0.6258751307688859,0.15617376188860607,0.8677518983814412,0.8908154427955717,0.6258751307688859,0.15617376188860607,0.6686369009729927,0.8169191919191918,0.6253099614448134
0.15617376188860607,0.8561939716092474,0.8720964120720176,0.6041756663360458,0.15617376188860607,0.8700044121403525,0.8885496537028524,0.6041756663360458,0.15617376188860607,0.6655451486769118,0.8463804713804713,0.5974322247228583
0.15617376188860607,0.8551956423202306,0.8766644993993453,0.6240337285252332,0.15617376188860607,0.874950653693426,0.8923072380802414,0.6240337285252332,0.15617376188860607,0.6755478766936437,0.835016835016835,0.6091207129859838
0.15617376188860607,0.8547380060225825,0.8620008406626758,0.6258751307688859,0.15617376188860607,0.8706546222975641,0.8737371011614352,0.6258751307688859,0.15617376188860607,0.6692734382104211,0.8442760942760943,0.623040283628226
0.15617376188860607,0.8536427717031633,0.8712859091220789,0.6303717556558339,0.15617376188860607,0.8735109026310289,0.8908716351270011,0.6303717556558339,0.15617376188860607,0.661453123579158,0.835016835016835,0.6242057651064369
0.15617376188860607,0.8509089266856034,0.8899487475142036,0.6240369744753724,0.15617376188860607,0.8708403966281959,0.8923072380802414,0.6240369744753724,0.15617376188860607,0.6906429026098027,0.8386644219977553,0.613888080841265
0.15617376188860607,0.8508833354097046,0.8721160952615579,0.6303717556558339,0.15617376188860607,0.8752293151893737,0.8838523557603172,0.6303717556558339,0.15617376188860607,0.6611803219059743,0.835016835016835,0.6242057651064369
0.15617376188860607,0.8492358014599594,0.8877391507529138,0.6287210967267207,0.15617376188860607,0.8669159138935978,0.8971169206856353,0.6287210967267207,0.15617376188860607,0.6727289260707465,0.8303872053872053,0.6242057651064369
0.15617376188860607,0.8483168668798449,0.8914967351303027,0.6193806033675284,0.15617376188860607,0.8726981399345145,0.9015923065396445,0.6193806033675284,0.15617376188860607,0.6617259252523415,0.8494668911335578,0.6078596274766863
0.15617376188860607,0.8430297339898107,0.881401163720961,0.6303717556558339,0.15617376188860607,0.8612497968093259,0.8962699085938075,0.6303717556558339,0.15617376188860607,0.672910793852869,0.8303872053872053,0.6242057651064369
0.15617376188860607,0.8412458937147319,0.8829856604789492,0.6303717556558339,0.15617376188860607,0.8613891275572998,0.9001567035864042,0.6303717556558339,0.15617376188860607,0.6785486950986632,0.8371212121212122,0.6242057651064369
0.15617376188860607,0.8383367965117454,0.8946657286462791,0.6297430350634488,0.15617376188860607,0.8664050344843601,0.9087604797110762,0.6297430350634488,0.15617376188860607,0.6108938801491316,0.8479236812570146,0.6242057651064369
0.15617376188860607,0.8334763906296928,0.9017046912025032,0.6313783591415085,0.15617376188860607,0.8645008475953835,0.900120194444515,0.6313783591415085,0.15617376188860607,0.661453123579158,0.8386644219977553,0.6242057651064369
0.15617376188860607,0.8148111608672327,0.889323647510902,0.6335964371931333,0.15617376188860607,0.8425098112068365,0.8963429268775858,0.6335964371931333,0.15617376188860607,0.6981904155678822,0.867003367003367,0.6237980741983999
0.1543033499620919,0.858324727910896,0.8712297167906496,0.6240337285252332,0.1543033499620919,0.8760652996772171,0.897742020688937,0.6240337285252332,0.1543033499620919,0.674274802218787,0.8236531986531986,0.6091207129859838
0.1543033499620919,0.8581947826226646,0.8759466979227251,0.6240337285252332,0.1543033499620919,0.8755776420593084,0.8946657286462791,0.6240337285252332,0.1543033499620919,0.6760025461489497,0.835016835016835,0.6091207129859838
0.1543033499620919,0.8569518489656138,0.8565098657225508,0.6258751307688859,0.1543033499620919,0.8723498130645798,0.8791718837701308,0.6258751307688859,0.1543033499620919,0.6670910248249523,0.8442760942760943,0.623040283628226
0.1543033499620919,0.8569244752662716,0.8767206917307746,0.6240337285252332,0.1543033499620919,0.8753918677286766,0.8954397224543287,0.6240337285252332,0.1543033499620919,0.6805492407020096,0.8236531986531986,0.6091207129859838
0.1543033499620919,0.8562034955034582,0.8806636790548006,0.6240337285252332,0.1543033499620919,0.877574716113601,0.8923072380802414,0.6240337285252332,0.1543033499620919,0.683004455760662,0.835016835016835,0.6091207129859838
0.1543033499620919,0.8557924638350491,0.8681534247479916,0.6303717556558339,0.1543033499620919,0.8729535796391333,0.8823043681442181,0.6303717556558339,0.1543033499620919,0.6563608256797309,0.8257575757575757,0.6242057651064369
0.1543033499620919,0.8549585826898579,0.8837399710974585,0.6240337285252332,0.1543033499620919,0.872187260525277,0.8962502254042674,0.6240337285252332,0.1543033499620919,0.6877330180958443,0.835016835016835,0.6091207129859838
0.1543033499620919,0.854096229457209,0.8759466979227251,0.6249253314231331,0.1543033499620919,0.8701901864709843,0.893947927169659,0.6249253314231331,0.1543033499620919,0.6788214967718469,0.8303872053872053,0.6242057651064369
0.1543033499620919,0.8538643633658323,0.8712859091220789,0.6303717556558339,0.1543033499620919,0.8726981399345145,0.8885131445609633,0.6303717556558339,0.1543033499620919,0.6627261980540148,0.835016835016835,0.6242057651064369
0.1543033499620919,0.8521503476017512,0.8713421014535083,0.6303717556558339,0.1543033499620919,0.8741146692055826,0.8971366038751756,0.6303717556558339,0.1543033499620919,0.658725106847322,0.835016835016835,0.6242057651064369
0.1543033499620919,0.8517795269669947,0.8806636790548006,0.6287210967267207,0.1543033499620919,0.8696096416877598,0.9056841876684183,0.6287210967267207,0.1543033499620919,0.6667272892607075,0.8257575757575757,0.6242057651064369
0.1543033499620919,0.8509679920764935,0.8721160952615579,0.6303717556558339,0.1543033499620919,0.8746719921974782,0.8846263495683667,0.6303717556558339,0.1543033499620919,0.6616349913612803,0.835016835016835,0.6242057651064369
0.1543033499620919,0.8509204988463547,0.8728704058800671,0.6303717556558339,0.1543033499620919,0.8728142488911594,0.8823043681442181,0.6303717556558339,0.1543033499620919,0.6567245612439756,0.8257575757575757,0.6242057651064369
0.1543033499620919,0.8426562943935703,0.8868162631401164,0.6303717556558339,0.1543033499620919,0.8651046141699371,0.8993827097783547,0.6303717556558339,0.1543033499620919,0.6402655269618986,0.8149551066217733,0.6242057651064369
0.1543033499620919,0.8421914091490201,0.8946657286462791,0.6297430350634488,0.1543033499620919,0.8690058751132063,0.9141952623197718,0.6297430350634488,0.1543033499620919,0.6274438483222697,0.8531144781144782,0.6242057651064369
0.1543033499620919,0.8354213558563099,0.8642666297553951,0.6326536588164793,0.1543033499620919,0.8642454078907646,0.8908716351270011,0.6326536588164793,0.1543033499620919,0.6719105210511958,0.8525533108866442,0.6249744248755267
0.15249857033260467,0.8606976052282537,0.8783051884887628,0.6201410132813574,0.15249857033260467,0.8769012841650605,0.8931739333616094,0.6201410132813574,0.15249857033260467,0.6822769846321725,0.8442760942760943,0.6091207129859838
0.15249857033260467,0.8605081723638793,0.8759466979227251,0.6240337285252332,0.15249857033260467,0.8771799456610083,0.9040434985790007,0.6240337285252332,0.15249857033260467,0.6728198599618078,0.835016835016835,0.6091207129859838
0.15249857033260467,0.8587556472076892,0.8541513751565131,0.6258751307688859,0.15249857033260467,0.8736502333790028,0.8791718837701308,0.6258751307688859,0.15249857033260467,0.6711830499227062,0.8303872053872053,0.623040283628226
0.15249857033260467,0.8583482286095826,0.8713421014535083,0.6303717556558339,0.15249857033260467,0.8716996029073683,0.8916456289350506,0.6303717556558339,0.15249857033260467,0.6662726198054014,0.835016835016835,0.6242057651064369
0.15249857033260467,0.8575688427651884,0.8783051884887628,0.6240337285252332,0.15249857033260467,0.8759724125119012,0.8884569522295339,0.6240337285252332,0.15249857033260467,0.6754569428025825,0.8236531986531986,0.6091207129859838
0.15249857033260467,0.8569835634634586,0.8876464492795952,0.6240337285252332,0.15249857033260467,0.8753686459373476,0.8923634304116708,0.6240337285252332,0.15249857033260467,0.6687278348640538,0.835016835016835,0.6091207129859838
0.15249857033260467,0.855661328933515,0.8728704058800671,0.6303717556558339,0.15249857033260467,0.8731393539697653,0.8846628587102559,0.6303717556558339,0.15249857033260467,0.6562698917886697,0.8257575757575757,0.6242057651064369
0.15249857033260467,0.8518220507280846,0.8852879587135576,0.6303717556558339,0.15249857033260467,0.8709100620021828,0.8993827097783547,0.6303717556558339,0.15249857033260467,0.6631808675093207,0.8149551066217733,0.6242057651064369
0.15249857033260467,0.8509227034550512,0.8884569522295339,0.6287210967267207,0.15249857033260467,0.8700044121403525,0.9111189702771139,0.6287210967267207,0.15249857033260467,0.6675456942802582,0.8257575757575757,0.6242057651064369
0.15249857033260467,0.8427566321172003,0.8946657286462791,0.6297430350634488,0.15249857033260467,0.8694470891484569,0.9111189702771139,0.6297430350634488,0.15249857033260467,0.6260798399563517,0.8402076318742985,0.6242057651064369
0.15249857033260467,0.8421683631940708,0.8993827097783547,0.6297430350634488,0.15249857033260467,0.8687504354085874,0.9165537528858095,0.6297430350634488,0.15249857033260467,0.6238064926798218,0.851010101010101,0.6300504403133036
0.15075567228888181,0.8619771009882483,0.8689274185560412,0.6107658622290176,0.15075567228888181,0.8768083969997446,0.8955324239276472,0.6107658622290176,0.15075567228888181,0.6813676457215604,0.8371212121212122,0.5949794189081353
0.15075567228888181,0.8615295723338642,0.8704557229826001,0.6107658622290176,0.15075567228888181,0.8807328797343427,0.9056279953369889,0.6107658622290176,0.15075567228888181,0.6690915704282986,0.8278619528619529,0.5949794189081353
0.15075567228888181,0.8602549522069093,0.8837399710974585,0.6240337285252332,0.15075567228888181,0.8773889417829691,0.8931739333616094,0.6240337285252332,0.15075567228888181,0.673820132763481,0.835016835016835,0.6091207129859838
0.15075567228888181,0.8595932932347954,0.8604163439046877,0.6258751307688859,0.15075567228888181,0.8726749181431855,0.8807198713862299,0.6258751307688859,0.15075567228888181,0.6752750750204601,0.8442760942760943,0.623040283628226
0.15075567228888181,0.8586773789148429,0.8642666297553951,0.6303717556558339,0.15075567228888181,0.8717460464900263,0.8892871383690129,0.6303717556558339,0.15075567228888181,0.6668182231517686,0.8396464646464646,0.6242057651064369
0.15075567228888181,0.8561939435813067,0.8892309460375835,0.6240337285252332,0.15075567228888181,0.8758563035552562,0.9001567035864042,0.6240337285252332,0.15075567228888181,0.669728107665727,0.835016835016835,0.6091207129859838
0.15075567228888181,0.8550161483939545,0.8767206917307746,0.6240369744753724,0.15075567228888181,0.8765065137124678,0.8978909144936849,0.6240369744753724,0.15075567228888181,0.6689097026461762,0.8365600448933782,0.613888080841265
0.15075567228888181,0.8474675555470781,0.8938917348382296,0.6249253314231331,0.15075567228888181,0.8645240693867124,0.907175982953088,0.6249253314231331,0.15075567228888181,0.6737291988724198,0.8257575757575757,0.6242057651064369
0.15075567228888181,0.8395146073640288,0.8829097849579796,0.6309706659239551,0.15075567228888181,0.8715602721593944,0.9039873062475714,0.6309706659239551,0.15075567228888181,0.692188778757843,0.8442760942760943,0.622630058608041
0.15075567228888181,0.8011991522477118,0.9095344735191258,0.632978647985295,0.15075567228888181,0.8586025125978218,0.9189122434518473,0.632978647985295,0.15075567228888181,0.6796399017913977,0.859287317620651,0.6216002414868085
0.14907119849998599,0.8627642159404005,0.879022989965383,0.6240337285252332,0.14907119849998599,0.8806864361516847,0.8986087159703051,0.6240337285252332,0.14907119849998599,0.6722742566154406,0.835016835016835,0.6091207129859838
0.14907119849998599,0.8618837406092577,0.8891747537061541,0.6240337285252332,0.14907119849998599,0.8776908250702459,0.8931739333616094,0.6240337285252332,0.14907119849998599,0.6781849595344185,0.835016835016835,0.6091207129859838
0.14907119849998599,0.859603910986578,0.8642666297553951,0.6303717556558339,0.14907119849998599,0.8717692682813553,0.8877391507529138,0.6303717556558339,0.14907119849998599,0.6670910248249523,0.8442760942760943,0.6242057651064369
0.14907119849998599,0.8570633594710388,0.8720599029301285,0.6303717556558339,0.14907119849998599,0.8740450038315956,0.8931374242197203,0.6303717556558339,0.14907119849998599,0.672910793852869,0.8427328843995511,0.6242057651064369
0.14907119849998599,0.8559435338972832,0.8728900890696074,0.6303717556558339,0.14907119849998599,0.8734876808397,0.8900611321770624,0.6303717556558339,0.14907119849998599,0.6620896608165864,0.8334736251402918,0.6242057651064369
0.14907119849998599,0.8546926138129431,0.8774946855388241,0.6240369744753724,0.14907119849998599,0.8766922880430996,0.8978909144936849,0.6240369744753724,0.14907119849998599,0.6698190415567882,0.8365600448933782,0.613888080841265
0.14907119849998599,0.8527586148828273,0.8790791822968124,0.6240369744753724,0.14907119849998599,0.876204630425191,0.8978909144936849,0.6240369744753724,0.14907119849998599,0.6707283804674002,0.835016835016835,0.613888080841265
0.14907119849998599,0.8510429072293902,0.8914405427988734,0.6240337285252332,0.14907119849998599,0.8698418596010496,0.9087604797110762,0.6240337285252332,0.14907119849998599,0.6732745294171137,0.819023569023569,0.6091207129859838
0.14907119849998599,0.8462974992196713,0.8961575239309488,0.6164237711221467,0.14907119849998599,0.8798040080811834,0.9149692561278213,0.6164237711221467,0.14907119849998599,0.6840047285623352,0.8535353535353535,0.6078596274766863
0.14907119849998599,0.842515920254197,0.8907789336536825,0.6303717556558339,0.14907119849998599,0.8782017044794835,0.9055914861950998,0.6303717556558339,0.14907119849998599,0.6878239519869055,0.835016835016835,0.6242057651064369
0.14907119849998599,0.8402462067983466,0.8751923873042158,0.6319685571327154,0.14907119849998599,0.8727445835171725,0.9150254484592507,0.6319685571327154,0.14907119849998599,0.6782758934254797,0.8540965207631874,0.6275803253333453
0.14907119849998599,0.8263462185378304,0.8744183934961662,0.6335964371931333,0.14907119849998599,0.8620625595058403,0.895495914785758,0.6335964371931333,0.14907119849998599,0.6805492407020096,0.867003367003367,0.6225726494805688
0.14907119849998599,0.7997425052365408,0.9149692561278213,0.632978647985295,0.14907119849998599,0.8587882869284537,0.9196862372598968,0.632978647985295,0.14907119849998599,0.6809129762662545,0.859287317620651,0.6216002414868085
0.14744195615489714,0.8638012611068202,0.8806074867233712,0.6240337285252332,0.14744195615489714,0.8819636346747788,0.8931739333616094,0.6240337285252332,0.14744195615489714,0.669728107665727,0.8463804713804713,0.6091207129859838
0.14744195615489714,0.8624313893675907,0.8868162631401164,0.6240337285252332,0.14744195615489714,0.8778069340268908,0.8931739333616094,0.6240337285252332,0.14744195615489714,0.6778212239701736,0.8334736251402918,0.6091207129859838
0.14744195615489714,0.8606236874860974,0.8744183934961662,0.6303717556558339,0.14744195615489714,0.8743004435362144,0.8970804115437463,0.6303717556558339,0.14744195615489714,0.660543784668546,0.8396464646464646,0.6242057651064369
0.14744195615489714,0.8579544199954799,0.8751923873042158,0.6303717556558339,0.14744195615489714,0.876204630425191,0.8892871383690129,0.6303717556558339,0.14744195615489714,0.6592707101936892,0.8556397306397306,0.6242057651064369
0.14744195615489714,0.8562672124574413,0.8759663811122653,0.6303717556558339,0.14744195615489714,0.8745791050321622,0.895495914785758,0.6303717556558339,0.14744195615489714,0.6606347185596072,0.835016835016835,0.6242057651064369
0.14744195615489714,0.8541505449184529,0.8862108463263549,0.6287210967267207,0.14744195615489714,0.8765065137124678,0.9103646596586046,0.6287210967267207,0.14744195615489714,0.6623624624897699,0.8494668911335578,0.6242057651064369
0.14744195615489714,0.8523470170500183,0.8774946855388241,0.6303717556558339,0.14744195615489714,0.870724287671551,0.9055914861950998,0.6303717556558339,0.14744195615489714,0.6646358097662999,0.8463804713804713,0.6242057651064369
0.14744195615489714,0.8522942540295272,0.8806271699129115,0.6303717556558339,0.14744195615489714,0.870724287671551,0.8970804115437463,0.6303717556558339,0.14744195615489714,0.6626352641629535,0.8448372615039281,0.6242057651064369
0.14744195615489714,0.8515689367701332,0.8899487475142036,0.6164237711221467,0.14744195615489714,0.8842393702250192,0.9141952623197718,0.6164237711221467,0.14744195615489714,0.6838228607802128,0.8648989898989898,0.6078596274766863
0.14744195615489714,0.8485651358435188,0.8907227413222532,0.6297430350634488,0.14744195615489714,0.8794789030025776,0.9126107655617837,0.6297430350634488,0.14744195615489714,0.6539056106210784,0.8195847362514028,0.6242057651064369
0.14744195615489714,0.838281983304992,0.8782686793468737,0.6319685571327154,0.14744195615489714,0.8733019065090681,0.9150254484592507,0.6319685571327154,0.14744195615489714,0.6789124306629081,0.8540965207631874,0.6275803253333453
0.14586499149789456,0.8611681218619841,0.8798531761048619,0.6303717556558339,0.14586499149789456,0.874950653693426,0.8861546539949255,0.6303717556558339,0.14586499149789456,0.668818768755115,0.8381032547699214,0.6242057651064369
0.14586499149789456,0.8548250314726896,0.8953835301228993,0.6164237711221467,0.14586499149789456,0.8869795416018391,0.9141952623197718,0.6164237711221467,0.14586499149789456,0.6830953896517232,0.8762626262626263,0.6078596274766863
0.14586499149789456,0.8528024546517136,0.8992900083050361,0.6297430350634488,0.14586499149789456,0.8819404128834498,0.9157432499358709,0.6297430350634488,0.14586499149789456,0.6514503955624261,0.8334736251402918,0.6242057651064369
0.14586499149789456,0.8399760639083733,0.8853441510449869,0.6319685571327154,0.14586499149789456,0.8717692682813553,0.9196862372598968,0.6319685571327154,0.14586499149789456,0.6740020005456033,0.8540965207631874,0.6275803253333453
0.14433756729740643,0.861873367813997,0.872833896738178,0.6303717556558339,0.14433756729740643,0.8764136265471518,0.893947927169659,0.6303717556558339,0.14433756729740643,0.6651814131126671,0.8396464646464646,0.6242057651064369
0.14433756729740643,0.8539429600079221,0.8806271699129115,0.6303717556558339,0.14433756729740643,0.874764879362794,0.8947219209777085,0.6303717556558339,0.14433756729740643,0.6630899336182595,0.8463804713804713,0.6242057651064369
0.14433756729740643,0.8525714367702868,0.8845701572369373,0.6303717556558339,0.14433756729740643,0.8718389336553422,0.9040996909104301,0.6303717556558339,0.14433756729740643,0.66008911521324,0.8242143658810326,0.6242057651064369
0.14285714285714285,0.8619089429494878,0.8790791822968124,0.6303717556558339,0.14285714285714285,0.8754150895200056,0.8885131445609633,0.6303717556558339,0.14285714285714285,0.6681822315176866,0.8448372615039281,0.6242057651064369
0.14285714285714285,0.8613984980187549,0.8806271699129115,0.6303717556558339,0.14285714285714285,0.8767851752084156,0.8885131445609633,0.6303717556558339,0.14285714285714285,0.664181140310994,0.8396464646464646,0.6242057651064369
0.14285714285714285,0.8457083293326327,0.9000640021130857,0.6297430350634488,0.14285714285714285,0.8823119615447136,0.9118929640851634,0.6297430350634488,0.14285714285714285,0.6530872056015277,0.8288439955106621,0.6242057651064369
0.14285714285714285,0.8383937889100764,0.900986889725883,0.6250750998682489,0.14285714285714285,0.8743004435362144,0.9274991936241704,0.6250750998682489,0.14285714285714285,0.6850959352550695,0.8778058361391694,0.6105077502093085
0.1414213562373095,0.8628090531200273,0.8806271699129115,0.6303717556558339,0.1414213562373095,0.8779462647748647,0.8892871383690129,0.6303717556558339,0.1414213562373095,0.6653632808947895,0.8396464646464646,0.6242057651064369
0.1414213562373095,0.8394603967196037,0.9141952623197718,0.6269456034166434,0.1414213562373095,0.8808722104823166,0.9189122434518473,0.6269456034166434,0.1414213562373095,0.6549968173138129,0.8515712682379348,0.6242057651064369
