
OPTIMIZING ON FOLD NUMBER 1
Number of workers = 80

COMPUTING LOCAL ACTIVE FEATURES
Computing active features for view clinic
Existing features: 12
Applying union strategy for feature selection using composite feature selector with
categorical: feature selector any na and anova
survival: feature selector Cox

Computing active features for outcome survival
Features selected for this outcome: 3
Features active in total: 3
Computing feature importance
Running optimizer

CREATING INNER FOLDS

ASSIGNING STRATA FOR MULTI-OUTCOME DATA KIRC_MV
Assigning strata for outcome named survival of type survival
Counts:
censored 0: 55
censored 1: 124
deceased 0: 35
deceased 1: 35

RUNNING GENETIC ALGORITHM
   	     	         	        	   survival SKSurv Cox model concordance index   	             root leanness              
   	     	         	        	-------------------------------------------------	----------------------------------------
gen	evals	gen_feats	explored	min	avg     	max     	std                  	min	avg     	max	std     
0  	500  	3        	3       	0.5	0.666687	0.760016	0.102327             	0.5	0.694689	1  	0.192546
1  	992  	3        	3       	0.5	0.670956	0.760016	0.0932544            	0.5	0.691975	1  	0.174652
2  	992  	3        	3       	0.5	0.670742	0.760016	0.09305              	0.5	0.69113 	1  	0.174182
3  	992  	3        	3       	0.5	0.670731	0.760016	0.090583             	0.5	0.692348	1  	0.169766
4  	992  	3        	3       	0.5	0.67042 	0.760016	0.0927172            	0.5	0.691477	1  	0.173279
5  	992  	3        	3       	0.5	0.671434	0.760016	0.0929606            	0.5	0.690611	1  	0.174327
6  	992  	3        	3       	0.5	0.67146 	0.760016	0.0912805            	0.5	0.691327	1  	0.170978
7  	992  	3        	3       	0.5	0.670188	0.760016	0.0927923            	0.5	0.692063	1  	0.173825
8  	992  	3        	3       	0.5	0.670647	0.760016	0.0935977            	0.5	0.692252	1  	0.175464
9  	992  	3        	3       	0.5	0.669787	0.760016	0.0911285            	0.5	0.693729	1  	0.170995
10 	992  	3        	3       	0.5	0.670507	0.760016	0.0923137            	0.5	0.691632	1  	0.173142
11 	992  	3        	3       	0.5	0.670299	0.760016	0.0925542            	0.5	0.693311	1  	0.173647
12 	992  	3        	3       	0.5	0.672089	0.760016	0.0912844            	0.5	0.689339	1  	0.17072 
13 	992  	3        	3       	0.5	0.671296	0.760016	0.0914772            	0.5	0.691482	1  	0.17084 
14 	992  	3        	3       	0.5	0.670243	0.760016	0.0904239            	0.5	0.692436	1  	0.168914
15 	992  	3        	3       	0.5	0.670671	0.760016	0.0911741            	0.5	0.69226 	1  	0.170613
16 	992  	3        	3       	0.5	0.670887	0.760016	0.0918935            	0.5	0.691653	1  	0.171607
17 	992  	3        	3       	0.5	0.67049 	0.760016	0.0920157            	0.5	0.691825	1  	0.17237 
18 	992  	3        	3       	0.5	0.673286	0.760016	0.0902013            	0.5	0.687941	1  	0.168535
19 	992  	3        	3       	0.5	0.671024	0.760016	0.0924923            	0.5	0.690682	1  	0.172602
20 	992  	3        	3       	0.5	0.669575	0.760016	0.0931417            	0.5	0.694068	1  	0.174936
21 	992  	3        	3       	0.5	0.67204 	0.760016	0.0912749            	0.5	0.689598	1  	0.170648
22 	992  	3        	3       	0.5	0.672114	0.760016	0.0908648            	0.5	0.689946	1  	0.169729
23 	992  	3        	3       	0.5	0.671198	0.760016	0.0931835            	0.5	0.691235	1  	0.174244
24 	992  	3        	3       	0.5	0.670818	0.760016	0.0919542            	0.5	0.691134	1  	0.171756
25 	992  	3        	3       	0.5	0.67017 	0.760016	0.0923412            	0.5	0.691394	1  	0.171682
26 	992  	3        	3       	0.5	0.669539	0.760016	0.092135             	0.5	0.692863	1  	0.172068
27 	992  	3        	3       	0.5	0.672035	0.760016	0.0907794            	0.5	0.689841	1  	0.169664
28 	992  	3        	3       	0.5	0.670128	0.760016	0.0922446            	0.5	0.693294	1  	0.172752
29 	992  	3        	3       	0.5	0.670356	0.760016	0.0917312            	0.5	0.691653	1  	0.171607
30 	992  	3        	3       	0.5	0.670389	0.760016	0.0932776            	0.5	0.69234 	1  	0.17464 
31 	992  	3        	3       	0.5	0.669703	0.760016	0.0921444            	0.5	0.693449	1  	0.172614
32 	992  	3        	3       	0.5	0.671814	0.760016	0.0910578            	0.5	0.690532	1  	0.170292
33 	992  	3        	3       	0.5	0.670499	0.760016	0.0916966            	0.5	0.693537	1  	0.171775
34 	992  	3        	3       	0.5	0.66954 	0.760016	0.0920974            	0.5	0.693813	1  	0.172598
35 	992  	3        	3       	0.5	0.669497	0.760016	0.0921196            	0.5	0.694487	1  	0.172302
36 	992  	3        	3       	0.5	0.670789	0.760016	0.0919284            	0.5	0.691289	1  	0.171618
37 	992  	3        	3       	0.5	0.669953	0.760016	0.0937473            	0.5	0.69208 	1  	0.174714
38 	992  	3        	3       	0.5	0.670127	0.760016	0.0918089            	0.5	0.692432	1  	0.171381
39 	992  	3        	3       	0.5	0.670367	0.760016	0.0910443            	0.5	0.692934	1  	0.17032 
40 	992  	3        	3       	0.5	0.671944	0.760016	0.0921624            	0.5	0.690787	1  	0.172666
41 	992  	3        	3       	0.5	0.669686	0.760016	0.0925057            	0.5	0.69388 	1  	0.173294
42 	992  	3        	3       	0.5	0.669923	0.760016	0.0919478            	0.5	0.691913	1  	0.171532
43 	992  	3        	3       	0.5	0.670271	0.760016	0.0931362            	0.5	0.691909	1  	0.173961
44 	992  	3        	3       	0.5	0.671265	0.760016	0.0914907            	0.5	0.691394	1  	0.171682
45 	992  	3        	3       	0.5	0.670148	0.760016	0.0922646            	0.5	0.693294	1  	0.172752
46 	992  	3        	3       	0.5	0.671355	0.760016	0.0906111            	0.5	0.69062 	1  	0.169444
47 	992  	3        	3       	0.5	0.670477	0.760016	0.0917004            	0.5	0.692172	1  	0.171457
48 	992  	3        	3       	0.5	0.670176	0.760016	0.0911664            	0.5	0.692156	1  	0.17055 
49 	992  	3        	3       	0.5	0.670649	0.760016	0.0930488            	0.5	0.691649	1  	0.174035
50 	992  	3        	3       	0.5	0.67154 	0.760016	0.0906876            	0.5	0.691724	1  	0.169855
51 	992  	3        	3       	0.5	0.671451	0.760016	0.092084             	0.5	0.690096	1  	0.172048
52 	992  	3        	3       	0.5	0.670674	0.760016	0.0928814            	0.5	0.69139 	1  	0.174109
53 	992  	3        	3       	0.5	0.669939	0.760016	0.0932136            	0.5	0.692859	1  	0.17449 
54 	992  	3        	3       	0.5	0.670788	0.760016	0.0925248            	0.5	0.691842	1  	0.173267
55 	992  	3        	3       	0.5	0.671153	0.760016	0.0920418            	0.5	0.691461	1  	0.172382
56 	992  	3        	3       	0.5	0.671358	0.760016	0.0925649            	0.5	0.690594	1  	0.173435
57 	992  	3        	3       	0.5	0.67089 	0.760016	0.0916372            	0.5	0.692018	1  	0.171595
58 	992  	3        	3       	0.5	0.670999	0.760016	0.089535             	0.5	0.691679	1  	0.167572
59 	992  	3        	3       	0.5	0.670475	0.760016	0.0905518            	0.5	0.692591	1  	0.168773
60 	992  	3        	3       	0.5	0.670939	0.760016	0.0927191            	0.5	0.691477	1  	0.173279
61 	992  	3        	3       	0.5	0.670476	0.760016	0.0931539            	0.5	0.692235	1  	0.174578
62 	992  	3        	3       	0.5	0.670608	0.760016	0.0925347            	0.5	0.693101	1  	0.173524
63 	992  	3        	3       	0.5	0.67075 	0.760016	0.0922571            	0.5	0.691306	1  	0.172519
64 	992  	3        	3       	0.5	0.671316	0.760016	0.0909893            	0.5	0.69131 	1  	0.170069
65 	992  	3        	3       	0.5	0.670725	0.760016	0.0916861            	0.5	0.692327	1  	0.171318
66 	992  	3        	3       	0.5	0.671466	0.760016	0.092359             	0.5	0.689991	1  	0.171984
67 	992  	3        	3       	0.5	0.669254	0.760016	0.0911686            	0.5	0.693039	1  	0.170383
68 	992  	3        	3       	0.5	0.67036 	0.760016	0.0917485            	0.5	0.692968	1  	0.172131
69 	992  	3        	3       	0.5	0.669901	0.760016	0.0918179            	0.5	0.693642	1  	0.171837
70 	992  	3        	3       	0.5	0.66995 	0.760016	0.0932331            	0.5	0.693118	1  	0.174415
71 	992  	3        	3       	0.5	0.671348	0.760016	0.0897008            	0.5	0.692629	1  	0.168122
72 	992  	3        	3       	0.5	0.669796	0.760016	0.0931522            	0.5	0.693118	1  	0.174415
73 	992  	3        	3       	0.5	0.670703	0.760016	0.0944268            	0.5	0.690866	1  	0.176646
74 	992  	3        	3       	0.5	0.670096	0.760016	0.0922725            	0.5	0.692344	1  	0.17222 
75 	992  	3        	3       	0.5	0.670055	0.760016	0.092786             	0.5	0.692687	1  	0.173737
76 	992  	3        	3       	0.5	0.669309	0.760016	0.0935181            	0.5	0.693704	1  	0.174952
77 	992  	3        	3       	0.5	0.671158	0.760016	0.0921687            	0.5	0.692256	1  	0.173056
78 	992  	3        	3       	0.5	0.671342	0.760016	0.0936226            	0.5	0.689849	1  	0.175427
79 	992  	3        	3       	0.5	0.672027	0.760016	0.092892             	0.5	0.688451	1  	0.173306
80 	992  	3        	3       	0.5	0.670941	0.760016	0.0919948            	0.5	0.690875	1  	0.171829
81 	992  	3        	3       	0.5	0.671101	0.760016	0.0933543            	0.5	0.691666	1  	0.174924
82 	992  	3        	3       	0.5	0.670596	0.760016	0.0923145            	0.5	0.692361	1  	0.173118
83 	992  	3        	3       	0.5	0.66987 	0.760016	0.0941945            	0.5	0.692164	1  	0.176284
84 	992  	3        	3       	0.5	0.668918	0.760016	0.0934138            	0.5	0.693637	1  	0.174262
85 	992  	3        	3       	0.5	0.67068 	0.760016	0.0928617            	0.5	0.691632	1  	0.173142
86 	992  	3        	3       	0.5	0.670445	0.760016	0.0932882            	0.5	0.69208 	1  	0.174714
87 	992  	3        	3       	0.5	0.670189	0.760016	0.0915717            	0.5	0.692846	1  	0.171165
88 	992  	3        	3       	0.5	0.672128	0.760016	0.0917999            	0.5	0.689511	1  	0.171489
89 	992  	3        	3       	0.5	0.671377	0.760016	0.0921035            	0.5	0.690875	1  	0.171829
90 	992  	3        	3       	0.5	0.670655	0.760016	0.0926178            	0.5	0.692256	1  	0.173056
91 	992  	3        	3       	0.5	0.669318	0.760016	0.0925803            	0.5	0.692603	1  	0.172145
92 	992  	3        	3       	0.5	0.670518	0.760016	0.0903325            	0.5	0.692955	1  	0.168759
93 	992  	3        	3       	0.5	0.669698	0.760016	0.091725             	0.5	0.693901	1  	0.17176 
94 	992  	3        	3       	0.5	0.671506	0.760016	0.0901366            	0.5	0.691486	1  	0.168366
95 	992  	3        	3       	0.5	0.670734	0.760016	0.0925802            	0.5	0.691218	1  	0.173352
96 	992  	3        	3       	0.5	0.671368	0.760016	0.0915315            	0.5	0.690117	1  	0.170503
97 	992  	3        	3       	0.5	0.670261	0.760016	0.0918563            	0.5	0.691758	1  	0.17167 
98 	992  	3        	3       	0.5	0.669772	0.760016	0.0922623            	0.5	0.693018	1  	0.17193 
99 	992  	3        	3       	0.5	0.670926	0.760016	0.0922309            	0.5	0.69172 	1  	0.172308
100	992  	3        	3       	0.5	0.670178	0.760016	0.0931516            	0.5	0.692494	1  	0.174504
101	992  	3        	3       	0.5	0.670838	0.760016	0.09108              	0.5	0.692089	1  	0.169843
102	992  	3        	3       	0.5	0.670633	0.760016	0.0926805            	0.5	0.692687	1  	0.173737
103	992  	3        	3       	0.5	0.670705	0.760016	0.0931978            	0.5	0.69139 	1  	0.174109
104	992  	3        	3       	0.5	0.670668	0.760016	0.0920827            	0.5	0.691913	1  	0.171532
105	992  	3        	3       	0.5	0.671021	0.760016	0.0921413            	0.5	0.69172 	1  	0.172308
106	992  	3        	3       	0.5	0.671405	0.760016	0.0916724            	0.5	0.690875	1  	0.171829
107	992  	3        	3       	0.5	0.670513	0.760016	0.0916856            	0.5	0.692068	1  	0.171394
108	992  	3        	3       	0.5	0.671628	0.760016	0.0914467            	0.5	0.690703	1  	0.171062
109	992  	3        	3       	0.5	0.670702	0.760016	0.0933693            	0.5	0.691302	1  	0.174935
110	992  	3        	3       	0.5	0.669715	0.760016	0.0928621            	0.5	0.692428	1  	0.173812
111	992  	3        	3       	0.5	0.670835	0.760016	0.0925294            	0.5	0.691737	1  	0.173205
112	992  	3        	3       	0.5	0.673091	0.760016	0.0912104            	0.5	0.689234	1  	0.170655
113	992  	3        	3       	0.5	0.670341	0.760016	0.0933704            	0.5	0.692235	1  	0.174578
114	992  	3        	3       	0.5	0.670339	0.760016	0.0932186            	0.5	0.69208 	1  	0.174714
115	992  	3        	3       	0.5	0.670872	0.760016	0.0919954            	0.5	0.692603	1  	0.172145
116	992  	3        	3       	0.5	0.670418	0.760016	0.0930773            	0.5	0.691909	1  	0.173961
117	992  	3        	3       	0.5	0.671648	0.760016	0.0906211            	0.5	0.691829	1  	0.169918
118	992  	3        	3       	0.5	0.671261	0.760016	0.0932409            	0.5	0.691302	1  	0.174935
119	992  	3        	3       	0.5	0.671031	0.760016	0.0932184            	0.5	0.69113 	1  	0.174182
120	992  	3        	3       	0.5	0.671488	0.760016	0.091255             	0.5	0.689946	1  	0.169729
121	992  	3        	3       	0.5	0.672322	0.760016	0.0907559            	0.5	0.689322	1  	0.169809
122	992  	3        	3       	0.5	0.672633	0.760016	0.0912644            	0.5	0.688887	1  	0.171567
123	992  	3        	3       	0.5	0.670636	0.760016	0.0917625            	0.5	0.691913	1  	0.171532
124	992  	3        	3       	0.5	0.670284	0.760016	0.092036             	0.5	0.692018	1  	0.171595
125	992  	3        	3       	0.5	0.671254	0.760016	0.0917527            	0.5	0.691134	1  	0.171756
126	992  	3        	3       	0.5	0.670701	0.760016	0.0938643            	0.5	0.691473	1  	0.175684
127	992  	3        	3       	0.5	0.671249	0.760016	0.0911008            	0.5	0.69131 	1  	0.170069
128	992  	3        	3       	0.5	0.672689	0.760016	0.0898199            	0.5	0.689586	1  	0.167246
129	992  	3        	3       	0.5	0.671536	0.760016	0.0922596            	0.5	0.689682	1  	0.172256
130	992  	3        	3       	0.5	0.669834	0.760016	0.0930184            	0.5	0.693273	1  	0.174278
131	992  	3        	3       	0.5	0.670932	0.760016	0.0922175            	0.5	0.691306	1  	0.172519
132	992  	3        	3       	0.5	0.67061 	0.760016	0.0924928            	0.5	0.69262 	1  	0.173043
133	992  	3        	3       	0.5	0.670685	0.760016	0.0922386            	0.5	0.692775	1  	0.172905
134	992  	3        	3       	0.5	0.671447	0.760016	0.0917673            	0.5	0.691499	1  	0.171745
135	992  	3        	3       	0.5	0.670773	0.760016	0.0920658            	0.5	0.692344	1  	0.17222 
136	992  	3        	3       	0.5	0.672346	0.760016	0.0920227            	0.5	0.689146	1  	0.171496
137	992  	3        	3       	0.5	0.670629	0.760016	0.0934888            	0.5	0.692771	1  	0.175315
138	992  	3        	3       	0.5	0.670558	0.760016	0.0920461            	0.5	0.691825	1  	0.17237 
139	992  	3        	3       	0.5	0.671522	0.760016	0.0922652            	0.5	0.691306	1  	0.172519
140	992  	3        	3       	0.5	0.670339	0.760016	0.0923309            	0.5	0.69293 	1  	0.172767
141	992  	3        	3       	0.5	0.669693	0.760016	0.0927183            	0.5	0.693035	1  	0.172829
142	992  	3        	3       	0.5	0.670658	0.760016	0.0930194            	0.5	0.69139 	1  	0.174109
143	992  	3        	3       	0.5	0.670595	0.760016	0.0927798            	0.5	0.692428	1  	0.173812
144	992  	3        	3       	0.5	0.670474	0.760016	0.0920129            	0.5	0.693139	1  	0.172891
145	992  	3        	3       	0.5	0.672116	0.760016	0.0912686            	0.5	0.689234	1  	0.170655
146	992  	3        	3       	0.5	0.669817	0.760016	0.0936012            	0.5	0.692771	1  	0.175315
147	992  	3        	3       	0.5	0.670614	0.760016	0.0920567            	0.5	0.691565	1  	0.172445
148	992  	3        	3       	0.5	0.671157	0.760016	0.0917327            	0.5	0.691394	1  	0.171682
149	992  	3        	3       	0.5	0.671395	0.760016	0.0923106            	0.5	0.691201	1  	0.172456
150	992  	3        	3       	0.5	0.670801	0.760016	0.0919892            	0.5	0.691499	1  	0.171745
151	992  	3        	3       	0.5	0.6687  	0.760016	0.0930561            	0.5	0.69457 	1  	0.173892
152	992  	3        	3       	0.5	0.670411	0.760016	0.0930396            	0.5	0.692859	1  	0.17449 
153	992  	3        	3       	0.5	0.672148	0.760016	0.0915522            	0.5	0.690184	1  	0.171209
154	992  	3        	3       	0.5	0.668697	0.760016	0.092941             	0.5	0.693466	1  	0.173509
155	992  	3        	3       	0.5	0.670287	0.760016	0.0927721            	0.5	0.692842	1  	0.1736  
156	992  	3        	3       	0.5	0.669742	0.760016	0.0916135            	0.5	0.692691	1  	0.171305
157	992  	3        	3       	0.5	0.670037	0.760016	0.0926407            	0.5	0.693101	1  	0.173524
158	992  	3        	3       	0.5	0.671963	0.760016	0.0892867            	0.5	0.691315	1  	0.167583
159	992  	3        	3       	0.5	0.670839	0.760016	0.0931659            	0.5	0.691716	1  	0.174726
160	992  	3        	3       	0.5	0.672067	0.760016	0.0915358            	0.5	0.689389	1  	0.170518
161	992  	3        	3       	0.5	0.67034 	0.760016	0.0927033            	0.5	0.693051	1  	0.173723
162	992  	3        	3       	0.5	0.670946	0.760016	0.092911             	0.5	0.691649	1  	0.174035
163	992  	3        	3       	0.5	0.671524	0.760016	0.0930286            	0.5	0.690871	1  	0.174254
164	992  	3        	3       	0.5	0.670281	0.760016	0.0922708            	0.5	0.69267 	1  	0.172843
165	992  	3        	3       	0.5	0.669995	0.760016	0.0916792            	0.5	0.693123	1  	0.171992
166	992  	3        	3       	0.5	0.67093 	0.760016	0.0917444            	0.5	0.692863	1  	0.172068
167	992  	3        	3       	0.5	0.670635	0.760016	0.0924585            	0.5	0.692256	1  	0.173056
168	992  	3        	3       	0.5	0.669665	0.760016	0.0919108            	0.5	0.693018	1  	0.17193 
169	992  	3        	3       	0.5	0.6698  	0.760016	0.0918324            	0.5	0.693018	1  	0.17193 
170	992  	3        	3       	0.5	0.671086	0.760016	0.0942746            	0.5	0.69149 	1  	0.176564
171	992  	3        	3       	0.5	0.670366	0.760016	0.0917371            	0.5	0.691499	1  	0.171745
172	992  	3        	3       	0.5	0.671073	0.760016	0.0911279            	0.5	0.690896	1  	0.170282
173	992  	3        	3       	0.5	0.670833	0.760016	0.0914804            	0.5	0.692432	1  	0.171381
174	992  	3        	3       	0.5	0.668619	0.760016	0.0913965            	0.5	0.693298	1  	0.170306
175	992  	3        	3       	0.5	0.669895	0.760016	0.0924299            	0.5	0.692084	1  	0.172296
176	992  	3        	3       	0.5	0.671608	0.760016	0.0917615            	0.5	0.690615	1  	0.171903
177	992  	3        	3       	0.5	0.670256	0.760016	0.093098             	0.5	0.692859	1  	0.17449 
178	992  	3        	3       	0.5	0.670864	0.760016	0.0925634            	0.5	0.692151	1  	0.172993
179	992  	3        	3       	0.5	0.670217	0.760016	0.0921691            	0.5	0.693708	1  	0.172536
180	992  	3        	3       	0.5	0.670348	0.760016	0.0925644            	0.5	0.693051	1  	0.173723
181	992  	3        	3       	0.5	0.669888	0.760016	0.0931489            	0.5	0.692754	1  	0.174429
182	992  	3        	3       	0.5	0.670004	0.760016	0.0932249            	0.5	0.692599	1  	0.174565
183	992  	3        	3       	0.5	0.669513	0.760016	0.0929143            	0.5	0.692532	1  	0.173874
184	992  	3        	3       	0.5	0.671522	0.760016	0.091518             	0.5	0.690444	1  	0.171136
185	992  	3        	3       	0.5	0.670445	0.760016	0.0922004            	0.5	0.692449	1  	0.172283
186	992  	3        	3       	0.5	0.671127	0.760016	0.091693             	0.5	0.691134	1  	0.171756
187	992  	3        	3       	0.5	0.67209 	0.760016	0.0927581            	0.5	0.689816	1  	0.17365 
188	992  	3        	3       	0.5	0.670421	0.760016	0.0928542            	0.5	0.692532	1  	0.173874
189	992  	3        	3       	0.5	0.672691	0.760016	0.0904614            	0.5	0.68915 	1  	0.169031
190	992  	3        	3       	0.5	0.670477	0.760016	0.0919381            	0.5	0.693018	1  	0.17193 
191	992  	3        	3       	0.5	0.670294	0.760016	0.0918723            	0.5	0.693382	1  	0.171915
192	992  	3        	3       	0.5	0.671065	0.760016	0.0931008            	0.5	0.692599	1  	0.174565
193	992  	3        	3       	0.5	0.669841	0.760016	0.0928139            	0.5	0.692687	1  	0.173737
194	992  	3        	3       	0.5	0.670935	0.760016	0.0930303            	0.5	0.69139 	1  	0.174109
195	992  	3        	3       	0.5	0.671975	0.760016	0.0923581            	0.5	0.689644	1  	0.17289 
196	992  	3        	3       	0.5	0.671267	0.760016	0.0922078            	0.5	0.690787	1  	0.172666
197	992  	3        	3       	0.5	0.671346	0.760016	0.0927205            	0.5	0.691909	1  	0.173961
198	992  	3        	3       	0.5	0.670459	0.760016	0.0912614            	0.5	0.69157 	1  	0.169994
199	992  	3        	3       	0.5	0.669541	0.760016	0.090627             	0.5	0.693751	1  	0.16944 
200	992  	3        	3       	0.5	0.670133	0.760016	0.0910532            	0.5	0.692934	1  	0.17032 
201	992  	3        	3       	0.5	0.66974 	0.760016	0.0911753            	0.5	0.693298	1  	0.170306
202	992  	3        	3       	0.5	0.670312	0.760016	0.0937429            	0.5	0.692771	1  	0.175315
203	992  	3        	3       	0.5	0.669287	0.760016	0.0925127            	0.5	0.69457 	1  	0.173892
204	992  	3        	3       	0.5	0.670376	0.760016	0.0923572            	0.5	0.692775	1  	0.172905
205	992  	3        	3       	0.5	0.670498	0.760016	0.0926631            	0.5	0.691842	1  	0.173267
206	992  	3        	3       	0.5	0.670881	0.760016	0.0916314            	0.5	0.692172	1  	0.171457
207	992  	3        	3       	0.5	0.670654	0.760016	0.0908844            	0.5	0.692675	1  	0.170397
208	992  	3        	3       	0.5	0.671774	0.760016	0.0932149            	0.5	0.688363	1  	0.174134
209	992  	3        	3       	0.5	0.670052	0.760016	0.0922081            	0.5	0.693449	1  	0.172614
210	992  	3        	3       	0.5	0.671601	0.760016	0.0915294            	0.5	0.691394	1  	0.171682
211	992  	3        	3       	0.5	0.671232	0.760016	0.0920912            	0.5	0.691461	1  	0.172382
212	992  	3        	3       	0.5	0.668932	0.760016	0.0924799            	0.5	0.693968	1  	0.172459
213	992  	3        	3       	0.5	0.670632	0.760016	0.0938867            	0.5	0.691904	1  	0.176357
214	992  	3        	3       	0.5	0.669059	0.760016	0.0919827            	0.5	0.694227	1  	0.172381
215	992  	3        	3       	0.5	0.669675	0.760016	0.0934156            	0.5	0.693444	1  	0.175028
216	992  	3        	3       	0.5	0.671034	0.760016	0.0930031            	0.5	0.690544	1  	0.173634
217	992  	3        	3       	0.5	0.671319	0.760016	0.0905826            	0.5	0.691829	1  	0.169918
218	992  	3        	3       	0.5	0.672058	0.760016	0.0923271            	0.5	0.690113	1  	0.172946
219	992  	3        	3       	0.5	0.670757	0.760016	0.0927584            	0.5	0.691477	1  	0.173279
220	992  	3        	3       	0.5	0.669331	0.760016	0.0931852            	0.5	0.693378	1  	0.174339
221	992  	3        	3       	0.5	0.670208	0.760016	0.091017             	0.5	0.692089	1  	0.169843
222	992  	3        	3       	0.5	0.670321	0.760016	0.0917543            	0.5	0.692327	1  	0.171318
223	992  	3        	3       	0.5	0.670916	0.760016	0.0918837            	0.5	0.691394	1  	0.171682
224	992  	3        	3       	0.5	0.672581	0.760016	0.0915032            	0.5	0.688975	1  	0.170726
225	992  	3        	3       	0.5	0.670399	0.760016	0.0927273            	0.5	0.691737	1  	0.173205
226	992  	3        	3       	0.5	0.670461	0.760016	0.0924978            	0.5	0.692256	1  	0.173056
227	992  	3        	3       	0.5	0.671579	0.760016	0.0917716            	0.5	0.690875	1  	0.171829
228	992  	3        	3       	0.5	0.669878	0.760016	0.0928476            	0.5	0.691323	1  	0.173415
229	992  	3        	3       	0.5	0.671185	0.760016	0.0932972            	0.5	0.69113 	1  	0.174182
230	992  	3        	3       	0.5	0.670973	0.760016	0.0908572            	0.5	0.692089	1  	0.169843
231	992  	3        	3       	0.5	0.669216	0.760016	0.0930049            	0.5	0.693637	1  	0.174262
232	992  	3        	3       	0.5	0.671109	0.760016	0.0905855            	0.5	0.691762	1  	0.169208
233	992  	3        	3       	0.5	0.672981	0.760016	0.0921557            	0.5	0.688522	1  	0.171572
234	992  	3        	3       	0.5	0.670619	0.760016	0.0924948            	0.5	0.690096	1  	0.172048
235	992  	3        	3       	0.5	0.670901	0.760016	0.0924145            	0.5	0.691892	1  	0.173068
236	992  	3        	3       	0.5	0.671041	0.760016	0.0934282            	0.5	0.691561	1  	0.174862
237	992  	3        	3       	0.5	0.670962	0.760016	0.091977             	0.5	0.691825	1  	0.17237 
238	992  	3        	3       	0.5	0.670538	0.760016	0.0911268            	0.5	0.692675	1  	0.170397
239	992  	3        	3       	0.5	0.670403	0.760016	0.0912505            	0.5	0.691829	1  	0.169918
240	992  	3        	3       	0.5	0.670367	0.760016	0.092077             	0.5	0.693035	1  	0.172829
241	992  	3        	3       	0.5	0.669715	0.760016	0.0918308            	0.5	0.693537	1  	0.171775
242	992  	3        	3       	0.5	0.669956	0.760016	0.0913035            	0.5	0.692951	1  	0.171228
243	992  	3        	3       	0.5	0.670762	0.760016	0.0930345            	0.5	0.691025	1  	0.174119
244	992  	3        	3       	0.5	0.671844	0.760016	0.0905733            	0.5	0.690205	1  	0.169656
245	992  	3        	3       	0.5	0.671212	0.760016	0.09201              	0.5	0.69072 	1  	0.171966
246	992  	3        	3       	0.5	0.669513	0.760016	0.0915132            	0.5	0.693365	1  	0.171011
247	992  	3        	3       	0.5	0.670639	0.760016	0.0920108            	0.5	0.692449	1  	0.172283
248	992  	3        	3       	0.5	0.670603	0.760016	0.0930578            	0.5	0.692168	1  	0.173887
249	992  	3        	3       	0.5	0.670493	0.760016	0.0924032            	0.5	0.692361	1  	0.173118
250	992  	3        	3       	0.5	0.670788	0.760016	0.0921571            	0.5	0.691565	1  	0.172445
251	992  	3        	3       	0.5	0.669586	0.760016	0.0923158            	0.5	0.692863	1  	0.172068
252	992  	3        	3       	0.5	0.67153 	0.760016	0.0934907            	0.5	0.690937	1  	0.174945
253	992  	3        	3       	0.5	0.669891	0.760016	0.0925502            	0.5	0.691825	1  	0.17237 
254	992  	3        	3       	0.5	0.671424	0.760016	0.0905491            	0.5	0.691139	1  	0.169295
255	992  	3        	3       	0.5	0.670086	0.760016	0.0928255            	0.5	0.692947	1  	0.173661
256	992  	3        	3       	0.5	0.671355	0.760016	0.0908431            	0.5	0.690896	1  	0.170282
257	992  	3        	3       	0.5	0.670436	0.760016	0.0917436            	0.5	0.692603	1  	0.172145
258	992  	3        	3       	0.5	0.670203	0.760016	0.0924014            	0.5	0.69262 	1  	0.173043
259	992  	3        	3       	0.5	0.66986 	0.760016	0.0909531            	0.5	0.692089	1  	0.169843
260	992  	3        	3       	0.5	0.670932	0.760016	0.0914149            	0.5	0.692537	1  	0.171444
261	992  	3        	3       	0.5	0.670389	0.760016	0.093104             	0.5	0.692235	1  	0.174578
262	992  	3        	3       	0.5	0.671206	0.760016	0.0914078            	0.5	0.691222	1  	0.170914
263	992  	3        	3       	0.5	0.670162	0.760016	0.0914515            	0.5	0.693056	1  	0.17129 
264	992  	3        	3       	0.5	0.671393	0.760016	0.0924365            	0.5	0.690787	1  	0.172666
265	992  	3        	3       	0.5	0.671148	0.760016	0.0920607            	0.5	0.69172 	1  	0.172308
266	992  	3        	3       	0.5	0.671322	0.760016	0.0918699            	0.5	0.690703	1  	0.171062
267	992  	3        	3       	0.5	0.670535	0.760016	0.0924619            	0.5	0.691411	1  	0.172582
268	992  	3        	3       	0.5	0.671109	0.760016	0.091687             	0.5	0.691549	1  	0.171544
269	992  	3        	3       	0.5	0.669976	0.760016	0.0917465            	0.5	0.692691	1  	0.171305
270	992  	3        	3       	0.5	0.670258	0.760016	0.0926855            	0.5	0.692256	1  	0.173056
271	992  	3        	3       	0.5	0.671988	0.760016	0.0924185            	0.5	0.689854	1  	0.173018
272	992  	3        	3       	0.5	0.669649	0.760016	0.0930193            	0.5	0.692947	1  	0.173661
273	992  	3        	3       	0.5	0.670806	0.760016	0.0931474            	0.5	0.691909	1  	0.173961
274	992  	3        	3       	0.5	0.672682	0.760016	0.0915917            	0.5	0.688732	1  	0.171702
275	992  	3        	3       	0.5	0.670161	0.760016	0.0915868            	0.5	0.692951	1  	0.171228
276	992  	3        	3       	0.5	0.671225	0.760016	0.0927521            	0.5	0.69139 	1  	0.174109
277	992  	3        	3       	0.5	0.672694	0.760016	0.0917602            	0.5	0.689301	1  	0.17136 
278	992  	3        	3       	0.5	0.67096 	0.760016	0.0926563            	0.5	0.691046	1  	0.172593
279	992  	3        	3       	0.5	0.671598	0.760016	0.0933735            	0.5	0.690368	1  	0.175285
280	992  	3        	3       	0.5	0.669423	0.760016	0.0922859            	0.5	0.693294	1  	0.172752
281	992  	3        	3       	0.5	0.669659	0.760016	0.0921               	0.5	0.693537	1  	0.171775
282	992  	3        	3       	0.5	0.670458	0.760016	0.0929485            	0.5	0.691909	1  	0.173961
283	992  	3        	3       	0.5	0.669662	0.760016	0.0925393            	0.5	0.692775	1  	0.172905
284	992  	3        	3       	0.5	0.672003	0.760016	0.091249             	0.5	0.689753	1  	0.170511
285	992  	3        	3       	0.5	0.67053 	0.760016	0.0929972            	0.5	0.690699	1  	0.173498
286	992  	3        	3       	0.5	0.671445	0.760016	0.0909573            	0.5	0.691829	1  	0.169918
287	992  	3        	3       	0.5	0.671896	0.760016	0.090843             	0.5	0.691051	1  	0.170144
288	992  	3        	3       	0.5	0.670889	0.760016	0.0916849            	0.5	0.692344	1  	0.17222 
289	992  	3        	3       	0.5	0.669613	0.760016	0.0914492            	0.5	0.69347 	1  	0.171073
290	992  	3        	3       	0.5	0.67059 	0.760016	0.091898             	0.5	0.691758	1  	0.17167 
291	992  	3        	3       	0.5	0.670806	0.760016	0.0925038            	0.5	0.691892	1  	0.173068
292	992  	3        	3       	0.5	0.671037	0.760016	0.0906276            	0.5	0.690984	1  	0.169434
293	992  	3        	3       	0.5	0.670637	0.760016	0.0919028            	0.5	0.691653	1  	0.171607
294	992  	3        	3       	0.5	0.670974	0.760016	0.0926959            	0.5	0.690804	1  	0.173561
295	992  	3        	3       	0.5	0.669903	0.760016	0.0926204            	0.5	0.693311	1  	0.173647
296	992  	3        	3       	0.5	0.671391	0.760016	0.0916324            	0.5	0.691117	1  	0.170851
297	992  	3        	3       	0.5	0.669172	0.760016	0.0931654            	0.5	0.694311	1  	0.17397 
298	992  	3        	3       	0.5	0.670307	0.760016	0.091757             	0.5	0.693487	1  	0.171977
299	992  	3        	3       	0.5	0.670744	0.760016	0.0930989            	0.5	0.691649	1  	0.174035
Optimization on fold finished in 00-00:17:16

FEATURE SETS SELECTED

PARETO FRONT
Number of solutions = 4
(0.7600160279908033, 0.5) [0_age_at_initial_pathologic_diagnosis, 0_ajcc_pathologic_tumor_stage_Stage I, 0_ajcc_pathologic_tumor_stage_Stage IV]
(0.7455578343625217, 0.5773502691896257) [0_age_at_initial_pathologic_diagnosis, 0_ajcc_pathologic_tumor_stage_Stage IV]
(0.6777402331387106, 0.7071067811865476) [0_ajcc_pathologic_tumor_stage_Stage IV]
(0.5, 1.0) []
Features in hall of fame by prevalence:
[0_ajcc_pathologic_tumor_stage_Stage IV, 0_age_at_initial_pathologic_diagnosis, 0_ajcc_pathologic_tumor_stage_Stage I]

LAST POPULATION
Number of solutions = 500
Features in hall of fame by prevalence:
[0_ajcc_pathologic_tumor_stage_Stage IV, 0_ajcc_pathologic_tumor_stage_Stage I, 0_age_at_initial_pathologic_diagnosis]

BEST SUMS WITH SIZE 50
Number of solutions = 8
(0.5, 1.0) []
(0.6777402331387106, 0.7071067811865476) [0_ajcc_pathologic_tumor_stage_Stage IV]
(0.6737919932979688, 0.7071067811865476) [0_ajcc_pathologic_tumor_stage_Stage I]
(0.7455578343625217, 0.5773502691896257) [0_age_at_initial_pathologic_diagnosis, 0_ajcc_pathologic_tumor_stage_Stage IV]
(0.7317559227601819, 0.5773502691896257) [0_ajcc_pathologic_tumor_stage_Stage I, 0_ajcc_pathologic_tumor_stage_Stage IV]
(0.5965000236525051, 0.7071067811865476) [0_age_at_initial_pathologic_diagnosis]
(0.7020358984153051, 0.5773502691896257) [0_age_at_initial_pathologic_diagnosis, 0_ajcc_pathologic_tumor_stage_Stage I]
(0.7600160279908033, 0.5) [0_age_at_initial_pathologic_diagnosis, 0_ajcc_pathologic_tumor_stage_Stage I, 0_ajcc_pathologic_tumor_stage_Stage IV]
Features in hall of fame by prevalence:
[0_age_at_initial_pathologic_diagnosis, 0_ajcc_pathologic_tumor_stage_Stage I, 0_ajcc_pathologic_tumor_stage_Stage IV]

BEST SUMS WITH SIZE 100
Number of solutions = 8
(0.5, 1.0) []
(0.6777402331387106, 0.7071067811865476) [0_ajcc_pathologic_tumor_stage_Stage IV]
(0.6737919932979688, 0.7071067811865476) [0_ajcc_pathologic_tumor_stage_Stage I]
(0.7455578343625217, 0.5773502691896257) [0_age_at_initial_pathologic_diagnosis, 0_ajcc_pathologic_tumor_stage_Stage IV]
(0.7317559227601819, 0.5773502691896257) [0_ajcc_pathologic_tumor_stage_Stage I, 0_ajcc_pathologic_tumor_stage_Stage IV]
(0.5965000236525051, 0.7071067811865476) [0_age_at_initial_pathologic_diagnosis]
(0.7020358984153051, 0.5773502691896257) [0_age_at_initial_pathologic_diagnosis, 0_ajcc_pathologic_tumor_stage_Stage I]
(0.7600160279908033, 0.5) [0_age_at_initial_pathologic_diagnosis, 0_ajcc_pathologic_tumor_stage_Stage I, 0_ajcc_pathologic_tumor_stage_Stage IV]
Features in hall of fame by prevalence:
[0_age_at_initial_pathologic_diagnosis, 0_ajcc_pathologic_tumor_stage_Stage I, 0_ajcc_pathologic_tumor_stage_Stage IV]
