
OPTIMIZING ON FOLD NUMBER 1
Number of workers = 96

COMPUTING LOCAL ACTIVE FEATURES
Computing active features for view clinic
Existing features: 8
Applying union strategy for feature selection using composite feature selector with
categorical: feature selector any na and anova
survival: feature selector Cox

Computing active features for outcome survival
Features selected for this outcome: 1
Features active in total: 1
Computing active features for view log_mirna
Existing features: 740
Applying union strategy for feature selection using composite feature selector with
categorical: feature selector any na and anova
survival: feature selector Cox

Computing active features for outcome survival
Features selected for this outcome: 312
Features active in total: 312
Computing feature importance
Running optimizer

STARTING 2-STEPS GENETIC ALGORITHM

CREATING INNER FOLDS

ASSIGNING STRATA FOR MULTI-OUTCOME DATA LGG_MV
Assigning strata for outcome named survival of type survival
Counts:
censored 0: 160
censored 1: 93
deceased 0: 39
deceased 1: 37

STARTING SWEEP NUMBER 1
folds_creator_seed = 4107908117

ASSIGNING STRATA FOR MULTI-OUTCOME DATA LGG_MV
Assigning strata for outcome named survival of type survival
Counts:
censored 0: 160
censored 1: 93
deceased 0: 39
deceased 1: 37
ga_runner_seed = 3091794638
VIEW: CLINIC
   	     	         	        	  survival SKSurv Cox model concordance index   	                 root leanness                  
   	     	         	        	------------------------------------------------	------------------------------------------------
gen	evals	gen_feats	explored	min	avg     	max     	std                  	min     	avg     	max	std     
0  	500  	1        	1       	0.5	0.626743	0.750481	0.125231             	0.707107	0.851796	1  	0.146436
1  	253  	1        	1       	0.5	0.62524 	0.750481	0.12524              	0.707107	0.853553	1  	0.146447
2  	254  	1        	1       	0.5	0.62524 	0.750481	0.12524              	0.707107	0.853553	1  	0.146447
3  	234  	1        	1       	0.5	0.62524 	0.750481	0.12524              	0.707107	0.853553	1  	0.146447
4  	251  	1        	1       	0.5	0.62524 	0.750481	0.12524              	0.707107	0.853553	1  	0.146447
5  	257  	1        	1       	0.5	0.62524 	0.750481	0.12524              	0.707107	0.853553	1  	0.146447
6  	243  	1        	1       	0.5	0.62524 	0.750481	0.12524              	0.707107	0.853553	1  	0.146447
7  	253  	1        	1       	0.5	0.62524 	0.750481	0.12524              	0.707107	0.853553	1  	0.146447
8  	249  	1        	1       	0.5	0.62524 	0.750481	0.12524              	0.707107	0.853553	1  	0.146447
9  	249  	1        	1       	0.5	0.62524 	0.750481	0.12524              	0.707107	0.853553	1  	0.146447
10 	259  	1        	1       	0.5	0.62524 	0.750481	0.12524              	0.707107	0.853553	1  	0.146447
11 	258  	1        	1       	0.5	0.62524 	0.750481	0.12524              	0.707107	0.853553	1  	0.146447
12 	253  	1        	1       	0.5	0.62524 	0.750481	0.12524              	0.707107	0.853553	1  	0.146447
13 	255  	1        	1       	0.5	0.62524 	0.750481	0.12524              	0.707107	0.853553	1  	0.146447
14 	244  	1        	1       	0.5	0.62524 	0.750481	0.12524              	0.707107	0.853553	1  	0.146447
15 	248  	1        	1       	0.5	0.62524 	0.750481	0.12524              	0.707107	0.853553	1  	0.146447
16 	259  	1        	1       	0.5	0.62524 	0.750481	0.12524              	0.707107	0.853553	1  	0.146447
17 	245  	1        	1       	0.5	0.62524 	0.750481	0.12524              	0.707107	0.853553	1  	0.146447
18 	247  	1        	1       	0.5	0.62524 	0.750481	0.12524              	0.707107	0.853553	1  	0.146447
19 	230  	1        	1       	0.5	0.62524 	0.750481	0.12524              	0.707107	0.853553	1  	0.146447
20 	230  	1        	1       	0.5	0.62524 	0.750481	0.12524              	0.707107	0.853553	1  	0.146447
21 	241  	1        	1       	0.5	0.62524 	0.750481	0.12524              	0.707107	0.853553	1  	0.146447
22 	247  	1        	1       	0.5	0.62524 	0.750481	0.12524              	0.707107	0.853553	1  	0.146447
23 	255  	1        	1       	0.5	0.62524 	0.750481	0.12524              	0.707107	0.853553	1  	0.146447
24 	241  	1        	1       	0.5	0.62524 	0.750481	0.12524              	0.707107	0.853553	1  	0.146447
25 	232  	1        	1       	0.5	0.62524 	0.750481	0.12524              	0.707107	0.853553	1  	0.146447
26 	249  	1        	1       	0.5	0.62524 	0.750481	0.12524              	0.707107	0.853553	1  	0.146447
27 	213  	1        	1       	0.5	0.62524 	0.750481	0.12524              	0.707107	0.853553	1  	0.146447
28 	258  	1        	1       	0.5	0.62524 	0.750481	0.12524              	0.707107	0.853553	1  	0.146447
29 	253  	1        	1       	0.5	0.62524 	0.750481	0.12524              	0.707107	0.853553	1  	0.146447
30 	238  	1        	1       	0.5	0.62524 	0.750481	0.12524              	0.707107	0.853553	1  	0.146447
31 	250  	1        	1       	0.5	0.62524 	0.750481	0.12524              	0.707107	0.853553	1  	0.146447
32 	242  	1        	1       	0.5	0.62524 	0.750481	0.12524              	0.707107	0.853553	1  	0.146447
33 	246  	1        	1       	0.5	0.62524 	0.750481	0.12524              	0.707107	0.853553	1  	0.146447
34 	256  	1        	1       	0.5	0.62524 	0.750481	0.12524              	0.707107	0.853553	1  	0.146447
35 	264  	1        	1       	0.5	0.62524 	0.750481	0.12524              	0.707107	0.853553	1  	0.146447
36 	245  	1        	1       	0.5	0.62524 	0.750481	0.12524              	0.707107	0.853553	1  	0.146447
37 	258  	1        	1       	0.5	0.62524 	0.750481	0.12524              	0.707107	0.853553	1  	0.146447
38 	251  	1        	1       	0.5	0.62524 	0.750481	0.12524              	0.707107	0.853553	1  	0.146447
39 	244  	1        	1       	0.5	0.62524 	0.750481	0.12524              	0.707107	0.853553	1  	0.146447
40 	235  	1        	1       	0.5	0.62524 	0.750481	0.12524              	0.707107	0.853553	1  	0.146447
41 	253  	1        	1       	0.5	0.62524 	0.750481	0.12524              	0.707107	0.853553	1  	0.146447
42 	259  	1        	1       	0.5	0.62524 	0.750481	0.12524              	0.707107	0.853553	1  	0.146447
43 	232  	1        	1       	0.5	0.62524 	0.750481	0.12524              	0.707107	0.853553	1  	0.146447
44 	249  	1        	1       	0.5	0.62524 	0.750481	0.12524              	0.707107	0.853553	1  	0.146447
45 	246  	1        	1       	0.5	0.62524 	0.750481	0.12524              	0.707107	0.853553	1  	0.146447
46 	228  	1        	1       	0.5	0.62524 	0.750481	0.12524              	0.707107	0.853553	1  	0.146447
47 	252  	1        	1       	0.5	0.62524 	0.750481	0.12524              	0.707107	0.853553	1  	0.146447
48 	244  	1        	1       	0.5	0.62524 	0.750481	0.12524              	0.707107	0.853553	1  	0.146447
49 	257  	1        	1       	0.5	0.62524 	0.750481	0.12524              	0.707107	0.853553	1  	0.146447

ASSIGNING STRATA FOR MULTI-OUTCOME DATA LGG_MV
Assigning strata for outcome named survival of type survival
Counts:
censored 0: 160
censored 1: 93
deceased 0: 39
deceased 1: 37
VIEW: LOG_MIRNA
   	     	         	        	       survival SKSurv Cox model concordance index       	                 root leanness                  
   	     	         	        	---------------------------------------------------------	------------------------------------------------
gen	evals	gen_feats	explored	min     	avg     	max     	std             	min     	avg     	max	std     
0  	500  	13       	13      	0.5     	0.728492	0.836018	0.0439783       	0.267261	0.311341	1  	0.123786
1  	339  	184      	184     	0.5     	0.764379	0.839007	0.0641346       	0.235702	0.343998	1  	0.142779
2  	358  	226      	258     	0.5     	0.79463 	0.839007	0.0354083       	0.235702	0.353033	1  	0.102867
3  	360  	233      	287     	0.5     	0.796882	0.841817	0.0370504       	0.242536	0.378394	1  	0.110599
4  	392  	247      	299     	0.5     	0.800161	0.841817	0.0404029       	0.229416	0.388865	1  	0.119649
5  	375  	239      	306     	0.5     	0.801581	0.841817	0.0448805       	0.223607	0.396567	1  	0.122324
6  	370  	236      	310     	0.480825	0.803559	0.852192	0.048705        	0.223607	0.40104 	1  	0.123779
7  	365  	234      	311     	0.480825	0.803447	0.852192	0.054059        	0.223607	0.409121	1  	0.128918
8  	377  	238      	312     	0.480825	0.8039  	0.852192	0.05574         	0.223607	0.415968	1  	0.130165
9  	373  	231      	312     	0.5     	0.806018	0.852478	0.054822        	0.223607	0.415042	1  	0.130851
10 	377  	246      	312     	0.5     	0.807638	0.852478	0.053684        	0.223607	0.419231	1  	0.130102
11 	371  	226      	312     	0.5     	0.811017	0.852478	0.0495753       	0.223607	0.415841	1  	0.130169
12 	385  	242      	312     	0.5     	0.813204	0.852575	0.0483571       	0.223607	0.413674	1  	0.130936
13 	379  	236      	312     	0.5     	0.81458 	0.854989	0.0478508       	0.242536	0.417629	1  	0.128758
14 	367  	242      	312     	0.5     	0.815354	0.863889	0.0481811       	0.235702	0.421033	1  	0.128562
15 	375  	244      	312     	0.5     	0.817046	0.863889	0.0477804       	0.235702	0.419395	1  	0.12921 
16 	383  	235      	312     	0.5     	0.818767	0.863889	0.0476081       	0.242536	0.417165	1  	0.129113
17 	363  	239      	312     	0.5     	0.820618	0.863889	0.0468716       	0.242536	0.414056	1  	0.129373
18 	397  	250      	312     	0.5     	0.821236	0.863889	0.0471306       	0.235702	0.416546	1  	0.129646
19 	374  	237      	312     	0.5     	0.822738	0.863889	0.0466128       	0.229416	0.413222	1  	0.130185
20 	378  	241      	312     	0.5     	0.824661	0.867252	0.0458865       	0.218218	0.41001 	1  	0.130414
21 	385  	251      	312     	0.5     	0.826829	0.867252	0.0450546       	0.218218	0.404246	1  	0.130482
22 	378  	254      	312     	0.5     	0.828527	0.867252	0.0448704       	0.218218	0.400793	1  	0.131117
23 	370  	226      	312     	0.5     	0.829481	0.867252	0.0446491       	0.218218	0.400792	1  	0.131081
24 	365  	246      	312     	0.5     	0.830237	0.867992	0.0449639       	0.218218	0.400752	1  	0.131148
25 	382  	238      	312     	0.5     	0.831257	0.867992	0.0448927       	0.218218	0.40072 	1  	0.13104 
26 	370  	242      	312     	0.5     	0.832829	0.868314	0.0446151       	0.218218	0.396552	1  	0.131867
27 	382  	232      	312     	0.5     	0.835473	0.872387	0.0437876       	0.218218	0.387422	1  	0.132413
28 	368  	247      	312     	0.5     	0.836825	0.873635	0.0434894       	0.218218	0.385397	1  	0.131856
29 	386  	242      	312     	0.5     	0.837355	0.874178	0.0436186       	0.229416	0.386344	1  	0.131834
30 	373  	235      	312     	0.5     	0.83824 	0.879268	0.0439609       	0.223607	0.385071	1  	0.13228 
31 	391  	246      	312     	0.5     	0.839495	0.879268	0.0436201       	0.223607	0.382442	1  	0.132285
32 	377  	252      	312     	0.5     	0.840831	0.879268	0.0432232       	0.208514	0.3794  	1  	0.13181 
33 	384  	254      	312     	0.5     	0.841481	0.880052	0.043518        	0.208514	0.37945 	1  	0.131812
34 	377  	244      	312     	0.5     	0.842174	0.880052	0.0437696       	0.208514	0.378919	1  	0.132094
35 	362  	244      	312     	0.5     	0.842755	0.880052	0.0436348       	0.208514	0.380125	1  	0.131326
36 	362  	245      	312     	0.5     	0.843458	0.880052	0.0438387       	0.208514	0.380109	1  	0.131347
37 	376  	244      	312     	0.5     	0.844128	0.880052	0.044114        	0.208514	0.379966	1  	0.131429
38 	359  	238      	312     	0.5     	0.844678	0.881971	0.0443407       	0.208514	0.379522	1  	0.131902
39 	372  	245      	312     	0.5     	0.845472	0.881971	0.0446869       	0.208514	0.379248	1  	0.132214
40 	342  	240      	312     	0.5     	0.845935	0.881971	0.0448756       	0.208514	0.379607	1  	0.13203 
41 	381  	244      	312     	0.5     	0.84576 	0.881971	0.0460203       	0.208514	0.38216 	1  	0.132886
42 	382  	252      	312     	0.5     	0.845968	0.889305	0.0461254       	0.213201	0.384361	1  	0.132104
43 	381  	248      	312     	0.5     	0.846863	0.889305	0.0463574       	0.208514	0.382754	1  	0.132603
44 	385  	257      	312     	0.5     	0.848317	0.889305	0.0458565       	0.208514	0.378974	1  	0.132677
45 	392  	264      	312     	0.5     	0.849169	0.889305	0.0456872       	0.204124	0.377729	1  	0.132904
46 	362  	243      	312     	0.5     	0.850919	0.897004	0.0445506       	0.204124	0.372252	1  	0.132117
47 	388  	257      	312     	0.5     	0.851513	0.897004	0.0448127       	0.204124	0.370959	1  	0.132907
48 	379  	254      	312     	0.5     	0.851874	0.897004	0.0449          	0.213201	0.371944	1  	0.132132
49 	404  	250      	312     	0.5     	0.852367	0.897004	0.0446015       	0.213201	0.371369	1  	0.132585

STARTING MASTER RUNNER RESAMPLING
Generations completed = 10
Generations completed = 24
Generations completed = 39
MASTER
   	     	         	        	       survival SKSurv Cox model concordance index       	                     root leanness                      
   	     	         	        	---------------------------------------------------------	--------------------------------------------------------
gen	evals	gen_feats	explored	min     	avg     	max     	std             	min     	avg     	max     	std     
0  	500  	176      	176     	0.676877	0.84247 	0.883434	0.0381199       	0.213201	0.358718	0.707107	0.122505
1  	406  	168      	188     	0.676877	0.84603 	0.886198	0.0347749       	0.218218	0.371313	0.707107	0.120993
2  	378  	150      	191     	0.5     	0.846583	0.886198	0.0392193       	0.218218	0.38303 	1       	0.123726
3  	390  	156      	197     	0.5     	0.84683 	0.886198	0.0418152       	0.218218	0.387315	1       	0.128144
4  	412  	164      	197     	0.5     	0.847841	0.886198	0.0418076       	0.218218	0.386653	1       	0.127984
5  	396  	168      	198     	0.5     	0.848116	0.886198	0.0419713       	0.218218	0.387597	1       	0.128132
6  	395  	162      	200     	0.5     	0.848654	0.886198	0.0419419       	0.218218	0.386112	1       	0.128488
7  	412  	163      	200     	0.5     	0.848719	0.886198	0.0420673       	0.218218	0.386896	1       	0.128536
8  	419  	157      	202     	0.5     	0.849148	0.886198	0.0419828       	0.218218	0.386092	1       	0.128518
9  	398  	166      	204     	0.5     	0.849193	0.886198	0.0419453       	0.218218	0.386186	1       	0.12841 
10 	401  	160      	204     	0.5     	0.848887	0.886198	0.0424277       	0.218218	0.386947	1       	0.12917 
11 	419  	164      	204     	0.5     	0.848944	0.886198	0.0424341       	0.218218	0.386981	1       	0.129154
12 	400  	156      	204     	0.5     	0.848658	0.886198	0.0429891       	0.218218	0.387422	1       	0.130093
13 	417  	163      	204     	0.5     	0.848658	0.886198	0.0429891       	0.218218	0.387422	1       	0.130093
14 	403  	160      	204     	0.5     	0.848658	0.886198	0.0429891       	0.218218	0.387422	1       	0.130093
15 	413  	165      	204     	0.5     	0.848744	0.886198	0.0429992       	0.218218	0.386986	1       	0.130257
16 	414  	170      	204     	0.5     	0.848724	0.886198	0.0430023       	0.218218	0.387064	1       	0.130281
17 	413  	159      	204     	0.5     	0.84873 	0.886198	0.0430033       	0.218218	0.387064	1       	0.130281
18 	421  	164      	204     	0.5     	0.848704	0.886198	0.0430001       	0.218218	0.387214	1       	0.130262
19 	409  	168      	204     	0.5     	0.84875 	0.886198	0.0430002       	0.218218	0.386986	1       	0.130257
20 	394  	161      	204     	0.5     	0.84875 	0.886198	0.0430002       	0.218218	0.386986	1       	0.130257
21 	408  	162      	204     	0.5     	0.84875 	0.886198	0.0430002       	0.218218	0.386986	1       	0.130257
22 	418  	164      	204     	0.5     	0.848697	0.886198	0.0430029       	0.218218	0.387214	1       	0.130262
23 	411  	166      	204     	0.5     	0.848704	0.886198	0.0430008       	0.218218	0.387214	1       	0.130262
24 	414  	165      	204     	0.5     	0.848705	0.886198	0.0430005       	0.218218	0.387214	1       	0.130262
25 	412  	164      	204     	0.5     	0.848707	0.886198	0.0429999       	0.218218	0.387214	1       	0.130262
26 	396  	169      	204     	0.5     	0.84875 	0.886198	0.0430002       	0.218218	0.386986	1       	0.130257
27 	403  	157      	204     	0.5     	0.848707	0.886198	0.0429999       	0.218218	0.387214	1       	0.130262
28 	406  	166      	204     	0.5     	0.848707	0.886198	0.0429999       	0.218218	0.387214	1       	0.130262
29 	399  	163      	204     	0.5     	0.848707	0.886198	0.0429999       	0.218218	0.387214	1       	0.130262
30 	408  	160      	204     	0.5     	0.84875 	0.886198	0.0430001       	0.218218	0.386986	1       	0.130257
31 	391  	173      	204     	0.5     	0.84875 	0.886198	0.0430001       	0.218218	0.386986	1       	0.130257
32 	409  	161      	204     	0.5     	0.848701	0.886198	0.0430016       	0.218218	0.387214	1       	0.130262
33 	394  	168      	204     	0.5     	0.84875 	0.886198	0.0430001       	0.218218	0.386986	1       	0.130257
34 	404  	167      	204     	0.5     	0.84874 	0.886198	0.0429982       	0.218218	0.387027	1       	0.130243
35 	382  	164      	204     	0.5     	0.84875 	0.886198	0.0430002       	0.218218	0.386986	1       	0.130257
36 	403  	164      	204     	0.5     	0.848729	0.886198	0.0430036       	0.218218	0.387064	1       	0.130281
37 	399  	161      	204     	0.5     	0.848747	0.886198	0.0430004       	0.218218	0.386986	1       	0.130257
38 	410  	177      	204     	0.5     	0.848747	0.886198	0.0430004       	0.218218	0.386986	1       	0.130257
39 	398  	170      	204     	0.5     	0.848702	0.886198	0.0430006       	0.218218	0.387214	1       	0.130262
40 	403  	164      	204     	0.5     	0.848702	0.886198	0.0430006       	0.218218	0.387214	1       	0.130262
41 	412  	160      	204     	0.5     	0.848729	0.886198	0.0430029       	0.218218	0.387064	1       	0.130281
42 	390  	164      	204     	0.5     	0.848703	0.886198	0.0430001       	0.218218	0.387214	1       	0.130262
43 	417  	173      	204     	0.5     	0.848704	0.886198	0.0430001       	0.218218	0.387214	1       	0.130262
44 	408  	164      	204     	0.5     	0.848745	0.886198	0.0429997       	0.218218	0.386952	1       	0.130273
45 	401  	166      	204     	0.5     	0.848702	0.886198	0.0430006       	0.218218	0.387214	1       	0.130262
46 	418  	167      	204     	0.5     	0.84873 	0.886198	0.0430033       	0.218218	0.387064	1       	0.130281
47 	416  	155      	204     	0.5     	0.84873 	0.886198	0.0430033       	0.218218	0.387064	1       	0.130281
48 	409  	164      	204     	0.5     	0.84875 	0.886198	0.0430002       	0.218218	0.386986	1       	0.130257
49 	398  	163      	204     	0.5     	0.848729	0.886198	0.0430036       	0.218218	0.387064	1       	0.130281

CURRENT HALLS OF FAME

PARETO FRONT
Number of solutions = 14
(0.8861980287418884, 0.2581988897471611) 14 features: [0_age_at_initial_pathologic_diagnosis, 1_hsa.miR.10b.5p, 1_hsa.miR.1266.5p, 1_hsa.miR.148a.5p, 1_hsa.miR.15b.5p, 1_hsa.miR.2355.3p, 1_hsa.miR.23b.5p, 1_hsa.miR.3074.5p, 1_hsa.miR.342.5p, 1_hsa.miR.346, 1_hsa.miR.34c.3p, 1_hsa.miR.381.3p, 1_hsa.miR.511.5p, 1_hsa.miR.9.3p]
(0.8845322481287393, 0.2773500981126146) 12 features: [0_age_at_initial_pathologic_diagnosis, 1_hsa.let.7f.5p, 1_hsa.miR.10b.5p, 1_hsa.miR.15b.5p, 1_hsa.miR.16.1.3p, 1_hsa.miR.23b.5p, 1_hsa.miR.3074.5p, 1_hsa.miR.346, 1_hsa.miR.511.5p, 1_hsa.miR.7974, 1_hsa.miR.9.3p, 1_hsa.miR.302a.5p]
(0.8831609748276414, 0.28867513459481287) 11 features: [0_age_at_initial_pathologic_diagnosis, 1_hsa.miR.10b.5p, 1_hsa.miR.148a.5p, 1_hsa.miR.15b.5p, 1_hsa.miR.2355.3p, 1_hsa.miR.23b.5p, 1_hsa.miR.3074.5p, 1_hsa.miR.342.5p, 1_hsa.miR.34c.3p, 1_hsa.miR.511.5p, 1_hsa.miR.9.3p]
(0.881696454942069, 0.30151134457776363) 10 features: [0_age_at_initial_pathologic_diagnosis, 1_hsa.miR.10b.5p, 1_hsa.miR.127.5p, 1_hsa.miR.1296.5p, 1_hsa.miR.15b.5p, 1_hsa.miR.23b.5p, 1_hsa.miR.346, 1_hsa.miR.511.5p, 1_hsa.miR.302a.5p, 1_hsa.miR.518e.3p]
(0.8794467228677755, 0.31622776601683794) 9 features: [0_age_at_initial_pathologic_diagnosis, 1_hsa.miR.10b.5p, 1_hsa.miR.1287.5p, 1_hsa.miR.1296.5p, 1_hsa.miR.15b.5p, 1_hsa.miR.23b.5p, 1_hsa.miR.346, 1_hsa.miR.382.5p, 1_hsa.miR.511.5p]
(0.8793393416200433, 0.3333333333333333) 8 features: [0_age_at_initial_pathologic_diagnosis, 1_hsa.miR.10b.5p, 1_hsa.miR.1266.5p, 1_hsa.miR.127.5p, 1_hsa.miR.1296.5p, 1_hsa.miR.15b.5p, 1_hsa.miR.23b.5p, 1_hsa.miR.511.5p]
(0.8781585698252364, 0.3535533905932738) 7 features: [0_age_at_initial_pathologic_diagnosis, 1_hsa.miR.10b.5p, 1_hsa.miR.1287.3p, 1_hsa.miR.1296.5p, 1_hsa.miR.15b.5p, 1_hsa.miR.455.5p, 1_hsa.miR.511.5p]
(0.8743894669333265, 0.3779644730092272) 6 features: [0_age_at_initial_pathologic_diagnosis, 1_hsa.miR.100.5p, 1_hsa.miR.10b.5p, 1_hsa.miR.15b.5p, 1_hsa.miR.23b.5p, 1_hsa.miR.511.5p]
(0.8653415947275596, 0.408248290463863) 5 features: [0_age_at_initial_pathologic_diagnosis, 1_hsa.miR.10b.5p, 1_hsa.miR.1287.3p, 1_hsa.miR.15b.5p, 1_hsa.miR.511.5p]
(0.8577517024885446, 0.4472135954999579) 4 features: [0_age_at_initial_pathologic_diagnosis, 1_hsa.miR.1296.5p, 1_hsa.miR.15b.5p, 1_hsa.miR.23b.5p]
(0.8501014742242813, 0.5) [0_age_at_initial_pathologic_diagnosis, 1_hsa.miR.10b.5p, 1_hsa.miR.15b.5p]
(0.8355100714749838, 0.5773502691896257) [0_age_at_initial_pathologic_diagnosis, 1_hsa.miR.15b.5p]
(0.7901637511286634, 0.7071067811865476) [1_hsa.miR.15b.5p]
(0.5, 1.0) []
Features in hall of fame by prevalence:
26 features: [1_hsa.miR.15b.5p, 0_age_at_initial_pathologic_diagnosis, 1_hsa.miR.10b.5p, 1_hsa.miR.511.5p, 1_hsa.miR.23b.5p, 1_hsa.miR.1296.5p, 1_hsa.miR.346, 1_hsa.miR.3074.5p, 1_hsa.miR.9.3p, 1_hsa.miR.1266.5p, 1_hsa.miR.127.5p, 1_hsa.miR.1287.3p, 1_hsa.miR.148a.5p, 1_hsa.miR.2355.3p, 1_hsa.miR.342.5p, 1_hsa.miR.34c.3p, 1_hsa.miR.302a.5p, 1_hsa.let.7f.5p, 1_hsa.miR.100.5p, 1_hsa.miR.1287.5p, 1_hsa.miR.16.1.3p, 1_hsa.miR.381.3p, 1_hsa.miR.382.5p, 1_hsa.miR.455.5p, 1_hsa.miR.7974, 1_hsa.miR.518e.3p]

LAST POPULATION
Number of solutions = 500
Features in hall of fame by prevalence:
174 features: [1_hsa.miR.15b.5p, 0_age_at_initial_pathologic_diagnosis, 1_hsa.miR.511.5p, 1_hsa.miR.10b.5p, 1_hsa.miR.23b.5p, 1_hsa.miR.346, 1_hsa.miR.1266.5p, 1_hsa.miR.9.3p, 1_hsa.let.7f.5p, 1_hsa.miR.615.3p, 1_hsa.miR.7974, 1_hsa.miR.1296.5p, 1_hsa.miR.148a.5p, 1_hsa.miR.335.3p, 1_hsa.miR.3923, 1_hsa.miR.382.5p, 1_hsa.miR.135a.3p, 1_hsa.miR.142.5p, 1_hsa.miR.450b.5p, 1_hsa.miR.3074.5p, 1_hsa.miR.302a.5p, 1_hsa.miR.766.3p, 1_hsa.miR.34c.3p, 1_hsa.miR.127.5p, 1_hsa.miR.518e.3p, 1_hsa.miR.664a.5p, 1_hsa.miR.527, 1_hsa.miR.2355.3p, 1_hsa.miR.381.3p, 1_hsa.miR.1287.3p, 1_hsa.miR.16.1.3p, 1_hsa.miR.342.5p, 1_hsa.miR.499a.5p, 1_hsa.miR.503.5p, 1_hsa.miR.10b.3p, 1_hsa.miR.151a.3p, 1_hsa.miR.196b.5p, 1_hsa.miR.455.5p, 1_hsa.miR.589.3p, 1_hsa.let.7d.5p, 1_hsa.miR.193a.3p, 1_hsa.miR.3940.3p, 1_hsa.miR.432.5p, 1_hsa.miR.361.5p, 1_hsa.miR.369.3p, 1_hsa.miR.32.3p, 1_hsa.miR.96.5p, 1_hsa.miR.98.5p, 1_hsa.miR.99b.5p, 1_hsa.let.7b.5p, 1_hsa.miR.1287.5p, 1_hsa.miR.130b.3p, 1_hsa.miR.150.3p, 1_hsa.miR.16.5p, 1_hsa.miR.22.5p, 1_hsa.miR.27a.3p, 1_hsa.miR.33a.3p, 1_hsa.miR.455.3p, 1_hsa.miR.664a.3p, 1_hsa.miR.6808.3p, 1_hsa.miR.9.5p, 1_hsa.miR.302b.3p, 1_hsa.miR.513a.3p, 1_hsa.miR.5584.5p, 1_hsa.let.7e.5p, 1_hsa.miR.100.5p, 1_hsa.miR.149.3p, 1_hsa.miR.3677.3p, 1_hsa.miR.411.5p, 1_hsa.miR.10a.5p, 1_hsa.miR.135b.5p, 1_hsa.miR.141.5p, 1_hsa.miR.143.5p, 1_hsa.miR.146b.3p, 1_hsa.miR.150.5p, 1_hsa.miR.151b, 1_hsa.miR.181b.5p, 1_hsa.miR.193a.5p, 1_hsa.miR.200a.3p, 1_hsa.miR.215.3p, 1_hsa.miR.216a.3p, 1_hsa.miR.222.5p, 1_hsa.miR.26a.5p, 1_hsa.miR.27b.5p, 1_hsa.miR.34b.3p, 1_hsa.miR.423.5p, 1_hsa.miR.4473, 1_hsa.miR.548v, 1_hsa.miR.651.5p, 1_hsa.miR.937.3p, 1_hsa.miR.105.5p, 1_hsa.miR.125a.5p, 1_hsa.miR.126.5p, 1_hsa.miR.141.3p, 1_hsa.miR.143.3p, 1_hsa.miR.148b.3p, 1_hsa.miR.155.5p, 1_hsa.miR.191.5p, 1_hsa.miR.196a.5p, 1_hsa.miR.196b.3p, ...]

BEST SUMS WITH SIZE 50
Number of solutions = 50
Features in hall of fame by prevalence:
36 features: [1_hsa.miR.15b.5p, 0_age_at_initial_pathologic_diagnosis, 1_hsa.miR.148a.5p, 1_hsa.miR.23b.5p, 1_hsa.miR.10b.3p, 1_hsa.miR.10b.5p, 1_hsa.miR.155.5p, 1_hsa.miR.27b.5p, 1_hsa.miR.3677.3p, 1_hsa.miR.615.3p, 1_hsa.miR.664a.3p, 1_hsa.miR.9.5p, 1_hsa.miR.10a.5p, 1_hsa.miR.1266.5p, 1_hsa.miR.1296.5p, 1_hsa.miR.135b.5p, 1_hsa.miR.146b.3p, 1_hsa.miR.149.3p, 1_hsa.miR.16.5p, 1_hsa.miR.196a.5p, 1_hsa.miR.196b.5p, 1_hsa.miR.1976, 1_hsa.miR.200a.5p, 1_hsa.miR.222.3p, 1_hsa.miR.222.5p, 1_hsa.miR.27a.5p, 1_hsa.miR.335.3p, 1_hsa.miR.4746.5p, 1_hsa.miR.511.5p, 1_hsa.miR.532.3p, 1_hsa.miR.651.5p, 1_hsa.miR.671.5p, 1_hsa.miR.6892.5p, 1_hsa.miR.9.3p, 1_hsa.miR.99b.3p, 1_hsa.miR.99b.5p]

BEST SUMS WITH SIZE 100
Number of solutions = 100
Features in hall of fame by prevalence:
51 features: [0_age_at_initial_pathologic_diagnosis, 1_hsa.miR.15b.5p, 1_hsa.miR.10b.5p, 1_hsa.miR.10b.3p, 1_hsa.miR.1266.5p, 1_hsa.miR.148a.5p, 1_hsa.miR.135b.5p, 1_hsa.miR.196b.5p, 1_hsa.miR.23b.5p, 1_hsa.miR.335.3p, 1_hsa.miR.615.3p, 1_hsa.miR.664a.3p, 1_hsa.miR.6892.5p, 1_hsa.miR.10a.5p, 1_hsa.miR.146b.3p, 1_hsa.miR.149.3p, 1_hsa.miR.155.5p, 1_hsa.miR.16.5p, 1_hsa.miR.196a.5p, 1_hsa.miR.1976, 1_hsa.miR.200a.5p, 1_hsa.miR.222.3p, 1_hsa.miR.222.5p, 1_hsa.miR.27a.5p, 1_hsa.miR.27b.5p, 1_hsa.miR.3677.3p, 1_hsa.miR.455.3p, 1_hsa.miR.4746.5p, 1_hsa.miR.532.3p, 1_hsa.miR.651.5p, 1_hsa.miR.671.5p, 1_hsa.miR.9.5p, 1_hsa.miR.99b.3p, 1_hsa.miR.99b.5p, 1_hsa.miR.1296.5p, 1_hsa.miR.135a.3p, 1_hsa.miR.191.5p, 1_hsa.miR.196b.3p, 1_hsa.miR.28.5p, 1_hsa.miR.3074.5p, 1_hsa.miR.346, 1_hsa.miR.378d, 1_hsa.miR.4431, 1_hsa.miR.4473, 1_hsa.miR.449b.5p, 1_hsa.miR.501.3p, 1_hsa.miR.511.5p, 1_hsa.miR.7974, 1_hsa.miR.9.3p, 1_hsa.miR.302a.5p, 1_hsa.miR.302b.3p]

STARTING SWEEP NUMBER 2
folds_creator_seed = 1935267891

ASSIGNING STRATA FOR MULTI-OUTCOME DATA LGG_MV
Assigning strata for outcome named survival of type survival
Counts:
censored 0: 160
censored 1: 93
deceased 0: 39
deceased 1: 37
ga_runner_seed = 1812893222
VIEW: CLINIC
   	     	         	        	  survival SKSurv Cox model concordance index   	                 root leanness                  
   	     	         	        	------------------------------------------------	------------------------------------------------
gen	evals	gen_feats	explored	min	avg     	max     	std                  	min     	avg     	max	std     
0  	0    	1        	1       	0.5	0.683352	0.750481	0.110942             	0.707107	0.785602	1  	0.129728
1  	240  	1        	1       	0.5	0.62524 	0.750481	0.12524              	0.707107	0.853553	1  	0.146447
2  	249  	1        	1       	0.5	0.62524 	0.750481	0.12524              	0.707107	0.853553	1  	0.146447
3  	236  	1        	1       	0.5	0.62524 	0.750481	0.12524              	0.707107	0.853553	1  	0.146447
4  	239  	1        	1       	0.5	0.62524 	0.750481	0.12524              	0.707107	0.853553	1  	0.146447
5  	259  	1        	1       	0.5	0.62524 	0.750481	0.12524              	0.707107	0.853553	1  	0.146447
6  	271  	1        	1       	0.5	0.62524 	0.750481	0.12524              	0.707107	0.853553	1  	0.146447
7  	227  	1        	1       	0.5	0.62524 	0.750481	0.12524              	0.707107	0.853553	1  	0.146447
8  	254  	1        	1       	0.5	0.62524 	0.750481	0.12524              	0.707107	0.853553	1  	0.146447
9  	251  	1        	1       	0.5	0.62524 	0.750481	0.12524              	0.707107	0.853553	1  	0.146447
10 	218  	1        	1       	0.5	0.62524 	0.750481	0.12524              	0.707107	0.853553	1  	0.146447
11 	227  	1        	1       	0.5	0.62524 	0.750481	0.12524              	0.707107	0.853553	1  	0.146447
12 	251  	1        	1       	0.5	0.62524 	0.750481	0.12524              	0.707107	0.853553	1  	0.146447
13 	255  	1        	1       	0.5	0.62524 	0.750481	0.12524              	0.707107	0.853553	1  	0.146447
14 	250  	1        	1       	0.5	0.62524 	0.750481	0.12524              	0.707107	0.853553	1  	0.146447
15 	271  	1        	1       	0.5	0.62524 	0.750481	0.12524              	0.707107	0.853553	1  	0.146447
16 	266  	1        	1       	0.5	0.62524 	0.750481	0.12524              	0.707107	0.853553	1  	0.146447
17 	250  	1        	1       	0.5	0.62524 	0.750481	0.12524              	0.707107	0.853553	1  	0.146447
18 	258  	1        	1       	0.5	0.62524 	0.750481	0.12524              	0.707107	0.853553	1  	0.146447
19 	242  	1        	1       	0.5	0.62524 	0.750481	0.12524              	0.707107	0.853553	1  	0.146447
20 	257  	1        	1       	0.5	0.62524 	0.750481	0.12524              	0.707107	0.853553	1  	0.146447
21 	240  	1        	1       	0.5	0.62524 	0.750481	0.12524              	0.707107	0.853553	1  	0.146447
22 	231  	1        	1       	0.5	0.62524 	0.750481	0.12524              	0.707107	0.853553	1  	0.146447
23 	263  	1        	1       	0.5	0.62524 	0.750481	0.12524              	0.707107	0.853553	1  	0.146447
24 	265  	1        	1       	0.5	0.62524 	0.750481	0.12524              	0.707107	0.853553	1  	0.146447
25 	251  	1        	1       	0.5	0.62524 	0.750481	0.12524              	0.707107	0.853553	1  	0.146447
26 	277  	1        	1       	0.5	0.62524 	0.750481	0.12524              	0.707107	0.853553	1  	0.146447
27 	254  	1        	1       	0.5	0.62524 	0.750481	0.12524              	0.707107	0.853553	1  	0.146447
28 	273  	1        	1       	0.5	0.62524 	0.750481	0.12524              	0.707107	0.853553	1  	0.146447
29 	248  	1        	1       	0.5	0.62524 	0.750481	0.12524              	0.707107	0.853553	1  	0.146447
30 	243  	1        	1       	0.5	0.62524 	0.750481	0.12524              	0.707107	0.853553	1  	0.146447
31 	261  	1        	1       	0.5	0.62524 	0.750481	0.12524              	0.707107	0.853553	1  	0.146447
32 	237  	1        	1       	0.5	0.62524 	0.750481	0.12524              	0.707107	0.853553	1  	0.146447
33 	261  	1        	1       	0.5	0.62524 	0.750481	0.12524              	0.707107	0.853553	1  	0.146447
34 	248  	1        	1       	0.5	0.62524 	0.750481	0.12524              	0.707107	0.853553	1  	0.146447
35 	247  	1        	1       	0.5	0.62524 	0.750481	0.12524              	0.707107	0.853553	1  	0.146447
36 	250  	1        	1       	0.5	0.62524 	0.750481	0.12524              	0.707107	0.853553	1  	0.146447
37 	281  	1        	1       	0.5	0.62524 	0.750481	0.12524              	0.707107	0.853553	1  	0.146447
38 	244  	1        	1       	0.5	0.62524 	0.750481	0.12524              	0.707107	0.853553	1  	0.146447
39 	280  	1        	1       	0.5	0.62524 	0.750481	0.12524              	0.707107	0.853553	1  	0.146447
40 	260  	1        	1       	0.5	0.62524 	0.750481	0.12524              	0.707107	0.853553	1  	0.146447
41 	249  	1        	1       	0.5	0.62524 	0.750481	0.12524              	0.707107	0.853553	1  	0.146447
42 	234  	1        	1       	0.5	0.62524 	0.750481	0.12524              	0.707107	0.853553	1  	0.146447
43 	243  	1        	1       	0.5	0.62524 	0.750481	0.12524              	0.707107	0.853553	1  	0.146447
44 	246  	1        	1       	0.5	0.62524 	0.750481	0.12524              	0.707107	0.853553	1  	0.146447
45 	257  	1        	1       	0.5	0.62524 	0.750481	0.12524              	0.707107	0.853553	1  	0.146447
46 	241  	1        	1       	0.5	0.62524 	0.750481	0.12524              	0.707107	0.853553	1  	0.146447
47 	256  	1        	1       	0.5	0.62524 	0.750481	0.12524              	0.707107	0.853553	1  	0.146447
48 	259  	1        	1       	0.5	0.62524 	0.750481	0.12524              	0.707107	0.853553	1  	0.146447
49 	253  	1        	1       	0.5	0.62524 	0.750481	0.12524              	0.707107	0.853553	1  	0.146447

ASSIGNING STRATA FOR MULTI-OUTCOME DATA LGG_MV
Assigning strata for outcome named survival of type survival
Counts:
censored 0: 160
censored 1: 93
deceased 0: 39
deceased 1: 37
VIEW: LOG_MIRNA
   	     	         	        	   survival SKSurv Cox model concordance index   	                 root leanness                  
   	     	         	        	-------------------------------------------------	------------------------------------------------
gen	evals	gen_feats	explored	min	avg     	max     	std                  	min     	avg     	max	std     
0  	0    	173      	173     	0.5	0.842069	0.897004	0.0521482            	0.223607	0.410985	1  	0.144033
1  	393  	229      	252     	0.5	0.842222	0.897004	0.0482207            	0.223607	0.394792	1  	0.131345
2  	356  	240      	287     	0.5	0.842941	0.897004	0.0493856            	0.223607	0.394454	1  	0.133023
3  	364  	246      	302     	0.5	0.844269	0.897004	0.0477233            	0.223607	0.392895	1  	0.132345
4  	393  	250      	307     	0.5	0.844811	0.897004	0.0477699            	0.223607	0.391806	1  	0.132783
5  	399  	240      	309     	0.5	0.845721	0.897004	0.0469388            	0.223607	0.389753	1  	0.132169
6  	392  	243      	312     	0.5	0.845909	0.897004	0.0469789            	0.223607	0.389717	1  	0.132215
7  	365  	237      	312     	0.5	0.846443	0.897004	0.0460861            	0.223607	0.388902	1  	0.132713
8  	375  	232      	312     	0.5	0.847361	0.897004	0.0452859            	0.223607	0.386215	1  	0.132237
9  	370  	244      	312     	0.5	0.84748 	0.897004	0.0452493            	0.223607	0.386227	1  	0.132232
10 	376  	239      	312     	0.5	0.847648	0.897004	0.0453278            	0.223607	0.385969	1  	0.13249 
11 	377  	235      	312     	0.5	0.848062	0.897004	0.0453525            	0.223607	0.384764	1  	0.132966
12 	355  	224      	312     	0.5	0.848272	0.897004	0.04513              	0.223607	0.384683	1  	0.132771
13 	346  	248      	312     	0.5	0.84843 	0.897004	0.0452043            	0.223607	0.384578	1  	0.132996
14 	379  	246      	312     	0.5	0.849218	0.897004	0.0444422            	0.223607	0.382295	1  	0.132592
15 	381  	239      	312     	0.5	0.84945 	0.897004	0.0444978            	0.223607	0.381464	1  	0.132881
16 	382  	240      	312     	0.5	0.850145	0.897004	0.043945             	0.223607	0.37923 	1  	0.132338
17 	386  	236      	312     	0.5	0.850287	0.897004	0.0439802            	0.223607	0.379106	1  	0.132204
18 	373  	245      	312     	0.5	0.850269	0.897004	0.0440869            	0.213201	0.379582	1  	0.132552
19 	369  	243      	312     	0.5	0.850528	0.897004	0.0440845            	0.213201	0.378811	1  	0.132507
20 	365  	248      	312     	0.5	0.851039	0.897004	0.0441038            	0.204124	0.376551	1  	0.132822
21 	381  	235      	312     	0.5	0.85148 	0.897004	0.0435431            	0.204124	0.375319	1  	0.132281
22 	363  	227      	312     	0.5	0.850503	0.897004	0.0446285            	0.204124	0.378876	1  	0.132473
23 	380  	248      	312     	0.5	0.85161 	0.897004	0.0434144            	0.204124	0.375985	1  	0.131855
24 	378  	250      	312     	0.5	0.851482	0.897004	0.0435373            	0.213201	0.376898	1  	0.13206 
25 	384  	241      	312     	0.5	0.851778	0.897004	0.0434868            	0.213201	0.375862	1  	0.131775
26 	375  	248      	312     	0.5	0.851624	0.897004	0.0435282            	0.213201	0.377047	1  	0.13166 
27 	359  	238      	312     	0.5	0.851938	0.897004	0.0435472            	0.213201	0.375954	1  	0.131708
28 	377  	240      	312     	0.5	0.851969	0.897004	0.0435659            	0.208514	0.37579 	1  	0.131882
29 	384  	243      	312     	0.5	0.852028	0.897004	0.0435936            	0.208514	0.375702	1  	0.131945
30 	397  	240      	312     	0.5	0.852121	0.897004	0.0436529            	0.208514	0.375994	1  	0.131693
31 	375  	242      	312     	0.5	0.852231	0.897004	0.0437051            	0.208514	0.375651	1  	0.131952
32 	366  	238      	312     	0.5	0.852294	0.897004	0.043735             	0.208514	0.375731	1  	0.13194 
33 	374  	248      	312     	0.5	0.851345	0.897004	0.0446775            	0.218218	0.379591	1  	0.13176 
34 	376  	245      	312     	0.5	0.851741	0.897004	0.0443701            	0.218218	0.37875 	1  	0.132153
35 	376  	244      	312     	0.5	0.851841	0.897004	0.044391             	0.218218	0.378384	1  	0.132368
36 	362  	243      	312     	0.5	0.85185 	0.897004	0.0444787            	0.213201	0.378865	1  	0.132265
37 	371  	245      	312     	0.5	0.852456	0.897004	0.0440049            	0.213201	0.377571	1  	0.131654
38 	377  	235      	312     	0.5	0.852902	0.897004	0.0440122            	0.213201	0.375911	1  	0.131747
39 	376  	240      	312     	0.5	0.853454	0.897004	0.044109             	0.213201	0.3737  	1  	0.132285
40 	393  	238      	312     	0.5	0.853328	0.897004	0.044266             	0.213201	0.374803	1  	0.132519
41 	387  	242      	312     	0.5	0.854285	0.897004	0.043788             	0.213201	0.372133	1  	0.131666
42 	381  	251      	312     	0.5	0.854456	0.897004	0.0438947            	0.213201	0.37172 	1  	0.13201 
43 	370  	237      	312     	0.5	0.855562	0.897004	0.0434656            	0.213201	0.36802 	1  	0.131783
44 	359  	245      	312     	0.5	0.855897	0.897004	0.0435918            	0.204124	0.366783	1  	0.132416
45 	380  	240      	312     	0.5	0.856791	0.897004	0.0430847            	0.196116	0.363627	1  	0.132023
46 	375  	237      	312     	0.5	0.857047	0.897004	0.0431814            	0.196116	0.362874	1  	0.132459
47 	388  	239      	312     	0.5	0.858201	0.898316	0.0427574            	0.196116	0.359124	1  	0.132156
48 	388  	245      	312     	0.5	0.858428	0.898316	0.0428926            	0.196116	0.359204	1  	0.132128
49 	371  	232      	312     	0.5	0.858986	0.898316	0.0431041            	0.196116	0.357626	1  	0.132661

STARTING MASTER RUNNER RESAMPLING
Generations completed = 12
Generations completed = 28
Generations completed = 44
MASTER
   	     	         	        	       survival SKSurv Cox model concordance index       	                     root leanness                      
   	     	         	        	---------------------------------------------------------	--------------------------------------------------------
gen	evals	gen_feats	explored	min     	avg     	max     	std             	min     	avg     	max     	std     
0  	500  	166      	166     	0.706059	0.848078	0.884149	0.0299451       	0.204124	0.333174	0.707107	0.110352
1  	412  	163      	176     	0.706059	0.849974	0.884149	0.0307273       	0.2     	0.35454 	0.707107	0.114275
2  	406  	158      	178     	0.706059	0.850095	0.884149	0.0328147       	0.2     	0.371942	0.707107	0.114923
3  	398  	157      	181     	0.70422 	0.849299	0.884149	0.035268        	0.2     	0.381188	0.707107	0.120276
4  	406  	163      	183     	0.70422 	0.850392	0.884149	0.0351314       	0.2     	0.381086	0.707107	0.121248
5  	405  	164      	183     	0.70422 	0.850711	0.886268	0.0351942       	0.2     	0.38289 	0.707107	0.121717
6  	418  	161      	185     	0.70422 	0.850983	0.886268	0.0352484       	0.2     	0.382766	0.707107	0.122114
7  	407  	154      	185     	0.70422 	0.850801	0.886268	0.0360761       	0.2     	0.383312	0.707107	0.123674
8  	404  	158      	187     	0.70422 	0.851083	0.886268	0.0361337       	0.2     	0.383265	0.707107	0.123679
9  	410  	164      	187     	0.70422 	0.851129	0.886268	0.0361552       	0.2     	0.383493	0.707107	0.123537
10 	393  	161      	187     	0.5     	0.850442	0.886268	0.0394002       	0.2     	0.384835	1       	0.126551
11 	402  	161      	187     	0.5     	0.85044 	0.886268	0.0393997       	0.2     	0.38489 	1       	0.126515
12 	402  	150      	187     	0.5     	0.85045 	0.886268	0.0394009       	0.2     	0.38489 	1       	0.126515
13 	406  	153      	187     	0.5     	0.850457	0.886268	0.0393963       	0.2     	0.38489 	1       	0.126515
14 	404  	160      	187     	0.5     	0.850503	0.886268	0.0394141       	0.2     	0.384757	1       	0.126622
15 	412  	158      	187     	0.5     	0.850503	0.886268	0.0394141       	0.2     	0.384757	1       	0.126622
16 	407  	159      	187     	0.5     	0.850503	0.886268	0.0394141       	0.2     	0.384757	1       	0.126622
17 	415  	160      	187     	0.5     	0.850503	0.886268	0.0394141       	0.2     	0.384757	1       	0.126622
18 	403  	150      	187     	0.5     	0.850526	0.886268	0.0394242       	0.2     	0.384709	1       	0.126658
19 	412  	156      	187     	0.5     	0.850527	0.886268	0.0394224       	0.2     	0.384709	1       	0.126658
20 	430  	165      	187     	0.5     	0.850527	0.886268	0.0394224       	0.2     	0.384709	1       	0.126658
21 	400  	165      	187     	0.5     	0.850228	0.886268	0.0399601       	0.2     	0.385367	1       	0.127474
22 	400  	163      	187     	0.5     	0.850213	0.886268	0.0399576       	0.2     	0.385491	1       	0.127437
23 	399  	153      	187     	0.5     	0.850215	0.886268	0.0399577       	0.2     	0.385491	1       	0.127437
24 	408  	165      	187     	0.5     	0.850215	0.886268	0.0399577       	0.2     	0.385491	1       	0.127437
25 	392  	164      	187     	0.5     	0.850228	0.886268	0.03996         	0.2     	0.385338	1       	0.127492
26 	406  	162      	187     	0.5     	0.850213	0.886268	0.0399575       	0.2     	0.385491	1       	0.127437
27 	403  	165      	187     	0.5     	0.850213	0.886268	0.0399576       	0.2     	0.385491	1       	0.127437
28 	420  	164      	187     	0.5     	0.850213	0.886268	0.0399576       	0.2     	0.385491	1       	0.127437
29 	400  	161      	187     	0.5     	0.850213	0.886268	0.0399576       	0.2     	0.385491	1       	0.127437
30 	393  	160      	187     	0.5     	0.850228	0.886268	0.0399601       	0.2     	0.385367	1       	0.127474
31 	420  	169      	187     	0.5     	0.850212	0.886268	0.0399575       	0.2     	0.385491	1       	0.127437
32 	410  	157      	187     	0.5     	0.850213	0.886268	0.0399576       	0.2     	0.385491	1       	0.127437
33 	417  	158      	187     	0.5     	0.850213	0.886268	0.0399576       	0.2     	0.385491	1       	0.127437
34 	414  	162      	187     	0.5     	0.850213	0.886268	0.0399576       	0.2     	0.385491	1       	0.127437
35 	413  	160      	187     	0.5     	0.850213	0.886268	0.0399576       	0.2     	0.385491	1       	0.127437
36 	408  	158      	187     	0.5     	0.850213	0.886268	0.0399576       	0.2     	0.385491	1       	0.127437
37 	405  	158      	187     	0.5     	0.850228	0.886268	0.03996         	0.2     	0.385338	1       	0.127492
38 	405  	160      	187     	0.5     	0.850213	0.886268	0.0399576       	0.2     	0.385491	1       	0.127437
39 	402  	164      	187     	0.5     	0.850228	0.886268	0.03996         	0.2     	0.385338	1       	0.127492
40 	400  	163      	187     	0.5     	0.850208	0.886268	0.0399574       	0.2     	0.385491	1       	0.127437
41 	407  	154      	187     	0.5     	0.850213	0.886268	0.0399575       	0.2     	0.385491	1       	0.127437
42 	406  	164      	187     	0.5     	0.850213	0.886268	0.0399575       	0.2     	0.385491	1       	0.127437
43 	406  	153      	187     	0.5     	0.850215	0.886268	0.0399577       	0.2     	0.385491	1       	0.127437
44 	404  	163      	187     	0.5     	0.850215	0.886268	0.0399577       	0.2     	0.385491	1       	0.127437
45 	408  	157      	187     	0.5     	0.850215	0.886268	0.0399577       	0.2     	0.385491	1       	0.127437
46 	404  	160      	187     	0.5     	0.850215	0.886268	0.0399577       	0.2     	0.385491	1       	0.127437
47 	404  	165      	187     	0.5     	0.850215	0.886268	0.0399577       	0.2     	0.385491	1       	0.127437
48 	413  	155      	187     	0.5     	0.850228	0.886268	0.0399601       	0.2     	0.385367	1       	0.127474
49 	395  	160      	187     	0.5     	0.850208	0.886268	0.0399574       	0.2     	0.385491	1       	0.127437

CURRENT HALLS OF FAME

PARETO FRONT
Number of solutions = 15
(0.886268069162806, 0.25) 15 features: [0_age_at_initial_pathologic_diagnosis, 1_hsa.miR.10b.5p, 1_hsa.miR.1287.3p, 1_hsa.miR.135a.3p, 1_hsa.miR.155.3p, 1_hsa.miR.15b.5p, 1_hsa.miR.346, 1_hsa.miR.382.5p, 1_hsa.miR.450a.5p, 1_hsa.miR.493.3p, 1_hsa.miR.511.5p, 1_hsa.miR.590.3p, 1_hsa.miR.937.3p, 1_hsa.miR.9.3p, 1_hsa.miR.98.5p]
(0.8861980287418884, 0.2581988897471611) 14 features: [0_age_at_initial_pathologic_diagnosis, 1_hsa.miR.10b.5p, 1_hsa.miR.1266.5p, 1_hsa.miR.148a.5p, 1_hsa.miR.15b.5p, 1_hsa.miR.2355.3p, 1_hsa.miR.23b.5p, 1_hsa.miR.3074.5p, 1_hsa.miR.342.5p, 1_hsa.miR.346, 1_hsa.miR.34c.3p, 1_hsa.miR.381.3p, 1_hsa.miR.511.5p, 1_hsa.miR.9.3p]
(0.8845322481287393, 0.2773500981126146) 12 features: [0_age_at_initial_pathologic_diagnosis, 1_hsa.let.7f.5p, 1_hsa.miR.10b.5p, 1_hsa.miR.15b.5p, 1_hsa.miR.16.1.3p, 1_hsa.miR.23b.5p, 1_hsa.miR.3074.5p, 1_hsa.miR.346, 1_hsa.miR.511.5p, 1_hsa.miR.7974, 1_hsa.miR.9.3p, 1_hsa.miR.302a.5p]
(0.8831609748276414, 0.28867513459481287) 11 features: [0_age_at_initial_pathologic_diagnosis, 1_hsa.miR.10b.5p, 1_hsa.miR.148a.5p, 1_hsa.miR.15b.5p, 1_hsa.miR.2355.3p, 1_hsa.miR.23b.5p, 1_hsa.miR.3074.5p, 1_hsa.miR.342.5p, 1_hsa.miR.34c.3p, 1_hsa.miR.511.5p, 1_hsa.miR.9.3p]
(0.881696454942069, 0.30151134457776363) 10 features: [0_age_at_initial_pathologic_diagnosis, 1_hsa.miR.10b.5p, 1_hsa.miR.127.5p, 1_hsa.miR.1296.5p, 1_hsa.miR.15b.5p, 1_hsa.miR.23b.5p, 1_hsa.miR.346, 1_hsa.miR.511.5p, 1_hsa.miR.302a.5p, 1_hsa.miR.518e.3p]
(0.8794467228677755, 0.31622776601683794) 9 features: [0_age_at_initial_pathologic_diagnosis, 1_hsa.miR.10b.5p, 1_hsa.miR.1287.5p, 1_hsa.miR.1296.5p, 1_hsa.miR.15b.5p, 1_hsa.miR.23b.5p, 1_hsa.miR.346, 1_hsa.miR.382.5p, 1_hsa.miR.511.5p]
(0.8793393416200433, 0.3333333333333333) 8 features: [0_age_at_initial_pathologic_diagnosis, 1_hsa.miR.10b.5p, 1_hsa.miR.1266.5p, 1_hsa.miR.127.5p, 1_hsa.miR.1296.5p, 1_hsa.miR.15b.5p, 1_hsa.miR.23b.5p, 1_hsa.miR.511.5p]
(0.8781585698252364, 0.3535533905932738) 7 features: [0_age_at_initial_pathologic_diagnosis, 1_hsa.miR.10b.5p, 1_hsa.miR.1287.3p, 1_hsa.miR.1296.5p, 1_hsa.miR.15b.5p, 1_hsa.miR.455.5p, 1_hsa.miR.511.5p]
(0.8743894669333265, 0.3779644730092272) 6 features: [0_age_at_initial_pathologic_diagnosis, 1_hsa.miR.100.5p, 1_hsa.miR.10b.5p, 1_hsa.miR.15b.5p, 1_hsa.miR.23b.5p, 1_hsa.miR.511.5p]
(0.8653415947275596, 0.408248290463863) 5 features: [0_age_at_initial_pathologic_diagnosis, 1_hsa.miR.10b.5p, 1_hsa.miR.1287.3p, 1_hsa.miR.15b.5p, 1_hsa.miR.511.5p]
(0.8577517024885446, 0.4472135954999579) 4 features: [0_age_at_initial_pathologic_diagnosis, 1_hsa.miR.1296.5p, 1_hsa.miR.15b.5p, 1_hsa.miR.23b.5p]
(0.8501014742242813, 0.5) [0_age_at_initial_pathologic_diagnosis, 1_hsa.miR.10b.5p, 1_hsa.miR.15b.5p]
(0.8355100714749838, 0.5773502691896257) [0_age_at_initial_pathologic_diagnosis, 1_hsa.miR.15b.5p]
(0.7901637511286634, 0.7071067811865476) [1_hsa.miR.15b.5p]
(0.5, 1.0) []
Features in hall of fame by prevalence:
33 features: [1_hsa.miR.15b.5p, 0_age_at_initial_pathologic_diagnosis, 1_hsa.miR.10b.5p, 1_hsa.miR.511.5p, 1_hsa.miR.23b.5p, 1_hsa.miR.1296.5p, 1_hsa.miR.346, 1_hsa.miR.9.3p, 1_hsa.miR.1287.3p, 1_hsa.miR.3074.5p, 1_hsa.miR.1266.5p, 1_hsa.miR.127.5p, 1_hsa.miR.148a.5p, 1_hsa.miR.2355.3p, 1_hsa.miR.342.5p, 1_hsa.miR.34c.3p, 1_hsa.miR.382.5p, 1_hsa.miR.302a.5p, 1_hsa.let.7f.5p, 1_hsa.miR.100.5p, 1_hsa.miR.1287.5p, 1_hsa.miR.135a.3p, 1_hsa.miR.155.3p, 1_hsa.miR.16.1.3p, 1_hsa.miR.381.3p, 1_hsa.miR.450a.5p, 1_hsa.miR.455.5p, 1_hsa.miR.493.3p, 1_hsa.miR.590.3p, 1_hsa.miR.7974, 1_hsa.miR.937.3p, 1_hsa.miR.98.5p, 1_hsa.miR.518e.3p]

LAST POPULATION
Number of solutions = 500
Features in hall of fame by prevalence:
146 features: [1_hsa.miR.15b.5p, 1_hsa.miR.10b.5p, 0_age_at_initial_pathologic_diagnosis, 1_hsa.miR.511.5p, 1_hsa.miR.346, 1_hsa.miR.9.3p, 1_hsa.miR.23b.5p, 1_hsa.miR.382.5p, 1_hsa.miR.1266.5p, 1_hsa.let.7f.5p, 1_hsa.miR.135a.3p, 1_hsa.miR.493.3p, 1_hsa.miR.142.5p, 1_hsa.miR.1287.3p, 1_hsa.miR.335.3p, 1_hsa.miR.98.5p, 1_hsa.miR.1296.5p, 1_hsa.miR.937.3p, 1_hsa.miR.7974, 1_hsa.miR.148a.5p, 1_hsa.miR.4431, 1_hsa.miR.155.3p, 1_hsa.miR.3923, 1_hsa.miR.615.3p, 1_hsa.miR.302a.5p, 1_hsa.miR.590.3p, 1_hsa.miR.513a.3p, 1_hsa.miR.127.5p, 1_hsa.miR.146b.3p, 1_hsa.miR.1287.5p, 1_hsa.miR.455.3p, 1_hsa.miR.766.3p, 1_hsa.miR.499a.5p, 1_hsa.let.7g.5p, 1_hsa.miR.450b.5p, 1_hsa.miR.518e.3p, 1_hsa.miR.151a.3p, 1_hsa.miR.361.5p, 1_hsa.miR.589.3p, 1_hsa.miR.99b.5p, 1_hsa.let.7d.5p, 1_hsa.let.7e.5p, 1_hsa.miR.381.3p, 1_hsa.miR.432.5p, 1_hsa.miR.450a.5p, 1_hsa.miR.10b.3p, 1_hsa.miR.3074.5p, 1_hsa.miR.6808.3p, 1_hsa.miR.527, 1_hsa.miR.100.5p, 1_hsa.miR.148b.3p, 1_hsa.miR.196b.5p, 1_hsa.miR.455.5p, 1_hsa.miR.651.5p, 1_hsa.miR.664a.5p, 1_hsa.miR.1228.3p, 1_hsa.miR.28.3p, 1_hsa.miR.29b.1.5p, 1_hsa.miR.32.3p, 1_hsa.miR.33a.3p, 1_hsa.miR.34c.3p, 1_hsa.miR.503.5p, 1_hsa.miR.125a.5p, 1_hsa.miR.146b.5p, 1_hsa.miR.151b, 1_hsa.miR.155.5p, 1_hsa.miR.15b.3p, 1_hsa.miR.215.5p, 1_hsa.miR.34b.3p, 1_hsa.miR.361.3p, 1_hsa.miR.378d, 1_hsa.miR.3940.3p, 1_hsa.miR.411.5p, 1_hsa.miR.6509.5p, 1_hsa.miR.9.5p, 1_hsa.miR.302b.3p, 1_hsa.miR.10a.5p, 1_hsa.miR.126.5p, 1_hsa.miR.135b.5p, 1_hsa.miR.143.5p, 1_hsa.miR.16.1.3p, 1_hsa.miR.16.2.3p, 1_hsa.miR.204.3p, 1_hsa.miR.2355.3p, 1_hsa.miR.378a.3p, 1_hsa.miR.4677.3p, 1_hsa.miR.548v, 1_hsa.miR.664a.3p, 1_hsa.miR.1269a, 1_hsa.miR.130b.3p, 1_hsa.miR.150.5p, 1_hsa.miR.181a.2.3p, 1_hsa.miR.181b.5p, 1_hsa.miR.193a.3p, 1_hsa.miR.196a.5p, 1_hsa.miR.200a.5p, 1_hsa.miR.216a.3p, 1_hsa.miR.222.5p, 1_hsa.miR.24.3p, 1_hsa.miR.27a.5p, ...]

BEST SUMS WITH SIZE 50
Number of solutions = 50
Features in hall of fame by prevalence:
39 features: [1_hsa.miR.15b.5p, 0_age_at_initial_pathologic_diagnosis, 1_hsa.miR.10b.5p, 1_hsa.miR.148a.5p, 1_hsa.miR.155.5p, 1_hsa.miR.23b.5p, 1_hsa.miR.335.3p, 1_hsa.miR.3677.3p, 1_hsa.miR.615.3p, 1_hsa.miR.9.5p, 1_hsa.miR.99b.5p, 1_hsa.let.7e.5p, 1_hsa.miR.10a.5p, 1_hsa.miR.10b.3p, 1_hsa.miR.1266.5p, 1_hsa.miR.135b.5p, 1_hsa.miR.146b.3p, 1_hsa.miR.149.3p, 1_hsa.miR.15b.3p, 1_hsa.miR.16.2.3p, 1_hsa.miR.16.5p, 1_hsa.miR.196a.5p, 1_hsa.miR.1976, 1_hsa.miR.200a.5p, 1_hsa.miR.200b.3p, 1_hsa.miR.222.3p, 1_hsa.miR.222.5p, 1_hsa.miR.27a.5p, 1_hsa.miR.27b.5p, 1_hsa.miR.4677.3p, 1_hsa.miR.4746.5p, 1_hsa.miR.532.3p, 1_hsa.miR.6509.5p, 1_hsa.miR.651.5p, 1_hsa.miR.664a.3p, 1_hsa.miR.671.5p, 1_hsa.miR.6892.5p, 1_hsa.miR.9.3p, 1_hsa.miR.99b.3p]

BEST SUMS WITH SIZE 100
Number of solutions = 100
Features in hall of fame by prevalence:
61 features: [1_hsa.miR.15b.5p, 0_age_at_initial_pathologic_diagnosis, 1_hsa.miR.10b.5p, 1_hsa.miR.1266.5p, 1_hsa.miR.148a.5p, 1_hsa.miR.335.3p, 1_hsa.miR.10b.3p, 1_hsa.miR.196b.5p, 1_hsa.miR.23b.5p, 1_hsa.miR.651.5p, 1_hsa.miR.664a.3p, 1_hsa.miR.99b.5p, 1_hsa.let.7e.5p, 1_hsa.miR.135b.5p, 1_hsa.miR.146b.3p, 1_hsa.miR.155.5p, 1_hsa.miR.15b.3p, 1_hsa.miR.196a.5p, 1_hsa.miR.200a.5p, 1_hsa.miR.222.5p, 1_hsa.miR.27a.5p, 1_hsa.miR.27b.5p, 1_hsa.miR.3677.3p, 1_hsa.miR.4677.3p, 1_hsa.miR.4746.5p, 1_hsa.miR.615.3p, 1_hsa.miR.9.5p, 1_hsa.miR.100.5p, 1_hsa.miR.10a.5p, 1_hsa.miR.125a.5p, 1_hsa.miR.1269a, 1_hsa.miR.1287.3p, 1_hsa.miR.1296.5p, 1_hsa.miR.148b.3p, 1_hsa.miR.149.3p, 1_hsa.miR.155.3p, 1_hsa.miR.16.2.3p, 1_hsa.miR.16.5p, 1_hsa.miR.181b.5p, 1_hsa.miR.191.5p, 1_hsa.miR.1976, 1_hsa.miR.200b.3p, 1_hsa.miR.204.3p, 1_hsa.miR.222.3p, 1_hsa.miR.3074.5p, 1_hsa.miR.346, 1_hsa.miR.3913.5p, 1_hsa.miR.4431, 1_hsa.miR.4473, 1_hsa.miR.449b.5p, 1_hsa.miR.455.3p, 1_hsa.miR.511.5p, 1_hsa.miR.532.3p, 1_hsa.miR.6509.5p, 1_hsa.miR.671.5p, 1_hsa.miR.6892.5p, 1_hsa.miR.7974, 1_hsa.miR.9.3p, 1_hsa.miR.99b.3p, 1_hsa.miR.302a.5p, 1_hsa.miR.302b.3p]

STARTING SWEEP NUMBER 3
folds_creator_seed = 2482063148

ASSIGNING STRATA FOR MULTI-OUTCOME DATA LGG_MV
Assigning strata for outcome named survival of type survival
Counts:
censored 0: 160
censored 1: 93
deceased 0: 39
deceased 1: 37
ga_runner_seed = 4290355171
VIEW: CLINIC
   	     	         	        	  survival SKSurv Cox model concordance index   	                 root leanness                  
   	     	         	        	------------------------------------------------	------------------------------------------------
gen	evals	gen_feats	explored	min	avg     	max     	std                  	min     	avg     	max	std     
0  	0    	1        	1       	0.5	0.670828	0.750481	0.116649             	0.707107	0.800247	1  	0.1364  
1  	252  	1        	1       	0.5	0.62524 	0.750481	0.12524              	0.707107	0.853553	1  	0.146447
2  	237  	1        	1       	0.5	0.62524 	0.750481	0.12524              	0.707107	0.853553	1  	0.146447
3  	253  	1        	1       	0.5	0.62524 	0.750481	0.12524              	0.707107	0.853553	1  	0.146447
4  	252  	1        	1       	0.5	0.62524 	0.750481	0.12524              	0.707107	0.853553	1  	0.146447
5  	254  	1        	1       	0.5	0.62524 	0.750481	0.12524              	0.707107	0.853553	1  	0.146447
6  	252  	1        	1       	0.5	0.62524 	0.750481	0.12524              	0.707107	0.853553	1  	0.146447
7  	261  	1        	1       	0.5	0.62524 	0.750481	0.12524              	0.707107	0.853553	1  	0.146447
8  	242  	1        	1       	0.5	0.62524 	0.750481	0.12524              	0.707107	0.853553	1  	0.146447
9  	240  	1        	1       	0.5	0.62524 	0.750481	0.12524              	0.707107	0.853553	1  	0.146447
10 	238  	1        	1       	0.5	0.62524 	0.750481	0.12524              	0.707107	0.853553	1  	0.146447
11 	257  	1        	1       	0.5	0.62524 	0.750481	0.12524              	0.707107	0.853553	1  	0.146447
12 	256  	1        	1       	0.5	0.62524 	0.750481	0.12524              	0.707107	0.853553	1  	0.146447
13 	227  	1        	1       	0.5	0.62524 	0.750481	0.12524              	0.707107	0.853553	1  	0.146447
14 	243  	1        	1       	0.5	0.62524 	0.750481	0.12524              	0.707107	0.853553	1  	0.146447
15 	267  	1        	1       	0.5	0.62524 	0.750481	0.12524              	0.707107	0.853553	1  	0.146447
16 	258  	1        	1       	0.5	0.62524 	0.750481	0.12524              	0.707107	0.853553	1  	0.146447
17 	244  	1        	1       	0.5	0.62524 	0.750481	0.12524              	0.707107	0.853553	1  	0.146447
18 	271  	1        	1       	0.5	0.62524 	0.750481	0.12524              	0.707107	0.853553	1  	0.146447
19 	247  	1        	1       	0.5	0.62524 	0.750481	0.12524              	0.707107	0.853553	1  	0.146447
20 	248  	1        	1       	0.5	0.62524 	0.750481	0.12524              	0.707107	0.853553	1  	0.146447
21 	263  	1        	1       	0.5	0.62524 	0.750481	0.12524              	0.707107	0.853553	1  	0.146447
22 	243  	1        	1       	0.5	0.62524 	0.750481	0.12524              	0.707107	0.853553	1  	0.146447
23 	245  	1        	1       	0.5	0.62524 	0.750481	0.12524              	0.707107	0.853553	1  	0.146447
24 	246  	1        	1       	0.5	0.62524 	0.750481	0.12524              	0.707107	0.853553	1  	0.146447
25 	258  	1        	1       	0.5	0.62524 	0.750481	0.12524              	0.707107	0.853553	1  	0.146447
26 	249  	1        	1       	0.5	0.62524 	0.750481	0.12524              	0.707107	0.853553	1  	0.146447
27 	269  	1        	1       	0.5	0.62524 	0.750481	0.12524              	0.707107	0.853553	1  	0.146447
28 	252  	1        	1       	0.5	0.62524 	0.750481	0.12524              	0.707107	0.853553	1  	0.146447
29 	260  	1        	1       	0.5	0.62524 	0.750481	0.12524              	0.707107	0.853553	1  	0.146447
30 	254  	1        	1       	0.5	0.62524 	0.750481	0.12524              	0.707107	0.853553	1  	0.146447
31 	244  	1        	1       	0.5	0.62524 	0.750481	0.12524              	0.707107	0.853553	1  	0.146447
32 	254  	1        	1       	0.5	0.62524 	0.750481	0.12524              	0.707107	0.853553	1  	0.146447
33 	253  	1        	1       	0.5	0.62524 	0.750481	0.12524              	0.707107	0.853553	1  	0.146447
34 	252  	1        	1       	0.5	0.62524 	0.750481	0.12524              	0.707107	0.853553	1  	0.146447
35 	231  	1        	1       	0.5	0.62524 	0.750481	0.12524              	0.707107	0.853553	1  	0.146447
36 	267  	1        	1       	0.5	0.62524 	0.750481	0.12524              	0.707107	0.853553	1  	0.146447
37 	255  	1        	1       	0.5	0.62524 	0.750481	0.12524              	0.707107	0.853553	1  	0.146447
38 	250  	1        	1       	0.5	0.62524 	0.750481	0.12524              	0.707107	0.853553	1  	0.146447
39 	249  	1        	1       	0.5	0.62524 	0.750481	0.12524              	0.707107	0.853553	1  	0.146447
40 	243  	1        	1       	0.5	0.62524 	0.750481	0.12524              	0.707107	0.853553	1  	0.146447
41 	263  	1        	1       	0.5	0.62524 	0.750481	0.12524              	0.707107	0.853553	1  	0.146447
42 	234  	1        	1       	0.5	0.62524 	0.750481	0.12524              	0.707107	0.853553	1  	0.146447
43 	251  	1        	1       	0.5	0.62524 	0.750481	0.12524              	0.707107	0.853553	1  	0.146447
44 	218  	1        	1       	0.5	0.62524 	0.750481	0.12524              	0.707107	0.853553	1  	0.146447
45 	238  	1        	1       	0.5	0.62524 	0.750481	0.12524              	0.707107	0.853553	1  	0.146447
46 	264  	1        	1       	0.5	0.62524 	0.750481	0.12524              	0.707107	0.853553	1  	0.146447
47 	237  	1        	1       	0.5	0.62524 	0.750481	0.12524              	0.707107	0.853553	1  	0.146447
48 	245  	1        	1       	0.5	0.62524 	0.750481	0.12524              	0.707107	0.853553	1  	0.146447
49 	238  	1        	1       	0.5	0.62524 	0.750481	0.12524              	0.707107	0.853553	1  	0.146447

ASSIGNING STRATA FOR MULTI-OUTCOME DATA LGG_MV
Assigning strata for outcome named survival of type survival
Counts:
censored 0: 160
censored 1: 93
deceased 0: 39
deceased 1: 37
VIEW: LOG_MIRNA
   	     	         	        	   survival SKSurv Cox model concordance index   	                 root leanness                  
   	     	         	        	-------------------------------------------------	------------------------------------------------
gen	evals	gen_feats	explored	min	avg     	max     	std                  	min     	avg     	max	std     
0  	0    	145      	145     	0.5	0.84613 	0.897004	0.0497665            	0.204124	0.408156	1  	0.141217
1  	383  	237      	245     	0.5	0.843703	0.897004	0.048128             	0.204124	0.391441	1  	0.129365
2  	384  	239      	282     	0.5	0.844343	0.897004	0.0495611            	0.204124	0.394788	1  	0.133036
3  	360  	226      	294     	0.5	0.846223	0.897004	0.0470811            	0.204124	0.393301	1  	0.131866
4  	370  	241      	306     	0.5	0.846951	0.897004	0.0469629            	0.204124	0.391756	1  	0.132306
5  	388  	252      	307     	0.5	0.847804	0.897004	0.0458715            	0.204124	0.390057	1  	0.131809
6  	383  	240      	311     	0.5	0.84887 	0.897004	0.0451783            	0.204124	0.387195	1  	0.131307
7  	370  	236      	312     	0.5	0.849188	0.897004	0.0452516            	0.204124	0.386782	1  	0.131665
8  	381  	236      	312     	0.5	0.849445	0.897004	0.0449644            	0.204124	0.38666 	1  	0.131732
9  	379  	236      	312     	0.5	0.849557	0.897004	0.0449875            	0.204124	0.387249	1  	0.131273
10 	384  	241      	312     	0.5	0.849238	0.897004	0.0456214            	0.204124	0.388919	1  	0.131954
11 	397  	237      	312     	0.5	0.84991 	0.897004	0.0450257            	0.204124	0.387667	1  	0.130952
12 	374  	239      	312     	0.5	0.850106	0.897004	0.0451074            	0.204124	0.387199	1  	0.131363
13 	374  	241      	312     	0.5	0.850969	0.897004	0.0444141            	0.204124	0.384937	1  	0.131006
14 	378  	250      	312     	0.5	0.851326	0.897004	0.0444473            	0.204124	0.384104	1  	0.131013
15 	380  	255      	312     	0.5	0.85154 	0.897004	0.0445286            	0.204124	0.383426	1  	0.131436
16 	375  	231      	312     	0.5	0.851946	0.897004	0.0446071            	0.204124	0.382172	1  	0.131743
17 	379  	236      	312     	0.5	0.852559	0.897004	0.0440626            	0.204124	0.38047 	1  	0.13103 
18 	368  	237      	312     	0.5	0.852717	0.897004	0.0441377            	0.204124	0.380397	1  	0.131116
19 	360  	228      	312     	0.5	0.852953	0.897004	0.0442177            	0.204124	0.379728	1  	0.131424
20 	406  	241      	312     	0.5	0.853149	0.897004	0.0443045            	0.204124	0.379223	1  	0.131715
21 	378  	237      	312     	0.5	0.854009	0.897004	0.043835             	0.204124	0.376569	1  	0.131154
22 	378  	244      	312     	0.5	0.854375	0.897004	0.0439283            	0.204124	0.375248	1  	0.131589
23 	377  	246      	312     	0.5	0.854788	0.897004	0.0439467            	0.204124	0.373742	1  	0.131775
24 	379  	255      	312     	0.5	0.855425	0.897004	0.0435538            	0.204124	0.372425	1  	0.131431
25 	391  	237      	312     	0.5	0.855667	0.897004	0.04369              	0.204124	0.372135	1  	0.131657
26 	380  	241      	312     	0.5	0.855902	0.897004	0.0437519            	0.204124	0.371207	1  	0.132254
27 	381  	243      	312     	0.5	0.856718	0.897004	0.0432828            	0.204124	0.368884	1  	0.131489
28 	379  	246      	312     	0.5	0.856089	0.897004	0.043893             	0.204124	0.371359	1  	0.132075
29 	382  	244      	312     	0.5	0.856403	0.897004	0.0439434            	0.204124	0.370188	1  	0.132278
30 	373  	234      	312     	0.5	0.857129	0.897004	0.0434496            	0.204124	0.368185	1  	0.131625
31 	374  	249      	312     	0.5	0.857708	0.897004	0.0435467            	0.204124	0.365806	1  	0.13214 
32 	366  	245      	312     	0.5	0.858584	0.897004	0.0431533            	0.204124	0.363131	1  	0.131826
33 	372  	241      	312     	0.5	0.858514	0.897004	0.0431374            	0.204124	0.364479	1  	0.131264
34 	388  	249      	312     	0.5	0.858684	0.897004	0.0432047            	0.204124	0.364439	1  	0.13132 
35 	386  	250      	312     	0.5	0.858492	0.897004	0.0441687            	0.208514	0.365721	1  	0.131957
36 	375  	244      	312     	0.5	0.858713	0.897698	0.044136             	0.208514	0.365694	1  	0.132096
37 	376  	241      	312     	0.5	0.858466	0.897698	0.044258             	0.208514	0.367833	1  	0.13186 
38 	385  	247      	312     	0.5	0.859585	0.897698	0.0437374            	0.208514	0.364469	1  	0.131263
39 	388  	255      	312     	0.5	0.860234	0.898137	0.0440017            	0.213201	0.362892	1  	0.131788
40 	377  	246      	312     	0.5	0.860759	0.899669	0.043581             	0.213201	0.362082	1  	0.131061
41 	378  	240      	312     	0.5	0.860684	0.899669	0.0447606            	0.213201	0.362547	1  	0.131423
42 	400  	245      	312     	0.5	0.860599	0.902985	0.0446316            	0.208514	0.364254	1  	0.131349
43 	371  	240      	312     	0.5	0.860857	0.902985	0.0446053            	0.208514	0.364023	1  	0.131484
44 	399  	244      	312     	0.5	0.861199	0.902985	0.0447057            	0.208514	0.36368 	1  	0.131724
45 	380  	237      	312     	0.5	0.861398	0.902985	0.0448083            	0.208514	0.363874	1  	0.131622
46 	388  	241      	312     	0.5	0.86222 	0.902985	0.045028             	0.208514	0.361934	1  	0.132179
47 	379  	251      	312     	0.5	0.862599	0.902985	0.044562             	0.208514	0.361776	1  	0.131402
48 	373  	250      	312     	0.5	0.862295	0.902985	0.0452541            	0.213201	0.363384	1  	0.131924
49 	377  	236      	312     	0.5	0.862383	0.902985	0.0453244            	0.213201	0.364016	1  	0.131604

STARTING MASTER RUNNER RESAMPLING
Generations completed = 12
Generations completed = 30
Generations completed = 48
MASTER
   	     	         	        	       survival SKSurv Cox model concordance index       	                     root leanness                      
   	     	         	        	---------------------------------------------------------	--------------------------------------------------------
gen	evals	gen_feats	explored	min     	avg     	max     	std             	min     	avg     	max     	std     
0  	500  	162      	162     	0.701574	0.851765	0.894809	0.0387653       	0.208514	0.344641	0.707107	0.115162
1  	400  	151      	176     	0.5     	0.856008	0.894809	0.0360985       	0.213201	0.357378	1       	0.118913
2  	429  	150      	186     	0.5     	0.856808	0.894809	0.038774        	0.213201	0.363685	1       	0.124887
3  	420  	153      	188     	0.5     	0.857523	0.894809	0.0393384       	0.213201	0.364496	1       	0.125912
4  	423  	158      	190     	0.5     	0.85787 	0.894809	0.0398769       	0.213201	0.365934	1       	0.126384
5  	407  	151      	191     	0.5     	0.857961	0.894809	0.0404772       	0.213201	0.366276	1       	0.127432
6  	407  	151      	191     	0.5     	0.858348	0.898858	0.0406177       	0.213201	0.366036	1       	0.127448
7  	416  	152      	193     	0.5     	0.858358	0.898858	0.0406005       	0.213201	0.36711 	1       	0.127003
8  	402  	143      	194     	0.5     	0.85799 	0.898858	0.0414236       	0.213201	0.36861 	1       	0.128825
9  	413  	156      	194     	0.5     	0.857871	0.898858	0.0418434       	0.213201	0.368993	1       	0.129827
10 	409  	158      	194     	0.5     	0.858046	0.898858	0.0417808       	0.213201	0.36837 	1       	0.12964 
11 	407  	150      	194     	0.5     	0.858031	0.898858	0.041874        	0.213201	0.368757	1       	0.129934
12 	405  	144      	194     	0.5     	0.858066	0.898858	0.0418646       	0.213201	0.368618	1       	0.129887
13 	388  	146      	194     	0.5     	0.858142	0.898858	0.0418986       	0.213201	0.368348	1       	0.130008
14 	411  	149      	194     	0.5     	0.857977	0.898858	0.0423789       	0.213201	0.368501	1       	0.130469
15 	403  	157      	194     	0.5     	0.857813	0.898858	0.0424516       	0.213201	0.369292	1       	0.130729
16 	402  	149      	194     	0.5     	0.857886	0.898858	0.0423895       	0.213201	0.369077	1       	0.130517
17 	401  	151      	194     	0.5     	0.857324	0.898858	0.0428264       	0.213201	0.371459	1       	0.13102 
18 	406  	146      	194     	0.5     	0.857373	0.898858	0.0428189       	0.213201	0.371306	1       	0.131085
19 	408  	152      	194     	0.5     	0.857407	0.898858	0.0428177       	0.213201	0.371156	1       	0.131086
20 	404  	159      	194     	0.5     	0.857373	0.898858	0.0428189       	0.213201	0.371306	1       	0.131085
21 	411  	153      	194     	0.5     	0.857373	0.898858	0.0428189       	0.213201	0.371306	1       	0.131085
22 	409  	148      	194     	0.5     	0.857373	0.898858	0.0428189       	0.213201	0.371306	1       	0.131085
23 	407  	163      	194     	0.5     	0.857148	0.898858	0.0431683       	0.213201	0.371904	1       	0.131931
24 	399  	152      	194     	0.5     	0.857148	0.898858	0.0431683       	0.213201	0.371904	1       	0.131931
25 	421  	155      	194     	0.5     	0.857123	0.898858	0.0431637       	0.213201	0.372008	1       	0.131896
26 	399  	156      	194     	0.5     	0.857098	0.898858	0.0431663       	0.213201	0.372117	1       	0.131903
27 	396  	153      	194     	0.5     	0.857102	0.898858	0.0431655       	0.213201	0.372117	1       	0.131903
28 	387  	152      	194     	0.5     	0.857102	0.898858	0.0431655       	0.213201	0.372117	1       	0.131903
29 	417  	158      	194     	0.5     	0.857102	0.898858	0.0431655       	0.213201	0.372117	1       	0.131903
30 	398  	157      	194     	0.5     	0.857102	0.898858	0.0431655       	0.213201	0.372117	1       	0.131903
31 	404  	153      	194     	0.5     	0.857102	0.898858	0.0431655       	0.213201	0.372117	1       	0.131903
32 	392  	157      	194     	0.5     	0.857102	0.898858	0.0431655       	0.213201	0.372117	1       	0.131903
33 	387  	154      	194     	0.5     	0.857102	0.898858	0.0431655       	0.213201	0.372117	1       	0.131903
34 	404  	153      	194     	0.5     	0.857102	0.898858	0.0431655       	0.213201	0.372117	1       	0.131903
35 	414  	161      	194     	0.5     	0.857102	0.898858	0.0431655       	0.213201	0.372117	1       	0.131903
36 	399  	147      	194     	0.5     	0.857102	0.898858	0.0431655       	0.213201	0.372117	1       	0.131903
37 	408  	156      	194     	0.5     	0.857102	0.898858	0.0431655       	0.213201	0.372117	1       	0.131903
38 	400  	156      	194     	0.5     	0.857139	0.898858	0.0431599       	0.213201	0.37193 	1       	0.131863
39 	405  	151      	194     	0.5     	0.8571  	0.898858	0.0431663       	0.213201	0.372117	1       	0.131903
40 	409  	143      	194     	0.5     	0.8571  	0.898858	0.0431661       	0.213201	0.372117	1       	0.131903
41 	406  	152      	194     	0.5     	0.8571  	0.898858	0.0431661       	0.213201	0.372117	1       	0.131903
42 	404  	149      	194     	0.5     	0.857121	0.898858	0.0431644       	0.213201	0.372008	1       	0.131896
43 	407  	149      	194     	0.5     	0.857121	0.898858	0.0431644       	0.213201	0.372008	1       	0.131896
44 	400  	153      	194     	0.5     	0.8571  	0.898858	0.0431661       	0.213201	0.372117	1       	0.131903
45 	396  	151      	194     	0.5     	0.857102	0.898858	0.0431655       	0.213201	0.372117	1       	0.131903
46 	425  	156      	194     	0.5     	0.857102	0.898858	0.0431655       	0.213201	0.372117	1       	0.131903
47 	401  	142      	194     	0.5     	0.857102	0.898858	0.0431655       	0.213201	0.372117	1       	0.131903
48 	401  	140      	194     	0.5     	0.857102	0.898858	0.0431655       	0.213201	0.372117	1       	0.131903
49 	395  	140      	194     	0.5     	0.857102	0.898858	0.0431655       	0.213201	0.372117	1       	0.131903

CURRENT HALLS OF FAME

PARETO FRONT
Number of solutions = 15
(0.8988582567529936, 0.22941573387056177) 18 features: [0_age_at_initial_pathologic_diagnosis, 1_hsa.let.7e.5p, 1_hsa.let.7f.5p, 1_hsa.miR.10b.5p, 1_hsa.miR.135a.3p, 1_hsa.miR.15b.5p, 1_hsa.miR.23b.5p, 1_hsa.miR.3074.5p, 1_hsa.miR.346, 1_hsa.miR.378d, 1_hsa.miR.382.5p, 1_hsa.miR.493.3p, 1_hsa.miR.499a.5p, 1_hsa.miR.511.5p, 1_hsa.miR.590.5p, 1_hsa.miR.9.3p, 1_hsa.miR.513a.3p, 1_hsa.miR.520e]
(0.8958285866180603, 0.24253562503633297) 16 features: [0_age_at_initial_pathologic_diagnosis, 1_hsa.let.7e.5p, 1_hsa.miR.10b.5p, 1_hsa.miR.135a.3p, 1_hsa.miR.15b.5p, 1_hsa.miR.23b.5p, 1_hsa.miR.3074.5p, 1_hsa.miR.346, 1_hsa.miR.378d, 1_hsa.miR.499a.5p, 1_hsa.miR.511.5p, 1_hsa.miR.590.5p, 1_hsa.miR.769.3p, 1_hsa.miR.9.3p, 1_hsa.miR.513a.3p, 1_hsa.miR.520e]
(0.894360902255639, 0.25) 15 features: [0_age_at_initial_pathologic_diagnosis, 1_hsa.let.7e.5p, 1_hsa.miR.10b.5p, 1_hsa.miR.135a.3p, 1_hsa.miR.15b.5p, 1_hsa.miR.23b.5p, 1_hsa.miR.3074.5p, 1_hsa.miR.346, 1_hsa.miR.378d, 1_hsa.miR.499a.5p, 1_hsa.miR.511.5p, 1_hsa.miR.590.5p, 1_hsa.miR.9.3p, 1_hsa.miR.513a.3p, 1_hsa.miR.520e]
(0.8943115364167996, 0.2581988897471611) 14 features: [0_age_at_initial_pathologic_diagnosis, 1_hsa.let.7e.5p, 1_hsa.miR.10b.3p, 1_hsa.miR.10b.5p, 1_hsa.miR.15b.5p, 1_hsa.miR.182.5p, 1_hsa.miR.3074.5p, 1_hsa.miR.346, 1_hsa.miR.499a.5p, 1_hsa.miR.511.5p, 1_hsa.miR.590.5p, 1_hsa.miR.9.3p, 1_hsa.miR.513a.3p, 1_hsa.miR.520e]
(0.8936758985004599, 0.28867513459481287) 11 features: [0_age_at_initial_pathologic_diagnosis, 1_hsa.let.7e.5p, 1_hsa.miR.10b.5p, 1_hsa.miR.15b.5p, 1_hsa.miR.3074.5p, 1_hsa.miR.32.5p, 1_hsa.miR.346, 1_hsa.miR.499a.5p, 1_hsa.miR.511.5p, 1_hsa.miR.9.3p, 1_hsa.miR.520e]
(0.8913337637021849, 0.30151134457776363) 10 features: [0_age_at_initial_pathologic_diagnosis, 1_hsa.let.7e.5p, 1_hsa.miR.10b.5p, 1_hsa.miR.15b.5p, 1_hsa.miR.3074.5p, 1_hsa.miR.346, 1_hsa.miR.499a.5p, 1_hsa.miR.511.5p, 1_hsa.miR.9.3p, 1_hsa.miR.520e]
(0.8832392428883656, 0.3333333333333333) 8 features: [0_age_at_initial_pathologic_diagnosis, 1_hsa.let.7e.5p, 1_hsa.miR.10b.5p, 1_hsa.miR.15b.5p, 1_hsa.miR.346, 1_hsa.miR.511.5p, 1_hsa.miR.9.3p, 1_hsa.miR.520e]
(0.8781585698252364, 0.3535533905932738) 7 features: [0_age_at_initial_pathologic_diagnosis, 1_hsa.miR.10b.5p, 1_hsa.miR.1287.3p, 1_hsa.miR.1296.5p, 1_hsa.miR.15b.5p, 1_hsa.miR.455.5p, 1_hsa.miR.511.5p]
(0.8743894669333265, 0.3779644730092272) 6 features: [0_age_at_initial_pathologic_diagnosis, 1_hsa.miR.100.5p, 1_hsa.miR.10b.5p, 1_hsa.miR.15b.5p, 1_hsa.miR.23b.5p, 1_hsa.miR.511.5p]
(0.8659481194568913, 0.408248290463863) 5 features: [0_age_at_initial_pathologic_diagnosis, 1_hsa.let.7e.5p, 1_hsa.miR.10b.5p, 1_hsa.miR.15b.5p, 1_hsa.miR.511.5p]
(0.8577517024885446, 0.4472135954999579) 4 features: [0_age_at_initial_pathologic_diagnosis, 1_hsa.miR.1296.5p, 1_hsa.miR.15b.5p, 1_hsa.miR.23b.5p]
(0.8501014742242813, 0.5) [0_age_at_initial_pathologic_diagnosis, 1_hsa.miR.10b.5p, 1_hsa.miR.15b.5p]
(0.8355100714749838, 0.5773502691896257) [0_age_at_initial_pathologic_diagnosis, 1_hsa.miR.15b.5p]
(0.7901637511286634, 0.7071067811865476) [1_hsa.miR.15b.5p]
(0.5, 1.0) []
Features in hall of fame by prevalence:
26 features: [1_hsa.miR.15b.5p, 0_age_at_initial_pathologic_diagnosis, 1_hsa.miR.10b.5p, 1_hsa.miR.511.5p, 1_hsa.let.7e.5p, 1_hsa.miR.346, 1_hsa.miR.9.3p, 1_hsa.miR.520e, 1_hsa.miR.3074.5p, 1_hsa.miR.499a.5p, 1_hsa.miR.23b.5p, 1_hsa.miR.590.5p, 1_hsa.miR.513a.3p, 1_hsa.miR.135a.3p, 1_hsa.miR.378d, 1_hsa.miR.1296.5p, 1_hsa.let.7f.5p, 1_hsa.miR.100.5p, 1_hsa.miR.10b.3p, 1_hsa.miR.1287.3p, 1_hsa.miR.182.5p, 1_hsa.miR.32.5p, 1_hsa.miR.382.5p, 1_hsa.miR.455.5p, 1_hsa.miR.493.3p, 1_hsa.miR.769.3p]

LAST POPULATION
Number of solutions = 500
Features in hall of fame by prevalence:
167 features: [1_hsa.miR.15b.5p, 1_hsa.miR.10b.5p, 0_age_at_initial_pathologic_diagnosis, 1_hsa.miR.511.5p, 1_hsa.miR.9.3p, 1_hsa.let.7e.5p, 1_hsa.miR.346, 1_hsa.miR.499a.5p, 1_hsa.miR.23b.5p, 1_hsa.miR.513a.3p, 1_hsa.miR.520e, 1_hsa.miR.590.5p, 1_hsa.miR.3074.5p, 1_hsa.miR.382.5p, 1_hsa.let.7f.5p, 1_hsa.miR.493.3p, 1_hsa.miR.1266.5p, 1_hsa.miR.335.3p, 1_hsa.miR.27b.3p, 1_hsa.miR.182.5p, 1_hsa.miR.135a.3p, 1_hsa.miR.378d, 1_hsa.miR.142.5p, 1_hsa.miR.1296.5p, 1_hsa.miR.3923, 1_hsa.miR.589.3p, 1_hsa.miR.185.5p, 1_hsa.miR.3913.5p, 1_hsa.miR.10b.3p, 1_hsa.miR.1287.3p, 1_hsa.miR.222.5p, 1_hsa.miR.518e.3p, 1_hsa.miR.224.5p, 1_hsa.miR.302a.5p, 1_hsa.miR.148a.5p, 1_hsa.miR.335.5p, 1_hsa.miR.615.3p, 1_hsa.miR.99b.5p, 1_hsa.miR.150.3p, 1_hsa.miR.98.5p, 1_hsa.miR.125a.5p, 1_hsa.miR.361.3p, 1_hsa.miR.503.5p, 1_hsa.miR.5683, 1_hsa.miR.654.3p, 1_hsa.miR.937.3p, 1_hsa.miR.107, 1_hsa.miR.127.5p, 1_hsa.miR.146b.3p, 1_hsa.miR.190a.5p, 1_hsa.miR.196a.5p, 1_hsa.miR.199a.3p, 1_hsa.miR.32.5p, 1_hsa.miR.760, 1_hsa.miR.10a.5p, 1_hsa.miR.130b.3p, 1_hsa.miR.135b.5p, 1_hsa.miR.187.3p, 1_hsa.miR.216a.5p, 1_hsa.miR.432.5p, 1_hsa.miR.455.5p, 1_hsa.miR.100.5p, 1_hsa.miR.155.3p, 1_hsa.miR.15a.5p, 1_hsa.miR.16.2.3p, 1_hsa.miR.181b.5p, 1_hsa.miR.196b.5p, 1_hsa.miR.199b.5p, 1_hsa.miR.2355.3p, 1_hsa.miR.28.5p, 1_hsa.miR.4431, 1_hsa.miR.550a.3p, 1_hsa.miR.6503.3p, 1_hsa.miR.651.5p, 1_hsa.miR.9.5p, 1_hsa.miR.126.5p, 1_hsa.miR.127.3p, 1_hsa.miR.148b.3p, 1_hsa.miR.151a.3p, 1_hsa.miR.155.5p, 1_hsa.miR.15b.3p, 1_hsa.miR.200a.5p, 1_hsa.miR.200c.3p, 1_hsa.miR.204.3p, 1_hsa.miR.2110, 1_hsa.miR.215.5p, 1_hsa.miR.21.5p, 1_hsa.miR.22.5p, 1_hsa.miR.26a.2.3p, 1_hsa.miR.27b.5p, 1_hsa.miR.30d.5p, 1_hsa.miR.30e.3p, 1_hsa.miR.30e.5p, 1_hsa.miR.320a, 1_hsa.miR.33a.3p, 1_hsa.miR.3613.5p, 1_hsa.miR.3677.3p, 1_hsa.miR.381.3p, 1_hsa.miR.3940.3p, 1_hsa.miR.409.3p, ...]

BEST SUMS WITH SIZE 50
Number of solutions = 50
Features in hall of fame by prevalence:
42 features: [1_hsa.miR.15b.5p, 0_age_at_initial_pathologic_diagnosis, 1_hsa.miR.196a.5p, 1_hsa.miR.23b.5p, 1_hsa.miR.335.3p, 1_hsa.miR.3677.3p, 1_hsa.miR.615.3p, 1_hsa.miR.9.5p, 1_hsa.let.7e.5p, 1_hsa.miR.10a.5p, 1_hsa.miR.10b.3p, 1_hsa.miR.10b.5p, 1_hsa.miR.125a.3p, 1_hsa.miR.1266.5p, 1_hsa.miR.135b.5p, 1_hsa.miR.146b.3p, 1_hsa.miR.148a.5p, 1_hsa.miR.149.3p, 1_hsa.miR.155.5p, 1_hsa.miR.15b.3p, 1_hsa.miR.16.2.3p, 1_hsa.miR.16.5p, 1_hsa.miR.1976, 1_hsa.miR.200a.5p, 1_hsa.miR.200b.3p, 1_hsa.miR.222.3p, 1_hsa.miR.222.5p, 1_hsa.miR.27a.5p, 1_hsa.miR.27b.5p, 1_hsa.miR.4677.3p, 1_hsa.miR.4746.5p, 1_hsa.miR.532.3p, 1_hsa.miR.6509.5p, 1_hsa.miR.651.5p, 1_hsa.miR.664a.3p, 1_hsa.miR.671.5p, 1_hsa.miR.6806.3p, 1_hsa.miR.6892.5p, 1_hsa.miR.887.5p, 1_hsa.miR.9.3p, 1_hsa.miR.99b.3p, 1_hsa.miR.99b.5p]

BEST SUMS WITH SIZE 100
Number of solutions = 100
Features in hall of fame by prevalence:
59 features: [1_hsa.miR.15b.5p, 0_age_at_initial_pathologic_diagnosis, 1_hsa.miR.10b.5p, 1_hsa.miR.148a.5p, 1_hsa.miR.335.3p, 1_hsa.miR.10b.3p, 1_hsa.miR.1266.5p, 1_hsa.miR.196a.5p, 1_hsa.miR.196b.5p, 1_hsa.miR.222.5p, 1_hsa.miR.23b.5p, 1_hsa.miR.651.5p, 1_hsa.miR.99b.5p, 1_hsa.let.7e.5p, 1_hsa.miR.10a.5p, 1_hsa.miR.135b.5p, 1_hsa.miR.146b.3p, 1_hsa.miR.155.5p, 1_hsa.miR.15b.3p, 1_hsa.miR.200a.5p, 1_hsa.miR.27a.5p, 1_hsa.miR.27b.5p, 1_hsa.miR.3677.3p, 1_hsa.miR.4677.3p, 1_hsa.miR.4746.5p, 1_hsa.miR.615.3p, 1_hsa.miR.664a.3p, 1_hsa.miR.6806.3p, 1_hsa.miR.9.5p, 1_hsa.miR.100.5p, 1_hsa.miR.125a.3p, 1_hsa.miR.1296.5p, 1_hsa.miR.148b.3p, 1_hsa.miR.149.3p, 1_hsa.miR.155.3p, 1_hsa.miR.16.2.3p, 1_hsa.miR.16.5p, 1_hsa.miR.181b.5p, 1_hsa.miR.1976, 1_hsa.miR.200b.3p, 1_hsa.miR.204.3p, 1_hsa.miR.222.3p, 1_hsa.miR.3074.5p, 1_hsa.miR.346, 1_hsa.miR.4431, 1_hsa.miR.455.3p, 1_hsa.miR.511.5p, 1_hsa.miR.532.3p, 1_hsa.miR.6509.5p, 1_hsa.miR.671.5p, 1_hsa.miR.6892.5p, 1_hsa.miR.760, 1_hsa.miR.7974, 1_hsa.miR.887.5p, 1_hsa.miR.9.3p, 1_hsa.miR.99b.3p, 1_hsa.miR.302a.5p, 1_hsa.miR.302b.3p, 1_hsa.miR.520e]
Optimization on fold finished in 00-05:52:18

FEATURE SETS SELECTED

PARETO FRONT
Number of solutions = 15
(0.8988582567529936, 0.22941573387056177) 18 features: [0_age_at_initial_pathologic_diagnosis, 1_hsa.let.7e.5p, 1_hsa.let.7f.5p, 1_hsa.miR.10b.5p, 1_hsa.miR.135a.3p, 1_hsa.miR.15b.5p, 1_hsa.miR.23b.5p, 1_hsa.miR.3074.5p, 1_hsa.miR.346, 1_hsa.miR.378d, 1_hsa.miR.382.5p, 1_hsa.miR.493.3p, 1_hsa.miR.499a.5p, 1_hsa.miR.511.5p, 1_hsa.miR.590.5p, 1_hsa.miR.9.3p, 1_hsa.miR.513a.3p, 1_hsa.miR.520e]
(0.8958285866180603, 0.24253562503633297) 16 features: [0_age_at_initial_pathologic_diagnosis, 1_hsa.let.7e.5p, 1_hsa.miR.10b.5p, 1_hsa.miR.135a.3p, 1_hsa.miR.15b.5p, 1_hsa.miR.23b.5p, 1_hsa.miR.3074.5p, 1_hsa.miR.346, 1_hsa.miR.378d, 1_hsa.miR.499a.5p, 1_hsa.miR.511.5p, 1_hsa.miR.590.5p, 1_hsa.miR.769.3p, 1_hsa.miR.9.3p, 1_hsa.miR.513a.3p, 1_hsa.miR.520e]
(0.894360902255639, 0.25) 15 features: [0_age_at_initial_pathologic_diagnosis, 1_hsa.let.7e.5p, 1_hsa.miR.10b.5p, 1_hsa.miR.135a.3p, 1_hsa.miR.15b.5p, 1_hsa.miR.23b.5p, 1_hsa.miR.3074.5p, 1_hsa.miR.346, 1_hsa.miR.378d, 1_hsa.miR.499a.5p, 1_hsa.miR.511.5p, 1_hsa.miR.590.5p, 1_hsa.miR.9.3p, 1_hsa.miR.513a.3p, 1_hsa.miR.520e]
(0.8943115364167996, 0.2581988897471611) 14 features: [0_age_at_initial_pathologic_diagnosis, 1_hsa.let.7e.5p, 1_hsa.miR.10b.3p, 1_hsa.miR.10b.5p, 1_hsa.miR.15b.5p, 1_hsa.miR.182.5p, 1_hsa.miR.3074.5p, 1_hsa.miR.346, 1_hsa.miR.499a.5p, 1_hsa.miR.511.5p, 1_hsa.miR.590.5p, 1_hsa.miR.9.3p, 1_hsa.miR.513a.3p, 1_hsa.miR.520e]
(0.8936758985004599, 0.28867513459481287) 11 features: [0_age_at_initial_pathologic_diagnosis, 1_hsa.let.7e.5p, 1_hsa.miR.10b.5p, 1_hsa.miR.15b.5p, 1_hsa.miR.3074.5p, 1_hsa.miR.32.5p, 1_hsa.miR.346, 1_hsa.miR.499a.5p, 1_hsa.miR.511.5p, 1_hsa.miR.9.3p, 1_hsa.miR.520e]
(0.8913337637021849, 0.30151134457776363) 10 features: [0_age_at_initial_pathologic_diagnosis, 1_hsa.let.7e.5p, 1_hsa.miR.10b.5p, 1_hsa.miR.15b.5p, 1_hsa.miR.3074.5p, 1_hsa.miR.346, 1_hsa.miR.499a.5p, 1_hsa.miR.511.5p, 1_hsa.miR.9.3p, 1_hsa.miR.520e]
(0.8832392428883656, 0.3333333333333333) 8 features: [0_age_at_initial_pathologic_diagnosis, 1_hsa.let.7e.5p, 1_hsa.miR.10b.5p, 1_hsa.miR.15b.5p, 1_hsa.miR.346, 1_hsa.miR.511.5p, 1_hsa.miR.9.3p, 1_hsa.miR.520e]
(0.8781585698252364, 0.3535533905932738) 7 features: [0_age_at_initial_pathologic_diagnosis, 1_hsa.miR.10b.5p, 1_hsa.miR.1287.3p, 1_hsa.miR.1296.5p, 1_hsa.miR.15b.5p, 1_hsa.miR.455.5p, 1_hsa.miR.511.5p]
(0.8743894669333265, 0.3779644730092272) 6 features: [0_age_at_initial_pathologic_diagnosis, 1_hsa.miR.100.5p, 1_hsa.miR.10b.5p, 1_hsa.miR.15b.5p, 1_hsa.miR.23b.5p, 1_hsa.miR.511.5p]
(0.8659481194568913, 0.408248290463863) 5 features: [0_age_at_initial_pathologic_diagnosis, 1_hsa.let.7e.5p, 1_hsa.miR.10b.5p, 1_hsa.miR.15b.5p, 1_hsa.miR.511.5p]
(0.8577517024885446, 0.4472135954999579) 4 features: [0_age_at_initial_pathologic_diagnosis, 1_hsa.miR.1296.5p, 1_hsa.miR.15b.5p, 1_hsa.miR.23b.5p]
(0.8501014742242813, 0.5) [0_age_at_initial_pathologic_diagnosis, 1_hsa.miR.10b.5p, 1_hsa.miR.15b.5p]
(0.8355100714749838, 0.5773502691896257) [0_age_at_initial_pathologic_diagnosis, 1_hsa.miR.15b.5p]
(0.7901637511286634, 0.7071067811865476) [1_hsa.miR.15b.5p]
(0.5, 1.0) []
Features in hall of fame by prevalence:
26 features: [1_hsa.miR.15b.5p, 0_age_at_initial_pathologic_diagnosis, 1_hsa.miR.10b.5p, 1_hsa.miR.511.5p, 1_hsa.let.7e.5p, 1_hsa.miR.346, 1_hsa.miR.9.3p, 1_hsa.miR.520e, 1_hsa.miR.3074.5p, 1_hsa.miR.499a.5p, 1_hsa.miR.23b.5p, 1_hsa.miR.590.5p, 1_hsa.miR.513a.3p, 1_hsa.miR.135a.3p, 1_hsa.miR.378d, 1_hsa.miR.1296.5p, 1_hsa.let.7f.5p, 1_hsa.miR.100.5p, 1_hsa.miR.10b.3p, 1_hsa.miR.1287.3p, 1_hsa.miR.182.5p, 1_hsa.miR.32.5p, 1_hsa.miR.382.5p, 1_hsa.miR.455.5p, 1_hsa.miR.493.3p, 1_hsa.miR.769.3p]

LAST POPULATION
Number of solutions = 500
Features in hall of fame by prevalence:
167 features: [1_hsa.miR.15b.5p, 1_hsa.miR.10b.5p, 0_age_at_initial_pathologic_diagnosis, 1_hsa.miR.511.5p, 1_hsa.miR.9.3p, 1_hsa.let.7e.5p, 1_hsa.miR.346, 1_hsa.miR.499a.5p, 1_hsa.miR.23b.5p, 1_hsa.miR.513a.3p, 1_hsa.miR.520e, 1_hsa.miR.590.5p, 1_hsa.miR.3074.5p, 1_hsa.miR.382.5p, 1_hsa.let.7f.5p, 1_hsa.miR.493.3p, 1_hsa.miR.1266.5p, 1_hsa.miR.335.3p, 1_hsa.miR.27b.3p, 1_hsa.miR.182.5p, 1_hsa.miR.135a.3p, 1_hsa.miR.378d, 1_hsa.miR.142.5p, 1_hsa.miR.1296.5p, 1_hsa.miR.3923, 1_hsa.miR.589.3p, 1_hsa.miR.185.5p, 1_hsa.miR.3913.5p, 1_hsa.miR.10b.3p, 1_hsa.miR.1287.3p, 1_hsa.miR.222.5p, 1_hsa.miR.518e.3p, 1_hsa.miR.224.5p, 1_hsa.miR.302a.5p, 1_hsa.miR.148a.5p, 1_hsa.miR.335.5p, 1_hsa.miR.615.3p, 1_hsa.miR.99b.5p, 1_hsa.miR.150.3p, 1_hsa.miR.98.5p, 1_hsa.miR.125a.5p, 1_hsa.miR.361.3p, 1_hsa.miR.503.5p, 1_hsa.miR.5683, 1_hsa.miR.654.3p, 1_hsa.miR.937.3p, 1_hsa.miR.107, 1_hsa.miR.127.5p, 1_hsa.miR.146b.3p, 1_hsa.miR.190a.5p, 1_hsa.miR.196a.5p, 1_hsa.miR.199a.3p, 1_hsa.miR.32.5p, 1_hsa.miR.760, 1_hsa.miR.10a.5p, 1_hsa.miR.130b.3p, 1_hsa.miR.135b.5p, 1_hsa.miR.187.3p, 1_hsa.miR.216a.5p, 1_hsa.miR.432.5p, 1_hsa.miR.455.5p, 1_hsa.miR.100.5p, 1_hsa.miR.155.3p, 1_hsa.miR.15a.5p, 1_hsa.miR.16.2.3p, 1_hsa.miR.181b.5p, 1_hsa.miR.196b.5p, 1_hsa.miR.199b.5p, 1_hsa.miR.2355.3p, 1_hsa.miR.28.5p, 1_hsa.miR.4431, 1_hsa.miR.550a.3p, 1_hsa.miR.6503.3p, 1_hsa.miR.651.5p, 1_hsa.miR.9.5p, 1_hsa.miR.126.5p, 1_hsa.miR.127.3p, 1_hsa.miR.148b.3p, 1_hsa.miR.151a.3p, 1_hsa.miR.155.5p, 1_hsa.miR.15b.3p, 1_hsa.miR.200a.5p, 1_hsa.miR.200c.3p, 1_hsa.miR.204.3p, 1_hsa.miR.2110, 1_hsa.miR.215.5p, 1_hsa.miR.21.5p, 1_hsa.miR.22.5p, 1_hsa.miR.26a.2.3p, 1_hsa.miR.27b.5p, 1_hsa.miR.30d.5p, 1_hsa.miR.30e.3p, 1_hsa.miR.30e.5p, 1_hsa.miR.320a, 1_hsa.miR.33a.3p, 1_hsa.miR.3613.5p, 1_hsa.miR.3677.3p, 1_hsa.miR.381.3p, 1_hsa.miR.3940.3p, 1_hsa.miR.409.3p, ...]

BEST SUMS WITH SIZE 50
Number of solutions = 50
Features in hall of fame by prevalence:
42 features: [1_hsa.miR.15b.5p, 0_age_at_initial_pathologic_diagnosis, 1_hsa.miR.196a.5p, 1_hsa.miR.23b.5p, 1_hsa.miR.335.3p, 1_hsa.miR.3677.3p, 1_hsa.miR.615.3p, 1_hsa.miR.9.5p, 1_hsa.let.7e.5p, 1_hsa.miR.10a.5p, 1_hsa.miR.10b.3p, 1_hsa.miR.10b.5p, 1_hsa.miR.125a.3p, 1_hsa.miR.1266.5p, 1_hsa.miR.135b.5p, 1_hsa.miR.146b.3p, 1_hsa.miR.148a.5p, 1_hsa.miR.149.3p, 1_hsa.miR.155.5p, 1_hsa.miR.15b.3p, 1_hsa.miR.16.2.3p, 1_hsa.miR.16.5p, 1_hsa.miR.1976, 1_hsa.miR.200a.5p, 1_hsa.miR.200b.3p, 1_hsa.miR.222.3p, 1_hsa.miR.222.5p, 1_hsa.miR.27a.5p, 1_hsa.miR.27b.5p, 1_hsa.miR.4677.3p, 1_hsa.miR.4746.5p, 1_hsa.miR.532.3p, 1_hsa.miR.6509.5p, 1_hsa.miR.651.5p, 1_hsa.miR.664a.3p, 1_hsa.miR.671.5p, 1_hsa.miR.6806.3p, 1_hsa.miR.6892.5p, 1_hsa.miR.887.5p, 1_hsa.miR.9.3p, 1_hsa.miR.99b.3p, 1_hsa.miR.99b.5p]

BEST SUMS WITH SIZE 100
Number of solutions = 100
Features in hall of fame by prevalence:
59 features: [1_hsa.miR.15b.5p, 0_age_at_initial_pathologic_diagnosis, 1_hsa.miR.10b.5p, 1_hsa.miR.148a.5p, 1_hsa.miR.335.3p, 1_hsa.miR.10b.3p, 1_hsa.miR.1266.5p, 1_hsa.miR.196a.5p, 1_hsa.miR.196b.5p, 1_hsa.miR.222.5p, 1_hsa.miR.23b.5p, 1_hsa.miR.651.5p, 1_hsa.miR.99b.5p, 1_hsa.let.7e.5p, 1_hsa.miR.10a.5p, 1_hsa.miR.135b.5p, 1_hsa.miR.146b.3p, 1_hsa.miR.155.5p, 1_hsa.miR.15b.3p, 1_hsa.miR.200a.5p, 1_hsa.miR.27a.5p, 1_hsa.miR.27b.5p, 1_hsa.miR.3677.3p, 1_hsa.miR.4677.3p, 1_hsa.miR.4746.5p, 1_hsa.miR.615.3p, 1_hsa.miR.664a.3p, 1_hsa.miR.6806.3p, 1_hsa.miR.9.5p, 1_hsa.miR.100.5p, 1_hsa.miR.125a.3p, 1_hsa.miR.1296.5p, 1_hsa.miR.148b.3p, 1_hsa.miR.149.3p, 1_hsa.miR.155.3p, 1_hsa.miR.16.2.3p, 1_hsa.miR.16.5p, 1_hsa.miR.181b.5p, 1_hsa.miR.1976, 1_hsa.miR.200b.3p, 1_hsa.miR.204.3p, 1_hsa.miR.222.3p, 1_hsa.miR.3074.5p, 1_hsa.miR.346, 1_hsa.miR.4431, 1_hsa.miR.455.3p, 1_hsa.miR.511.5p, 1_hsa.miR.532.3p, 1_hsa.miR.6509.5p, 1_hsa.miR.671.5p, 1_hsa.miR.6892.5p, 1_hsa.miR.760, 1_hsa.miR.7974, 1_hsa.miR.887.5p, 1_hsa.miR.9.3p, 1_hsa.miR.99b.3p, 1_hsa.miR.302a.5p, 1_hsa.miR.302b.3p, 1_hsa.miR.520e]
