
OPTIMIZING ON FOLD NUMBER 3
Number of workers = 96

COMPUTING LOCAL ACTIVE FEATURES
Computing active features for view clinic
Existing features: 8
Applying union strategy for feature selection using composite feature selector with
categorical: feature selector any na and anova
survival: feature selector Cox

Computing active features for outcome survival
Features selected for this outcome: 1
Features active in total: 1
Computing active features for view log_mirna
Existing features: 740
Applying union strategy for feature selection using composite feature selector with
categorical: feature selector any na and anova
survival: feature selector Cox

Computing active features for outcome survival
Features selected for this outcome: 255
Features active in total: 255
Computing feature importance
Running optimizer

STARTING 2-STEPS GENETIC ALGORITHM

CREATING INNER FOLDS

ASSIGNING STRATA FOR MULTI-OUTCOME DATA LGG_MV
Assigning strata for outcome named survival of type survival
Counts:
censored 0: 160
censored 1: 93
deceased 0: 39
deceased 1: 37

STARTING SWEEP NUMBER 1
folds_creator_seed = 4107908117

ASSIGNING STRATA FOR MULTI-OUTCOME DATA LGG_MV
Assigning strata for outcome named survival of type survival
Counts:
censored 0: 160
censored 1: 93
deceased 0: 39
deceased 1: 37
ga_runner_seed = 3091794638
VIEW: CLINIC
   	     	         	        	  survival SKSurv Cox model concordance index   	                 root leanness                  
   	     	         	        	------------------------------------------------	------------------------------------------------
gen	evals	gen_feats	explored	min	avg     	max     	std                  	min     	avg     	max	std     
0  	500  	1        	1       	0.5	0.624001	0.745062	0.122522             	0.707107	0.851796	1  	0.146436
1  	253  	1        	1       	0.5	0.622531	0.745062	0.122531             	0.707107	0.853553	1  	0.146447
2  	254  	1        	1       	0.5	0.622531	0.745062	0.122531             	0.707107	0.853553	1  	0.146447
3  	234  	1        	1       	0.5	0.622531	0.745062	0.122531             	0.707107	0.853553	1  	0.146447
4  	251  	1        	1       	0.5	0.622531	0.745062	0.122531             	0.707107	0.853553	1  	0.146447
5  	257  	1        	1       	0.5	0.622531	0.745062	0.122531             	0.707107	0.853553	1  	0.146447
6  	243  	1        	1       	0.5	0.622531	0.745062	0.122531             	0.707107	0.853553	1  	0.146447
7  	253  	1        	1       	0.5	0.622531	0.745062	0.122531             	0.707107	0.853553	1  	0.146447
8  	249  	1        	1       	0.5	0.622531	0.745062	0.122531             	0.707107	0.853553	1  	0.146447
9  	249  	1        	1       	0.5	0.622531	0.745062	0.122531             	0.707107	0.853553	1  	0.146447
10 	259  	1        	1       	0.5	0.622531	0.745062	0.122531             	0.707107	0.853553	1  	0.146447
11 	258  	1        	1       	0.5	0.622531	0.745062	0.122531             	0.707107	0.853553	1  	0.146447
12 	253  	1        	1       	0.5	0.622531	0.745062	0.122531             	0.707107	0.853553	1  	0.146447
13 	255  	1        	1       	0.5	0.622531	0.745062	0.122531             	0.707107	0.853553	1  	0.146447
14 	244  	1        	1       	0.5	0.622531	0.745062	0.122531             	0.707107	0.853553	1  	0.146447
15 	248  	1        	1       	0.5	0.622531	0.745062	0.122531             	0.707107	0.853553	1  	0.146447
16 	259  	1        	1       	0.5	0.622531	0.745062	0.122531             	0.707107	0.853553	1  	0.146447
17 	245  	1        	1       	0.5	0.622531	0.745062	0.122531             	0.707107	0.853553	1  	0.146447
18 	247  	1        	1       	0.5	0.622531	0.745062	0.122531             	0.707107	0.853553	1  	0.146447
19 	230  	1        	1       	0.5	0.622531	0.745062	0.122531             	0.707107	0.853553	1  	0.146447
20 	230  	1        	1       	0.5	0.622531	0.745062	0.122531             	0.707107	0.853553	1  	0.146447
21 	241  	1        	1       	0.5	0.622531	0.745062	0.122531             	0.707107	0.853553	1  	0.146447
22 	247  	1        	1       	0.5	0.622531	0.745062	0.122531             	0.707107	0.853553	1  	0.146447
23 	255  	1        	1       	0.5	0.622531	0.745062	0.122531             	0.707107	0.853553	1  	0.146447
24 	241  	1        	1       	0.5	0.622531	0.745062	0.122531             	0.707107	0.853553	1  	0.146447
25 	232  	1        	1       	0.5	0.622531	0.745062	0.122531             	0.707107	0.853553	1  	0.146447
26 	249  	1        	1       	0.5	0.622531	0.745062	0.122531             	0.707107	0.853553	1  	0.146447
27 	213  	1        	1       	0.5	0.622531	0.745062	0.122531             	0.707107	0.853553	1  	0.146447
28 	258  	1        	1       	0.5	0.622531	0.745062	0.122531             	0.707107	0.853553	1  	0.146447
29 	253  	1        	1       	0.5	0.622531	0.745062	0.122531             	0.707107	0.853553	1  	0.146447
30 	238  	1        	1       	0.5	0.622531	0.745062	0.122531             	0.707107	0.853553	1  	0.146447
31 	250  	1        	1       	0.5	0.622531	0.745062	0.122531             	0.707107	0.853553	1  	0.146447
32 	242  	1        	1       	0.5	0.622531	0.745062	0.122531             	0.707107	0.853553	1  	0.146447
33 	246  	1        	1       	0.5	0.622531	0.745062	0.122531             	0.707107	0.853553	1  	0.146447
34 	256  	1        	1       	0.5	0.622531	0.745062	0.122531             	0.707107	0.853553	1  	0.146447
35 	264  	1        	1       	0.5	0.622531	0.745062	0.122531             	0.707107	0.853553	1  	0.146447
36 	245  	1        	1       	0.5	0.622531	0.745062	0.122531             	0.707107	0.853553	1  	0.146447
37 	258  	1        	1       	0.5	0.622531	0.745062	0.122531             	0.707107	0.853553	1  	0.146447
38 	251  	1        	1       	0.5	0.622531	0.745062	0.122531             	0.707107	0.853553	1  	0.146447
39 	244  	1        	1       	0.5	0.622531	0.745062	0.122531             	0.707107	0.853553	1  	0.146447
40 	235  	1        	1       	0.5	0.622531	0.745062	0.122531             	0.707107	0.853553	1  	0.146447
41 	253  	1        	1       	0.5	0.622531	0.745062	0.122531             	0.707107	0.853553	1  	0.146447
42 	259  	1        	1       	0.5	0.622531	0.745062	0.122531             	0.707107	0.853553	1  	0.146447
43 	232  	1        	1       	0.5	0.622531	0.745062	0.122531             	0.707107	0.853553	1  	0.146447
44 	249  	1        	1       	0.5	0.622531	0.745062	0.122531             	0.707107	0.853553	1  	0.146447
45 	246  	1        	1       	0.5	0.622531	0.745062	0.122531             	0.707107	0.853553	1  	0.146447
46 	228  	1        	1       	0.5	0.622531	0.745062	0.122531             	0.707107	0.853553	1  	0.146447
47 	252  	1        	1       	0.5	0.622531	0.745062	0.122531             	0.707107	0.853553	1  	0.146447
48 	244  	1        	1       	0.5	0.622531	0.745062	0.122531             	0.707107	0.853553	1  	0.146447
49 	257  	1        	1       	0.5	0.622531	0.745062	0.122531             	0.707107	0.853553	1  	0.146447

ASSIGNING STRATA FOR MULTI-OUTCOME DATA LGG_MV
Assigning strata for outcome named survival of type survival
Counts:
censored 0: 160
censored 1: 93
deceased 0: 39
deceased 1: 37
VIEW: LOG_MIRNA
   	     	         	        	   survival SKSurv Cox model concordance index   	                 root leanness                  
   	     	         	        	-------------------------------------------------	------------------------------------------------
gen	evals	gen_feats	explored	min	avg     	max     	std                  	min     	avg     	max	std     
0  	500  	28       	28      	0.5	0.763488	0.872112	0.063144             	0.185695	0.268758	1  	0.153157
1  	375  	185      	185     	0.5	0.781101	0.872112	0.0639942            	0.182574	0.298523	1  	0.118955
2  	389  	204      	228     	0.5	0.798993	0.877037	0.0657305            	0.188982	0.336366	1  	0.119385
3  	362  	198      	244     	0.5	0.811094	0.877037	0.0673048            	0.19245 	0.356685	1  	0.131568
4  	373  	207      	251     	0.5	0.82121 	0.877037	0.0588757            	0.196116	0.357641	1  	0.13634 
5  	392  	213      	255     	0.5	0.827985	0.880286	0.0532654            	0.204124	0.358543	1  	0.135665
6  	382  	210      	255     	0.5	0.832342	0.883091	0.0508882            	0.208514	0.357056	1  	0.13356 
7  	381  	207      	255     	0.5	0.834938	0.883091	0.050131             	0.208514	0.357831	1  	0.133004
8  	380  	209      	255     	0.5	0.837125	0.888   	0.0503793            	0.208514	0.357422	1  	0.133382
9  	380  	216      	255     	0.5	0.839113	0.888   	0.0506126            	0.208514	0.357119	1  	0.133084
10 	388  	206      	255     	0.5	0.840939	0.888   	0.0499885            	0.213201	0.357958	1  	0.132811
11 	373  	215      	255     	0.5	0.842935	0.888   	0.0489129            	0.208514	0.356996	1  	0.131944
12 	380  	215      	255     	0.5	0.843778	0.888   	0.0494086            	0.208514	0.358847	1  	0.132318
13 	373  	211      	255     	0.5	0.84512 	0.888   	0.0490226            	0.208514	0.359093	1  	0.13212 
14 	363  	206      	255     	0.5	0.845328	0.888   	0.0498238            	0.208514	0.361986	1  	0.132858
15 	379  	201      	255     	0.5	0.845154	0.888   	0.0501919            	0.208514	0.366798	1  	0.13261 
16 	392  	212      	255     	0.5	0.846501	0.888335	0.049822             	0.213201	0.36564 	1  	0.13272 
17 	398  	215      	255     	0.5	0.848697	0.888335	0.0474023            	0.213201	0.36274 	1  	0.132528
18 	379  	217      	255     	0.5	0.849437	0.892516	0.047176             	0.213201	0.363154	1  	0.132251
19 	376  	207      	255     	0.5	0.850404	0.892516	0.046165             	0.213201	0.363549	1  	0.131927
20 	372  	208      	255     	0.5	0.851019	0.892516	0.0460197            	0.218218	0.363957	1  	0.13162 
21 	371  	213      	255     	0.5	0.851707	0.892516	0.0460879            	0.218218	0.363319	1  	0.132013
22 	403  	207      	255     	0.5	0.8525  	0.892516	0.0460447            	0.218218	0.363498	1  	0.131925
23 	382  	207      	255     	0.5	0.853416	0.892516	0.0462541            	0.218218	0.361842	1  	0.132893
24 	372  	215      	255     	0.5	0.854717	0.892516	0.0456284            	0.213201	0.35958 	1  	0.131763
25 	375  	216      	255     	0.5	0.855466	0.892516	0.0453814            	0.213201	0.359423	1  	0.131868
26 	387  	208      	255     	0.5	0.855239	0.893695	0.0464046            	0.213201	0.361803	1  	0.132731
27 	367  	210      	255     	0.5	0.856096	0.893695	0.0460756            	0.213201	0.36081 	1  	0.13229 
28 	374  	212      	255     	0.5	0.85689 	0.895178	0.0454916            	0.213201	0.35968 	1  	0.131632
29 	398  	221      	255     	0.5	0.857159	0.895184	0.0455814            	0.213201	0.360126	1  	0.13132 
30 	375  	206      	255     	0.5	0.856921	0.895184	0.0458084            	0.213201	0.362422	1  	0.132035
31 	366  	209      	255     	0.5	0.85697 	0.895184	0.0458957            	0.213201	0.363403	1  	0.132108
32 	375  	197      	255     	0.5	0.85822 	0.89894 	0.0453668            	0.213201	0.360458	1  	0.13187 
33 	364  	218      	255     	0.5	0.858823	0.89894 	0.0451567            	0.213201	0.359915	1  	0.131532
34 	373  	206      	255     	0.5	0.859219	0.89894 	0.0453241            	0.213201	0.359881	1  	0.131541
35 	379  	206      	255     	0.5	0.859895	0.89894 	0.0454891            	0.213201	0.357812	1  	0.13232 
36 	390  	209      	255     	0.5	0.859929	0.89894 	0.0455749            	0.213201	0.359163	1  	0.132168
37 	399  	218      	255     	0.5	0.860228	0.89894 	0.0456835            	0.208514	0.358722	1  	0.132538
38 	371  	203      	255     	0.5	0.859288	0.901252	0.0467371            	0.208514	0.363535	1  	0.132082
39 	375  	207      	255     	0.5	0.859734	0.901252	0.0464598            	0.208514	0.363336	1  	0.132141
40 	379  	210      	255     	0.5	0.860171	0.901252	0.0465517            	0.208514	0.362527	1  	0.132248
41 	373  	208      	255     	0.5	0.861225	0.90857 	0.0460053            	0.208514	0.360045	1  	0.131409
42 	389  	217      	255     	0.5	0.860529	0.90857 	0.0474377            	0.208514	0.362399	1  	0.132376
43 	385  	211      	255     	0.5	0.861743	0.90857 	0.0460256            	0.208514	0.359951	1  	0.131504
44 	386  	205      	255     	0.5	0.862007	0.90857 	0.0460358            	0.208514	0.360077	1  	0.131391
45 	376  	205      	255     	0.5	0.862247	0.90857 	0.0461333            	0.208514	0.359879	1  	0.131568
46 	372  	215      	255     	0.5	0.862375	0.90857 	0.0462043            	0.208514	0.359886	1  	0.131566
47 	388  	210      	255     	0.5	0.862669	0.90857 	0.0463591            	0.213201	0.359519	1  	0.13186 
48 	380  	208      	255     	0.5	0.863131	0.90857 	0.0465618            	0.213201	0.358578	1  	0.132342
49 	360  	208      	255     	0.5	0.863334	0.90857 	0.0466473            	0.213201	0.358481	1  	0.132353

STARTING MASTER RUNNER RESAMPLING
Generations completed = 10
Generations completed = 24
Generations completed = 38
MASTER
   	     	         	        	       survival SKSurv Cox model concordance index       	                     root leanness                      
   	     	         	        	---------------------------------------------------------	--------------------------------------------------------
gen	evals	gen_feats	explored	min     	avg     	max     	std             	min     	avg     	max     	std     
0  	500  	157      	157     	0.647872	0.836019	0.88292 	0.0432739       	0.213201	0.341072	0.707107	0.112938
1  	425  	140      	162     	0.647872	0.841729	0.88292 	0.035727        	0.213201	0.358366	0.707107	0.11734 
2  	396  	139      	166     	0.68682 	0.84329 	0.88292 	0.0354509       	0.213201	0.36187 	0.707107	0.11974 
3  	400  	146      	168     	0.5     	0.842751	0.88292 	0.0396946       	0.213201	0.365521	1       	0.125142
4  	410  	141      	169     	0.5     	0.843375	0.88292 	0.0403428       	0.213201	0.365469	1       	0.126479
5  	421  	148      	169     	0.5     	0.842675	0.88292 	0.0415008       	0.218218	0.370612	1       	0.128392
6  	408  	134      	170     	0.5     	0.843053	0.88292 	0.0414947       	0.218218	0.370403	1       	0.128525
7  	409  	140      	170     	0.5     	0.843373	0.88292 	0.0417309       	0.218218	0.369595	1       	0.129199
8  	389  	144      	170     	0.5     	0.843515	0.88292 	0.0417024       	0.218218	0.370267	1       	0.12906 
9  	411  	145      	170     	0.5     	0.843698	0.88292 	0.041653        	0.218218	0.369767	1       	0.129041
10 	405  	136      	170     	0.5     	0.843754	0.88292 	0.0416253       	0.218218	0.369767	1       	0.129041
11 	412  	136      	170     	0.5     	0.843807	0.889711	0.0416691       	0.218218	0.369783	1       	0.129026
12 	396  	136      	170     	0.5     	0.84385 	0.889711	0.0416662       	0.218218	0.369691	1       	0.129101
13 	399  	139      	172     	0.5     	0.84385 	0.889711	0.0416662       	0.218218	0.369691	1       	0.129101
14 	405  	146      	172     	0.5     	0.84385 	0.889711	0.0416662       	0.218218	0.369691	1       	0.129101
15 	405  	137      	172     	0.5     	0.84352 	0.889711	0.0421096       	0.218218	0.37062 	1       	0.129852
16 	414  	140      	172     	0.5     	0.84353 	0.889711	0.0421156       	0.213201	0.370512	1       	0.12996 
17 	398  	139      	172     	0.5     	0.843531	0.889711	0.0421153       	0.213201	0.370512	1       	0.12996 
18 	409  	150      	172     	0.5     	0.843542	0.889711	0.0421075       	0.213201	0.37055 	1       	0.12993 
19 	396  	138      	172     	0.5     	0.843552	0.889711	0.0421127       	0.213201	0.370489	1       	0.129976
20 	414  	148      	172     	0.5     	0.843541	0.889711	0.0421073       	0.213201	0.37055 	1       	0.12993 
21 	406  	148      	172     	0.5     	0.843541	0.889711	0.0421073       	0.213201	0.37055 	1       	0.12993 
22 	401  	147      	172     	0.5     	0.843542	0.889711	0.0421075       	0.213201	0.37055 	1       	0.12993 
23 	424  	143      	172     	0.5     	0.843542	0.889711	0.0421075       	0.213201	0.37055 	1       	0.12993 
24 	404  	137      	172     	0.5     	0.843542	0.889711	0.0421075       	0.213201	0.37055 	1       	0.12993 
25 	407  	135      	172     	0.5     	0.843542	0.889711	0.0421075       	0.213201	0.37055 	1       	0.12993 
26 	405  	140      	172     	0.5     	0.843542	0.889711	0.0421075       	0.213201	0.37055 	1       	0.12993 
27 	409  	130      	172     	0.5     	0.843542	0.889711	0.0421075       	0.213201	0.37055 	1       	0.12993 
28 	412  	144      	172     	0.5     	0.843542	0.889711	0.0421075       	0.213201	0.37055 	1       	0.12993 
29 	403  	140      	172     	0.5     	0.843542	0.889711	0.0421075       	0.213201	0.37055 	1       	0.12993 
30 	401  	131      	172     	0.5     	0.843542	0.889711	0.0421075       	0.213201	0.37055 	1       	0.12993 
31 	414  	149      	172     	0.5     	0.843552	0.889711	0.0421127       	0.213201	0.370489	1       	0.129976
32 	406  	141      	172     	0.5     	0.843552	0.889711	0.0421127       	0.213201	0.370489	1       	0.129976
33 	396  	137      	172     	0.5     	0.843541	0.889711	0.0421072       	0.213201	0.37055 	1       	0.12993 
34 	395  	135      	172     	0.5     	0.843542	0.889711	0.0421075       	0.213201	0.37055 	1       	0.12993 
35 	408  	146      	172     	0.5     	0.843542	0.889711	0.0421075       	0.213201	0.37055 	1       	0.12993 
36 	412  	142      	172     	0.5     	0.843542	0.889711	0.0421075       	0.213201	0.37055 	1       	0.12993 
37 	418  	138      	172     	0.5     	0.843552	0.889711	0.0421127       	0.213201	0.370489	1       	0.129976
38 	385  	133      	172     	0.5     	0.843552	0.889711	0.0421127       	0.213201	0.370489	1       	0.129976
39 	404  	142      	172     	0.5     	0.843552	0.889711	0.0421127       	0.213201	0.370489	1       	0.129976
40 	396  	151      	172     	0.5     	0.843542	0.889711	0.0421075       	0.213201	0.37055 	1       	0.12993 
41 	411  	133      	172     	0.5     	0.843542	0.889711	0.0421075       	0.213201	0.37055 	1       	0.12993 
42 	401  	137      	172     	0.5     	0.843542	0.889711	0.0421075       	0.213201	0.37055 	1       	0.12993 
43 	407  	137      	172     	0.5     	0.843542	0.889711	0.0421075       	0.213201	0.37055 	1       	0.12993 
44 	397  	141      	172     	0.5     	0.843542	0.889711	0.0421075       	0.213201	0.37055 	1       	0.12993 
45 	421  	148      	172     	0.5     	0.843542	0.889711	0.0421075       	0.213201	0.37055 	1       	0.12993 
46 	406  	140      	172     	0.5     	0.843542	0.889711	0.0421075       	0.213201	0.37055 	1       	0.12993 
47 	413  	143      	172     	0.5     	0.843542	0.889711	0.0421075       	0.213201	0.37055 	1       	0.12993 
48 	405  	147      	172     	0.5     	0.843542	0.889711	0.0421075       	0.213201	0.37055 	1       	0.12993 
49 	415  	146      	172     	0.5     	0.843542	0.889711	0.0421075       	0.213201	0.37055 	1       	0.12993 

CURRENT HALLS OF FAME

PARETO FRONT
Number of solutions = 15
(0.8897106567794065, 0.24253562503633297) 16 features: [0_age_at_initial_pathologic_diagnosis, 1_hsa.miR.10b.5p, 1_hsa.miR.1228.3p, 1_hsa.miR.15b.5p, 1_hsa.miR.193b.3p, 1_hsa.miR.196b.5p, 1_hsa.miR.222.5p, 1_hsa.miR.3074.5p, 1_hsa.miR.3131, 1_hsa.miR.3157.3p, 1_hsa.miR.346, 1_hsa.miR.4709.3p, 1_hsa.miR.550a.3p, 1_hsa.miR.628.3p, 1_hsa.miR.9.5p, 1_hsa.miR.513a.3p]
(0.8829199616412092, 0.25) 15 features: [0_age_at_initial_pathologic_diagnosis, 1_hsa.let.7e.5p, 1_hsa.miR.10b.5p, 1_hsa.miR.128.3p, 1_hsa.miR.15b.5p, 1_hsa.miR.216b.5p, 1_hsa.miR.222.5p, 1_hsa.miR.3074.5p, 1_hsa.miR.3131, 1_hsa.miR.3157.3p, 1_hsa.miR.324.3p, 1_hsa.miR.346, 1_hsa.miR.4709.3p, 1_hsa.miR.505.3p, 1_hsa.miR.550a.3p]
(0.8800300994561036, 0.2672612419124244) 13 features: [0_age_at_initial_pathologic_diagnosis, 1_hsa.let.7g.5p, 1_hsa.miR.10b.5p, 1_hsa.miR.1228.3p, 1_hsa.miR.15b.5p, 1_hsa.miR.214.5p, 1_hsa.miR.222.5p, 1_hsa.miR.23b.5p, 1_hsa.miR.3074.5p, 1_hsa.miR.3131, 1_hsa.miR.3157.3p, 1_hsa.miR.346, 1_hsa.miR.550a.3p]
(0.877437587773347, 0.2773500981126146) 12 features: [1_hsa.miR.10b.5p, 1_hsa.miR.1228.3p, 1_hsa.miR.15b.5p, 1_hsa.miR.215.5p, 1_hsa.miR.222.5p, 1_hsa.miR.3074.5p, 1_hsa.miR.3131, 1_hsa.miR.3157.3p, 1_hsa.miR.346, 1_hsa.miR.4709.3p, 1_hsa.miR.550a.3p, 1_hsa.miR.519e.3p]
(0.8738154338220084, 0.30151134457776363) 10 features: [1_hsa.miR.10b.5p, 1_hsa.miR.1228.3p, 1_hsa.miR.15b.5p, 1_hsa.miR.222.3p, 1_hsa.miR.23b.5p, 1_hsa.miR.3074.5p, 1_hsa.miR.3131, 1_hsa.miR.3157.3p, 1_hsa.miR.346, 1_hsa.miR.550a.3p]
(0.8715961651868804, 0.31622776601683794) 9 features: [1_hsa.miR.10b.5p, 1_hsa.miR.125a.5p, 1_hsa.miR.15b.5p, 1_hsa.miR.216b.5p, 1_hsa.miR.222.5p, 1_hsa.miR.3131, 1_hsa.miR.3157.3p, 1_hsa.miR.346, 1_hsa.miR.550a.3p]
(0.8653972843247176, 0.3333333333333333) 8 features: [0_age_at_initial_pathologic_diagnosis, 1_hsa.miR.10b.5p, 1_hsa.miR.1228.3p, 1_hsa.miR.15b.5p, 1_hsa.miR.23b.5p, 1_hsa.miR.3074.5p, 1_hsa.miR.346, 1_hsa.miR.550a.3p]
(0.8645521458977395, 0.3535533905932738) 7 features: [0_age_at_initial_pathologic_diagnosis, 1_hsa.miR.10b.5p, 1_hsa.miR.1228.3p, 1_hsa.miR.15b.5p, 1_hsa.miR.23b.5p, 1_hsa.miR.3074.5p, 1_hsa.miR.550a.3p]
(0.8562779738621876, 0.3779644730092272) 6 features: [0_age_at_initial_pathologic_diagnosis, 1_hsa.miR.1228.3p, 1_hsa.miR.15b.5p, 1_hsa.miR.3074.5p, 1_hsa.miR.346, 1_hsa.miR.550a.3p]
(0.8499370749240628, 0.408248290463863) 5 features: [1_hsa.miR.10b.5p, 1_hsa.miR.15b.5p, 1_hsa.miR.216b.5p, 1_hsa.miR.222.5p, 1_hsa.miR.550a.3p]
(0.8442930791510412, 0.4472135954999579) 4 features: [1_hsa.miR.10b.5p, 1_hsa.miR.148a.5p, 1_hsa.miR.15b.5p, 1_hsa.miR.550a.3p]
(0.8365318199675764, 0.5) [1_hsa.miR.10b.5p, 1_hsa.miR.15b.5p, 1_hsa.miR.335.3p]
(0.8197832595757957, 0.5773502691896257) [1_hsa.miR.10b.5p, 1_hsa.miR.15b.5p]
(0.7929466120548457, 0.7071067811865476) [1_hsa.miR.15b.5p]
(0.5, 1.0) []
Features in hall of fame by prevalence:
30 features: [1_hsa.miR.15b.5p, 1_hsa.miR.10b.5p, 1_hsa.miR.550a.3p, 1_hsa.miR.3074.5p, 1_hsa.miR.346, 1_hsa.miR.1228.3p, 0_age_at_initial_pathologic_diagnosis, 1_hsa.miR.222.5p, 1_hsa.miR.3131, 1_hsa.miR.3157.3p, 1_hsa.miR.23b.5p, 1_hsa.miR.216b.5p, 1_hsa.miR.4709.3p, 1_hsa.let.7e.5p, 1_hsa.let.7g.5p, 1_hsa.miR.125a.5p, 1_hsa.miR.128.3p, 1_hsa.miR.148a.5p, 1_hsa.miR.193b.3p, 1_hsa.miR.196b.5p, 1_hsa.miR.214.5p, 1_hsa.miR.215.5p, 1_hsa.miR.222.3p, 1_hsa.miR.324.3p, 1_hsa.miR.335.3p, 1_hsa.miR.505.3p, 1_hsa.miR.628.3p, 1_hsa.miR.9.5p, 1_hsa.miR.513a.3p, 1_hsa.miR.519e.3p]

LAST POPULATION
Number of solutions = 500
Features in hall of fame by prevalence:
131 features: [1_hsa.miR.15b.5p, 1_hsa.miR.10b.5p, 1_hsa.miR.346, 1_hsa.miR.1228.3p, 1_hsa.miR.550a.3p, 1_hsa.miR.3157.3p, 1_hsa.miR.3074.5p, 1_hsa.miR.3131, 1_hsa.miR.23b.5p, 0_age_at_initial_pathologic_diagnosis, 1_hsa.miR.222.5p, 1_hsa.miR.519e.3p, 1_hsa.miR.196b.5p, 1_hsa.miR.424.5p, 1_hsa.miR.216b.5p, 1_hsa.miR.215.5p, 1_hsa.miR.222.3p, 1_hsa.let.7e.5p, 1_hsa.miR.3923, 1_hsa.miR.513a.3p, 1_hsa.miR.4709.3p, 1_hsa.miR.301b, 1_hsa.miR.6502.5p, 1_hsa.miR.505.3p, 1_hsa.miR.193b.3p, 1_hsa.miR.199a.3p, 1_hsa.miR.139.5p, 1_hsa.miR.148a.5p, 1_hsa.miR.452.5p, 1_hsa.miR.551b.3p, 1_hsa.miR.335.3p, 1_hsa.miR.324.3p, 1_hsa.miR.335.5p, 1_hsa.miR.6720.3p, 1_hsa.miR.361.3p, 1_hsa.miR.128.3p, 1_hsa.miR.429, 1_hsa.miR.107, 1_hsa.miR.214.5p, 1_hsa.miR.484, 1_hsa.miR.502.3p, 1_hsa.miR.675.3p, 1_hsa.miR.9.5p, 1_hsa.let.7g.5p, 1_hsa.miR.125a.5p, 1_hsa.miR.149.5p, 1_hsa.miR.7974, 1_hsa.miR.142.5p, 1_hsa.miR.4677.3p, 1_hsa.miR.483.5p, 1_hsa.miR.548b.3p, 1_hsa.miR.618, 1_hsa.let.7f.5p, 1_hsa.miR.181a.2.3p, 1_hsa.miR.23a.5p, 1_hsa.miR.331.5p, 1_hsa.miR.887.3p, 1_hsa.let.7i.5p, 1_hsa.miR.105.5p, 1_hsa.miR.142.3p, 1_hsa.miR.143.5p, 1_hsa.miR.155.5p, 1_hsa.miR.190b, 1_hsa.miR.199a.5p, 1_hsa.miR.31.3p, 1_hsa.miR.320c, 1_hsa.miR.34a.5p, 1_hsa.miR.4728.3p, 1_hsa.miR.4772.3p, 1_hsa.miR.100.5p, 1_hsa.miR.125a.3p, 1_hsa.miR.135b.5p, 1_hsa.miR.146b.5p, 1_hsa.miR.16.5p, 1_hsa.miR.216a.3p, 1_hsa.miR.331.3p, 1_hsa.miR.412.5p, 1_hsa.miR.664a.3p, 1_hsa.miR.671.5p, 1_hsa.miR.106b.3p, 1_hsa.miR.106b.5p, 1_hsa.miR.125b.1.3p, 1_hsa.miR.141.3p, 1_hsa.miR.148b.3p, 1_hsa.miR.196a.5p, 1_hsa.miR.200b.3p, 1_hsa.miR.21.5p, 1_hsa.miR.223.3p, 1_hsa.miR.26a.5p, 1_hsa.miR.27a.3p, 1_hsa.miR.28.5p, 1_hsa.miR.3200.3p, 1_hsa.miR.3613.5p, 1_hsa.miR.4724.5p, 1_hsa.miR.4746.5p, 1_hsa.miR.4758.3p, 1_hsa.miR.501.3p, 1_hsa.miR.628.3p, 1_hsa.miR.6509.5p, 1_hsa.miR.653.5p, ...]

BEST SUMS WITH SIZE 50
Number of solutions = 50
Features in hall of fame by prevalence:
35 features: [1_hsa.miR.15b.5p, 1_hsa.miR.10b.5p, 0_age_at_initial_pathologic_diagnosis, 1_hsa.let.7e.5p, 1_hsa.miR.1228.3p, 1_hsa.miR.335.3p, 1_hsa.miR.148a.5p, 1_hsa.miR.196a.5p, 1_hsa.miR.196b.5p, 1_hsa.miR.222.5p, 1_hsa.miR.27a.3p, 1_hsa.miR.335.5p, 1_hsa.let.7i.5p, 1_hsa.miR.10a.5p, 1_hsa.miR.135b.5p, 1_hsa.miR.146b.5p, 1_hsa.miR.148a.3p, 1_hsa.miR.148b.3p, 1_hsa.miR.155.5p, 1_hsa.miR.16.5p, 1_hsa.miR.188.5p, 1_hsa.miR.199a.3p, 1_hsa.miR.199b.3p, 1_hsa.miR.21.5p, 1_hsa.miR.216b.5p, 1_hsa.miR.25.3p, 1_hsa.miR.346, 1_hsa.miR.3614.5p, 1_hsa.miR.3677.3p, 1_hsa.miR.551b.3p, 1_hsa.miR.615.3p, 1_hsa.miR.664a.3p, 1_hsa.miR.6806.3p, 1_hsa.miR.6892.5p, 1_hsa.miR.9.5p]

BEST SUMS WITH SIZE 100
Number of solutions = 100
Features in hall of fame by prevalence:
44 features: [1_hsa.miR.15b.5p, 0_age_at_initial_pathologic_diagnosis, 1_hsa.miR.10b.5p, 1_hsa.let.7e.5p, 1_hsa.miR.1228.3p, 1_hsa.miR.148a.5p, 1_hsa.miR.335.3p, 1_hsa.miR.196b.5p, 1_hsa.miR.222.5p, 1_hsa.miR.335.5p, 1_hsa.miR.135b.5p, 1_hsa.miR.155.5p, 1_hsa.miR.196a.5p, 1_hsa.miR.199a.3p, 1_hsa.miR.27a.3p, 1_hsa.let.7i.5p, 1_hsa.miR.10a.5p, 1_hsa.miR.146b.5p, 1_hsa.miR.148a.3p, 1_hsa.miR.148b.3p, 1_hsa.miR.16.5p, 1_hsa.miR.188.5p, 1_hsa.miR.199b.3p, 1_hsa.miR.21.5p, 1_hsa.miR.23b.5p, 1_hsa.miR.25.3p, 1_hsa.miR.3677.3p, 1_hsa.miR.664a.3p, 1_hsa.miR.6806.3p, 1_hsa.miR.6892.5p, 1_hsa.miR.9.5p, 1_hsa.miR.143.5p, 1_hsa.miR.155.3p, 1_hsa.miR.214.5p, 1_hsa.miR.216b.5p, 1_hsa.miR.3074.5p, 1_hsa.miR.3131, 1_hsa.miR.3200.3p, 1_hsa.miR.346, 1_hsa.miR.3614.5p, 1_hsa.miR.551b.3p, 1_hsa.miR.615.3p, 1_hsa.miR.6502.5p, 1_hsa.miR.887.5p]

STARTING SWEEP NUMBER 2
folds_creator_seed = 3607877936

ASSIGNING STRATA FOR MULTI-OUTCOME DATA LGG_MV
Assigning strata for outcome named survival of type survival
Counts:
censored 0: 160
censored 1: 93
deceased 0: 39
deceased 1: 37
ga_runner_seed = 51870555
VIEW: CLINIC
   	     	         	        	  survival SKSurv Cox model concordance index   	                 root leanness                  
   	     	         	        	------------------------------------------------	------------------------------------------------
gen	evals	gen_feats	explored	min	avg     	max     	std                  	min     	avg     	max	std     
0  	0    	1        	1       	0.5	0.614689	0.745062	0.12228              	0.707107	0.862926	1  	0.146146
1  	267  	1        	1       	0.5	0.622576	0.747844	0.122576             	0.707107	0.853553	1  	0.146447
2  	256  	1        	1       	0.5	0.622576	0.747844	0.122576             	0.707107	0.853553	1  	0.146447
3  	253  	1        	1       	0.5	0.622576	0.747844	0.122576             	0.707107	0.853553	1  	0.146447
4  	224  	1        	1       	0.5	0.622576	0.747844	0.122576             	0.707107	0.853553	1  	0.146447
5  	233  	1        	1       	0.5	0.622576	0.747844	0.122576             	0.707107	0.853553	1  	0.146447
6  	233  	1        	1       	0.5	0.622576	0.747844	0.122576             	0.707107	0.853553	1  	0.146447
7  	265  	1        	1       	0.5	0.622576	0.747844	0.122576             	0.707107	0.853553	1  	0.146447
8  	255  	1        	1       	0.5	0.622576	0.747844	0.122576             	0.707107	0.853553	1  	0.146447
9  	236  	1        	1       	0.5	0.622576	0.747844	0.122576             	0.707107	0.853553	1  	0.146447
10 	257  	1        	1       	0.5	0.622576	0.747844	0.122576             	0.707107	0.853553	1  	0.146447
11 	234  	1        	1       	0.5	0.622576	0.747844	0.122576             	0.707107	0.853553	1  	0.146447
12 	258  	1        	1       	0.5	0.622576	0.747844	0.122576             	0.707107	0.853553	1  	0.146447
13 	268  	1        	1       	0.5	0.622576	0.747844	0.122576             	0.707107	0.853553	1  	0.146447
14 	266  	1        	1       	0.5	0.622576	0.747844	0.122576             	0.707107	0.853553	1  	0.146447
15 	257  	1        	1       	0.5	0.622576	0.747844	0.122576             	0.707107	0.853553	1  	0.146447
16 	243  	1        	1       	0.5	0.622576	0.747844	0.122576             	0.707107	0.853553	1  	0.146447
17 	246  	1        	1       	0.5	0.622576	0.747844	0.122576             	0.707107	0.853553	1  	0.146447
18 	261  	1        	1       	0.5	0.622576	0.747844	0.122576             	0.707107	0.853553	1  	0.146447
19 	270  	1        	1       	0.5	0.622576	0.747844	0.122576             	0.707107	0.853553	1  	0.146447
20 	248  	1        	1       	0.5	0.622576	0.747844	0.122576             	0.707107	0.853553	1  	0.146447
21 	250  	1        	1       	0.5	0.622576	0.747844	0.122576             	0.707107	0.853553	1  	0.146447
22 	273  	1        	1       	0.5	0.622576	0.747844	0.122576             	0.707107	0.853553	1  	0.146447
23 	246  	1        	1       	0.5	0.622576	0.747844	0.122576             	0.707107	0.853553	1  	0.146447
24 	245  	1        	1       	0.5	0.622576	0.747844	0.122576             	0.707107	0.853553	1  	0.146447
25 	254  	1        	1       	0.5	0.622576	0.747844	0.122576             	0.707107	0.853553	1  	0.146447
26 	239  	1        	1       	0.5	0.622576	0.747844	0.122576             	0.707107	0.853553	1  	0.146447
27 	239  	1        	1       	0.5	0.622576	0.747844	0.122576             	0.707107	0.853553	1  	0.146447
28 	270  	1        	1       	0.5	0.622576	0.747844	0.122576             	0.707107	0.853553	1  	0.146447
29 	248  	1        	1       	0.5	0.622576	0.747844	0.122576             	0.707107	0.853553	1  	0.146447
30 	248  	1        	1       	0.5	0.622576	0.747844	0.122576             	0.707107	0.853553	1  	0.146447
31 	225  	1        	1       	0.5	0.622576	0.747844	0.122576             	0.707107	0.853553	1  	0.146447
32 	223  	1        	1       	0.5	0.622576	0.747844	0.122576             	0.707107	0.853553	1  	0.146447
33 	265  	1        	1       	0.5	0.622576	0.747844	0.122576             	0.707107	0.853553	1  	0.146447
34 	247  	1        	1       	0.5	0.622576	0.747844	0.122576             	0.707107	0.853553	1  	0.146447
35 	263  	1        	1       	0.5	0.622576	0.747844	0.122576             	0.707107	0.853553	1  	0.146447
36 	234  	1        	1       	0.5	0.622576	0.747844	0.122576             	0.707107	0.853553	1  	0.146447
37 	264  	1        	1       	0.5	0.622576	0.747844	0.122576             	0.707107	0.853553	1  	0.146447
38 	249  	1        	1       	0.5	0.622576	0.747844	0.122576             	0.707107	0.853553	1  	0.146447
39 	254  	1        	1       	0.5	0.622576	0.747844	0.122576             	0.707107	0.853553	1  	0.146447
40 	257  	1        	1       	0.5	0.622576	0.747844	0.122576             	0.707107	0.853553	1  	0.146447
41 	230  	1        	1       	0.5	0.622576	0.747844	0.122576             	0.707107	0.853553	1  	0.146447
42 	257  	1        	1       	0.5	0.622576	0.747844	0.122576             	0.707107	0.853553	1  	0.146447
43 	235  	1        	1       	0.5	0.622576	0.747844	0.122576             	0.707107	0.853553	1  	0.146447
44 	271  	1        	1       	0.5	0.622576	0.747844	0.122576             	0.707107	0.853553	1  	0.146447
45 	262  	1        	1       	0.5	0.622576	0.747844	0.122576             	0.707107	0.853553	1  	0.146447
46 	226  	1        	1       	0.5	0.622576	0.747844	0.122576             	0.707107	0.853553	1  	0.146447
47 	242  	1        	1       	0.5	0.622576	0.747844	0.122576             	0.707107	0.853553	1  	0.146447
48 	246  	1        	1       	0.5	0.622576	0.747844	0.122576             	0.707107	0.853553	1  	0.146447
49 	229  	1        	1       	0.5	0.622576	0.747844	0.122576             	0.707107	0.853553	1  	0.146447

ASSIGNING STRATA FOR MULTI-OUTCOME DATA LGG_MV
Assigning strata for outcome named survival of type survival
Counts:
censored 0: 160
censored 1: 93
deceased 0: 39
deceased 1: 37
VIEW: LOG_MIRNA
   	     	         	        	   survival SKSurv Cox model concordance index   	                 root leanness                  
   	     	         	        	-------------------------------------------------	------------------------------------------------
gen	evals	gen_feats	explored	min	avg     	max     	std                  	min     	avg     	max	std     
0  	0    	130      	130     	0.5	0.857055	0.90857 	0.0506696            	0.213201	0.383171	1  	0.137161
1  	364  	191      	201     	0.5	0.848782	0.90857 	0.0517502            	0.213201	0.38222 	1  	0.132851
2  	378  	206      	237     	0.5	0.852431	0.90857 	0.0485872            	0.213201	0.378684	1  	0.132245
3  	356  	203      	248     	0.5	0.854104	0.90857 	0.0475011            	0.213201	0.376517	1  	0.131938
4  	355  	207      	252     	0.5	0.855158	0.90857 	0.0470884            	0.213201	0.375898	1  	0.131712
5  	370  	211      	252     	0.5	0.856191	0.90857 	0.0470446            	0.213201	0.373276	1  	0.132142
6  	381  	209      	255     	0.5	0.856013	0.90857 	0.0471331            	0.213201	0.375065	1  	0.132072
7  	366  	214      	255     	0.5	0.856957	0.90857 	0.0466009            	0.213201	0.373087	1  	0.13124 
8  	389  	214      	255     	0.5	0.857403	0.90857 	0.04667              	0.213201	0.37218 	1  	0.131477
9  	368  	209      	255     	0.5	0.857563	0.90857 	0.0466996            	0.213201	0.372683	1  	0.131134
10 	376  	203      	255     	0.5	0.857749	0.90857 	0.0467756            	0.213201	0.372391	1  	0.131341
11 	358  	209      	255     	0.5	0.857809	0.90857 	0.0468059            	0.213201	0.372507	1  	0.131292
12 	370  	195      	255     	0.5	0.858025	0.90857 	0.0468912            	0.213201	0.372174	1  	0.131567
13 	375  	206      	255     	0.5	0.859276	0.90857 	0.04643              	0.213201	0.368558	1  	0.131256
14 	378  	210      	255     	0.5	0.859022	0.90857 	0.0470469            	0.213201	0.369588	1  	0.131907
15 	386  	220      	255     	0.5	0.859562	0.90857 	0.046555             	0.213201	0.368368	1  	0.131424
16 	369  	204      	255     	0.5	0.859798	0.90857 	0.0466725            	0.213201	0.367832	1  	0.131811
17 	358  	206      	255     	0.5	0.860156	0.90857 	0.0466968            	0.213201	0.367033	1  	0.131842
18 	362  	213      	255     	0.5	0.861178	0.90857 	0.0458867            	0.213201	0.364592	1  	0.131147
19 	392  	204      	255     	0.5	0.861459	0.90857 	0.0459723            	0.213201	0.363791	1  	0.131653
20 	375  	202      	255     	0.5	0.862588	0.90857 	0.0454989            	0.213201	0.360331	1  	0.13113 
21 	387  	210      	255     	0.5	0.862798	0.90857 	0.0456188            	0.208514	0.35974 	1  	0.1316  
22 	354  	215      	255     	0.5	0.862921	0.90857 	0.0456801            	0.208514	0.3594  	1  	0.131814
23 	369  	209      	255     	0.5	0.864088	0.90857 	0.0450509            	0.208514	0.355878	1  	0.131152
24 	381  	213      	255     	0.5	0.8642  	0.90857 	0.0451096            	0.208514	0.355483	1  	0.131455
25 	369  	214      	255     	0.5	0.864706	0.90857 	0.04513              	0.208514	0.353889	1  	0.131321
26 	376  	218      	255     	0.5	0.865092	0.90857 	0.0448259            	0.208514	0.353137	1  	0.131681
27 	373  	201      	255     	0.5	0.865787	0.90857 	0.0443317            	0.213201	0.35143 	1  	0.131014
28 	375  	208      	255     	0.5	0.865727	0.90857 	0.0444824            	0.213201	0.352135	1  	0.131278
29 	359  	214      	255     	0.5	0.866039	0.90857 	0.0444645            	0.213201	0.351329	1  	0.131105
30 	380  	214      	255     	0.5	0.866187	0.90857 	0.0445424            	0.204124	0.350972	1  	0.1314  
31 	374  	202      	255     	0.5	0.866535	0.90857 	0.0446037            	0.204124	0.349915	1  	0.13168 
32 	368  	211      	255     	0.5	0.866913	0.90857 	0.0446404            	0.204124	0.348964	1  	0.131845
33 	365  	215      	255     	0.5	0.866997	0.90857 	0.0448126            	0.204124	0.349191	1  	0.132199
34 	394  	209      	255     	0.5	0.867926	0.90857 	0.0442154            	0.204124	0.346487	1  	0.131187
35 	384  	215      	255     	0.5	0.86809 	0.90857 	0.0443153            	0.204124	0.345905	1  	0.131652
36 	357  	212      	255     	0.5	0.868352	0.90857 	0.0443724            	0.204124	0.345349	1  	0.131578
37 	387  	214      	255     	0.5	0.868962	0.90857 	0.0444159            	0.204124	0.343506	1  	0.131659
38 	365  	216      	255     	0.5	0.869458	0.912452	0.0439584            	0.204124	0.342325	1  	0.131048
39 	360  	215      	255     	0.5	0.86915 	0.912452	0.0440112            	0.208514	0.343794	1  	0.130933
40 	362  	217      	255     	0.5	0.86865 	0.912452	0.0448347            	0.208514	0.345202	1  	0.131882
41 	385  	209      	255     	0.5	0.868651	0.912452	0.0448405            	0.208514	0.345445	1  	0.13187 
42 	398  	211      	255     	0.5	0.868536	0.912452	0.0447907            	0.208514	0.346254	1  	0.131375
43 	367  	206      	255     	0.5	0.868755	0.912452	0.0448139            	0.208514	0.345767	1  	0.131732
44 	379  	213      	255     	0.5	0.869088	0.912452	0.0448694            	0.204124	0.344729	1  	0.132107
45 	375  	206      	255     	0.5	0.869517	0.912452	0.0449309            	0.204124	0.34332 	1  	0.132297
46 	375  	212      	255     	0.5	0.869485	0.912452	0.0449717            	0.204124	0.343582	1  	0.132325
47 	362  	209      	255     	0.5	0.869467	0.912452	0.0450574            	0.204124	0.343745	1  	0.132497
48 	372  	215      	255     	0.5	0.869959	0.912452	0.0443318            	0.204124	0.342716	1  	0.131133
49 	372  	206      	255     	0.5	0.870376	0.912452	0.0443495            	0.2     	0.341269	1  	0.131439

STARTING MASTER RUNNER RESAMPLING
Generations completed = 12
Generations completed = 29
Generations completed = 46
MASTER
   	     	         	        	   survival SKSurv Cox model concordance index   	                 root leanness                  
   	     	         	        	-------------------------------------------------	------------------------------------------------
gen	evals	gen_feats	explored	min	avg     	max     	std                  	min     	avg     	max	std     
0  	500  	154      	154     	0.5	0.845896	0.89363 	0.0480284            	0.2     	0.326651	1  	0.114469
1  	410  	143      	161     	0.5	0.849515	0.894768	0.0404426            	0.204124	0.342107	1  	0.120875
2  	408  	142      	168     	0.5	0.852594	0.894768	0.0376218            	0.208514	0.349079	1  	0.120698
3  	402  	146      	169     	0.5	0.852985	0.897485	0.0390193            	0.204124	0.351014	1  	0.123979
4  	392  	136      	171     	0.5	0.853312	0.897485	0.0390867            	0.204124	0.352516	1  	0.124025
5  	416  	125      	171     	0.5	0.853655	0.897485	0.0390443            	0.204124	0.352938	1  	0.124221
6  	402  	137      	172     	0.5	0.853293	0.897485	0.0393197            	0.204124	0.355205	1  	0.124442
7  	399  	132      	172     	0.5	0.853645	0.897485	0.0393872            	0.204124	0.354694	1  	0.12473 
8  	406  	134      	172     	0.5	0.852665	0.897485	0.0413969            	0.204124	0.35743 	1  	0.128443
9  	405  	138      	172     	0.5	0.852814	0.897485	0.0416712            	0.204124	0.357074	1  	0.128993
10 	392  	130      	172     	0.5	0.852815	0.897485	0.0416375            	0.204124	0.357321	1  	0.128835
11 	407  	141      	172     	0.5	0.85287 	0.897485	0.0415587            	0.204124	0.357424	1  	0.12873 
12 	401  	125      	172     	0.5	0.852498	0.897485	0.0416532            	0.204124	0.358904	1  	0.128843
13 	422  	140      	172     	0.5	0.852597	0.897485	0.04166              	0.204124	0.358568	1  	0.128897
14 	403  	129      	172     	0.5	0.852643	0.897485	0.0416434            	0.204124	0.35834 	1  	0.12884 
15 	408  	135      	172     	0.5	0.852717	0.897485	0.0415462            	0.204124	0.358186	1  	0.128624
16 	404  	134      	172     	0.5	0.852579	0.897485	0.0416726            	0.204124	0.358674	1  	0.128991
17 	398  	128      	172     	0.5	0.852709	0.897485	0.0415473            	0.204124	0.358226	1  	0.128619
18 	394  	134      	172     	0.5	0.852635	0.897485	0.041636             	0.204124	0.358674	1  	0.128991
19 	392  	128      	172     	0.5	0.852638	0.897485	0.0416372            	0.204124	0.358674	1  	0.128991
20 	414  	133      	172     	0.5	0.852715	0.897485	0.0415525            	0.204124	0.358413	1  	0.12868 
21 	422  	126      	172     	0.5	0.852716	0.897485	0.0415519            	0.204124	0.358413	1  	0.12868 
22 	412  	133      	172     	0.5	0.852761	0.897485	0.0415355            	0.204124	0.358186	1  	0.128624
23 	416  	131      	172     	0.5	0.852714	0.897485	0.041613             	0.204124	0.358306	1  	0.128849
24 	402  	128      	172     	0.5	0.852632	0.897485	0.0416476            	0.204124	0.358674	1  	0.128991
25 	404  	123      	172     	0.5	0.85266 	0.897485	0.0416198            	0.204124	0.358568	1  	0.128897
26 	398  	128      	172     	0.5	0.852712	0.897485	0.0415555            	0.204124	0.358413	1  	0.12868 
27 	417  	126      	172     	0.5	0.852752	0.897485	0.0415369            	0.204124	0.358226	1  	0.128619
28 	404  	135      	172     	0.5	0.852623	0.897485	0.0416621            	0.204124	0.358674	1  	0.128991
29 	412  	145      	172     	0.5	0.852632	0.897485	0.0416476            	0.204124	0.358674	1  	0.128991
30 	403  	128      	172     	0.5	0.852633	0.897485	0.0416449            	0.204124	0.358674	1  	0.128991
31 	409  	136      	172     	0.5	0.852726	0.897485	0.0415462            	0.204124	0.358335	1  	0.128638
32 	395  	132      	172     	0.5	0.852621	0.897485	0.0416659            	0.204124	0.358674	1  	0.128991
33 	406  	131      	172     	0.5	0.852621	0.897485	0.0416659            	0.204124	0.358674	1  	0.128991
34 	411  	129      	172     	0.5	0.852637	0.897485	0.0416381            	0.204124	0.358674	1  	0.128991
35 	414  	136      	172     	0.5	0.852637	0.897485	0.0416381            	0.204124	0.358674	1  	0.128991
36 	397  	125      	172     	0.5	0.852706	0.897485	0.0416036            	0.204124	0.35834 	1  	0.12884 
37 	407  	141      	172     	0.5	0.852714	0.897485	0.0415537            	0.204124	0.358413	1  	0.12868 
38 	393  	128      	172     	0.5	0.852633	0.897485	0.0416449            	0.204124	0.358674	1  	0.128991
39 	397  	128      	172     	0.5	0.852633	0.897485	0.0416449            	0.204124	0.358674	1  	0.128991
40 	401  	132      	172     	0.5	0.852656	0.897485	0.041627             	0.204124	0.358568	1  	0.128897
41 	398  	130      	172     	0.5	0.852715	0.897485	0.0415523            	0.204124	0.358413	1  	0.12868 
42 	411  	129      	172     	0.5	0.852638	0.897485	0.0416372            	0.204124	0.358674	1  	0.128991
43 	416  	139      	172     	0.5	0.852642	0.897485	0.0416339            	0.204124	0.358674	1  	0.128991
44 	400  	127      	172     	0.5	0.852821	0.897485	0.041502             	0.204124	0.357893	1  	0.128467
45 	391  	130      	172     	0.5	0.852631	0.897485	0.0416472            	0.204124	0.358674	1  	0.128991
46 	400  	139      	172     	0.5	0.852636	0.897485	0.0416395            	0.204124	0.358674	1  	0.128991
47 	411  	132      	172     	0.5	0.852713	0.897485	0.0415542            	0.204124	0.358413	1  	0.12868 
48 	403  	133      	172     	0.5	0.852657	0.897485	0.0416267            	0.204124	0.358568	1  	0.128897
49 	394  	134      	172     	0.5	0.852693	0.897485	0.0416116            	0.204124	0.358381	1  	0.128836

CURRENT HALLS OF FAME

PARETO FRONT
Number of solutions = 16
(0.8974845697061324, 0.24253562503633297) 16 features: [1_hsa.let.7g.5p, 1_hsa.miR.10b.5p, 1_hsa.miR.1228.3p, 1_hsa.miR.125b.1.3p, 1_hsa.miR.15b.5p, 1_hsa.miR.215.5p, 1_hsa.miR.222.5p, 1_hsa.miR.23b.5p, 1_hsa.miR.3074.5p, 1_hsa.miR.3131, 1_hsa.miR.3157.3p, 1_hsa.miR.346, 1_hsa.miR.455.5p, 1_hsa.miR.550a.3p, 1_hsa.miR.513a.3p, 1_hsa.miR.519e.3p]
(0.8947683449979981, 0.2581988897471611) 14 features: [0_age_at_initial_pathologic_diagnosis, 1_hsa.let.7g.5p, 1_hsa.miR.10b.5p, 1_hsa.miR.1228.3p, 1_hsa.miR.15b.5p, 1_hsa.miR.215.5p, 1_hsa.miR.222.5p, 1_hsa.miR.23b.5p, 1_hsa.miR.3074.5p, 1_hsa.miR.346, 1_hsa.miR.452.5p, 1_hsa.miR.493.3p, 1_hsa.miR.550a.3p, 1_hsa.miR.513a.3p]
(0.893630383097387, 0.2672612419124244) 13 features: [1_hsa.let.7g.5p, 1_hsa.miR.10b.5p, 1_hsa.miR.1228.3p, 1_hsa.miR.15b.5p, 1_hsa.miR.215.5p, 1_hsa.miR.222.5p, 1_hsa.miR.23b.5p, 1_hsa.miR.3074.5p, 1_hsa.miR.346, 1_hsa.miR.452.5p, 1_hsa.miR.493.3p, 1_hsa.miR.550a.3p, 1_hsa.miR.513a.3p]
(0.8916513211984981, 0.2773500981126146) 12 features: [1_hsa.let.7g.5p, 1_hsa.miR.10b.5p, 1_hsa.miR.1228.3p, 1_hsa.miR.15b.5p, 1_hsa.miR.215.5p, 1_hsa.miR.222.5p, 1_hsa.miR.23b.5p, 1_hsa.miR.3074.5p, 1_hsa.miR.3157.3p, 1_hsa.miR.346, 1_hsa.miR.550a.3p, 1_hsa.miR.513a.3p]
(0.8853208473892776, 0.28867513459481287) 11 features: [1_hsa.miR.10b.5p, 1_hsa.miR.1228.3p, 1_hsa.miR.15b.5p, 1_hsa.miR.215.5p, 1_hsa.miR.222.5p, 1_hsa.miR.23b.5p, 1_hsa.miR.3074.5p, 1_hsa.miR.3157.3p, 1_hsa.miR.346, 1_hsa.miR.550a.3p, 1_hsa.miR.513a.3p]
(0.8798163244849939, 0.30151134457776363) 10 features: [0_age_at_initial_pathologic_diagnosis, 1_hsa.let.7g.5p, 1_hsa.miR.10b.5p, 1_hsa.miR.1228.3p, 1_hsa.miR.15b.5p, 1_hsa.miR.215.5p, 1_hsa.miR.23b.5p, 1_hsa.miR.3074.5p, 1_hsa.miR.346, 1_hsa.miR.550a.3p]
(0.8783080810511343, 0.31622776601683794) 9 features: [1_hsa.let.7g.5p, 1_hsa.miR.10b.5p, 1_hsa.miR.1228.3p, 1_hsa.miR.15b.5p, 1_hsa.miR.215.5p, 1_hsa.miR.23b.5p, 1_hsa.miR.3074.5p, 1_hsa.miR.346, 1_hsa.miR.550a.3p]
(0.8727502309451484, 0.3333333333333333) 8 features: [1_hsa.miR.10b.5p, 1_hsa.miR.1228.3p, 1_hsa.miR.15b.5p, 1_hsa.miR.215.5p, 1_hsa.miR.23b.5p, 1_hsa.miR.3074.5p, 1_hsa.miR.346, 1_hsa.miR.550a.3p]
(0.8645521458977395, 0.3535533905932738) 7 features: [0_age_at_initial_pathologic_diagnosis, 1_hsa.miR.10b.5p, 1_hsa.miR.1228.3p, 1_hsa.miR.15b.5p, 1_hsa.miR.23b.5p, 1_hsa.miR.3074.5p, 1_hsa.miR.550a.3p]
(0.8597095787931579, 0.3779644730092272) 6 features: [0_age_at_initial_pathologic_diagnosis, 1_hsa.miR.10b.5p, 1_hsa.miR.1228.3p, 1_hsa.miR.15b.5p, 1_hsa.miR.3074.5p, 1_hsa.miR.550a.3p]
(0.8499370749240628, 0.408248290463863) 5 features: [1_hsa.miR.10b.5p, 1_hsa.miR.15b.5p, 1_hsa.miR.216b.5p, 1_hsa.miR.222.5p, 1_hsa.miR.550a.3p]
(0.8442930791510412, 0.4472135954999579) 4 features: [1_hsa.miR.10b.5p, 1_hsa.miR.148a.5p, 1_hsa.miR.15b.5p, 1_hsa.miR.550a.3p]
(0.8442267816132106, 0.5) [1_hsa.miR.10b.3p, 1_hsa.miR.15b.5p, 1_hsa.miR.335.3p]
(0.8252696968009307, 0.5773502691896257) [1_hsa.miR.10b.3p, 1_hsa.miR.15b.5p]
(0.7929466120548457, 0.7071067811865476) [1_hsa.miR.15b.5p]
(0.5, 1.0) []
Features in hall of fame by prevalence:
23 features: [1_hsa.miR.15b.5p, 1_hsa.miR.10b.5p, 1_hsa.miR.550a.3p, 1_hsa.miR.1228.3p, 1_hsa.miR.3074.5p, 1_hsa.miR.23b.5p, 1_hsa.miR.215.5p, 1_hsa.miR.346, 1_hsa.let.7g.5p, 1_hsa.miR.222.5p, 1_hsa.miR.513a.3p, 0_age_at_initial_pathologic_diagnosis, 1_hsa.miR.3157.3p, 1_hsa.miR.10b.3p, 1_hsa.miR.452.5p, 1_hsa.miR.493.3p, 1_hsa.miR.125b.1.3p, 1_hsa.miR.148a.5p, 1_hsa.miR.216b.5p, 1_hsa.miR.3131, 1_hsa.miR.335.3p, 1_hsa.miR.455.5p, 1_hsa.miR.519e.3p]

LAST POPULATION
Number of solutions = 500
Features in hall of fame by prevalence:
120 features: [1_hsa.miR.15b.5p, 1_hsa.miR.10b.5p, 1_hsa.miR.346, 1_hsa.miR.1228.3p, 1_hsa.miR.550a.3p, 1_hsa.miR.3074.5p, 1_hsa.miR.23b.5p, 1_hsa.miR.3157.3p, 1_hsa.miR.215.5p, 0_age_at_initial_pathologic_diagnosis, 1_hsa.miR.222.5p, 1_hsa.miR.3131, 1_hsa.miR.519e.3p, 1_hsa.let.7g.5p, 1_hsa.miR.513a.3p, 1_hsa.miR.224.5p, 1_hsa.miR.424.5p, 1_hsa.miR.6502.5p, 1_hsa.miR.196b.5p, 1_hsa.miR.4709.3p, 1_hsa.miR.148a.5p, 1_hsa.miR.216b.5p, 1_hsa.miR.22.5p, 1_hsa.miR.493.3p, 1_hsa.let.7e.5p, 1_hsa.miR.452.5p, 1_hsa.miR.361.3p, 1_hsa.miR.222.3p, 1_hsa.miR.335.3p, 1_hsa.miR.3923, 1_hsa.miR.455.5p, 1_hsa.let.7a.5p, 1_hsa.miR.10b.3p, 1_hsa.miR.429, 1_hsa.miR.484, 1_hsa.miR.455.3p, 1_hsa.miR.125b.1.3p, 1_hsa.miR.320c, 1_hsa.miR.320d, 1_hsa.miR.106b.5p, 1_hsa.miR.501.3p, 1_hsa.miR.139.5p, 1_hsa.miR.223.5p, 1_hsa.miR.4724.5p, 1_hsa.miR.550a.5p, 1_hsa.miR.551b.3p, 1_hsa.miR.6892.5p, 1_hsa.miR.877.5p, 1_hsa.miR.125a.5p, 1_hsa.miR.1292.5p, 1_hsa.miR.190b, 1_hsa.miR.214.5p, 1_hsa.miR.23b.3p, 1_hsa.miR.31.3p, 1_hsa.miR.335.5p, 1_hsa.miR.493.5p, 1_hsa.miR.505.3p, 1_hsa.let.7a.2.3p, 1_hsa.miR.149.5p, 1_hsa.miR.1537.5p, 1_hsa.miR.155.3p, 1_hsa.miR.155.5p, 1_hsa.miR.187.3p, 1_hsa.miR.188.5p, 1_hsa.miR.196a.5p, 1_hsa.miR.199a.3p, 1_hsa.miR.200b.5p, 1_hsa.miR.24.3p, 1_hsa.miR.3614.5p, 1_hsa.miR.7974, 1_hsa.miR.93.5p, 1_hsa.miR.106b.3p, 1_hsa.miR.126.5p, 1_hsa.miR.1287.5p, 1_hsa.miR.143.5p, 1_hsa.miR.146b.3p, 1_hsa.miR.148a.3p, 1_hsa.miR.15b.3p, 1_hsa.miR.16.1.3p, 1_hsa.miR.181a.2.3p, 1_hsa.miR.204.3p, 1_hsa.miR.216a.5p, 1_hsa.miR.217, 1_hsa.miR.23a.5p, 1_hsa.miR.296.3p, 1_hsa.miR.301b, 1_hsa.miR.331.5p, 1_hsa.miR.378d, 1_hsa.miR.4758.3p, 1_hsa.miR.615.3p, 1_hsa.miR.618, 1_hsa.miR.628.3p, 1_hsa.miR.887.3p, 1_hsa.miR.9.5p, 1_hsa.miR.99b.5p, 1_hsa.let.7f.5p, 1_hsa.miR.135b.5p, 1_hsa.miR.146b.5p, 1_hsa.miR.149.3p, 1_hsa.miR.15a.5p, ...]

BEST SUMS WITH SIZE 50
Number of solutions = 50
Features in hall of fame by prevalence:
37 features: [1_hsa.miR.15b.5p, 0_age_at_initial_pathologic_diagnosis, 1_hsa.let.7e.5p, 1_hsa.miR.10b.3p, 1_hsa.miR.10b.5p, 1_hsa.miR.335.3p, 1_hsa.miR.1228.3p, 1_hsa.miR.148a.5p, 1_hsa.miR.196b.5p, 1_hsa.miR.222.5p, 1_hsa.miR.335.5p, 1_hsa.let.7i.5p, 1_hsa.miR.10a.5p, 1_hsa.miR.135b.5p, 1_hsa.miR.146b.3p, 1_hsa.miR.146b.5p, 1_hsa.miR.148a.3p, 1_hsa.miR.148b.3p, 1_hsa.miR.149.3p, 1_hsa.miR.155.5p, 1_hsa.miR.15b.3p, 1_hsa.miR.16.2.3p, 1_hsa.miR.16.5p, 1_hsa.miR.188.5p, 1_hsa.miR.196a.5p, 1_hsa.miR.199a.3p, 1_hsa.miR.199b.3p, 1_hsa.miR.21.5p, 1_hsa.miR.25.3p, 1_hsa.miR.27a.3p, 1_hsa.miR.27a.5p, 1_hsa.miR.3677.3p, 1_hsa.miR.551b.3p, 1_hsa.miR.615.3p, 1_hsa.miR.6806.3p, 1_hsa.miR.6892.5p, 1_hsa.miR.9.5p]

BEST SUMS WITH SIZE 100
Number of solutions = 100
Features in hall of fame by prevalence:
53 features: [1_hsa.miR.15b.5p, 0_age_at_initial_pathologic_diagnosis, 1_hsa.miR.10b.5p, 1_hsa.miR.335.3p, 1_hsa.miR.10b.3p, 1_hsa.let.7e.5p, 1_hsa.miR.1228.3p, 1_hsa.miR.148a.5p, 1_hsa.miR.135b.5p, 1_hsa.miR.155.5p, 1_hsa.miR.196a.5p, 1_hsa.miR.196b.5p, 1_hsa.miR.222.5p, 1_hsa.miR.27a.3p, 1_hsa.miR.335.5p, 1_hsa.let.7i.5p, 1_hsa.miR.148b.3p, 1_hsa.miR.149.3p, 1_hsa.miR.15b.3p, 1_hsa.miR.16.2.3p, 1_hsa.miR.188.5p, 1_hsa.miR.199a.3p, 1_hsa.miR.25.3p, 1_hsa.miR.27a.5p, 1_hsa.miR.3677.3p, 1_hsa.miR.6806.3p, 1_hsa.miR.6892.5p, 1_hsa.miR.9.5p, 1_hsa.miR.10a.5p, 1_hsa.miR.146b.3p, 1_hsa.miR.146b.5p, 1_hsa.miR.148a.3p, 1_hsa.miR.155.3p, 1_hsa.miR.16.5p, 1_hsa.miR.196b.3p, 1_hsa.miR.199b.3p, 1_hsa.miR.214.5p, 1_hsa.miR.21.5p, 1_hsa.miR.216b.5p, 1_hsa.miR.23b.5p, 1_hsa.miR.3074.5p, 1_hsa.miR.3131, 1_hsa.miR.3200.3p, 1_hsa.miR.346, 1_hsa.miR.3614.5p, 1_hsa.miR.4724.5p, 1_hsa.miR.501.3p, 1_hsa.miR.551b.3p, 1_hsa.miR.615.3p, 1_hsa.miR.6502.5p, 1_hsa.miR.651.5p, 1_hsa.miR.664a.3p, 1_hsa.miR.519e.3p]

STARTING SWEEP NUMBER 3
folds_creator_seed = 3561166217

ASSIGNING STRATA FOR MULTI-OUTCOME DATA LGG_MV
Assigning strata for outcome named survival of type survival
Counts:
censored 0: 160
censored 1: 93
deceased 0: 39
deceased 1: 37
ga_runner_seed = 578722646
VIEW: CLINIC
   	     	         	        	  survival SKSurv Cox model concordance index   	                 root leanness                  
   	     	         	        	------------------------------------------------	------------------------------------------------
gen	evals	gen_feats	explored	min	avg     	max     	std                  	min     	avg     	max	std     
0  	0    	1        	1       	0.5	0.600024	0.747844	0.120486             	0.707107	0.8805  	1  	0.143946
1  	259  	1        	1       	0.5	0.622268	0.747844	0.122276             	0.707107	0.853553	1  	0.146447
2  	258  	1        	1       	0.5	0.622268	0.747844	0.122276             	0.707107	0.853553	1  	0.146447
3  	246  	1        	1       	0.5	0.622268	0.747844	0.122276             	0.707107	0.853553	1  	0.146447
4  	266  	1        	1       	0.5	0.622268	0.747844	0.122276             	0.707107	0.853553	1  	0.146447
5  	236  	1        	1       	0.5	0.622268	0.747844	0.122276             	0.707107	0.853553	1  	0.146447
6  	259  	1        	1       	0.5	0.622268	0.747844	0.122276             	0.707107	0.853553	1  	0.146447
7  	262  	1        	1       	0.5	0.622268	0.747844	0.122276             	0.707107	0.853553	1  	0.146447
8  	244  	1        	1       	0.5	0.622268	0.747844	0.122276             	0.707107	0.853553	1  	0.146447
9  	259  	1        	1       	0.5	0.622268	0.747844	0.122276             	0.707107	0.853553	1  	0.146447
10 	246  	1        	1       	0.5	0.622268	0.747844	0.122276             	0.707107	0.853553	1  	0.146447
11 	245  	1        	1       	0.5	0.622268	0.747844	0.122276             	0.707107	0.853553	1  	0.146447
12 	247  	1        	1       	0.5	0.622268	0.747844	0.122276             	0.707107	0.853553	1  	0.146447
13 	243  	1        	1       	0.5	0.622268	0.747844	0.122276             	0.707107	0.853553	1  	0.146447
14 	265  	1        	1       	0.5	0.622268	0.747844	0.122276             	0.707107	0.853553	1  	0.146447
15 	244  	1        	1       	0.5	0.622268	0.747844	0.122276             	0.707107	0.853553	1  	0.146447
16 	258  	1        	1       	0.5	0.622268	0.747844	0.122276             	0.707107	0.853553	1  	0.146447
17 	239  	1        	1       	0.5	0.622268	0.747844	0.122276             	0.707107	0.853553	1  	0.146447
18 	248  	1        	1       	0.5	0.622268	0.747844	0.122276             	0.707107	0.853553	1  	0.146447
19 	248  	1        	1       	0.5	0.622268	0.747844	0.122276             	0.707107	0.853553	1  	0.146447
20 	257  	1        	1       	0.5	0.622268	0.747844	0.122276             	0.707107	0.853553	1  	0.146447
21 	254  	1        	1       	0.5	0.622268	0.747844	0.122276             	0.707107	0.853553	1  	0.146447
22 	265  	1        	1       	0.5	0.622268	0.747844	0.122276             	0.707107	0.853553	1  	0.146447
23 	257  	1        	1       	0.5	0.622268	0.747844	0.122276             	0.707107	0.853553	1  	0.146447
24 	267  	1        	1       	0.5	0.622268	0.747844	0.122276             	0.707107	0.853553	1  	0.146447
25 	263  	1        	1       	0.5	0.622268	0.747844	0.122276             	0.707107	0.853553	1  	0.146447
26 	270  	1        	1       	0.5	0.622268	0.747844	0.122276             	0.707107	0.853553	1  	0.146447
27 	257  	1        	1       	0.5	0.622268	0.747844	0.122276             	0.707107	0.853553	1  	0.146447
28 	244  	1        	1       	0.5	0.622268	0.747844	0.122276             	0.707107	0.853553	1  	0.146447
29 	256  	1        	1       	0.5	0.622268	0.747844	0.122276             	0.707107	0.853553	1  	0.146447
30 	281  	1        	1       	0.5	0.622268	0.747844	0.122276             	0.707107	0.853553	1  	0.146447
31 	263  	1        	1       	0.5	0.622268	0.747844	0.122276             	0.707107	0.853553	1  	0.146447
32 	258  	1        	1       	0.5	0.622268	0.747844	0.122276             	0.707107	0.853553	1  	0.146447
33 	252  	1        	1       	0.5	0.622268	0.747844	0.122276             	0.707107	0.853553	1  	0.146447
34 	230  	1        	1       	0.5	0.622268	0.747844	0.122276             	0.707107	0.853553	1  	0.146447
35 	265  	1        	1       	0.5	0.622268	0.747844	0.122276             	0.707107	0.853553	1  	0.146447
36 	246  	1        	1       	0.5	0.622268	0.747844	0.122276             	0.707107	0.853553	1  	0.146447
37 	267  	1        	1       	0.5	0.622268	0.747844	0.122276             	0.707107	0.853553	1  	0.146447
38 	259  	1        	1       	0.5	0.622268	0.747844	0.122276             	0.707107	0.853553	1  	0.146447
39 	253  	1        	1       	0.5	0.622268	0.747844	0.122276             	0.707107	0.853553	1  	0.146447
40 	250  	1        	1       	0.5	0.622268	0.747844	0.122276             	0.707107	0.853553	1  	0.146447
41 	246  	1        	1       	0.5	0.622268	0.747844	0.122276             	0.707107	0.853553	1  	0.146447
42 	235  	1        	1       	0.5	0.622268	0.747844	0.122276             	0.707107	0.853553	1  	0.146447
43 	244  	1        	1       	0.5	0.622268	0.747844	0.122276             	0.707107	0.853553	1  	0.146447
44 	240  	1        	1       	0.5	0.622268	0.747844	0.122276             	0.707107	0.853553	1  	0.146447
45 	247  	1        	1       	0.5	0.622268	0.747844	0.122276             	0.707107	0.853553	1  	0.146447
46 	222  	1        	1       	0.5	0.622268	0.747844	0.122276             	0.707107	0.853553	1  	0.146447
47 	266  	1        	1       	0.5	0.622268	0.747844	0.122276             	0.707107	0.853553	1  	0.146447
48 	237  	1        	1       	0.5	0.622268	0.747844	0.122276             	0.707107	0.853553	1  	0.146447
49 	245  	1        	1       	0.5	0.622268	0.747844	0.122276             	0.707107	0.853553	1  	0.146447

ASSIGNING STRATA FOR MULTI-OUTCOME DATA LGG_MV
Assigning strata for outcome named survival of type survival
Counts:
censored 0: 160
censored 1: 93
deceased 0: 39
deceased 1: 37
VIEW: LOG_MIRNA
   	     	         	        	survival SKSurv Cox model concordance index	                 root leanness                  
   	     	         	        	-----------------------------------------  	------------------------------------------------
gen	evals	gen_feats	explored	min	avg     	max    	std                   	min     	avg     	max	std     
0  	0    	119      	119     	0.5	0.862942	0.90501	0.047954              	0.204124	0.368639	1  	0.136026
1  	392  	201      	209     	0.5	0.850932	0.90501	0.0501337             	0.204124	0.37195 	1  	0.132798
2  	397  	210      	242     	0.5	0.853121	0.90501	0.0494841             	0.204124	0.371324	1  	0.13431 
3  	375  	200      	248     	0.5	0.854003	0.90501	0.0485528             	0.204124	0.371484	1  	0.134051
4  	389  	206      	255     	0.5	0.855078	0.90501	0.0473728             	0.204124	0.370473	1  	0.132939
5  	362  	198      	255     	0.5	0.85588 	0.90501	0.046999              	0.204124	0.369499	1  	0.133413
6  	364  	199      	255     	0.5	0.856466	0.90501	0.0465949             	0.204124	0.368934	1  	0.133721
7  	378  	209      	255     	0.5	0.857165	0.90501	0.0459491             	0.204124	0.367679	1  	0.133169
8  	376  	211      	255     	0.5	0.857587	0.90501	0.0457936             	0.204124	0.366348	1  	0.133042
9  	385  	207      	255     	0.5	0.857751	0.90501	0.0457737             	0.204124	0.366316	1  	0.133058
10 	372  	210      	255     	0.5	0.857874	0.90501	0.0457875             	0.204124	0.366349	1  	0.133038
11 	378  	199      	255     	0.5	0.858005	0.90501	0.0457687             	0.204124	0.366376	1  	0.13305 
12 	367  	209      	255     	0.5	0.858079	0.90501	0.0457482             	0.204124	0.366656	1  	0.132869
13 	385  	208      	255     	0.5	0.858232	0.90501	0.0457576             	0.204124	0.366581	1  	0.132955
14 	380  	202      	255     	0.5	0.858436	0.90501	0.0457267             	0.204124	0.366286	1  	0.133209
15 	372  	199      	255     	0.5	0.859341	0.90501	0.0450938             	0.204124	0.363167	1  	0.132778
16 	392  	207      	255     	0.5	0.859382	0.90501	0.0451112             	0.204124	0.363282	1  	0.132841
17 	367  	209      	255     	0.5	0.859398	0.90501	0.0451462             	0.204124	0.363407	1  	0.133105
18 	365  	208      	255     	0.5	0.859764	0.90501	0.0450095             	0.204124	0.362543	1  	0.132925
19 	376  	203      	255     	0.5	0.859855	0.90501	0.0450278             	0.204124	0.362386	1  	0.133056
20 	392  	212      	255     	0.5	0.860283	0.90501	0.0449944             	0.204124	0.360727	1  	0.133238
21 	378  	212      	255     	0.5	0.860536	0.90501	0.0445312             	0.204124	0.360323	1  	0.132912
22 	367  	211      	255     	0.5	0.860672	0.90501	0.0453897             	0.204124	0.359133	1  	0.133724
23 	400  	208      	255     	0.5	0.861193	0.90501	0.0444361             	0.204124	0.358249	1  	0.132922
24 	405  	217      	255     	0.5	0.861258	0.90501	0.0444548             	0.204124	0.358449	1  	0.132786
25 	394  	203      	255     	0.5	0.861312	0.90501	0.0444328             	0.204124	0.358762	1  	0.132504
26 	374  	215      	255     	0.5	0.861366	0.90501	0.044456              	0.204124	0.358635	1  	0.132605
27 	371  	205      	255     	0.5	0.861425	0.90501	0.0444265             	0.204124	0.358696	1  	0.132564
28 	393  	205      	255     	0.5	0.861491	0.90501	0.0444568             	0.204124	0.358517	1  	0.132688
29 	379  	216      	255     	0.5	0.861677	0.90501	0.0444939             	0.204124	0.35789 	1  	0.132966
30 	399  	204      	255     	0.5	0.861573	0.90501	0.0444898             	0.204124	0.358648	1  	0.132584
31 	365  	211      	255     	0.5	0.861588	0.90501	0.0444887             	0.204124	0.35868 	1  	0.132561
32 	384  	211      	255     	0.5	0.861677	0.90501	0.0445151             	0.204124	0.358429	1  	0.132675
33 	379  	198      	255     	0.5	0.86167 	0.90501	0.0445283             	0.204124	0.358551	1  	0.132629
34 	366  	202      	255     	0.5	0.861831	0.90501	0.0445324             	0.204124	0.357969	1  	0.132947
35 	371  	206      	255     	0.5	0.862149	0.90501	0.0445131             	0.204124	0.356718	1  	0.133013
36 	373  	210      	255     	0.5	0.862158	0.90501	0.0445394             	0.204124	0.356558	1  	0.132993
37 	388  	208      	255     	0.5	0.861837	0.90501	0.0445624             	0.204124	0.358137	1  	0.13282 
38 	380  	207      	255     	0.5	0.861789	0.90501	0.0445622             	0.204124	0.358556	1  	0.13264 
39 	384  	214      	255     	0.5	0.861842	0.90501	0.0445511             	0.204124	0.358754	1  	0.132393
40 	366  	203      	255     	0.5	0.861917	0.90501	0.0445666             	0.204124	0.358666	1  	0.132416
41 	383  	205      	255     	0.5	0.862271	0.90501	0.0445693             	0.2     	0.357156	1  	0.132645
42 	398  	210      	255     	0.5	0.862017	0.90501	0.0446627             	0.2     	0.358165	1  	0.132856
43 	371  	208      	255     	0.5	0.861946	0.90501	0.0446082             	0.2     	0.358904	1  	0.132329
44 	372  	204      	255     	0.5	0.862076	0.90501	0.0446199             	0.2     	0.358574	1  	0.13254 
45 	369  	205      	255     	0.5	0.862391	0.90501	0.044607              	0.2     	0.357339	1  	0.132577
46 	377  	211      	255     	0.5	0.862132	0.90501	0.0446609             	0.196116	0.358618	1  	0.132558
47 	386  	205      	255     	0.5	0.862378	0.90501	0.0446867             	0.196116	0.357723	1  	0.132853
48 	377  	207      	255     	0.5	0.862306	0.90501	0.0447071             	0.196116	0.358279	1  	0.132673
49 	364  	204      	255     	0.5	0.862325	0.90501	0.0446892             	0.196116	0.358374	1  	0.13263 

STARTING MASTER RUNNER RESAMPLING
Generations completed = 13
Generations completed = 31
Generations completed = 49
MASTER
   	     	         	        	       survival SKSurv Cox model concordance index       	                     root leanness                      
   	     	         	        	---------------------------------------------------------	--------------------------------------------------------
gen	evals	gen_feats	explored	min     	avg     	max     	std             	min     	avg     	max     	std     
0  	500  	139      	139     	0.705188	0.849822	0.895358	0.0350425       	0.196116	0.349496	0.707107	0.115589
1  	406  	129      	149     	0.69669 	0.85233 	0.895358	0.0354708       	0.204124	0.350151	0.707107	0.117311
2  	400  	128      	152     	0.69669 	0.853464	0.895358	0.0364332       	0.204124	0.351753	0.707107	0.119263
3  	389  	129      	155     	0.69669 	0.853356	0.895358	0.0375055       	0.204124	0.354886	0.707107	0.121775
4  	404  	119      	155     	0.69669 	0.853893	0.897485	0.0377562       	0.204124	0.356072	0.707107	0.122437
5  	405  	130      	155     	0.69669 	0.853632	0.897485	0.0383146       	0.204124	0.357771	0.707107	0.124317
6  	404  	135      	157     	0.69669 	0.853543	0.897485	0.0388622       	0.204124	0.358681	0.707107	0.125217
7  	398  	127      	157     	0.69669 	0.853884	0.897485	0.0389104       	0.204124	0.358127	0.707107	0.125457
8  	404  	130      	157     	0.69669 	0.853654	0.897485	0.0392079       	0.204124	0.359041	0.707107	0.126347
9  	408  	124      	158     	0.5     	0.853146	0.897485	0.0422964       	0.204124	0.359938	1       	0.129619
10 	409  	126      	158     	0.5     	0.852781	0.897485	0.0431727       	0.204124	0.360612	1       	0.130954
11 	406  	127      	158     	0.5     	0.852972	0.897485	0.0429654       	0.204124	0.360281	1       	0.131043
12 	402  	131      	158     	0.5     	0.853004	0.897485	0.0429794       	0.204124	0.360221	1       	0.131102
13 	399  	128      	158     	0.5     	0.85305 	0.897485	0.0430012       	0.204124	0.360168	1       	0.131132
14 	399  	137      	158     	0.5     	0.853071	0.897485	0.042978        	0.204124	0.360168	1       	0.131132
15 	400  	126      	158     	0.5     	0.853071	0.897485	0.042978        	0.204124	0.360168	1       	0.131132
16 	396  	130      	158     	0.5     	0.853071	0.897485	0.042978        	0.204124	0.360168	1       	0.131132
17 	399  	131      	158     	0.5     	0.853107	0.897485	0.042977        	0.204124	0.360168	1       	0.131132
18 	404  	130      	158     	0.5     	0.853107	0.897485	0.042977        	0.204124	0.360168	1       	0.131132
19 	403  	137      	158     	0.5     	0.853107	0.897485	0.042977        	0.204124	0.360168	1       	0.131132
20 	389  	129      	158     	0.5     	0.853107	0.897485	0.042977        	0.204124	0.360168	1       	0.131132
21 	411  	132      	158     	0.5     	0.853107	0.897485	0.042977        	0.204124	0.360168	1       	0.131132
22 	401  	125      	158     	0.5     	0.853107	0.897485	0.042977        	0.204124	0.360168	1       	0.131132
23 	400  	134      	158     	0.5     	0.853107	0.897485	0.042977        	0.204124	0.360168	1       	0.131132
24 	399  	133      	158     	0.5     	0.853107	0.897485	0.042977        	0.204124	0.360168	1       	0.131132
25 	403  	126      	158     	0.5     	0.853079	0.897485	0.0429627       	0.204124	0.360245	1       	0.131078
26 	413  	126      	158     	0.5     	0.853079	0.897485	0.0429627       	0.204124	0.360245	1       	0.131078
27 	401  	125      	158     	0.5     	0.853079	0.897485	0.0429627       	0.204124	0.360245	1       	0.131078
28 	420  	129      	158     	0.5     	0.853079	0.897485	0.0429627       	0.204124	0.360245	1       	0.131078
29 	413  	131      	158     	0.5     	0.853079	0.897485	0.0429627       	0.204124	0.360245	1       	0.131078
30 	406  	132      	158     	0.5     	0.853079	0.897485	0.0429627       	0.204124	0.360245	1       	0.131078
31 	407  	129      	158     	0.5     	0.853079	0.897485	0.0429627       	0.204124	0.360245	1       	0.131078
32 	397  	122      	158     	0.5     	0.853079	0.897485	0.0429627       	0.204124	0.360245	1       	0.131078
33 	393  	135      	158     	0.5     	0.853079	0.897485	0.0429627       	0.204124	0.360245	1       	0.131078
34 	395  	124      	158     	0.5     	0.853079	0.897485	0.0429627       	0.204124	0.360245	1       	0.131078
35 	409  	129      	158     	0.5     	0.853079	0.897485	0.0429627       	0.204124	0.360245	1       	0.131078
36 	403  	125      	158     	0.5     	0.853079	0.897485	0.0429627       	0.204124	0.360245	1       	0.131078
37 	411  	130      	158     	0.5     	0.853079	0.897485	0.0429627       	0.204124	0.360245	1       	0.131078
38 	385  	135      	158     	0.5     	0.853079	0.897485	0.0429627       	0.204124	0.360245	1       	0.131078
39 	415  	131      	158     	0.5     	0.853079	0.897485	0.0429627       	0.204124	0.360245	1       	0.131078
40 	406  	131      	158     	0.5     	0.853079	0.897485	0.0429627       	0.204124	0.360245	1       	0.131078
41 	391  	132      	158     	0.5     	0.853079	0.897485	0.0429627       	0.204124	0.360245	1       	0.131078
42 	415  	129      	158     	0.5     	0.853079	0.897485	0.0429627       	0.204124	0.360245	1       	0.131078
43 	395  	125      	158     	0.5     	0.853079	0.897485	0.0429627       	0.204124	0.360245	1       	0.131078
44 	397  	129      	158     	0.5     	0.853079	0.897485	0.0429627       	0.204124	0.360245	1       	0.131078
45 	407  	126      	158     	0.5     	0.853079	0.897485	0.0429627       	0.204124	0.360245	1       	0.131078
46 	415  	137      	158     	0.5     	0.853079	0.897485	0.0429627       	0.204124	0.360245	1       	0.131078
47 	398  	138      	158     	0.5     	0.853079	0.897485	0.0429627       	0.204124	0.360245	1       	0.131078
48 	397  	135      	158     	0.5     	0.853079	0.897485	0.0429627       	0.204124	0.360245	1       	0.131078
49 	403  	137      	158     	0.5     	0.853079	0.897485	0.0429627       	0.204124	0.360245	1       	0.131078

CURRENT HALLS OF FAME

PARETO FRONT
Number of solutions = 16
(0.8974845697061324, 0.24253562503633297) 16 features: [1_hsa.let.7g.5p, 1_hsa.miR.10b.5p, 1_hsa.miR.1228.3p, 1_hsa.miR.125b.1.3p, 1_hsa.miR.15b.5p, 1_hsa.miR.215.5p, 1_hsa.miR.222.5p, 1_hsa.miR.23b.5p, 1_hsa.miR.3074.5p, 1_hsa.miR.3131, 1_hsa.miR.3157.3p, 1_hsa.miR.346, 1_hsa.miR.455.5p, 1_hsa.miR.550a.3p, 1_hsa.miR.513a.3p, 1_hsa.miR.519e.3p]
(0.895357541773949, 0.25) 15 features: [1_hsa.let.7g.5p, 1_hsa.miR.10b.5p, 1_hsa.miR.1228.3p, 1_hsa.miR.15b.5p, 1_hsa.miR.215.5p, 1_hsa.miR.222.5p, 1_hsa.miR.23b.5p, 1_hsa.miR.3074.5p, 1_hsa.miR.3157.3p, 1_hsa.miR.346, 1_hsa.miR.361.3p, 1_hsa.miR.3940.3p, 1_hsa.miR.452.5p, 1_hsa.miR.550a.3p, 1_hsa.miR.6806.3p]
(0.8947683449979981, 0.2581988897471611) 14 features: [0_age_at_initial_pathologic_diagnosis, 1_hsa.let.7g.5p, 1_hsa.miR.10b.5p, 1_hsa.miR.1228.3p, 1_hsa.miR.15b.5p, 1_hsa.miR.215.5p, 1_hsa.miR.222.5p, 1_hsa.miR.23b.5p, 1_hsa.miR.3074.5p, 1_hsa.miR.346, 1_hsa.miR.452.5p, 1_hsa.miR.493.3p, 1_hsa.miR.550a.3p, 1_hsa.miR.513a.3p]
(0.893630383097387, 0.2672612419124244) 13 features: [1_hsa.let.7g.5p, 1_hsa.miR.10b.5p, 1_hsa.miR.1228.3p, 1_hsa.miR.15b.5p, 1_hsa.miR.215.5p, 1_hsa.miR.222.5p, 1_hsa.miR.23b.5p, 1_hsa.miR.3074.5p, 1_hsa.miR.346, 1_hsa.miR.452.5p, 1_hsa.miR.493.3p, 1_hsa.miR.550a.3p, 1_hsa.miR.513a.3p]
(0.8916513211984981, 0.2773500981126146) 12 features: [1_hsa.let.7g.5p, 1_hsa.miR.10b.5p, 1_hsa.miR.1228.3p, 1_hsa.miR.15b.5p, 1_hsa.miR.215.5p, 1_hsa.miR.222.5p, 1_hsa.miR.23b.5p, 1_hsa.miR.3074.5p, 1_hsa.miR.3157.3p, 1_hsa.miR.346, 1_hsa.miR.550a.3p, 1_hsa.miR.513a.3p]
(0.8853208473892776, 0.28867513459481287) 11 features: [1_hsa.miR.10b.5p, 1_hsa.miR.1228.3p, 1_hsa.miR.15b.5p, 1_hsa.miR.215.5p, 1_hsa.miR.222.5p, 1_hsa.miR.23b.5p, 1_hsa.miR.3074.5p, 1_hsa.miR.3157.3p, 1_hsa.miR.346, 1_hsa.miR.550a.3p, 1_hsa.miR.513a.3p]
(0.8798163244849939, 0.30151134457776363) 10 features: [0_age_at_initial_pathologic_diagnosis, 1_hsa.let.7g.5p, 1_hsa.miR.10b.5p, 1_hsa.miR.1228.3p, 1_hsa.miR.15b.5p, 1_hsa.miR.215.5p, 1_hsa.miR.23b.5p, 1_hsa.miR.3074.5p, 1_hsa.miR.346, 1_hsa.miR.550a.3p]
(0.8783080810511343, 0.31622776601683794) 9 features: [1_hsa.let.7g.5p, 1_hsa.miR.10b.5p, 1_hsa.miR.1228.3p, 1_hsa.miR.15b.5p, 1_hsa.miR.215.5p, 1_hsa.miR.23b.5p, 1_hsa.miR.3074.5p, 1_hsa.miR.346, 1_hsa.miR.550a.3p]
(0.8727502309451484, 0.3333333333333333) 8 features: [1_hsa.miR.10b.5p, 1_hsa.miR.1228.3p, 1_hsa.miR.15b.5p, 1_hsa.miR.215.5p, 1_hsa.miR.23b.5p, 1_hsa.miR.3074.5p, 1_hsa.miR.346, 1_hsa.miR.550a.3p]
(0.864670107901505, 0.3779644730092272) 6 features: [0_age_at_initial_pathologic_diagnosis, 1_hsa.miR.10b.5p, 1_hsa.miR.148a.5p, 1_hsa.miR.15b.5p, 1_hsa.miR.3074.5p, 1_hsa.miR.550a.3p]
(0.8530565716379273, 0.408248290463863) 5 features: [1_hsa.miR.10b.5p, 1_hsa.miR.148a.5p, 1_hsa.miR.15b.5p, 1_hsa.miR.3074.5p, 1_hsa.miR.550a.3p]
(0.8442930791510412, 0.4472135954999579) 4 features: [1_hsa.miR.10b.5p, 1_hsa.miR.148a.5p, 1_hsa.miR.15b.5p, 1_hsa.miR.550a.3p]
(0.8442267816132106, 0.5) [1_hsa.miR.10b.3p, 1_hsa.miR.15b.5p, 1_hsa.miR.335.3p]
(0.8252696968009307, 0.5773502691896257) [1_hsa.miR.10b.3p, 1_hsa.miR.15b.5p]
(0.7929466120548457, 0.7071067811865476) [1_hsa.miR.15b.5p]
(0.5, 1.0) []
Features in hall of fame by prevalence:
25 features: [1_hsa.miR.15b.5p, 1_hsa.miR.10b.5p, 1_hsa.miR.550a.3p, 1_hsa.miR.3074.5p, 1_hsa.miR.1228.3p, 1_hsa.miR.215.5p, 1_hsa.miR.23b.5p, 1_hsa.miR.346, 1_hsa.let.7g.5p, 1_hsa.miR.222.5p, 1_hsa.miR.513a.3p, 1_hsa.miR.3157.3p, 0_age_at_initial_pathologic_diagnosis, 1_hsa.miR.148a.5p, 1_hsa.miR.452.5p, 1_hsa.miR.10b.3p, 1_hsa.miR.493.3p, 1_hsa.miR.125b.1.3p, 1_hsa.miR.3131, 1_hsa.miR.335.3p, 1_hsa.miR.361.3p, 1_hsa.miR.3940.3p, 1_hsa.miR.455.5p, 1_hsa.miR.6806.3p, 1_hsa.miR.519e.3p]

LAST POPULATION
Number of solutions = 500
Features in hall of fame by prevalence:
134 features: [1_hsa.miR.15b.5p, 1_hsa.miR.10b.5p, 1_hsa.miR.550a.3p, 1_hsa.miR.1228.3p, 1_hsa.miR.3074.5p, 1_hsa.miR.346, 1_hsa.miR.23b.5p, 1_hsa.miR.3157.3p, 1_hsa.miR.222.5p, 1_hsa.miR.215.5p, 0_age_at_initial_pathologic_diagnosis, 1_hsa.miR.3131, 1_hsa.miR.519e.3p, 1_hsa.let.7g.5p, 1_hsa.miR.513a.3p, 1_hsa.miR.224.5p, 1_hsa.miR.424.5p, 1_hsa.miR.6502.5p, 1_hsa.miR.452.5p, 1_hsa.miR.148a.5p, 1_hsa.miR.4709.3p, 1_hsa.miR.3940.3p, 1_hsa.miR.216b.5p, 1_hsa.miR.22.5p, 1_hsa.miR.196b.5p, 1_hsa.miR.361.3p, 1_hsa.miR.4758.3p, 1_hsa.miR.493.3p, 1_hsa.miR.10b.3p, 1_hsa.let.7e.5p, 1_hsa.miR.455.5p, 1_hsa.miR.214.5p, 1_hsa.miR.222.3p, 1_hsa.miR.335.3p, 1_hsa.miR.125b.1.3p, 1_hsa.miR.484, 1_hsa.miR.501.3p, 1_hsa.miR.455.3p, 1_hsa.let.7a.5p, 1_hsa.miR.3923, 1_hsa.miR.1287.5p, 1_hsa.miR.616.3p, 1_hsa.miR.6806.3p, 1_hsa.miR.216a.5p, 1_hsa.miR.27b.3p, 1_hsa.miR.320d, 1_hsa.miR.429, 1_hsa.miR.550a.5p, 1_hsa.miR.106b.3p, 1_hsa.miR.106b.5p, 1_hsa.miR.125a.5p, 1_hsa.miR.190b, 1_hsa.miR.217, 1_hsa.miR.23b.3p, 1_hsa.miR.320c, 1_hsa.miR.335.5p, 1_hsa.miR.6892.5p, 1_hsa.miR.877.5p, 1_hsa.miR.1292.5p, 1_hsa.miR.139.5p, 1_hsa.miR.149.5p, 1_hsa.miR.1537.5p, 1_hsa.miR.155.3p, 1_hsa.miR.155.5p, 1_hsa.miR.16.1.3p, 1_hsa.miR.187.3p, 1_hsa.miR.196a.5p, 1_hsa.miR.21.3p, 1_hsa.miR.223.5p, 1_hsa.miR.31.3p, 1_hsa.miR.3614.5p, 1_hsa.miR.493.5p, 1_hsa.miR.505.3p, 1_hsa.miR.551b.3p, 1_hsa.miR.618, 1_hsa.miR.6808.3p, 1_hsa.miR.126.5p, 1_hsa.miR.130a.3p, 1_hsa.miR.15a.5p, 1_hsa.miR.188.5p, 1_hsa.miR.199a.3p, 1_hsa.miR.204.3p, 1_hsa.miR.20b.3p, 1_hsa.miR.24.3p, 1_hsa.miR.296.3p, 1_hsa.miR.378d, 1_hsa.miR.4724.5p, 1_hsa.miR.4746.5p, 1_hsa.miR.628.3p, 1_hsa.miR.7974, 1_hsa.miR.93.5p, 1_hsa.miR.9.5p, 1_hsa.let.7a.2.3p, 1_hsa.let.7f.5p, 1_hsa.miR.125a.3p, 1_hsa.miR.135b.5p, 1_hsa.miR.141.3p, 1_hsa.miR.142.3p, 1_hsa.miR.143.5p, 1_hsa.miR.146b.3p, ...]

BEST SUMS WITH SIZE 50
Number of solutions = 50
Features in hall of fame by prevalence:
42 features: [1_hsa.miR.15b.5p, 1_hsa.miR.10b.3p, 1_hsa.miR.335.3p, 0_age_at_initial_pathologic_diagnosis, 1_hsa.miR.10b.5p, 1_hsa.miR.148a.5p, 1_hsa.miR.196b.5p, 1_hsa.miR.222.5p, 1_hsa.let.7e.5p, 1_hsa.let.7i.5p, 1_hsa.miR.10a.5p, 1_hsa.miR.1228.3p, 1_hsa.miR.125a.3p, 1_hsa.miR.135b.5p, 1_hsa.miR.146b.3p, 1_hsa.miR.146b.5p, 1_hsa.miR.148a.3p, 1_hsa.miR.148b.3p, 1_hsa.miR.149.3p, 1_hsa.miR.155.5p, 1_hsa.miR.15b.3p, 1_hsa.miR.16.2.3p, 1_hsa.miR.16.5p, 1_hsa.miR.188.5p, 1_hsa.miR.196a.5p, 1_hsa.miR.199a.3p, 1_hsa.miR.199b.3p, 1_hsa.miR.21.5p, 1_hsa.miR.216a.5p, 1_hsa.miR.25.3p, 1_hsa.miR.27a.3p, 1_hsa.miR.27a.5p, 1_hsa.miR.320b, 1_hsa.miR.335.5p, 1_hsa.miR.3677.3p, 1_hsa.miR.4746.5p, 1_hsa.miR.551b.3p, 1_hsa.miR.615.3p, 1_hsa.miR.6509.5p, 1_hsa.miR.6806.3p, 1_hsa.miR.6892.5p, 1_hsa.miR.9.5p]

BEST SUMS WITH SIZE 100
Number of solutions = 100
Features in hall of fame by prevalence:
59 features: [1_hsa.miR.15b.5p, 0_age_at_initial_pathologic_diagnosis, 1_hsa.miR.10b.5p, 1_hsa.miR.335.3p, 1_hsa.let.7e.5p, 1_hsa.miR.10b.3p, 1_hsa.miR.1228.3p, 1_hsa.miR.148a.5p, 1_hsa.miR.135b.5p, 1_hsa.miR.155.5p, 1_hsa.miR.196a.5p, 1_hsa.miR.196b.5p, 1_hsa.miR.222.5p, 1_hsa.let.7i.5p, 1_hsa.miR.149.3p, 1_hsa.miR.15b.3p, 1_hsa.miR.16.2.3p, 1_hsa.miR.188.5p, 1_hsa.miR.199a.3p, 1_hsa.miR.27a.3p, 1_hsa.miR.27a.5p, 1_hsa.miR.335.5p, 1_hsa.miR.3677.3p, 1_hsa.miR.4746.5p, 1_hsa.miR.6892.5p, 1_hsa.miR.10a.5p, 1_hsa.miR.125a.3p, 1_hsa.miR.146b.3p, 1_hsa.miR.146b.5p, 1_hsa.miR.148a.3p, 1_hsa.miR.148b.3p, 1_hsa.miR.155.3p, 1_hsa.miR.16.5p, 1_hsa.miR.196b.3p, 1_hsa.miR.199b.3p, 1_hsa.miR.214.5p, 1_hsa.miR.21.5p, 1_hsa.miR.216a.5p, 1_hsa.miR.216b.5p, 1_hsa.miR.217, 1_hsa.miR.23b.5p, 1_hsa.miR.25.3p, 1_hsa.miR.3074.5p, 1_hsa.miR.3131, 1_hsa.miR.3200.3p, 1_hsa.miR.320b, 1_hsa.miR.346, 1_hsa.miR.3614.5p, 1_hsa.miR.4724.5p, 1_hsa.miR.501.3p, 1_hsa.miR.551b.3p, 1_hsa.miR.615.3p, 1_hsa.miR.6502.5p, 1_hsa.miR.6509.5p, 1_hsa.miR.651.5p, 1_hsa.miR.664a.3p, 1_hsa.miR.6806.3p, 1_hsa.miR.9.5p, 1_hsa.miR.519e.3p]
Optimization on fold finished in 00-05:47:19

FEATURE SETS SELECTED

PARETO FRONT
Number of solutions = 16
(0.8974845697061324, 0.24253562503633297) 16 features: [1_hsa.let.7g.5p, 1_hsa.miR.10b.5p, 1_hsa.miR.1228.3p, 1_hsa.miR.125b.1.3p, 1_hsa.miR.15b.5p, 1_hsa.miR.215.5p, 1_hsa.miR.222.5p, 1_hsa.miR.23b.5p, 1_hsa.miR.3074.5p, 1_hsa.miR.3131, 1_hsa.miR.3157.3p, 1_hsa.miR.346, 1_hsa.miR.455.5p, 1_hsa.miR.550a.3p, 1_hsa.miR.513a.3p, 1_hsa.miR.519e.3p]
(0.895357541773949, 0.25) 15 features: [1_hsa.let.7g.5p, 1_hsa.miR.10b.5p, 1_hsa.miR.1228.3p, 1_hsa.miR.15b.5p, 1_hsa.miR.215.5p, 1_hsa.miR.222.5p, 1_hsa.miR.23b.5p, 1_hsa.miR.3074.5p, 1_hsa.miR.3157.3p, 1_hsa.miR.346, 1_hsa.miR.361.3p, 1_hsa.miR.3940.3p, 1_hsa.miR.452.5p, 1_hsa.miR.550a.3p, 1_hsa.miR.6806.3p]
(0.8947683449979981, 0.2581988897471611) 14 features: [0_age_at_initial_pathologic_diagnosis, 1_hsa.let.7g.5p, 1_hsa.miR.10b.5p, 1_hsa.miR.1228.3p, 1_hsa.miR.15b.5p, 1_hsa.miR.215.5p, 1_hsa.miR.222.5p, 1_hsa.miR.23b.5p, 1_hsa.miR.3074.5p, 1_hsa.miR.346, 1_hsa.miR.452.5p, 1_hsa.miR.493.3p, 1_hsa.miR.550a.3p, 1_hsa.miR.513a.3p]
(0.893630383097387, 0.2672612419124244) 13 features: [1_hsa.let.7g.5p, 1_hsa.miR.10b.5p, 1_hsa.miR.1228.3p, 1_hsa.miR.15b.5p, 1_hsa.miR.215.5p, 1_hsa.miR.222.5p, 1_hsa.miR.23b.5p, 1_hsa.miR.3074.5p, 1_hsa.miR.346, 1_hsa.miR.452.5p, 1_hsa.miR.493.3p, 1_hsa.miR.550a.3p, 1_hsa.miR.513a.3p]
(0.8916513211984981, 0.2773500981126146) 12 features: [1_hsa.let.7g.5p, 1_hsa.miR.10b.5p, 1_hsa.miR.1228.3p, 1_hsa.miR.15b.5p, 1_hsa.miR.215.5p, 1_hsa.miR.222.5p, 1_hsa.miR.23b.5p, 1_hsa.miR.3074.5p, 1_hsa.miR.3157.3p, 1_hsa.miR.346, 1_hsa.miR.550a.3p, 1_hsa.miR.513a.3p]
(0.8853208473892776, 0.28867513459481287) 11 features: [1_hsa.miR.10b.5p, 1_hsa.miR.1228.3p, 1_hsa.miR.15b.5p, 1_hsa.miR.215.5p, 1_hsa.miR.222.5p, 1_hsa.miR.23b.5p, 1_hsa.miR.3074.5p, 1_hsa.miR.3157.3p, 1_hsa.miR.346, 1_hsa.miR.550a.3p, 1_hsa.miR.513a.3p]
(0.8798163244849939, 0.30151134457776363) 10 features: [0_age_at_initial_pathologic_diagnosis, 1_hsa.let.7g.5p, 1_hsa.miR.10b.5p, 1_hsa.miR.1228.3p, 1_hsa.miR.15b.5p, 1_hsa.miR.215.5p, 1_hsa.miR.23b.5p, 1_hsa.miR.3074.5p, 1_hsa.miR.346, 1_hsa.miR.550a.3p]
(0.8783080810511343, 0.31622776601683794) 9 features: [1_hsa.let.7g.5p, 1_hsa.miR.10b.5p, 1_hsa.miR.1228.3p, 1_hsa.miR.15b.5p, 1_hsa.miR.215.5p, 1_hsa.miR.23b.5p, 1_hsa.miR.3074.5p, 1_hsa.miR.346, 1_hsa.miR.550a.3p]
(0.8727502309451484, 0.3333333333333333) 8 features: [1_hsa.miR.10b.5p, 1_hsa.miR.1228.3p, 1_hsa.miR.15b.5p, 1_hsa.miR.215.5p, 1_hsa.miR.23b.5p, 1_hsa.miR.3074.5p, 1_hsa.miR.346, 1_hsa.miR.550a.3p]
(0.864670107901505, 0.3779644730092272) 6 features: [0_age_at_initial_pathologic_diagnosis, 1_hsa.miR.10b.5p, 1_hsa.miR.148a.5p, 1_hsa.miR.15b.5p, 1_hsa.miR.3074.5p, 1_hsa.miR.550a.3p]
(0.8530565716379273, 0.408248290463863) 5 features: [1_hsa.miR.10b.5p, 1_hsa.miR.148a.5p, 1_hsa.miR.15b.5p, 1_hsa.miR.3074.5p, 1_hsa.miR.550a.3p]
(0.8442930791510412, 0.4472135954999579) 4 features: [1_hsa.miR.10b.5p, 1_hsa.miR.148a.5p, 1_hsa.miR.15b.5p, 1_hsa.miR.550a.3p]
(0.8442267816132106, 0.5) [1_hsa.miR.10b.3p, 1_hsa.miR.15b.5p, 1_hsa.miR.335.3p]
(0.8252696968009307, 0.5773502691896257) [1_hsa.miR.10b.3p, 1_hsa.miR.15b.5p]
(0.7929466120548457, 0.7071067811865476) [1_hsa.miR.15b.5p]
(0.5, 1.0) []
Features in hall of fame by prevalence:
25 features: [1_hsa.miR.15b.5p, 1_hsa.miR.10b.5p, 1_hsa.miR.550a.3p, 1_hsa.miR.3074.5p, 1_hsa.miR.1228.3p, 1_hsa.miR.215.5p, 1_hsa.miR.23b.5p, 1_hsa.miR.346, 1_hsa.let.7g.5p, 1_hsa.miR.222.5p, 1_hsa.miR.513a.3p, 1_hsa.miR.3157.3p, 0_age_at_initial_pathologic_diagnosis, 1_hsa.miR.148a.5p, 1_hsa.miR.452.5p, 1_hsa.miR.10b.3p, 1_hsa.miR.493.3p, 1_hsa.miR.125b.1.3p, 1_hsa.miR.3131, 1_hsa.miR.335.3p, 1_hsa.miR.361.3p, 1_hsa.miR.3940.3p, 1_hsa.miR.455.5p, 1_hsa.miR.6806.3p, 1_hsa.miR.519e.3p]

LAST POPULATION
Number of solutions = 500
Features in hall of fame by prevalence:
134 features: [1_hsa.miR.15b.5p, 1_hsa.miR.10b.5p, 1_hsa.miR.550a.3p, 1_hsa.miR.1228.3p, 1_hsa.miR.3074.5p, 1_hsa.miR.346, 1_hsa.miR.23b.5p, 1_hsa.miR.3157.3p, 1_hsa.miR.222.5p, 1_hsa.miR.215.5p, 0_age_at_initial_pathologic_diagnosis, 1_hsa.miR.3131, 1_hsa.miR.519e.3p, 1_hsa.let.7g.5p, 1_hsa.miR.513a.3p, 1_hsa.miR.224.5p, 1_hsa.miR.424.5p, 1_hsa.miR.6502.5p, 1_hsa.miR.452.5p, 1_hsa.miR.148a.5p, 1_hsa.miR.4709.3p, 1_hsa.miR.3940.3p, 1_hsa.miR.216b.5p, 1_hsa.miR.22.5p, 1_hsa.miR.196b.5p, 1_hsa.miR.361.3p, 1_hsa.miR.4758.3p, 1_hsa.miR.493.3p, 1_hsa.miR.10b.3p, 1_hsa.let.7e.5p, 1_hsa.miR.455.5p, 1_hsa.miR.214.5p, 1_hsa.miR.222.3p, 1_hsa.miR.335.3p, 1_hsa.miR.125b.1.3p, 1_hsa.miR.484, 1_hsa.miR.501.3p, 1_hsa.miR.455.3p, 1_hsa.let.7a.5p, 1_hsa.miR.3923, 1_hsa.miR.1287.5p, 1_hsa.miR.616.3p, 1_hsa.miR.6806.3p, 1_hsa.miR.216a.5p, 1_hsa.miR.27b.3p, 1_hsa.miR.320d, 1_hsa.miR.429, 1_hsa.miR.550a.5p, 1_hsa.miR.106b.3p, 1_hsa.miR.106b.5p, 1_hsa.miR.125a.5p, 1_hsa.miR.190b, 1_hsa.miR.217, 1_hsa.miR.23b.3p, 1_hsa.miR.320c, 1_hsa.miR.335.5p, 1_hsa.miR.6892.5p, 1_hsa.miR.877.5p, 1_hsa.miR.1292.5p, 1_hsa.miR.139.5p, 1_hsa.miR.149.5p, 1_hsa.miR.1537.5p, 1_hsa.miR.155.3p, 1_hsa.miR.155.5p, 1_hsa.miR.16.1.3p, 1_hsa.miR.187.3p, 1_hsa.miR.196a.5p, 1_hsa.miR.21.3p, 1_hsa.miR.223.5p, 1_hsa.miR.31.3p, 1_hsa.miR.3614.5p, 1_hsa.miR.493.5p, 1_hsa.miR.505.3p, 1_hsa.miR.551b.3p, 1_hsa.miR.618, 1_hsa.miR.6808.3p, 1_hsa.miR.126.5p, 1_hsa.miR.130a.3p, 1_hsa.miR.15a.5p, 1_hsa.miR.188.5p, 1_hsa.miR.199a.3p, 1_hsa.miR.204.3p, 1_hsa.miR.20b.3p, 1_hsa.miR.24.3p, 1_hsa.miR.296.3p, 1_hsa.miR.378d, 1_hsa.miR.4724.5p, 1_hsa.miR.4746.5p, 1_hsa.miR.628.3p, 1_hsa.miR.7974, 1_hsa.miR.93.5p, 1_hsa.miR.9.5p, 1_hsa.let.7a.2.3p, 1_hsa.let.7f.5p, 1_hsa.miR.125a.3p, 1_hsa.miR.135b.5p, 1_hsa.miR.141.3p, 1_hsa.miR.142.3p, 1_hsa.miR.143.5p, 1_hsa.miR.146b.3p, ...]

BEST SUMS WITH SIZE 50
Number of solutions = 50
Features in hall of fame by prevalence:
42 features: [1_hsa.miR.15b.5p, 1_hsa.miR.10b.3p, 1_hsa.miR.335.3p, 0_age_at_initial_pathologic_diagnosis, 1_hsa.miR.10b.5p, 1_hsa.miR.148a.5p, 1_hsa.miR.196b.5p, 1_hsa.miR.222.5p, 1_hsa.let.7e.5p, 1_hsa.let.7i.5p, 1_hsa.miR.10a.5p, 1_hsa.miR.1228.3p, 1_hsa.miR.125a.3p, 1_hsa.miR.135b.5p, 1_hsa.miR.146b.3p, 1_hsa.miR.146b.5p, 1_hsa.miR.148a.3p, 1_hsa.miR.148b.3p, 1_hsa.miR.149.3p, 1_hsa.miR.155.5p, 1_hsa.miR.15b.3p, 1_hsa.miR.16.2.3p, 1_hsa.miR.16.5p, 1_hsa.miR.188.5p, 1_hsa.miR.196a.5p, 1_hsa.miR.199a.3p, 1_hsa.miR.199b.3p, 1_hsa.miR.21.5p, 1_hsa.miR.216a.5p, 1_hsa.miR.25.3p, 1_hsa.miR.27a.3p, 1_hsa.miR.27a.5p, 1_hsa.miR.320b, 1_hsa.miR.335.5p, 1_hsa.miR.3677.3p, 1_hsa.miR.4746.5p, 1_hsa.miR.551b.3p, 1_hsa.miR.615.3p, 1_hsa.miR.6509.5p, 1_hsa.miR.6806.3p, 1_hsa.miR.6892.5p, 1_hsa.miR.9.5p]

BEST SUMS WITH SIZE 100
Number of solutions = 100
Features in hall of fame by prevalence:
59 features: [1_hsa.miR.15b.5p, 0_age_at_initial_pathologic_diagnosis, 1_hsa.miR.10b.5p, 1_hsa.miR.335.3p, 1_hsa.let.7e.5p, 1_hsa.miR.10b.3p, 1_hsa.miR.1228.3p, 1_hsa.miR.148a.5p, 1_hsa.miR.135b.5p, 1_hsa.miR.155.5p, 1_hsa.miR.196a.5p, 1_hsa.miR.196b.5p, 1_hsa.miR.222.5p, 1_hsa.let.7i.5p, 1_hsa.miR.149.3p, 1_hsa.miR.15b.3p, 1_hsa.miR.16.2.3p, 1_hsa.miR.188.5p, 1_hsa.miR.199a.3p, 1_hsa.miR.27a.3p, 1_hsa.miR.27a.5p, 1_hsa.miR.335.5p, 1_hsa.miR.3677.3p, 1_hsa.miR.4746.5p, 1_hsa.miR.6892.5p, 1_hsa.miR.10a.5p, 1_hsa.miR.125a.3p, 1_hsa.miR.146b.3p, 1_hsa.miR.146b.5p, 1_hsa.miR.148a.3p, 1_hsa.miR.148b.3p, 1_hsa.miR.155.3p, 1_hsa.miR.16.5p, 1_hsa.miR.196b.3p, 1_hsa.miR.199b.3p, 1_hsa.miR.214.5p, 1_hsa.miR.21.5p, 1_hsa.miR.216a.5p, 1_hsa.miR.216b.5p, 1_hsa.miR.217, 1_hsa.miR.23b.5p, 1_hsa.miR.25.3p, 1_hsa.miR.3074.5p, 1_hsa.miR.3131, 1_hsa.miR.3200.3p, 1_hsa.miR.320b, 1_hsa.miR.346, 1_hsa.miR.3614.5p, 1_hsa.miR.4724.5p, 1_hsa.miR.501.3p, 1_hsa.miR.551b.3p, 1_hsa.miR.615.3p, 1_hsa.miR.6502.5p, 1_hsa.miR.6509.5p, 1_hsa.miR.651.5p, 1_hsa.miR.664a.3p, 1_hsa.miR.6806.3p, 1_hsa.miR.9.5p, 1_hsa.miR.519e.3p]
