
OPTIMIZING FINAL MODEL ON WHOLE DATASET

COMPUTING LOCAL ACTIVE FEATURES
Computing active features for view clinic
Existing features: 8
Applying union strategy for feature selection using composite feature selector with
categorical: feature selector any na and anova
survival: feature selector Cox

Computing active features for outcome survival
Features selected for this outcome: 1
Features active in total: 1
Computing active features for view log_mirna
Existing features: 740
Applying union strategy for feature selection using composite feature selector with
categorical: feature selector any na and anova
survival: feature selector Cox

Computing active features for outcome survival
Features selected for this outcome: 345
Features active in total: 345
Computing feature importance
Running optimizer

STARTING 2-STEPS GENETIC ALGORITHM

CREATING INNER FOLDS

ASSIGNING STRATA FOR MULTI-OUTCOME DATA LGG_MV
Assigning strata for outcome named survival of type survival
Counts:
censored 0: 200
censored 1: 116
deceased 0: 49
deceased 1: 46

STARTING SWEEP NUMBER 1
folds_creator_seed = 1415032200

ASSIGNING STRATA FOR MULTI-OUTCOME DATA LGG_MV
Assigning strata for outcome named survival of type survival
Counts:
censored 0: 200
censored 1: 116
deceased 0: 49
deceased 1: 46
ga_runner_seed = 373024298
VIEW: CLINIC
   	     	         	        	  survival SKSurv Cox model concordance index   	                 root leanness                  
   	     	         	        	------------------------------------------------	------------------------------------------------
gen	evals	gen_feats	explored	min	avg     	max     	std                  	min     	avg     	max	std     
0  	500  	1        	1       	0.5	0.629546	0.759091	0.129546             	0.707107	0.853553	1  	0.146447
1  	255  	1        	1       	0.5	0.629546	0.759091	0.129546             	0.707107	0.853553	1  	0.146447
2  	237  	1        	1       	0.5	0.629546	0.759091	0.129546             	0.707107	0.853553	1  	0.146447
3  	254  	1        	1       	0.5	0.629546	0.759091	0.129546             	0.707107	0.853553	1  	0.146447
4  	245  	1        	1       	0.5	0.629546	0.759091	0.129546             	0.707107	0.853553	1  	0.146447
5  	247  	1        	1       	0.5	0.629546	0.759091	0.129546             	0.707107	0.853553	1  	0.146447
6  	231  	1        	1       	0.5	0.629546	0.759091	0.129546             	0.707107	0.853553	1  	0.146447
7  	243  	1        	1       	0.5	0.629546	0.759091	0.129546             	0.707107	0.853553	1  	0.146447
8  	267  	1        	1       	0.5	0.629546	0.759091	0.129546             	0.707107	0.853553	1  	0.146447
9  	231  	1        	1       	0.5	0.629546	0.759091	0.129546             	0.707107	0.853553	1  	0.146447
10 	253  	1        	1       	0.5	0.629546	0.759091	0.129546             	0.707107	0.853553	1  	0.146447
11 	261  	1        	1       	0.5	0.629546	0.759091	0.129546             	0.707107	0.853553	1  	0.146447
12 	267  	1        	1       	0.5	0.629546	0.759091	0.129546             	0.707107	0.853553	1  	0.146447
13 	243  	1        	1       	0.5	0.629546	0.759091	0.129546             	0.707107	0.853553	1  	0.146447
14 	247  	1        	1       	0.5	0.629546	0.759091	0.129546             	0.707107	0.853553	1  	0.146447
15 	269  	1        	1       	0.5	0.629546	0.759091	0.129546             	0.707107	0.853553	1  	0.146447
16 	248  	1        	1       	0.5	0.629546	0.759091	0.129546             	0.707107	0.853553	1  	0.146447
17 	237  	1        	1       	0.5	0.629546	0.759091	0.129546             	0.707107	0.853553	1  	0.146447
18 	243  	1        	1       	0.5	0.629546	0.759091	0.129546             	0.707107	0.853553	1  	0.146447
19 	255  	1        	1       	0.5	0.629546	0.759091	0.129546             	0.707107	0.853553	1  	0.146447
20 	250  	1        	1       	0.5	0.629546	0.759091	0.129546             	0.707107	0.853553	1  	0.146447
21 	254  	1        	1       	0.5	0.629546	0.759091	0.129546             	0.707107	0.853553	1  	0.146447
22 	247  	1        	1       	0.5	0.629546	0.759091	0.129546             	0.707107	0.853553	1  	0.146447
23 	245  	1        	1       	0.5	0.629546	0.759091	0.129546             	0.707107	0.853553	1  	0.146447
24 	248  	1        	1       	0.5	0.629546	0.759091	0.129546             	0.707107	0.853553	1  	0.146447
25 	245  	1        	1       	0.5	0.629546	0.759091	0.129546             	0.707107	0.853553	1  	0.146447
26 	250  	1        	1       	0.5	0.629546	0.759091	0.129546             	0.707107	0.853553	1  	0.146447
27 	251  	1        	1       	0.5	0.629546	0.759091	0.129546             	0.707107	0.853553	1  	0.146447
28 	246  	1        	1       	0.5	0.629546	0.759091	0.129546             	0.707107	0.853553	1  	0.146447
29 	253  	1        	1       	0.5	0.629546	0.759091	0.129546             	0.707107	0.853553	1  	0.146447
30 	252  	1        	1       	0.5	0.629546	0.759091	0.129546             	0.707107	0.853553	1  	0.146447
31 	261  	1        	1       	0.5	0.629546	0.759091	0.129546             	0.707107	0.853553	1  	0.146447
32 	246  	1        	1       	0.5	0.629546	0.759091	0.129546             	0.707107	0.853553	1  	0.146447
33 	251  	1        	1       	0.5	0.629546	0.759091	0.129546             	0.707107	0.853553	1  	0.146447
34 	249  	1        	1       	0.5	0.629546	0.759091	0.129546             	0.707107	0.853553	1  	0.146447
35 	242  	1        	1       	0.5	0.629546	0.759091	0.129546             	0.707107	0.853553	1  	0.146447
36 	235  	1        	1       	0.5	0.629546	0.759091	0.129546             	0.707107	0.853553	1  	0.146447
37 	247  	1        	1       	0.5	0.629546	0.759091	0.129546             	0.707107	0.853553	1  	0.146447
38 	250  	1        	1       	0.5	0.629546	0.759091	0.129546             	0.707107	0.853553	1  	0.146447
39 	246  	1        	1       	0.5	0.629546	0.759091	0.129546             	0.707107	0.853553	1  	0.146447
40 	238  	1        	1       	0.5	0.629546	0.759091	0.129546             	0.707107	0.853553	1  	0.146447
41 	249  	1        	1       	0.5	0.629546	0.759091	0.129546             	0.707107	0.853553	1  	0.146447
42 	250  	1        	1       	0.5	0.629546	0.759091	0.129546             	0.707107	0.853553	1  	0.146447
43 	247  	1        	1       	0.5	0.629546	0.759091	0.129546             	0.707107	0.853553	1  	0.146447
44 	245  	1        	1       	0.5	0.629546	0.759091	0.129546             	0.707107	0.853553	1  	0.146447
45 	263  	1        	1       	0.5	0.629546	0.759091	0.129546             	0.707107	0.853553	1  	0.146447
46 	247  	1        	1       	0.5	0.629546	0.759091	0.129546             	0.707107	0.853553	1  	0.146447
47 	254  	1        	1       	0.5	0.629546	0.759091	0.129546             	0.707107	0.853553	1  	0.146447
48 	243  	1        	1       	0.5	0.629546	0.759091	0.129546             	0.707107	0.853553	1  	0.146447
49 	256  	1        	1       	0.5	0.629546	0.759091	0.129546             	0.707107	0.853553	1  	0.146447

ASSIGNING STRATA FOR MULTI-OUTCOME DATA LGG_MV
Assigning strata for outcome named survival of type survival
Counts:
censored 0: 200
censored 1: 116
deceased 0: 49
deceased 1: 46
VIEW: LOG_MIRNA
   	     	         	        	   survival SKSurv Cox model concordance index   	                  root leanness                  
   	     	         	        	-------------------------------------------------	-------------------------------------------------
gen	evals	gen_feats	explored	min	avg     	max     	std                  	min     	avg     	max	std      
0  	500  	4        	4       	0.5	0.786835	0.815779	0.0392459            	0.447214	0.464454	1  	0.0807197
1  	318  	182      	182     	0.5	0.780204	0.825348	0.0527325            	0.353553	0.481327	1  	0.106941 
2  	352  	231      	267     	0.5	0.777498	0.825348	0.0457601            	0.301511	0.454792	1  	0.0846576
3  	368  	264      	302     	0.5	0.777968	0.825348	0.049906             	0.288675	0.468868	1  	0.0894603
4  	374  	285      	323     	0.5	0.773494	0.825348	0.0608066            	0.301511	0.487144	1  	0.102064 
5  	371  	285      	335     	0.5	0.776311	0.827971	0.0610736            	0.301511	0.498359	1  	0.105611 
6  	386  	279      	341     	0.5	0.776041	0.83421 	0.0656145            	0.301511	0.509552	1  	0.108518 
7  	369  	269      	343     	0.5	0.775683	0.83484 	0.0704198            	0.316228	0.514512	1  	0.113885 
8  	359  	274      	344     	0.5	0.781755	0.83484 	0.0665361            	0.301511	0.506982	1  	0.117697 
9  	382  	259      	344     	0.5	0.787152	0.843663	0.0620302            	0.301511	0.500903	1  	0.11871  
10 	387  	267      	344     	0.5	0.78935 	0.843663	0.0608717            	0.301511	0.498661	1  	0.119617 
11 	360  	256      	344     	0.5	0.792336	0.843663	0.0584123            	0.301511	0.494644	1  	0.120273 
12 	377  	272      	345     	0.5	0.79607 	0.843663	0.0551097            	0.301511	0.485387	1  	0.121763 
13 	365  	271      	345     	0.5	0.799944	0.843663	0.0520315            	0.288675	0.474525	1  	0.123153 
14 	375  	274      	345     	0.5	0.801635	0.843663	0.0515439            	0.27735 	0.472075	1  	0.123862 
15 	365  	265      	345     	0.5	0.804796	0.846756	0.0496077            	0.27735 	0.464478	1  	0.125325 
16 	353  	278      	345     	0.5	0.807649	0.847298	0.0479023            	0.27735 	0.457988	1  	0.126135 
17 	365  	269      	345     	0.5	0.809114	0.847945	0.0478861            	0.25    	0.456926	1  	0.12617  
18 	384  	269      	345     	0.5	0.811299	0.848283	0.047177             	0.25    	0.453274	1  	0.127507 
19 	363  	261      	345     	0.5	0.813467	0.851139	0.0467846            	0.25    	0.447858	1  	0.128303 
20 	388  	264      	345     	0.5	0.815286	0.851139	0.0461629            	0.235702	0.44372 	1  	0.128897 
21 	391  	271      	345     	0.5	0.817328	0.852785	0.0453347            	0.235702	0.439045	1  	0.128945 
22 	379  	270      	345     	0.5	0.819217	0.852785	0.0446944            	0.242536	0.435176	1  	0.128953 
23 	378  	269      	345     	0.5	0.821168	0.860898	0.0441748            	0.242536	0.430225	1  	0.129068 
24 	384  	263      	345     	0.5	0.82246 	0.860898	0.0437305            	0.242536	0.427736	1  	0.129134 
25 	370  	257      	345     	0.5	0.82384 	0.860898	0.0435637            	0.235702	0.422662	1  	0.13038  
26 	345  	264      	345     	0.5	0.825366	0.864881	0.0426711            	0.235702	0.418654	1  	0.130336 
27 	379  	264      	345     	0.5	0.826166	0.864881	0.0425298            	0.235702	0.41877 	1  	0.130273 
28 	379  	269      	345     	0.5	0.827253	0.869105	0.0429919            	0.235702	0.417583	1  	0.130682 
29 	379  	267      	345     	0.5	0.82942 	0.869105	0.0418444            	0.229416	0.410574	1  	0.130564 
30 	362  	254      	345     	0.5	0.830628	0.869105	0.0412778            	0.223607	0.407545	1  	0.13043  
31 	390  	274      	345     	0.5	0.831223	0.869105	0.0415559            	0.223607	0.406988	1  	0.130998 
32 	359  	245      	345     	0.5	0.832383	0.869105	0.0413097            	0.223607	0.403773	1  	0.131035 
33 	367  	250      	345     	0.5	0.833557	0.869214	0.041086             	0.223607	0.400154	1  	0.131348 
34 	370  	263      	345     	0.5	0.834121	0.869214	0.0412576            	0.223607	0.400253	1  	0.131483 
35 	377  	261      	345     	0.5	0.834706	0.869214	0.0413363            	0.229416	0.399182	1  	0.131972 
36 	388  	267      	345     	0.5	0.835911	0.869429	0.0411097            	0.229416	0.395494	1  	0.132098 
37 	384  	272      	345     	0.5	0.836933	0.869773	0.0408371            	0.229416	0.39414 	1  	0.131286 
38 	376  	268      	345     	0.5	0.837477	0.869773	0.0410748            	0.229416	0.393648	1  	0.131593 
39 	391  	271      	345     	0.5	0.838745	0.869773	0.0408189            	0.229416	0.389404	1  	0.131797 
40 	360  	263      	345     	0.5	0.839173	0.869773	0.0410228            	0.218218	0.389863	1  	0.131642 
41 	399  	271      	345     	0.5	0.840141	0.870316	0.0407009            	0.218218	0.387609	1  	0.131037 
42 	371  	267      	345     	0.5	0.841269	0.870316	0.0403314            	0.218218	0.383679	1  	0.131397 
43 	398  	263      	345     	0.5	0.841963	0.870353	0.0405175            	0.218218	0.38167 	1  	0.131783 
44 	366  	257      	345     	0.5	0.842319	0.870987	0.0406562            	0.218218	0.380792	1  	0.132163 
45 	367  	265      	345     	0.5	0.843152	0.870987	0.0402856            	0.218218	0.377754	1  	0.132614 
46 	373  	252      	345     	0.5	0.843445	0.873344	0.0404709            	0.218218	0.379534	1  	0.131838 
47 	373  	267      	345     	0.5	0.843791	0.876063	0.0406529            	0.218218	0.379931	1  	0.131486 
48 	379  	265      	345     	0.5	0.843592	0.878148	0.0420134            	0.213201	0.381079	1  	0.132821 
49 	372  	264      	345     	0.5	0.84407 	0.878148	0.0419569            	0.213201	0.38131 	1  	0.132568 

STARTING MASTER RUNNER RESAMPLING
Generations completed = 11
Generations completed = 25
Generations completed = 40
MASTER
   	     	         	        	       survival SKSurv Cox model concordance index       	                     root leanness                      
   	     	         	        	---------------------------------------------------------	--------------------------------------------------------
gen	evals	gen_feats	explored	min     	avg     	max     	std             	min     	avg     	max     	std     
0  	500  	194      	194     	0.648076	0.844721	0.885753	0.0362262       	0.213201	0.360707	0.707107	0.117257
1  	396  	185      	209     	0.648076	0.84502 	0.885753	0.0376849       	0.213201	0.374748	0.707107	0.119587
2  	394  	187      	214     	0.648076	0.846259	0.889563	0.0378065       	0.213201	0.389153	0.707107	0.119059
3  	401  	180      	217     	0.648076	0.847299	0.889563	0.0390771       	0.213201	0.391322	0.707107	0.121624
4  	396  	186      	220     	0.648076	0.848212	0.889563	0.0396869       	0.208514	0.392119	0.707107	0.122499
5  	425  	186      	223     	0.648076	0.848964	0.889563	0.0398727       	0.208514	0.391911	0.707107	0.12263 
6  	400  	174      	223     	0.648076	0.849043	0.889563	0.0401904       	0.208514	0.393857	0.707107	0.123842
7  	388  	179      	223     	0.648076	0.849181	0.889563	0.0402396       	0.208514	0.393903	0.707107	0.123788
8  	415  	180      	223     	0.648076	0.849417	0.889563	0.0402449       	0.208514	0.394052	0.707107	0.123575
9  	399  	174      	223     	0.648076	0.84973 	0.889563	0.040192        	0.208514	0.39344 	0.707107	0.123433
10 	397  	176      	223     	0.5     	0.848605	0.889563	0.0435502       	0.208514	0.396383	1       	0.127021
11 	409  	177      	223     	0.5     	0.848452	0.889563	0.0439226       	0.208514	0.396877	1       	0.127832
12 	411  	178      	223     	0.5     	0.848305	0.889563	0.0444986       	0.208514	0.396758	1       	0.12846 
13 	408  	182      	223     	0.5     	0.848409	0.889563	0.0445137       	0.208514	0.396368	1       	0.128595
14 	417  	187      	223     	0.5     	0.848432	0.889563	0.0445107       	0.208514	0.39623 	1       	0.128577
15 	401  	187      	223     	0.5     	0.848164	0.889563	0.0445771       	0.208514	0.397665	1       	0.128351
16 	403  	173      	223     	0.5     	0.84814 	0.889563	0.0445775       	0.208514	0.397852	1       	0.128355
17 	411  	181      	223     	0.5     	0.848144	0.889563	0.0445768       	0.208514	0.397803	1       	0.128367
18 	415  	183      	223     	0.5     	0.847955	0.889563	0.0450515       	0.208514	0.398034	1       	0.12883 
19 	414  	184      	223     	0.5     	0.847852	0.889563	0.0451164       	0.208514	0.398372	1       	0.129078
20 	421  	176      	223     	0.5     	0.847927	0.889563	0.045054        	0.208514	0.398172	1       	0.128846
21 	415  	179      	223     	0.5     	0.84783 	0.889563	0.0451296       	0.208514	0.398432	1       	0.129076
22 	417  	177      	223     	0.5     	0.847556	0.889563	0.045669        	0.208514	0.398925	1       	0.129749
23 	401  	178      	223     	0.5     	0.847613	0.889563	0.0456188       	0.208514	0.39877 	1       	0.129582
24 	385  	186      	223     	0.5     	0.847636	0.889563	0.0456163       	0.208514	0.398631	1       	0.129567
25 	408  	186      	223     	0.5     	0.847608	0.889563	0.0456201       	0.208514	0.39877 	1       	0.129582
26 	411  	179      	223     	0.5     	0.847613	0.889563	0.0456183       	0.208514	0.39877 	1       	0.129582
27 	397  	176      	223     	0.5     	0.847613	0.889563	0.0456183       	0.208514	0.39877 	1       	0.129582
28 	419  	185      	223     	0.5     	0.847613	0.889563	0.0456183       	0.208514	0.39877 	1       	0.129582
29 	407  	190      	223     	0.5     	0.847613	0.889563	0.0456183       	0.208514	0.39877 	1       	0.129582
30 	406  	183      	223     	0.5     	0.847613	0.889563	0.0456183       	0.208514	0.39877 	1       	0.129582
31 	405  	191      	223     	0.5     	0.847613	0.889563	0.0456183       	0.208514	0.39877 	1       	0.129582
32 	396  	177      	223     	0.5     	0.847615	0.889563	0.045618        	0.208514	0.39877 	1       	0.129582
33 	398  	182      	223     	0.5     	0.847524	0.889563	0.0456836       	0.208514	0.39903 	1       	0.12981 
34 	413  	177      	223     	0.5     	0.847612	0.889563	0.0456185       	0.208514	0.39877 	1       	0.129582
35 	413  	186      	223     	0.5     	0.847615	0.889563	0.045618        	0.208514	0.39877 	1       	0.129582
36 	392  	179      	223     	0.5     	0.847615	0.889563	0.045618        	0.208514	0.39877 	1       	0.129582
37 	400  	192      	223     	0.5     	0.847615	0.889563	0.045618        	0.208514	0.39877 	1       	0.129582
38 	409  	177      	223     	0.5     	0.847615	0.889563	0.045618        	0.208514	0.39877 	1       	0.129582
39 	405  	183      	223     	0.5     	0.847615	0.889563	0.045618        	0.208514	0.39877 	1       	0.129582
40 	391  	179      	223     	0.5     	0.847644	0.889563	0.0456158       	0.208514	0.398583	1       	0.12958 
41 	384  	179      	223     	0.5     	0.847615	0.889563	0.045618        	0.208514	0.39877 	1       	0.129582
42 	402  	179      	223     	0.5     	0.847638	0.889563	0.0456155       	0.208514	0.398631	1       	0.129567
43 	408  	178      	223     	0.5     	0.847612	0.889563	0.0456185       	0.208514	0.39877 	1       	0.129582
44 	398  	179      	223     	0.5     	0.84752 	0.889563	0.0456894       	0.208514	0.39903 	1       	0.12981 
45 	406  	177      	223     	0.5     	0.847526	0.889563	0.0456809       	0.208514	0.39903 	1       	0.12981 
46 	406  	178      	223     	0.5     	0.847615	0.889563	0.045618        	0.208514	0.39877 	1       	0.129582
47 	401  	173      	223     	0.5     	0.847615	0.889563	0.045618        	0.208514	0.39877 	1       	0.129582
48 	409  	176      	223     	0.5     	0.84765 	0.889563	0.0456165       	0.208514	0.398583	1       	0.12958 
49 	396  	183      	223     	0.5     	0.847645	0.889563	0.0456159       	0.208514	0.398631	1       	0.129567

CURRENT HALLS OF FAME

PARETO FRONT
Number of solutions = 10
(0.889563148932932, 0.25) 15 features: [0_age_at_initial_pathologic_diagnosis, 1_hsa.miR.105.5p, 1_hsa.miR.10b.5p, 1_hsa.miR.142.5p, 1_hsa.miR.148a.5p, 1_hsa.miR.15b.5p, 1_hsa.miR.214.5p, 1_hsa.miR.3074.5p, 1_hsa.miR.346, 1_hsa.miR.382.5p, 1_hsa.miR.3913.5p, 1_hsa.miR.550a.3p, 1_hsa.miR.618, 1_hsa.miR.625.3p, 1_hsa.miR.513a.3p]
(0.8857527171768135, 0.3333333333333333) 8 features: [0_age_at_initial_pathologic_diagnosis, 1_hsa.miR.10b.5p, 1_hsa.miR.148a.5p, 1_hsa.miR.15b.5p, 1_hsa.miR.3074.5p, 1_hsa.miR.382.5p, 1_hsa.miR.550a.3p, 1_hsa.miR.513a.3p]
(0.8852631191287847, 0.3535533905932738) 7 features: [0_age_at_initial_pathologic_diagnosis, 1_hsa.miR.10b.5p, 1_hsa.miR.148a.5p, 1_hsa.miR.15b.5p, 1_hsa.miR.3074.5p, 1_hsa.miR.550a.3p, 1_hsa.miR.628.3p]
(0.8731889137497267, 0.3779644730092272) 6 features: [0_age_at_initial_pathologic_diagnosis, 1_hsa.miR.10b.5p, 1_hsa.miR.148a.5p, 1_hsa.miR.15b.5p, 1_hsa.miR.3074.5p, 1_hsa.miR.550a.3p]
(0.8642023080605173, 0.408248290463863) 5 features: [0_age_at_initial_pathologic_diagnosis, 1_hsa.miR.10b.5p, 1_hsa.miR.148a.5p, 1_hsa.miR.15b.5p, 1_hsa.miR.513a.3p]
(0.8589071860807526, 0.4472135954999579) 4 features: [0_age_at_initial_pathologic_diagnosis, 1_hsa.miR.10b.5p, 1_hsa.miR.148a.5p, 1_hsa.miR.15b.5p]
(0.8465844932341059, 0.5) [0_age_at_initial_pathologic_diagnosis, 1_hsa.miR.10b.5p, 1_hsa.miR.15b.5p]
(0.8303419591676237, 0.5773502691896257) [0_age_at_initial_pathologic_diagnosis, 1_hsa.miR.15b.5p]
(0.7942380485877606, 0.7071067811865476) [1_hsa.miR.15b.5p]
(0.5, 1.0) []
Features in hall of fame by prevalence:
16 features: [1_hsa.miR.15b.5p, 0_age_at_initial_pathologic_diagnosis, 1_hsa.miR.10b.5p, 1_hsa.miR.148a.5p, 1_hsa.miR.3074.5p, 1_hsa.miR.550a.3p, 1_hsa.miR.513a.3p, 1_hsa.miR.382.5p, 1_hsa.miR.105.5p, 1_hsa.miR.142.5p, 1_hsa.miR.214.5p, 1_hsa.miR.346, 1_hsa.miR.3913.5p, 1_hsa.miR.618, 1_hsa.miR.625.3p, 1_hsa.miR.628.3p]

LAST POPULATION
Number of solutions = 500
Features in hall of fame by prevalence:
196 features: [1_hsa.miR.15b.5p, 0_age_at_initial_pathologic_diagnosis, 1_hsa.miR.10b.5p, 1_hsa.miR.148a.5p, 1_hsa.miR.550a.3p, 1_hsa.miR.3074.5p, 1_hsa.miR.335.3p, 1_hsa.miR.369.3p, 1_hsa.miR.551b.3p, 1_hsa.miR.624.5p, 1_hsa.miR.222.5p, 1_hsa.miR.513a.3p, 1_hsa.miR.346, 1_hsa.miR.142.5p, 1_hsa.miR.181b.5p, 1_hsa.miR.618, 1_hsa.miR.382.5p, 1_hsa.miR.4772.3p, 1_hsa.miR.135a.3p, 1_hsa.miR.214.5p, 1_hsa.miR.3913.5p, 1_hsa.miR.651.5p, 1_hsa.miR.181b.3p, 1_hsa.miR.10b.3p, 1_hsa.miR.6718.5p, 1_hsa.let.7g.5p, 1_hsa.miR.625.3p, 1_hsa.miR.105.5p, 1_hsa.miR.3917, 1_hsa.miR.196a.5p, 1_hsa.miR.320c, 1_hsa.miR.769.3p, 1_hsa.miR.204.3p, 1_hsa.miR.221.5p, 1_hsa.miR.1228.3p, 1_hsa.miR.127.3p, 1_hsa.miR.9.5p, 1_hsa.miR.151b, 1_hsa.miR.505.3p, 1_hsa.miR.550a.3.5p, 1_hsa.miR.154.5p, 1_hsa.miR.615.3p, 1_hsa.miR.223.3p, 1_hsa.miR.3923, 1_hsa.miR.451a, 1_hsa.miR.942.5p, 1_hsa.miR.99b.3p, 1_hsa.miR.146b.5p, 1_hsa.miR.20b.3p, 1_hsa.miR.216b.5p, 1_hsa.miR.296.3p, 1_hsa.miR.378a.5p, 1_hsa.miR.4772.5p, 1_hsa.let.7c.5p, 1_hsa.miR.1287.5p, 1_hsa.miR.146b.3p, 1_hsa.miR.199a.5p, 1_hsa.miR.31.3p, 1_hsa.miR.33a.3p, 1_hsa.miR.365b.5p, 1_hsa.miR.504.5p, 1_hsa.miR.664a.3p, 1_hsa.miR.664a.5p, 1_hsa.miR.155.3p, 1_hsa.miR.222.3p, 1_hsa.miR.23b.5p, 1_hsa.miR.24.1.5p, 1_hsa.miR.4724.5p, 1_hsa.miR.590.3p, 1_hsa.miR.653.5p, 1_hsa.miR.766.3p, 1_hsa.let.7a.5p, 1_hsa.let.7f.5p, 1_hsa.miR.135b.5p, 1_hsa.miR.150.5p, 1_hsa.miR.151a.3p, 1_hsa.miR.199b.5p, 1_hsa.miR.210.3p, 1_hsa.miR.221.3p, 1_hsa.miR.27a.3p, 1_hsa.miR.3136.5p, 1_hsa.miR.320d, 1_hsa.miR.361.3p, 1_hsa.miR.409.3p, 1_hsa.miR.625.5p, 1_hsa.miR.628.3p, 1_hsa.miR.7702, 1_hsa.miR.5584.5p, 1_hsa.let.7e.5p, 1_hsa.let.7i.5p, 1_hsa.miR.107, 1_hsa.miR.125a.3p, 1_hsa.miR.144.3p, 1_hsa.miR.144.5p, 1_hsa.miR.155.5p, 1_hsa.miR.15b.3p, 1_hsa.miR.16.2.3p, 1_hsa.miR.16.5p, 1_hsa.miR.185.5p, 1_hsa.miR.187.3p, ...]

BEST SUMS WITH SIZE 50
Number of solutions = 50
Features in hall of fame by prevalence:
35 features: [1_hsa.miR.15b.5p, 0_age_at_initial_pathologic_diagnosis, 1_hsa.miR.335.3p, 1_hsa.miR.10b.3p, 1_hsa.miR.10b.5p, 1_hsa.miR.196a.5p, 1_hsa.miR.1228.3p, 1_hsa.miR.148a.5p, 1_hsa.miR.155.5p, 1_hsa.miR.15b.3p, 1_hsa.miR.222.5p, 1_hsa.miR.615.3p, 1_hsa.let.7e.5p, 1_hsa.miR.10a.5p, 1_hsa.miR.125a.3p, 1_hsa.miR.1266.5p, 1_hsa.miR.135b.5p, 1_hsa.miR.146b.3p, 1_hsa.miR.146b.5p, 1_hsa.miR.16.2.3p, 1_hsa.miR.16.5p, 1_hsa.miR.188.5p, 1_hsa.miR.1976, 1_hsa.miR.21.3p, 1_hsa.miR.221.3p, 1_hsa.miR.23b.5p, 1_hsa.miR.335.5p, 1_hsa.miR.3677.3p, 1_hsa.miR.6509.5p, 1_hsa.miR.651.5p, 1_hsa.miR.664a.3p, 1_hsa.miR.6806.3p, 1_hsa.miR.6892.5p, 1_hsa.miR.9.5p, 1_hsa.miR.99b.3p]

BEST SUMS WITH SIZE 100
Number of solutions = 100
Features in hall of fame by prevalence:
53 features: [1_hsa.miR.15b.5p, 0_age_at_initial_pathologic_diagnosis, 1_hsa.miR.335.3p, 1_hsa.miR.10b.3p, 1_hsa.miR.10b.5p, 1_hsa.miR.196a.5p, 1_hsa.miR.1228.3p, 1_hsa.miR.135b.5p, 1_hsa.miR.146b.3p, 1_hsa.miR.148a.5p, 1_hsa.miR.222.5p, 1_hsa.miR.615.3p, 1_hsa.miR.664a.3p, 1_hsa.miR.99b.3p, 1_hsa.let.7e.5p, 1_hsa.miR.125a.3p, 1_hsa.miR.1266.5p, 1_hsa.miR.146b.5p, 1_hsa.miR.155.5p, 1_hsa.miR.15b.3p, 1_hsa.miR.16.2.3p, 1_hsa.miR.16.5p, 1_hsa.miR.188.5p, 1_hsa.miR.200c.3p, 1_hsa.miR.21.3p, 1_hsa.miR.23b.5p, 1_hsa.miR.335.5p, 1_hsa.miR.3677.3p, 1_hsa.miR.651.5p, 1_hsa.miR.6806.3p, 1_hsa.miR.6892.5p, 1_hsa.miR.9.5p, 1_hsa.miR.10a.5p, 1_hsa.miR.187.3p, 1_hsa.miR.191.5p, 1_hsa.miR.196b.3p, 1_hsa.miR.1976, 1_hsa.miR.199a.3p, 1_hsa.miR.199b.3p, 1_hsa.miR.199b.5p, 1_hsa.miR.216b.5p, 1_hsa.miR.217, 1_hsa.miR.221.3p, 1_hsa.miR.222.3p, 1_hsa.miR.3074.5p, 1_hsa.miR.346, 1_hsa.miR.3913.5p, 1_hsa.miR.3917, 1_hsa.miR.4724.5p, 1_hsa.miR.551b.3p, 1_hsa.miR.6509.5p, 1_hsa.miR.887.5p, 1_hsa.miR.99b.5p]

STARTING SWEEP NUMBER 2
folds_creator_seed = 3407324854

ASSIGNING STRATA FOR MULTI-OUTCOME DATA LGG_MV
Assigning strata for outcome named survival of type survival
Counts:
censored 0: 200
censored 1: 116
deceased 0: 49
deceased 1: 46
ga_runner_seed = 911237526
VIEW: CLINIC
   	     	         	        	  survival SKSurv Cox model concordance index   	                 root leanness                  
   	     	         	        	------------------------------------------------	------------------------------------------------
gen	evals	gen_feats	explored	min	avg     	max     	std                  	min     	avg     	max	std     
0  	0    	1        	1       	0.5	0.698464	0.759091	0.109692             	0.707107	0.775644	1  	0.124003
1  	245  	1        	1       	0.5	0.629546	0.759091	0.129546             	0.707107	0.853553	1  	0.146447
2  	251  	1        	1       	0.5	0.629546	0.759091	0.129546             	0.707107	0.853553	1  	0.146447
3  	246  	1        	1       	0.5	0.629546	0.759091	0.129546             	0.707107	0.853553	1  	0.146447
4  	261  	1        	1       	0.5	0.629546	0.759091	0.129546             	0.707107	0.853553	1  	0.146447
5  	246  	1        	1       	0.5	0.629546	0.759091	0.129546             	0.707107	0.853553	1  	0.146447
6  	264  	1        	1       	0.5	0.629546	0.759091	0.129546             	0.707107	0.853553	1  	0.146447
7  	262  	1        	1       	0.5	0.629546	0.759091	0.129546             	0.707107	0.853553	1  	0.146447
8  	246  	1        	1       	0.5	0.629546	0.759091	0.129546             	0.707107	0.853553	1  	0.146447
9  	247  	1        	1       	0.5	0.629546	0.759091	0.129546             	0.707107	0.853553	1  	0.146447
10 	264  	1        	1       	0.5	0.629546	0.759091	0.129546             	0.707107	0.853553	1  	0.146447
11 	250  	1        	1       	0.5	0.629546	0.759091	0.129546             	0.707107	0.853553	1  	0.146447
12 	250  	1        	1       	0.5	0.629546	0.759091	0.129546             	0.707107	0.853553	1  	0.146447
13 	265  	1        	1       	0.5	0.629546	0.759091	0.129546             	0.707107	0.853553	1  	0.146447
14 	272  	1        	1       	0.5	0.629546	0.759091	0.129546             	0.707107	0.853553	1  	0.146447
15 	259  	1        	1       	0.5	0.629546	0.759091	0.129546             	0.707107	0.853553	1  	0.146447
16 	251  	1        	1       	0.5	0.629546	0.759091	0.129546             	0.707107	0.853553	1  	0.146447
17 	266  	1        	1       	0.5	0.629546	0.759091	0.129546             	0.707107	0.853553	1  	0.146447
18 	256  	1        	1       	0.5	0.629546	0.759091	0.129546             	0.707107	0.853553	1  	0.146447
19 	231  	1        	1       	0.5	0.629546	0.759091	0.129546             	0.707107	0.853553	1  	0.146447
20 	261  	1        	1       	0.5	0.629546	0.759091	0.129546             	0.707107	0.853553	1  	0.146447
21 	235  	1        	1       	0.5	0.629546	0.759091	0.129546             	0.707107	0.853553	1  	0.146447
22 	257  	1        	1       	0.5	0.629546	0.759091	0.129546             	0.707107	0.853553	1  	0.146447
23 	241  	1        	1       	0.5	0.629546	0.759091	0.129546             	0.707107	0.853553	1  	0.146447
24 	228  	1        	1       	0.5	0.629546	0.759091	0.129546             	0.707107	0.853553	1  	0.146447
25 	257  	1        	1       	0.5	0.629546	0.759091	0.129546             	0.707107	0.853553	1  	0.146447
26 	238  	1        	1       	0.5	0.629546	0.759091	0.129546             	0.707107	0.853553	1  	0.146447
27 	276  	1        	1       	0.5	0.629546	0.759091	0.129546             	0.707107	0.853553	1  	0.146447
28 	269  	1        	1       	0.5	0.629546	0.759091	0.129546             	0.707107	0.853553	1  	0.146447
29 	256  	1        	1       	0.5	0.629546	0.759091	0.129546             	0.707107	0.853553	1  	0.146447
30 	233  	1        	1       	0.5	0.629546	0.759091	0.129546             	0.707107	0.853553	1  	0.146447
31 	254  	1        	1       	0.5	0.629546	0.759091	0.129546             	0.707107	0.853553	1  	0.146447
32 	229  	1        	1       	0.5	0.629546	0.759091	0.129546             	0.707107	0.853553	1  	0.146447
33 	264  	1        	1       	0.5	0.629546	0.759091	0.129546             	0.707107	0.853553	1  	0.146447
34 	255  	1        	1       	0.5	0.629546	0.759091	0.129546             	0.707107	0.853553	1  	0.146447
35 	249  	1        	1       	0.5	0.629546	0.759091	0.129546             	0.707107	0.853553	1  	0.146447
36 	232  	1        	1       	0.5	0.629546	0.759091	0.129546             	0.707107	0.853553	1  	0.146447
37 	250  	1        	1       	0.5	0.629546	0.759091	0.129546             	0.707107	0.853553	1  	0.146447
38 	252  	1        	1       	0.5	0.629546	0.759091	0.129546             	0.707107	0.853553	1  	0.146447
39 	264  	1        	1       	0.5	0.629546	0.759091	0.129546             	0.707107	0.853553	1  	0.146447
40 	241  	1        	1       	0.5	0.629546	0.759091	0.129546             	0.707107	0.853553	1  	0.146447
41 	247  	1        	1       	0.5	0.629546	0.759091	0.129546             	0.707107	0.853553	1  	0.146447
42 	218  	1        	1       	0.5	0.629546	0.759091	0.129546             	0.707107	0.853553	1  	0.146447
43 	258  	1        	1       	0.5	0.629546	0.759091	0.129546             	0.707107	0.853553	1  	0.146447
44 	252  	1        	1       	0.5	0.629546	0.759091	0.129546             	0.707107	0.853553	1  	0.146447
45 	260  	1        	1       	0.5	0.629546	0.759091	0.129546             	0.707107	0.853553	1  	0.146447
46 	266  	1        	1       	0.5	0.629546	0.759091	0.129546             	0.707107	0.853553	1  	0.146447
47 	243  	1        	1       	0.5	0.629546	0.759091	0.129546             	0.707107	0.853553	1  	0.146447
48 	251  	1        	1       	0.5	0.629546	0.759091	0.129546             	0.707107	0.853553	1  	0.146447
49 	233  	1        	1       	0.5	0.629546	0.759091	0.129546             	0.707107	0.853553	1  	0.146447

ASSIGNING STRATA FOR MULTI-OUTCOME DATA LGG_MV
Assigning strata for outcome named survival of type survival
Counts:
censored 0: 200
censored 1: 116
deceased 0: 49
deceased 1: 46
VIEW: LOG_MIRNA
   	     	         	        	   survival SKSurv Cox model concordance index   	                 root leanness                  
   	     	         	        	-------------------------------------------------	------------------------------------------------
gen	evals	gen_feats	explored	min	avg     	max     	std                  	min     	avg     	max	std     
0  	0    	195      	195     	0.5	0.834896	0.878148	0.0477465            	0.213201	0.423217	1  	0.140042
1  	382  	263      	284     	0.5	0.836193	0.878148	0.0478882            	0.208514	0.404531	1  	0.132762
2  	357  	256      	317     	0.5	0.837631	0.878148	0.0463523            	0.208514	0.402197	1  	0.132566
3  	377  	261      	330     	0.5	0.838382	0.878148	0.0455966            	0.208514	0.400577	1  	0.132896
4  	378  	245      	335     	0.5	0.839879	0.878148	0.0435652            	0.208514	0.3963  	1  	0.132358
5  	372  	261      	339     	0.5	0.840756	0.878148	0.0429012            	0.208514	0.393282	1  	0.132134
6  	374  	252      	344     	0.5	0.84102 	0.878148	0.042923             	0.208514	0.392226	1  	0.132267
7  	378  	261      	344     	0.5	0.841405	0.878148	0.0422644            	0.213201	0.392073	1  	0.131517
8  	387  	251      	345     	0.5	0.841346	0.878148	0.0428107            	0.213201	0.392327	1  	0.131931
9  	377  	251      	345     	0.5	0.841975	0.878148	0.0421111            	0.213201	0.39046 	1  	0.131682
10 	384  	251      	345     	0.5	0.842144	0.878148	0.0421579            	0.213201	0.389718	1  	0.132284
11 	379  	258      	345     	0.5	0.842937	0.878148	0.0416664            	0.213201	0.386706	1  	0.131967
12 	389  	276      	345     	0.5	0.843087	0.878148	0.0417317            	0.213201	0.385915	1  	0.13247 
13 	383  	268      	345     	0.5	0.843375	0.878148	0.0418097            	0.213201	0.385245	1  	0.132216
14 	379  	259      	345     	0.5	0.843921	0.878148	0.0412881            	0.213201	0.38357 	1  	0.131526
15 	381  	263      	345     	0.5	0.84397 	0.878148	0.0413131            	0.213201	0.383454	1  	0.131611
16 	380  	262      	345     	0.5	0.844154	0.878148	0.0414071            	0.213201	0.382739	1  	0.132107
17 	379  	254      	345     	0.5	0.844397	0.878148	0.0414327            	0.208514	0.381542	1  	0.132292
18 	379  	253      	345     	0.5	0.844991	0.878148	0.0409561            	0.208514	0.379591	1  	0.131886
19 	366  	267      	345     	0.5	0.845851	0.878148	0.0405088            	0.208514	0.375741	1  	0.131997
20 	379  	275      	345     	0.5	0.846081	0.878148	0.0406145            	0.204124	0.375515	1  	0.132253
21 	382  	265      	345     	0.5	0.847023	0.878148	0.0402031            	0.19245 	0.371345	1  	0.132571
22 	399  	261      	345     	0.5	0.847193	0.878386	0.0403002            	0.19245 	0.371119	1  	0.13282 
23 	383  	256      	345     	0.5	0.84761 	0.880595	0.040399             	0.19245 	0.368945	1  	0.133578
24 	376  	264      	345     	0.5	0.848276	0.880595	0.0399321            	0.19245 	0.366706	1  	0.133199
25 	394  	275      	345     	0.5	0.849246	0.880595	0.0394827            	0.19245 	0.362593	1  	0.133193
26 	366  	265      	345     	0.5	0.849039	0.890585	0.040343             	0.182574	0.363253	1  	0.134259
27 	386  	263      	345     	0.5	0.849592	0.890585	0.0396703            	0.182574	0.362609	1  	0.133211
28 	372  	268      	345     	0.5	0.849814	0.890585	0.0397904            	0.182574	0.36259 	1  	0.133227
29 	379  	264      	345     	0.5	0.850579	0.890585	0.0393679            	0.182574	0.360076	1  	0.13306 
30 	385  	270      	345     	0.5	0.851193	0.890585	0.0395071            	0.182574	0.357693	1  	0.133353
31 	360  	259      	345     	0.5	0.851608	0.892802	0.0395977            	0.182574	0.356471	1  	0.133298
32 	389  	270      	345     	0.5	0.852121	0.892802	0.0391933            	0.182574	0.355215	1  	0.133261
33 	379  	264      	345     	0.5	0.852887	0.892802	0.0392629            	0.179605	0.351161	1  	0.134101
34 	385  	276      	345     	0.5	0.853931	0.892802	0.0389046            	0.179605	0.346962	1  	0.134439
35 	387  	261      	345     	0.5	0.854782	0.892802	0.0383973            	0.179605	0.343889	1  	0.133651
36 	373  	265      	345     	0.5	0.854999	0.892802	0.0385183            	0.179605	0.343536	1  	0.133909
37 	386  	276      	345     	0.5	0.855358	0.892802	0.0386637            	0.176777	0.342376	1  	0.134449
38 	380  	267      	345     	0.5	0.856469	0.894972	0.0382584            	0.174078	0.33825 	1  	0.134222
39 	376  	257      	345     	0.5	0.857664	0.894972	0.0378196            	0.174078	0.333536	1  	0.133891
40 	387  	269      	345     	0.5	0.858846	0.894972	0.0373062            	0.174078	0.32849 	1  	0.133597
41 	371  	266      	345     	0.5	0.859277	0.894972	0.0375335            	0.174078	0.327483	1  	0.13437 
42 	376  	266      	345     	0.5	0.860364	0.894972	0.0369611            	0.174078	0.322771	1  	0.133704
43 	369  	270      	345     	0.5	0.860959	0.894972	0.0371346            	0.174078	0.320028	1  	0.1347  
44 	379  	266      	345     	0.5	0.862059	0.895122	0.0367092            	0.174078	0.316312	1  	0.134091
45 	395  	274      	345     	0.5	0.862499	0.895122	0.0369439            	0.174078	0.315741	1  	0.134552
46 	391  	258      	345     	0.5	0.86286 	0.895122	0.0371552            	0.174078	0.316309	1  	0.134071
47 	378  	255      	345     	0.5	0.863101	0.895122	0.0372829            	0.174078	0.316227	1  	0.134094
48 	386  	262      	345     	0.5	0.863439	0.895122	0.0374743            	0.174078	0.316045	1  	0.134155
49 	402  	281      	345     	0.5	0.864035	0.896307	0.0376015            	0.174078	0.313692	1  	0.134454

STARTING MASTER RUNNER RESAMPLING
Generations completed = 11
Generations completed = 26
Generations completed = 41
MASTER
   	     	         	        	       survival SKSurv Cox model concordance index       	                 root leanness                  
   	     	         	        	---------------------------------------------------------	------------------------------------------------
gen	evals	gen_feats	explored	min     	avg     	max     	std             	min     	avg     	max	std     
0  	500  	185      	185     	0.486278	0.83358 	0.896464	0.0701503       	0.174078	0.305317	1  	0.124072
1  	393  	180      	194     	0.5     	0.851512	0.896464	0.0409843       	0.179605	0.318208	1  	0.124213
2  	398  	175      	201     	0.5     	0.856467	0.896464	0.0368273       	0.185695	0.339584	1  	0.128205
3  	412  	169      	204     	0.5     	0.856712	0.896464	0.0386157       	0.185695	0.350553	1  	0.130727
4  	415  	175      	205     	0.5     	0.85732 	0.896464	0.0385841       	0.185695	0.353137	1  	0.130706
5  	409  	174      	205     	0.5     	0.857569	0.896464	0.0386563       	0.185695	0.354945	1  	0.130223
6  	421  	172      	208     	0.5     	0.857636	0.896464	0.038735        	0.185695	0.358056	1  	0.13039 
7  	414  	173      	208     	0.5     	0.857935	0.896464	0.0387792       	0.185695	0.358091	1  	0.130423
8  	404  	181      	208     	0.5     	0.858296	0.896464	0.03866         	0.185695	0.357731	1  	0.130665
9  	407  	171      	208     	0.5     	0.858296	0.896464	0.038657        	0.185695	0.357983	1  	0.13049 
10 	397  	171      	208     	0.5     	0.858331	0.896464	0.0386669       	0.185695	0.357784	1  	0.130628
11 	406  	173      	208     	0.5     	0.858248	0.896464	0.038948        	0.185695	0.358469	1  	0.131505
12 	412  	180      	208     	0.5     	0.858306	0.896464	0.0389715       	0.185695	0.358425	1  	0.131573
13 	393  	166      	208     	0.5     	0.858372	0.896464	0.0389987       	0.185695	0.35819 	1  	0.131687
14 	409  	180      	208     	0.5     	0.858594	0.896464	0.0389044       	0.185695	0.357428	1  	0.131393
15 	419  	180      	208     	0.5     	0.858565	0.896464	0.0390388       	0.185695	0.357565	1  	0.131786
16 	391  	173      	208     	0.5     	0.858567	0.896464	0.0390347       	0.185695	0.357565	1  	0.131786
17 	395  	170      	208     	0.5     	0.858621	0.896464	0.0390016       	0.185695	0.357321	1  	0.131635
18 	410  	177      	208     	0.5     	0.858674	0.896464	0.038927        	0.185695	0.357167	1  	0.131422
19 	413  	183      	208     	0.5     	0.858684	0.896464	0.0389172       	0.185695	0.357167	1  	0.131422
20 	395  	179      	208     	0.5     	0.858568	0.896464	0.0390334       	0.185695	0.357565	1  	0.131786
21 	408  	177      	208     	0.5     	0.858568	0.896464	0.0390334       	0.185695	0.357565	1  	0.131786
22 	408  	183      	208     	0.5     	0.858684	0.896464	0.0389172       	0.185695	0.357167	1  	0.131422
23 	419  	181      	208     	0.5     	0.858567	0.896464	0.0390347       	0.185695	0.357565	1  	0.131786
24 	376  	178      	208     	0.5     	0.85857 	0.896464	0.0390301       	0.185695	0.357565	1  	0.131786
25 	412  	179      	208     	0.5     	0.858637	0.896464	0.0389436       	0.185695	0.357305	1  	0.13148 
26 	407  	164      	208     	0.5     	0.858542	0.896464	0.0390845       	0.185695	0.357565	1  	0.131786
27 	414  	186      	208     	0.5     	0.858683	0.896464	0.0389174       	0.185695	0.357167	1  	0.131422
28 	399  	175      	208     	0.5     	0.858567	0.896464	0.0390347       	0.185695	0.357565	1  	0.131786
29 	393  	168      	208     	0.5     	0.858567	0.896464	0.0390347       	0.185695	0.357565	1  	0.131786
30 	414  	181      	208     	0.5     	0.858567	0.896464	0.0390347       	0.185695	0.357565	1  	0.131786
31 	412  	183      	208     	0.5     	0.858567	0.896464	0.0390347       	0.185695	0.357565	1  	0.131786
32 	412  	174      	208     	0.5     	0.858686	0.896464	0.0389167       	0.185695	0.357167	1  	0.131422
33 	408  	175      	208     	0.5     	0.858686	0.896464	0.0389167       	0.185695	0.357167	1  	0.131422
34 	405  	176      	208     	0.5     	0.858686	0.896464	0.0389167       	0.185695	0.357167	1  	0.131422
35 	415  	173      	208     	0.5     	0.85862 	0.896464	0.0390065       	0.185695	0.357321	1  	0.131635
36 	418  	170      	208     	0.5     	0.858558	0.896464	0.0390432       	0.185695	0.357565	1  	0.131786
37 	384  	170      	208     	0.5     	0.858679	0.896464	0.0389217       	0.185695	0.357167	1  	0.131422
38 	411  	178      	208     	0.5     	0.858679	0.896464	0.0389217       	0.185695	0.357167	1  	0.131422
39 	427  	177      	208     	0.5     	0.858682	0.896464	0.0389193       	0.185695	0.357167	1  	0.131422
40 	405  	177      	208     	0.5     	0.858623	0.896464	0.0390011       	0.185695	0.357321	1  	0.131635
41 	406  	175      	208     	0.5     	0.858558	0.896464	0.0390432       	0.185695	0.357565	1  	0.131786
42 	412  	171      	208     	0.5     	0.858623	0.896464	0.0390011       	0.185695	0.357321	1  	0.131635
43 	415  	171      	208     	0.5     	0.858686	0.896464	0.0389167       	0.185695	0.357167	1  	0.131422
44 	389  	178      	208     	0.5     	0.858686	0.896464	0.0389167       	0.185695	0.357167	1  	0.131422
45 	405  	183      	208     	0.5     	0.858622	0.896464	0.0390025       	0.185695	0.357321	1  	0.131635
46 	413  	175      	208     	0.5     	0.858684	0.896464	0.0389182       	0.185695	0.357167	1  	0.131422
47 	401  	178      	208     	0.5     	0.858684	0.896464	0.0389182       	0.185695	0.357167	1  	0.131422
48 	406  	168      	208     	0.5     	0.858684	0.896464	0.0389182       	0.185695	0.357167	1  	0.131422
49 	410  	176      	208     	0.5     	0.858684	0.896464	0.0389182       	0.185695	0.357167	1  	0.131422

CURRENT HALLS OF FAME

PARETO FRONT
Number of solutions = 14
(0.8964639913850677, 0.24253562503633297) 16 features: [0_age_at_initial_pathologic_diagnosis, 1_hsa.let.7g.5p, 1_hsa.miR.10b.5p, 1_hsa.miR.1228.3p, 1_hsa.miR.1296.5p, 1_hsa.miR.148a.5p, 1_hsa.miR.154.5p, 1_hsa.miR.15b.5p, 1_hsa.miR.222.5p, 1_hsa.miR.3074.5p, 1_hsa.miR.369.3p, 1_hsa.miR.550a.3p, 1_hsa.miR.616.5p, 1_hsa.miR.618, 1_hsa.miR.9.5p, 1_hsa.miR.513a.3p]
(0.8958625763480765, 0.25) 15 features: [0_age_at_initial_pathologic_diagnosis, 1_hsa.let.7g.5p, 1_hsa.miR.10b.5p, 1_hsa.miR.1228.3p, 1_hsa.miR.148a.5p, 1_hsa.miR.15b.5p, 1_hsa.miR.215.5p, 1_hsa.miR.3074.5p, 1_hsa.miR.335.3p, 1_hsa.miR.346, 1_hsa.miR.369.3p, 1_hsa.miR.550a.3p, 1_hsa.miR.616.3p, 1_hsa.miR.671.3p, 1_hsa.miR.513a.3p]
(0.89565301209732, 0.2773500981126146) 12 features: [0_age_at_initial_pathologic_diagnosis, 1_hsa.let.7g.5p, 1_hsa.miR.10b.5p, 1_hsa.miR.148a.5p, 1_hsa.miR.154.5p, 1_hsa.miR.15b.5p, 1_hsa.miR.3074.5p, 1_hsa.miR.346, 1_hsa.miR.382.3p, 1_hsa.miR.550a.3p, 1_hsa.miR.624.5p, 1_hsa.miR.513a.3p]
(0.8956321433157828, 0.28867513459481287) 11 features: [0_age_at_initial_pathologic_diagnosis, 1_hsa.let.7g.5p, 1_hsa.miR.10b.5p, 1_hsa.miR.148a.5p, 1_hsa.miR.15b.5p, 1_hsa.miR.3074.5p, 1_hsa.miR.346, 1_hsa.miR.382.3p, 1_hsa.miR.550a.3p, 1_hsa.miR.624.5p, 1_hsa.miR.513a.3p]
(0.8897197001992447, 0.30151134457776363) 10 features: [0_age_at_initial_pathologic_diagnosis, 1_hsa.miR.10b.5p, 1_hsa.miR.148a.5p, 1_hsa.miR.15b.5p, 1_hsa.miR.3074.5p, 1_hsa.miR.346, 1_hsa.miR.495.5p, 1_hsa.miR.550a.3p, 1_hsa.miR.624.5p, 1_hsa.miR.513a.3p]
(0.8857527171768135, 0.3333333333333333) 8 features: [0_age_at_initial_pathologic_diagnosis, 1_hsa.miR.10b.5p, 1_hsa.miR.148a.5p, 1_hsa.miR.15b.5p, 1_hsa.miR.3074.5p, 1_hsa.miR.382.5p, 1_hsa.miR.550a.3p, 1_hsa.miR.513a.3p]
(0.8852631191287847, 0.3535533905932738) 7 features: [0_age_at_initial_pathologic_diagnosis, 1_hsa.miR.10b.5p, 1_hsa.miR.148a.5p, 1_hsa.miR.15b.5p, 1_hsa.miR.3074.5p, 1_hsa.miR.550a.3p, 1_hsa.miR.628.3p]
(0.8731889137497267, 0.3779644730092272) 6 features: [0_age_at_initial_pathologic_diagnosis, 1_hsa.miR.10b.5p, 1_hsa.miR.148a.5p, 1_hsa.miR.15b.5p, 1_hsa.miR.3074.5p, 1_hsa.miR.550a.3p]
(0.8642023080605173, 0.408248290463863) 5 features: [0_age_at_initial_pathologic_diagnosis, 1_hsa.miR.10b.5p, 1_hsa.miR.148a.5p, 1_hsa.miR.15b.5p, 1_hsa.miR.513a.3p]
(0.8618110182463693, 0.4472135954999579) 4 features: [0_age_at_initial_pathologic_diagnosis, 1_hsa.miR.10b.5p, 1_hsa.miR.1228.3p, 1_hsa.miR.15b.5p]
(0.8465844932341059, 0.5) [0_age_at_initial_pathologic_diagnosis, 1_hsa.miR.10b.5p, 1_hsa.miR.15b.5p]
(0.8303419591676237, 0.5773502691896257) [0_age_at_initial_pathologic_diagnosis, 1_hsa.miR.15b.5p]
(0.7942380485877606, 0.7071067811865476) [1_hsa.miR.15b.5p]
(0.5, 1.0) []
Features in hall of fame by prevalence:
26 features: [1_hsa.miR.15b.5p, 0_age_at_initial_pathologic_diagnosis, 1_hsa.miR.10b.5p, 1_hsa.miR.148a.5p, 1_hsa.miR.3074.5p, 1_hsa.miR.550a.3p, 1_hsa.miR.513a.3p, 1_hsa.let.7g.5p, 1_hsa.miR.346, 1_hsa.miR.1228.3p, 1_hsa.miR.624.5p, 1_hsa.miR.154.5p, 1_hsa.miR.369.3p, 1_hsa.miR.382.3p, 1_hsa.miR.1296.5p, 1_hsa.miR.215.5p, 1_hsa.miR.222.5p, 1_hsa.miR.335.3p, 1_hsa.miR.382.5p, 1_hsa.miR.495.5p, 1_hsa.miR.616.3p, 1_hsa.miR.616.5p, 1_hsa.miR.618, 1_hsa.miR.628.3p, 1_hsa.miR.671.3p, 1_hsa.miR.9.5p]

LAST POPULATION
Number of solutions = 500
Features in hall of fame by prevalence:
177 features: [1_hsa.miR.15b.5p, 1_hsa.miR.10b.5p, 0_age_at_initial_pathologic_diagnosis, 1_hsa.miR.148a.5p, 1_hsa.miR.550a.3p, 1_hsa.miR.3074.5p, 1_hsa.miR.335.3p, 1_hsa.miR.513a.3p, 1_hsa.let.7g.5p, 1_hsa.miR.346, 1_hsa.miR.1228.3p, 1_hsa.miR.624.5p, 1_hsa.miR.154.5p, 1_hsa.miR.222.5p, 1_hsa.miR.369.3p, 1_hsa.miR.495.5p, 1_hsa.miR.616.5p, 1_hsa.miR.1296.5p, 1_hsa.miR.651.5p, 1_hsa.miR.142.5p, 1_hsa.miR.618, 1_hsa.miR.105.5p, 1_hsa.miR.551b.3p, 1_hsa.miR.664a.3p, 1_hsa.miR.196a.5p, 1_hsa.miR.520e, 1_hsa.miR.204.5p, 1_hsa.miR.302b.3p, 1_hsa.miR.4772.3p, 1_hsa.miR.615.3p, 1_hsa.miR.769.3p, 1_hsa.miR.214.5p, 1_hsa.miR.135a.3p, 1_hsa.miR.30a.3p, 1_hsa.miR.9.5p, 1_hsa.miR.215.5p, 1_hsa.miR.215.3p, 1_hsa.miR.216b.5p, 1_hsa.miR.320c, 1_hsa.miR.10b.3p, 1_hsa.miR.378a.3p, 1_hsa.miR.342.5p, 1_hsa.miR.382.3p, 1_hsa.miR.6502.5p, 1_hsa.miR.34b.5p, 1_hsa.miR.6503.3p, 1_hsa.miR.125b.1.3p, 1_hsa.miR.181b.5p, 1_hsa.miR.372.3p, 1_hsa.miR.221.5p, 1_hsa.miR.4677.3p, 1_hsa.miR.590.3p, 1_hsa.miR.616.3p, 1_hsa.miR.190a.5p, 1_hsa.miR.204.3p, 1_hsa.miR.3913.5p, 1_hsa.miR.23b.5p, 1_hsa.miR.130b.5p, 1_hsa.miR.382.5p, 1_hsa.miR.424.3p, 1_hsa.miR.671.3p, 1_hsa.miR.144.3p, 1_hsa.miR.15b.3p, 1_hsa.miR.223.3p, 1_hsa.miR.23a.3p, 1_hsa.miR.361.3p, 1_hsa.miR.3917, 1_hsa.miR.4724.5p, 1_hsa.miR.5000.3p, 1_hsa.miR.671.5p, 1_hsa.miR.100.5p, 1_hsa.miR.106b.3p, 1_hsa.miR.125b.5p, 1_hsa.miR.127.3p, 1_hsa.miR.146b.3p, 1_hsa.miR.149.5p, 1_hsa.miR.181a.2.3p, 1_hsa.miR.28.3p, 1_hsa.miR.424.5p, 1_hsa.miR.4728.3p, 1_hsa.miR.130a.3p, 1_hsa.miR.135b.5p, 1_hsa.miR.144.5p, 1_hsa.miR.199b.3p, 1_hsa.miR.28.5p, 1_hsa.miR.29b.1.5p, 1_hsa.miR.31.3p, 1_hsa.miR.450b.5p, 1_hsa.miR.766.3p, 1_hsa.miR.887.5p, 1_hsa.let.7c.5p, 1_hsa.miR.103a.2.5p, 1_hsa.miR.143.5p, 1_hsa.miR.146b.5p, 1_hsa.miR.151b, 1_hsa.miR.155.5p, 1_hsa.miR.16.5p, 1_hsa.miR.181b.3p, 1_hsa.miR.335.5p, 1_hsa.miR.365b.5p, ...]

BEST SUMS WITH SIZE 50
Number of solutions = 50
Features in hall of fame by prevalence:
36 features: [1_hsa.miR.15b.5p, 1_hsa.miR.335.3p, 0_age_at_initial_pathologic_diagnosis, 1_hsa.miR.10b.5p, 1_hsa.miR.196a.5p, 1_hsa.miR.10b.3p, 1_hsa.miR.1228.3p, 1_hsa.miR.148a.5p, 1_hsa.miR.155.5p, 1_hsa.miR.15b.3p, 1_hsa.miR.222.5p, 1_hsa.miR.615.3p, 1_hsa.let.7e.5p, 1_hsa.miR.10a.5p, 1_hsa.miR.125a.3p, 1_hsa.miR.1266.5p, 1_hsa.miR.135b.5p, 1_hsa.miR.146b.3p, 1_hsa.miR.146b.5p, 1_hsa.miR.148a.3p, 1_hsa.miR.16.2.3p, 1_hsa.miR.16.5p, 1_hsa.miR.188.5p, 1_hsa.miR.1976, 1_hsa.miR.21.3p, 1_hsa.miR.221.3p, 1_hsa.miR.23b.5p, 1_hsa.miR.335.5p, 1_hsa.miR.3677.3p, 1_hsa.miR.6509.5p, 1_hsa.miR.651.5p, 1_hsa.miR.664a.3p, 1_hsa.miR.6806.3p, 1_hsa.miR.6892.5p, 1_hsa.miR.9.5p, 1_hsa.miR.99b.3p]

BEST SUMS WITH SIZE 100
Number of solutions = 100
Features in hall of fame by prevalence:
56 features: [1_hsa.miR.15b.5p, 0_age_at_initial_pathologic_diagnosis, 1_hsa.miR.335.3p, 1_hsa.miR.10b.3p, 1_hsa.miR.10b.5p, 1_hsa.miR.196a.5p, 1_hsa.miR.1228.3p, 1_hsa.miR.135b.5p, 1_hsa.miR.146b.3p, 1_hsa.miR.148a.5p, 1_hsa.miR.222.5p, 1_hsa.miR.615.3p, 1_hsa.miR.664a.3p, 1_hsa.let.7e.5p, 1_hsa.miR.1266.5p, 1_hsa.miR.146b.5p, 1_hsa.miR.155.5p, 1_hsa.miR.15b.3p, 1_hsa.miR.16.2.3p, 1_hsa.miR.16.5p, 1_hsa.miR.188.5p, 1_hsa.miR.21.3p, 1_hsa.miR.23b.5p, 1_hsa.miR.335.5p, 1_hsa.miR.3677.3p, 1_hsa.miR.651.5p, 1_hsa.miR.6806.3p, 1_hsa.miR.6892.5p, 1_hsa.miR.9.5p, 1_hsa.miR.99b.3p, 1_hsa.miR.10a.5p, 1_hsa.miR.125a.3p, 1_hsa.miR.148a.3p, 1_hsa.miR.187.3p, 1_hsa.miR.191.5p, 1_hsa.miR.196b.3p, 1_hsa.miR.196b.5p, 1_hsa.miR.1976, 1_hsa.miR.199a.3p, 1_hsa.miR.199b.3p, 1_hsa.miR.199b.5p, 1_hsa.miR.200c.3p, 1_hsa.miR.216b.5p, 1_hsa.miR.217, 1_hsa.miR.221.3p, 1_hsa.miR.222.3p, 1_hsa.miR.3074.5p, 1_hsa.miR.346, 1_hsa.miR.3913.5p, 1_hsa.miR.3917, 1_hsa.miR.450b.5p, 1_hsa.miR.4724.5p, 1_hsa.miR.551b.3p, 1_hsa.miR.6509.5p, 1_hsa.miR.887.5p, 1_hsa.miR.99b.5p]

STARTING SWEEP NUMBER 3
folds_creator_seed = 1631832604

ASSIGNING STRATA FOR MULTI-OUTCOME DATA LGG_MV
Assigning strata for outcome named survival of type survival
Counts:
censored 0: 200
censored 1: 116
deceased 0: 49
deceased 1: 46
ga_runner_seed = 2416627710
VIEW: CLINIC
   	     	         	        	  survival SKSurv Cox model concordance index   	                 root leanness                  
   	     	         	        	------------------------------------------------	------------------------------------------------
gen	evals	gen_feats	explored	min	avg     	max     	std                  	min     	avg     	max	std     
0  	0    	1        	1       	0.5	0.694837	0.759091	0.111889             	0.707107	0.779744	1  	0.126486
1  	267  	1        	1       	0.5	0.629546	0.759091	0.129546             	0.707107	0.853553	1  	0.146447
2  	223  	1        	1       	0.5	0.629546	0.759091	0.129546             	0.707107	0.853553	1  	0.146447
3  	245  	1        	1       	0.5	0.629546	0.759091	0.129546             	0.707107	0.853553	1  	0.146447
4  	255  	1        	1       	0.5	0.629546	0.759091	0.129546             	0.707107	0.853553	1  	0.146447
5  	258  	1        	1       	0.5	0.629546	0.759091	0.129546             	0.707107	0.853553	1  	0.146447
6  	256  	1        	1       	0.5	0.629546	0.759091	0.129546             	0.707107	0.853553	1  	0.146447
7  	236  	1        	1       	0.5	0.629546	0.759091	0.129546             	0.707107	0.853553	1  	0.146447
8  	230  	1        	1       	0.5	0.629546	0.759091	0.129546             	0.707107	0.853553	1  	0.146447
9  	228  	1        	1       	0.5	0.629546	0.759091	0.129546             	0.707107	0.853553	1  	0.146447
10 	259  	1        	1       	0.5	0.629546	0.759091	0.129546             	0.707107	0.853553	1  	0.146447
11 	243  	1        	1       	0.5	0.629546	0.759091	0.129546             	0.707107	0.853553	1  	0.146447
12 	250  	1        	1       	0.5	0.629546	0.759091	0.129546             	0.707107	0.853553	1  	0.146447
13 	240  	1        	1       	0.5	0.629546	0.759091	0.129546             	0.707107	0.853553	1  	0.146447
14 	259  	1        	1       	0.5	0.629546	0.759091	0.129546             	0.707107	0.853553	1  	0.146447
15 	252  	1        	1       	0.5	0.629546	0.759091	0.129546             	0.707107	0.853553	1  	0.146447
16 	253  	1        	1       	0.5	0.629546	0.759091	0.129546             	0.707107	0.853553	1  	0.146447
17 	250  	1        	1       	0.5	0.629546	0.759091	0.129546             	0.707107	0.853553	1  	0.146447
18 	248  	1        	1       	0.5	0.629546	0.759091	0.129546             	0.707107	0.853553	1  	0.146447
19 	259  	1        	1       	0.5	0.629546	0.759091	0.129546             	0.707107	0.853553	1  	0.146447
20 	267  	1        	1       	0.5	0.629546	0.759091	0.129546             	0.707107	0.853553	1  	0.146447
21 	258  	1        	1       	0.5	0.629546	0.759091	0.129546             	0.707107	0.853553	1  	0.146447
22 	264  	1        	1       	0.5	0.629546	0.759091	0.129546             	0.707107	0.853553	1  	0.146447
23 	240  	1        	1       	0.5	0.629546	0.759091	0.129546             	0.707107	0.853553	1  	0.146447
24 	250  	1        	1       	0.5	0.629546	0.759091	0.129546             	0.707107	0.853553	1  	0.146447
25 	261  	1        	1       	0.5	0.629546	0.759091	0.129546             	0.707107	0.853553	1  	0.146447
26 	253  	1        	1       	0.5	0.629546	0.759091	0.129546             	0.707107	0.853553	1  	0.146447
27 	250  	1        	1       	0.5	0.629546	0.759091	0.129546             	0.707107	0.853553	1  	0.146447
28 	242  	1        	1       	0.5	0.629546	0.759091	0.129546             	0.707107	0.853553	1  	0.146447
29 	271  	1        	1       	0.5	0.629546	0.759091	0.129546             	0.707107	0.853553	1  	0.146447
30 	279  	1        	1       	0.5	0.629546	0.759091	0.129546             	0.707107	0.853553	1  	0.146447
31 	242  	1        	1       	0.5	0.629546	0.759091	0.129546             	0.707107	0.853553	1  	0.146447
32 	256  	1        	1       	0.5	0.629546	0.759091	0.129546             	0.707107	0.853553	1  	0.146447
33 	258  	1        	1       	0.5	0.629546	0.759091	0.129546             	0.707107	0.853553	1  	0.146447
34 	252  	1        	1       	0.5	0.629546	0.759091	0.129546             	0.707107	0.853553	1  	0.146447
35 	240  	1        	1       	0.5	0.629546	0.759091	0.129546             	0.707107	0.853553	1  	0.146447
36 	249  	1        	1       	0.5	0.629546	0.759091	0.129546             	0.707107	0.853553	1  	0.146447
37 	253  	1        	1       	0.5	0.629546	0.759091	0.129546             	0.707107	0.853553	1  	0.146447
38 	234  	1        	1       	0.5	0.629546	0.759091	0.129546             	0.707107	0.853553	1  	0.146447
39 	235  	1        	1       	0.5	0.629546	0.759091	0.129546             	0.707107	0.853553	1  	0.146447
40 	247  	1        	1       	0.5	0.629546	0.759091	0.129546             	0.707107	0.853553	1  	0.146447
41 	243  	1        	1       	0.5	0.629546	0.759091	0.129546             	0.707107	0.853553	1  	0.146447
42 	256  	1        	1       	0.5	0.629546	0.759091	0.129546             	0.707107	0.853553	1  	0.146447
43 	257  	1        	1       	0.5	0.629546	0.759091	0.129546             	0.707107	0.853553	1  	0.146447
44 	245  	1        	1       	0.5	0.629546	0.759091	0.129546             	0.707107	0.853553	1  	0.146447
45 	237  	1        	1       	0.5	0.629546	0.759091	0.129546             	0.707107	0.853553	1  	0.146447
46 	257  	1        	1       	0.5	0.629546	0.759091	0.129546             	0.707107	0.853553	1  	0.146447
47 	248  	1        	1       	0.5	0.629546	0.759091	0.129546             	0.707107	0.853553	1  	0.146447
48 	264  	1        	1       	0.5	0.629546	0.759091	0.129546             	0.707107	0.853553	1  	0.146447
49 	240  	1        	1       	0.5	0.629546	0.759091	0.129546             	0.707107	0.853553	1  	0.146447

ASSIGNING STRATA FOR MULTI-OUTCOME DATA LGG_MV
Assigning strata for outcome named survival of type survival
Counts:
censored 0: 200
censored 1: 116
deceased 0: 49
deceased 1: 46
VIEW: LOG_MIRNA
   	     	         	        	   survival SKSurv Cox model concordance index   	                 root leanness                  
   	     	         	        	-------------------------------------------------	------------------------------------------------
gen	evals	gen_feats	explored	min	avg     	max     	std                  	min     	avg     	max	std     
0  	0    	176      	176     	0.5	0.850309	0.89167 	0.0443118            	0.188982	0.375877	1  	0.14462 
1  	389  	258      	277     	0.5	0.854941	0.89167 	0.0392616            	0.188982	0.346098	1  	0.132046
2  	381  	265      	314     	0.5	0.856557	0.89167 	0.0391009            	0.185695	0.341292	1  	0.132156
3  	387  	266      	333     	0.5	0.856411	0.89167 	0.0408471            	0.182574	0.342048	1  	0.134331
4  	380  	267      	339     	0.5	0.857647	0.89167 	0.0393951            	0.182574	0.338901	1  	0.133423
5  	375  	250      	343     	0.5	0.85791 	0.89167 	0.0395001            	0.182574	0.338832	1  	0.133331
6  	384  	248      	344     	0.5	0.859009	0.89167 	0.038781             	0.182574	0.33523 	1  	0.132238
7  	365  	249      	344     	0.5	0.857974	0.89167 	0.040308             	0.188982	0.339254	1  	0.13291 
8  	369  	252      	345     	0.5	0.85924 	0.89167 	0.0388633            	0.188982	0.335604	1  	0.131916
9  	381  	255      	345     	0.5	0.859339	0.89167 	0.0388976            	0.188982	0.335495	1  	0.132028
10 	381  	251      	345     	0.5	0.859555	0.89167 	0.0388993            	0.188982	0.335308	1  	0.132178
11 	381  	260      	345     	0.5	0.859911	0.89167 	0.0390249            	0.188982	0.333788	1  	0.132909
12 	386  	277      	345     	0.5	0.860777	0.89167 	0.0383353            	0.188982	0.33076 	1  	0.131466
13 	388  	264      	345     	0.5	0.860864	0.894388	0.0383815            	0.188982	0.330683	1  	0.131521
14 	389  	258      	345     	0.5	0.860927	0.894388	0.0384167            	0.188982	0.331006	1  	0.13127 
15 	375  	256      	345     	0.5	0.861035	0.894388	0.0384621            	0.188982	0.330888	1  	0.131379
16 	380  	248      	345     	0.5	0.86112 	0.894388	0.0384993            	0.188982	0.330875	1  	0.131394
17 	377  	255      	345     	0.5	0.861195	0.894388	0.0385383            	0.188982	0.330873	1  	0.131395
18 	377  	267      	345     	0.5	0.861441	0.894388	0.0386599            	0.188982	0.330311	1  	0.131757
19 	374  	253      	345     	0.5	0.861621	0.894388	0.0387249            	0.188982	0.329868	1  	0.13194 
20 	389  	273      	345     	0.5	0.862823	0.894388	0.0381683            	0.188982	0.325326	1  	0.131301
21 	381  	264      	345     	0.5	0.862167	0.894388	0.0391364            	0.188982	0.327963	1  	0.132643
22 	351  	239      	345     	0.5	0.863056	0.89514 	0.0382881            	0.188982	0.32529 	1  	0.131312
23 	355  	251      	345     	0.5	0.863186	0.902015	0.0383645            	0.188982	0.325304	1  	0.131302
24 	351  	254      	345     	0.5	0.862902	0.902015	0.0389739            	0.188982	0.326473	1  	0.132268
25 	383  	267      	345     	0.5	0.862425	0.902015	0.0391535            	0.188982	0.32933 	1  	0.132423
26 	382  	248      	345     	0.5	0.863575	0.902015	0.0384811            	0.188982	0.325466	1  	0.131158
27 	375  	253      	345     	0.5	0.863672	0.902015	0.0385334            	0.188982	0.325438	1  	0.131183
28 	383  	264      	345     	0.5	0.863772	0.902015	0.0385886            	0.188982	0.325579	1  	0.131073
29 	391  	257      	345     	0.5	0.863939	0.902015	0.0386882            	0.188982	0.325563	1  	0.131088
30 	397  	254      	345     	0.5	0.8637  	0.902015	0.0389088            	0.188982	0.327249	1  	0.131426
31 	381  	251      	345     	0.5	0.864122	0.902015	0.0388258            	0.188982	0.326061	1  	0.131084
32 	365  	266      	345     	0.5	0.863289	0.902015	0.039644             	0.188982	0.329691	1  	0.13213 
33 	366  	249      	345     	0.5	0.863627	0.902015	0.0396735            	0.188982	0.328669	1  	0.132527
34 	387  	268      	345     	0.5	0.864208	0.902015	0.0391692            	0.188982	0.327446	1  	0.131671
35 	364  	253      	345     	0.5	0.864808	0.902015	0.0391401            	0.188982	0.325255	1  	0.131373
36 	373  	258      	345     	0.5	0.865225	0.902015	0.0393171            	0.185695	0.32344 	1  	0.132352
37 	380  	253      	345     	0.5	0.865747	0.902015	0.0394532            	0.185695	0.321739	1  	0.132611
38 	375  	263      	345     	0.5	0.866563	0.902015	0.0388894            	0.188982	0.319566	1  	0.131176
39 	371  	255      	345     	0.5	0.866727	0.902598	0.0389852            	0.188982	0.31955 	1  	0.13119 
40 	374  	258      	345     	0.5	0.866913	0.902598	0.0390933            	0.188982	0.31939 	1  	0.131292
41 	402  	268      	345     	0.5	0.867414	0.903807	0.0392913            	0.188982	0.317944	1  	0.1318  
42 	360  	257      	345     	0.5	0.867448	0.903807	0.0394088            	0.185695	0.318731	1  	0.131738
43 	373  	257      	345     	0.5	0.868538	0.903807	0.0388484            	0.185695	0.315242	1  	0.130485
44 	380  	256      	345     	0.5	0.86901 	0.903807	0.0389835            	0.185695	0.314021	1  	0.13055 
45 	387  	256      	345     	0.5	0.869123	0.903807	0.0390444            	0.185695	0.31406 	1  	0.130515
46 	370  	264      	345     	0.5	0.868706	0.90483 	0.0402543            	0.185695	0.31557 	1  	0.131309
47 	395  	268      	345     	0.5	0.869356	0.90483 	0.0391975            	0.185695	0.314515	1  	0.130281
48 	377  	242      	345     	0.5	0.869273	0.90483 	0.0394003            	0.185695	0.315686	1  	0.13057 
49 	382  	253      	345     	0.5	0.869128	0.90483 	0.039516             	0.185695	0.316891	1  	0.130735

STARTING MASTER RUNNER RESAMPLING
Generations completed = 9
Generations completed = 25
Generations completed = 41
MASTER
   	     	         	        	       survival SKSurv Cox model concordance index       	                     root leanness                      
   	     	         	        	---------------------------------------------------------	--------------------------------------------------------
gen	evals	gen_feats	explored	min     	avg     	max     	std             	min     	avg     	max     	std     
0  	500  	165      	165     	0.696824	0.858141	0.899625	0.0317467       	0.185695	0.303327	0.707107	0.109505
1  	389  	153      	179     	0.5     	0.860111	0.899625	0.0350311       	0.185695	0.316143	1       	0.115044
2  	413  	147      	183     	0.5     	0.860732	0.899625	0.0352416       	0.182574	0.337388	1       	0.121884
3  	407  	155      	188     	0.5     	0.860464	0.899625	0.0369481       	0.188982	0.346695	1       	0.124289
4  	410  	155      	190     	0.5     	0.860857	0.899625	0.0374253       	0.188982	0.349739	1       	0.126363
5  	405  	157      	191     	0.5     	0.861293	0.899625	0.0379196       	0.188982	0.351069	1       	0.127078
6  	415  	146      	191     	0.5     	0.86154 	0.899625	0.0384763       	0.188982	0.35144 	1       	0.128375
7  	398  	151      	192     	0.5     	0.861846	0.899625	0.0384391       	0.188982	0.351479	1       	0.128245
8  	394  	152      	192     	0.5     	0.861845	0.899625	0.0389594       	0.188982	0.35172 	1       	0.128857
9  	413  	153      	192     	0.5     	0.862219	0.899625	0.0388898       	0.188982	0.351104	1       	0.128396
10 	415  	155      	192     	0.5     	0.862087	0.899625	0.0390935       	0.188982	0.352255	1       	0.128898
11 	409  	148      	192     	0.5     	0.862187	0.899625	0.0391221       	0.188982	0.351928	1       	0.129042
12 	402  	158      	192     	0.5     	0.862549	0.899625	0.0389861       	0.188982	0.350735	1       	0.1287  
13 	399  	145      	192     	0.5     	0.862578	0.899625	0.0389683       	0.188982	0.350798	1       	0.128631
14 	397  	156      	192     	0.5     	0.862578	0.899625	0.0389683       	0.188982	0.350798	1       	0.128631
15 	387  	154      	192     	0.5     	0.86256 	0.899625	0.0389617       	0.188982	0.350935	1       	0.128515
16 	410  	155      	192     	0.5     	0.862565	0.899625	0.0389646       	0.188982	0.351015	1       	0.128432
17 	416  	145      	192     	0.5     	0.862565	0.899625	0.0389646       	0.188982	0.351015	1       	0.128432
18 	404  	148      	192     	0.5     	0.862565	0.899625	0.0389646       	0.188982	0.351015	1       	0.128432
19 	407  	152      	192     	0.5     	0.862319	0.899625	0.0392331       	0.188982	0.351982	1       	0.129287
20 	404  	156      	192     	0.5     	0.862319	0.899625	0.0392331       	0.188982	0.351982	1       	0.129287
21 	390  	155      	192     	0.5     	0.862319	0.899625	0.0392331       	0.188982	0.351982	1       	0.129287
22 	408  	159      	192     	0.5     	0.862319	0.899625	0.0392331       	0.188982	0.351982	1       	0.129287
23 	405  	149      	192     	0.5     	0.862319	0.899625	0.0392331       	0.188982	0.351982	1       	0.129287
24 	389  	154      	192     	0.5     	0.862319	0.899625	0.0392331       	0.188982	0.351982	1       	0.129287
25 	416  	146      	192     	0.5     	0.862319	0.899625	0.0392331       	0.188982	0.351982	1       	0.129287
26 	406  	149      	192     	0.5     	0.862319	0.899625	0.0392331       	0.188982	0.351982	1       	0.129287
27 	403  	154      	192     	0.5     	0.862319	0.899625	0.0392331       	0.188982	0.351982	1       	0.129287
28 	415  	159      	192     	0.5     	0.862319	0.899625	0.0392331       	0.188982	0.351982	1       	0.129287
29 	397  	150      	192     	0.5     	0.862319	0.899625	0.0392331       	0.188982	0.351982	1       	0.129287
30 	396  	156      	192     	0.5     	0.862319	0.899625	0.0392331       	0.188982	0.351982	1       	0.129287
31 	408  	162      	192     	0.5     	0.862319	0.899625	0.0392331       	0.188982	0.351982	1       	0.129287
32 	393  	153      	192     	0.5     	0.862319	0.899625	0.0392331       	0.188982	0.351982	1       	0.129287
33 	410  	149      	192     	0.5     	0.862319	0.899625	0.0392331       	0.188982	0.351982	1       	0.129287
34 	409  	154      	192     	0.5     	0.862319	0.899625	0.0392331       	0.188982	0.351982	1       	0.129287
35 	410  	147      	192     	0.5     	0.862319	0.899625	0.0392331       	0.188982	0.351982	1       	0.129287
36 	407  	155      	192     	0.5     	0.862319	0.899625	0.0392331       	0.188982	0.351982	1       	0.129287
37 	405  	148      	192     	0.5     	0.862319	0.899625	0.0392331       	0.188982	0.351982	1       	0.129287
38 	405  	166      	192     	0.5     	0.862319	0.899625	0.0392331       	0.188982	0.351982	1       	0.129287
39 	394  	153      	192     	0.5     	0.862319	0.899625	0.0392331       	0.188982	0.351982	1       	0.129287
40 	401  	157      	192     	0.5     	0.862319	0.899625	0.0392331       	0.188982	0.351982	1       	0.129287
41 	404  	150      	192     	0.5     	0.862319	0.899625	0.0392331       	0.188982	0.351982	1       	0.129287
42 	415  	151      	192     	0.5     	0.862319	0.899625	0.0392331       	0.188982	0.351982	1       	0.129287
43 	404  	155      	192     	0.5     	0.862319	0.899625	0.0392331       	0.188982	0.351982	1       	0.129287
44 	415  	153      	192     	0.5     	0.862319	0.899625	0.0392331       	0.188982	0.351982	1       	0.129287
45 	396  	156      	192     	0.5     	0.86232 	0.899625	0.0392334       	0.188982	0.35197 	1       	0.129298
46 	394  	164      	192     	0.5     	0.86232 	0.899625	0.0392334       	0.188982	0.35197 	1       	0.129298
47 	405  	154      	192     	0.5     	0.862318	0.899625	0.0392327       	0.188982	0.351982	1       	0.129287
48 	414  	153      	192     	0.5     	0.862318	0.899625	0.0392327       	0.188982	0.351982	1       	0.129287
49 	399  	149      	192     	0.5     	0.862318	0.899625	0.0392327       	0.188982	0.351982	1       	0.129287

CURRENT HALLS OF FAME

PARETO FRONT
Number of solutions = 17
(0.899625220331313, 0.21821789023599236) 20 features: [0_age_at_initial_pathologic_diagnosis, 1_hsa.let.7g.5p, 1_hsa.miR.105.5p, 1_hsa.miR.10b.5p, 1_hsa.miR.1228.3p, 1_hsa.miR.1296.5p, 1_hsa.miR.148a.5p, 1_hsa.miR.154.5p, 1_hsa.miR.15b.5p, 1_hsa.miR.215.5p, 1_hsa.miR.222.5p, 1_hsa.miR.296.3p, 1_hsa.miR.3074.5p, 1_hsa.miR.331.3p, 1_hsa.miR.346, 1_hsa.miR.376c.3p, 1_hsa.miR.550a.3p, 1_hsa.miR.616.5p, 1_hsa.miR.618, 1_hsa.miR.513a.3p]
(0.8975203598878826, 0.22360679774997896) 19 features: [0_age_at_initial_pathologic_diagnosis, 1_hsa.let.7g.5p, 1_hsa.miR.105.5p, 1_hsa.miR.10b.5p, 1_hsa.miR.1228.3p, 1_hsa.miR.1296.5p, 1_hsa.miR.135a.3p, 1_hsa.miR.148a.3p, 1_hsa.miR.154.5p, 1_hsa.miR.15b.5p, 1_hsa.miR.182.5p, 1_hsa.miR.196a.5p, 1_hsa.miR.215.5p, 1_hsa.miR.3074.5p, 1_hsa.miR.342.5p, 1_hsa.miR.346, 1_hsa.miR.550a.3p, 1_hsa.miR.616.5p, 1_hsa.miR.7974]
(0.8970470513801159, 0.22941573387056177) 18 features: [0_age_at_initial_pathologic_diagnosis, 1_hsa.let.7g.5p, 1_hsa.miR.105.5p, 1_hsa.miR.10b.5p, 1_hsa.miR.1228.3p, 1_hsa.miR.1296.5p, 1_hsa.miR.135a.3p, 1_hsa.miR.148a.3p, 1_hsa.miR.154.5p, 1_hsa.miR.15b.5p, 1_hsa.miR.182.5p, 1_hsa.miR.215.5p, 1_hsa.miR.3074.5p, 1_hsa.miR.342.5p, 1_hsa.miR.346, 1_hsa.miR.550a.3p, 1_hsa.miR.616.5p, 1_hsa.miR.7974]
(0.8967433377951376, 0.2581988897471611) 14 features: [0_age_at_initial_pathologic_diagnosis, 1_hsa.let.7g.5p, 1_hsa.miR.10b.5p, 1_hsa.miR.1296.5p, 1_hsa.miR.142.5p, 1_hsa.miR.148a.5p, 1_hsa.miR.154.5p, 1_hsa.miR.15b.5p, 1_hsa.miR.222.5p, 1_hsa.miR.3074.5p, 1_hsa.miR.4724.5p, 1_hsa.miR.550a.3p, 1_hsa.miR.616.5p, 1_hsa.miR.513a.3p]
(0.89565301209732, 0.2773500981126146) 12 features: [0_age_at_initial_pathologic_diagnosis, 1_hsa.let.7g.5p, 1_hsa.miR.10b.5p, 1_hsa.miR.148a.5p, 1_hsa.miR.154.5p, 1_hsa.miR.15b.5p, 1_hsa.miR.3074.5p, 1_hsa.miR.346, 1_hsa.miR.382.3p, 1_hsa.miR.550a.3p, 1_hsa.miR.624.5p, 1_hsa.miR.513a.3p]
(0.8956321433157828, 0.28867513459481287) 11 features: [0_age_at_initial_pathologic_diagnosis, 1_hsa.let.7g.5p, 1_hsa.miR.10b.5p, 1_hsa.miR.148a.5p, 1_hsa.miR.15b.5p, 1_hsa.miR.3074.5p, 1_hsa.miR.346, 1_hsa.miR.382.3p, 1_hsa.miR.550a.3p, 1_hsa.miR.624.5p, 1_hsa.miR.513a.3p]
(0.890142320413981, 0.30151134457776363) 10 features: [0_age_at_initial_pathologic_diagnosis, 1_hsa.let.7g.5p, 1_hsa.miR.10b.5p, 1_hsa.miR.1296.5p, 1_hsa.miR.148a.5p, 1_hsa.miR.154.5p, 1_hsa.miR.15b.5p, 1_hsa.miR.3074.5p, 1_hsa.miR.550a.3p, 1_hsa.miR.628.3p]
(0.8863502917968694, 0.31622776601683794) 9 features: [0_age_at_initial_pathologic_diagnosis, 1_hsa.miR.10b.5p, 1_hsa.miR.1296.5p, 1_hsa.miR.148a.5p, 1_hsa.miR.154.5p, 1_hsa.miR.15b.5p, 1_hsa.miR.3074.5p, 1_hsa.miR.361.3p, 1_hsa.miR.550a.3p]
(0.8857527171768135, 0.3333333333333333) 8 features: [0_age_at_initial_pathologic_diagnosis, 1_hsa.miR.10b.5p, 1_hsa.miR.148a.5p, 1_hsa.miR.15b.5p, 1_hsa.miR.3074.5p, 1_hsa.miR.382.5p, 1_hsa.miR.550a.3p, 1_hsa.miR.513a.3p]
(0.8852631191287847, 0.3535533905932738) 7 features: [0_age_at_initial_pathologic_diagnosis, 1_hsa.miR.10b.5p, 1_hsa.miR.148a.5p, 1_hsa.miR.15b.5p, 1_hsa.miR.3074.5p, 1_hsa.miR.550a.3p, 1_hsa.miR.628.3p]
(0.8731889137497267, 0.3779644730092272) 6 features: [0_age_at_initial_pathologic_diagnosis, 1_hsa.miR.10b.5p, 1_hsa.miR.148a.5p, 1_hsa.miR.15b.5p, 1_hsa.miR.3074.5p, 1_hsa.miR.550a.3p]
(0.8678527896911533, 0.408248290463863) 5 features: [0_age_at_initial_pathologic_diagnosis, 1_hsa.miR.10b.5p, 1_hsa.miR.1296.5p, 1_hsa.miR.154.5p, 1_hsa.miR.15b.5p]
(0.8618110182463693, 0.4472135954999579) 4 features: [0_age_at_initial_pathologic_diagnosis, 1_hsa.miR.10b.5p, 1_hsa.miR.1228.3p, 1_hsa.miR.15b.5p]
(0.8465844932341059, 0.5) [0_age_at_initial_pathologic_diagnosis, 1_hsa.miR.10b.5p, 1_hsa.miR.15b.5p]
(0.8303419591676237, 0.5773502691896257) [0_age_at_initial_pathologic_diagnosis, 1_hsa.miR.15b.5p]
(0.7942380485877606, 0.7071067811865476) [1_hsa.miR.15b.5p]
(0.5, 1.0) []
Features in hall of fame by prevalence:
33 features: [1_hsa.miR.15b.5p, 0_age_at_initial_pathologic_diagnosis, 1_hsa.miR.10b.5p, 1_hsa.miR.3074.5p, 1_hsa.miR.550a.3p, 1_hsa.miR.148a.5p, 1_hsa.miR.154.5p, 1_hsa.let.7g.5p, 1_hsa.miR.1296.5p, 1_hsa.miR.346, 1_hsa.miR.513a.3p, 1_hsa.miR.1228.3p, 1_hsa.miR.616.5p, 1_hsa.miR.105.5p, 1_hsa.miR.215.5p, 1_hsa.miR.135a.3p, 1_hsa.miR.148a.3p, 1_hsa.miR.182.5p, 1_hsa.miR.222.5p, 1_hsa.miR.342.5p, 1_hsa.miR.382.3p, 1_hsa.miR.624.5p, 1_hsa.miR.628.3p, 1_hsa.miR.7974, 1_hsa.miR.142.5p, 1_hsa.miR.196a.5p, 1_hsa.miR.296.3p, 1_hsa.miR.331.3p, 1_hsa.miR.361.3p, 1_hsa.miR.376c.3p, 1_hsa.miR.382.5p, 1_hsa.miR.4724.5p, 1_hsa.miR.618]

LAST POPULATION
Number of solutions = 500
Features in hall of fame by prevalence:
154 features: [1_hsa.miR.15b.5p, 1_hsa.miR.10b.5p, 0_age_at_initial_pathologic_diagnosis, 1_hsa.miR.148a.5p, 1_hsa.miR.3074.5p, 1_hsa.miR.550a.3p, 1_hsa.miR.154.5p, 1_hsa.miR.1296.5p, 1_hsa.let.7g.5p, 1_hsa.miR.105.5p, 1_hsa.miR.222.5p, 1_hsa.miR.616.5p, 1_hsa.miR.142.5p, 1_hsa.miR.1228.3p, 1_hsa.miR.335.3p, 1_hsa.miR.618, 1_hsa.miR.346, 1_hsa.miR.520e, 1_hsa.miR.215.5p, 1_hsa.miR.513a.3p, 1_hsa.miR.624.5p, 1_hsa.miR.4724.5p, 1_hsa.miR.615.3p, 1_hsa.miR.135a.3p, 1_hsa.miR.372.3p, 1_hsa.miR.551b.3p, 1_hsa.miR.215.3p, 1_hsa.miR.130b.5p, 1_hsa.miR.151b, 1_hsa.miR.204.5p, 1_hsa.miR.34c.3p, 1_hsa.miR.369.3p, 1_hsa.miR.182.5p, 1_hsa.miR.103a.2.5p, 1_hsa.miR.148a.3p, 1_hsa.miR.342.5p, 1_hsa.miR.625.3p, 1_hsa.miR.296.3p, 1_hsa.miR.664a.3p, 1_hsa.miR.149.5p, 1_hsa.miR.196a.5p, 1_hsa.miR.542.5p, 1_hsa.miR.10b.3p, 1_hsa.miR.361.3p, 1_hsa.miR.376c.3p, 1_hsa.miR.3913.5p, 1_hsa.miR.1537.5p, 1_hsa.miR.424.5p, 1_hsa.miR.628.3p, 1_hsa.miR.671.3p, 1_hsa.miR.216b.5p, 1_hsa.miR.34b.5p, 1_hsa.miR.653.5p, 1_hsa.miR.937.3p, 1_hsa.miR.181b.3p, 1_hsa.miR.151a.3p, 1_hsa.miR.3614.5p, 1_hsa.miR.99b.3p, 1_hsa.miR.106b.5p, 1_hsa.miR.409.3p, 1_hsa.miR.6503.5p, 1_hsa.miR.651.5p, 1_hsa.miR.769.3p, 1_hsa.miR.7974, 1_hsa.let.7e.5p, 1_hsa.miR.1287.5p, 1_hsa.miR.146b.3p, 1_hsa.miR.15b.3p, 1_hsa.miR.29b.1.5p, 1_hsa.miR.495.5p, 1_hsa.miR.654.3p, 1_hsa.miR.302b.3p, 1_hsa.miR.5584.5p, 1_hsa.miR.143.5p, 1_hsa.miR.181b.5p, 1_hsa.miR.23b.5p, 1_hsa.miR.24.2.5p, 1_hsa.miR.32.5p, 1_hsa.miR.450b.5p, 1_hsa.miR.493.5p, 1_hsa.miR.9.5p, 1_hsa.let.7d.5p, 1_hsa.let.7f.5p, 1_hsa.miR.127.3p, 1_hsa.miR.144.5p, 1_hsa.miR.146b.5p, 1_hsa.miR.155.3p, 1_hsa.miR.155.5p, 1_hsa.miR.16.2.3p, 1_hsa.miR.190a.5p, 1_hsa.miR.196b.5p, 1_hsa.miR.21.3p, 1_hsa.miR.23a.5p, 1_hsa.miR.28.5p, 1_hsa.miR.30a.3p, 1_hsa.miR.3131, 1_hsa.miR.331.3p, 1_hsa.miR.362.3p, 1_hsa.miR.3677.3p, 1_hsa.miR.370.3p, ...]

BEST SUMS WITH SIZE 50
Number of solutions = 50
Features in hall of fame by prevalence:
36 features: [1_hsa.miR.15b.5p, 1_hsa.miR.335.3p, 0_age_at_initial_pathologic_diagnosis, 1_hsa.miR.10b.5p, 1_hsa.miR.196a.5p, 1_hsa.miR.10b.3p, 1_hsa.miR.1228.3p, 1_hsa.miR.148a.5p, 1_hsa.miR.155.5p, 1_hsa.miR.15b.3p, 1_hsa.miR.222.5p, 1_hsa.miR.615.3p, 1_hsa.let.7e.5p, 1_hsa.miR.10a.5p, 1_hsa.miR.125a.3p, 1_hsa.miR.1266.5p, 1_hsa.miR.135b.5p, 1_hsa.miR.146b.3p, 1_hsa.miR.146b.5p, 1_hsa.miR.148a.3p, 1_hsa.miR.16.2.3p, 1_hsa.miR.16.5p, 1_hsa.miR.188.5p, 1_hsa.miR.1976, 1_hsa.miR.21.3p, 1_hsa.miR.221.3p, 1_hsa.miR.23b.5p, 1_hsa.miR.335.5p, 1_hsa.miR.3677.3p, 1_hsa.miR.6509.5p, 1_hsa.miR.651.5p, 1_hsa.miR.664a.3p, 1_hsa.miR.6806.3p, 1_hsa.miR.6892.5p, 1_hsa.miR.9.5p, 1_hsa.miR.99b.3p]

BEST SUMS WITH SIZE 100
Number of solutions = 100
Features in hall of fame by prevalence:
56 features: [1_hsa.miR.15b.5p, 0_age_at_initial_pathologic_diagnosis, 1_hsa.miR.335.3p, 1_hsa.miR.10b.5p, 1_hsa.miR.10b.3p, 1_hsa.miR.148a.5p, 1_hsa.miR.196a.5p, 1_hsa.miR.1228.3p, 1_hsa.miR.135b.5p, 1_hsa.miR.146b.3p, 1_hsa.miR.222.5p, 1_hsa.miR.615.3p, 1_hsa.let.7e.5p, 1_hsa.miR.1266.5p, 1_hsa.miR.146b.5p, 1_hsa.miR.155.5p, 1_hsa.miR.15b.3p, 1_hsa.miR.16.2.3p, 1_hsa.miR.16.5p, 1_hsa.miR.188.5p, 1_hsa.miR.21.3p, 1_hsa.miR.23b.5p, 1_hsa.miR.335.5p, 1_hsa.miR.3677.3p, 1_hsa.miR.651.5p, 1_hsa.miR.664a.3p, 1_hsa.miR.6806.3p, 1_hsa.miR.6892.5p, 1_hsa.miR.9.5p, 1_hsa.miR.99b.3p, 1_hsa.miR.10a.5p, 1_hsa.miR.125a.3p, 1_hsa.miR.148a.3p, 1_hsa.miR.187.3p, 1_hsa.miR.191.5p, 1_hsa.miR.196b.3p, 1_hsa.miR.196b.5p, 1_hsa.miR.1976, 1_hsa.miR.199a.3p, 1_hsa.miR.199b.3p, 1_hsa.miR.199b.5p, 1_hsa.miR.200c.3p, 1_hsa.miR.216b.5p, 1_hsa.miR.217, 1_hsa.miR.221.3p, 1_hsa.miR.222.3p, 1_hsa.miR.3074.5p, 1_hsa.miR.346, 1_hsa.miR.3913.5p, 1_hsa.miR.3917, 1_hsa.miR.450b.5p, 1_hsa.miR.4724.5p, 1_hsa.miR.551b.3p, 1_hsa.miR.6509.5p, 1_hsa.miR.887.5p, 1_hsa.miR.99b.5p]
Sweeping genetic algorithm multi-view multi-objective optimizer with resampling (MO-3-folds creator, pop 500, uniform(0, 50), gen [50,50,50], sort NSGA3CICR, crossover 0.33, mutation 1.0 symmetric flip) with (multi-view lasso FI, multi-view Cox FI) final optimization execution time = 00-06:05:11

FEATURE SETS SELECTED ON WHOLE DATASET

PARETO FRONT
Number of solutions = 17
(0.899625220331313, 0.21821789023599236) 20 features: [0_age_at_initial_pathologic_diagnosis, 1_hsa.let.7g.5p, 1_hsa.miR.105.5p, 1_hsa.miR.10b.5p, 1_hsa.miR.1228.3p, 1_hsa.miR.1296.5p, 1_hsa.miR.148a.5p, 1_hsa.miR.154.5p, 1_hsa.miR.15b.5p, 1_hsa.miR.215.5p, 1_hsa.miR.222.5p, 1_hsa.miR.296.3p, 1_hsa.miR.3074.5p, 1_hsa.miR.331.3p, 1_hsa.miR.346, 1_hsa.miR.376c.3p, 1_hsa.miR.550a.3p, 1_hsa.miR.616.5p, 1_hsa.miR.618, 1_hsa.miR.513a.3p]
(0.8975203598878826, 0.22360679774997896) 19 features: [0_age_at_initial_pathologic_diagnosis, 1_hsa.let.7g.5p, 1_hsa.miR.105.5p, 1_hsa.miR.10b.5p, 1_hsa.miR.1228.3p, 1_hsa.miR.1296.5p, 1_hsa.miR.135a.3p, 1_hsa.miR.148a.3p, 1_hsa.miR.154.5p, 1_hsa.miR.15b.5p, 1_hsa.miR.182.5p, 1_hsa.miR.196a.5p, 1_hsa.miR.215.5p, 1_hsa.miR.3074.5p, 1_hsa.miR.342.5p, 1_hsa.miR.346, 1_hsa.miR.550a.3p, 1_hsa.miR.616.5p, 1_hsa.miR.7974]
(0.8970470513801159, 0.22941573387056177) 18 features: [0_age_at_initial_pathologic_diagnosis, 1_hsa.let.7g.5p, 1_hsa.miR.105.5p, 1_hsa.miR.10b.5p, 1_hsa.miR.1228.3p, 1_hsa.miR.1296.5p, 1_hsa.miR.135a.3p, 1_hsa.miR.148a.3p, 1_hsa.miR.154.5p, 1_hsa.miR.15b.5p, 1_hsa.miR.182.5p, 1_hsa.miR.215.5p, 1_hsa.miR.3074.5p, 1_hsa.miR.342.5p, 1_hsa.miR.346, 1_hsa.miR.550a.3p, 1_hsa.miR.616.5p, 1_hsa.miR.7974]
(0.8967433377951376, 0.2581988897471611) 14 features: [0_age_at_initial_pathologic_diagnosis, 1_hsa.let.7g.5p, 1_hsa.miR.10b.5p, 1_hsa.miR.1296.5p, 1_hsa.miR.142.5p, 1_hsa.miR.148a.5p, 1_hsa.miR.154.5p, 1_hsa.miR.15b.5p, 1_hsa.miR.222.5p, 1_hsa.miR.3074.5p, 1_hsa.miR.4724.5p, 1_hsa.miR.550a.3p, 1_hsa.miR.616.5p, 1_hsa.miR.513a.3p]
(0.89565301209732, 0.2773500981126146) 12 features: [0_age_at_initial_pathologic_diagnosis, 1_hsa.let.7g.5p, 1_hsa.miR.10b.5p, 1_hsa.miR.148a.5p, 1_hsa.miR.154.5p, 1_hsa.miR.15b.5p, 1_hsa.miR.3074.5p, 1_hsa.miR.346, 1_hsa.miR.382.3p, 1_hsa.miR.550a.3p, 1_hsa.miR.624.5p, 1_hsa.miR.513a.3p]
(0.8956321433157828, 0.28867513459481287) 11 features: [0_age_at_initial_pathologic_diagnosis, 1_hsa.let.7g.5p, 1_hsa.miR.10b.5p, 1_hsa.miR.148a.5p, 1_hsa.miR.15b.5p, 1_hsa.miR.3074.5p, 1_hsa.miR.346, 1_hsa.miR.382.3p, 1_hsa.miR.550a.3p, 1_hsa.miR.624.5p, 1_hsa.miR.513a.3p]
(0.890142320413981, 0.30151134457776363) 10 features: [0_age_at_initial_pathologic_diagnosis, 1_hsa.let.7g.5p, 1_hsa.miR.10b.5p, 1_hsa.miR.1296.5p, 1_hsa.miR.148a.5p, 1_hsa.miR.154.5p, 1_hsa.miR.15b.5p, 1_hsa.miR.3074.5p, 1_hsa.miR.550a.3p, 1_hsa.miR.628.3p]
(0.8863502917968694, 0.31622776601683794) 9 features: [0_age_at_initial_pathologic_diagnosis, 1_hsa.miR.10b.5p, 1_hsa.miR.1296.5p, 1_hsa.miR.148a.5p, 1_hsa.miR.154.5p, 1_hsa.miR.15b.5p, 1_hsa.miR.3074.5p, 1_hsa.miR.361.3p, 1_hsa.miR.550a.3p]
(0.8857527171768135, 0.3333333333333333) 8 features: [0_age_at_initial_pathologic_diagnosis, 1_hsa.miR.10b.5p, 1_hsa.miR.148a.5p, 1_hsa.miR.15b.5p, 1_hsa.miR.3074.5p, 1_hsa.miR.382.5p, 1_hsa.miR.550a.3p, 1_hsa.miR.513a.3p]
(0.8852631191287847, 0.3535533905932738) 7 features: [0_age_at_initial_pathologic_diagnosis, 1_hsa.miR.10b.5p, 1_hsa.miR.148a.5p, 1_hsa.miR.15b.5p, 1_hsa.miR.3074.5p, 1_hsa.miR.550a.3p, 1_hsa.miR.628.3p]
(0.8731889137497267, 0.3779644730092272) 6 features: [0_age_at_initial_pathologic_diagnosis, 1_hsa.miR.10b.5p, 1_hsa.miR.148a.5p, 1_hsa.miR.15b.5p, 1_hsa.miR.3074.5p, 1_hsa.miR.550a.3p]
(0.8678527896911533, 0.408248290463863) 5 features: [0_age_at_initial_pathologic_diagnosis, 1_hsa.miR.10b.5p, 1_hsa.miR.1296.5p, 1_hsa.miR.154.5p, 1_hsa.miR.15b.5p]
(0.8618110182463693, 0.4472135954999579) 4 features: [0_age_at_initial_pathologic_diagnosis, 1_hsa.miR.10b.5p, 1_hsa.miR.1228.3p, 1_hsa.miR.15b.5p]
(0.8465844932341059, 0.5) [0_age_at_initial_pathologic_diagnosis, 1_hsa.miR.10b.5p, 1_hsa.miR.15b.5p]
(0.8303419591676237, 0.5773502691896257) [0_age_at_initial_pathologic_diagnosis, 1_hsa.miR.15b.5p]
(0.7942380485877606, 0.7071067811865476) [1_hsa.miR.15b.5p]
(0.5, 1.0) []
Features in hall of fame by prevalence:
33 features: [1_hsa.miR.15b.5p, 0_age_at_initial_pathologic_diagnosis, 1_hsa.miR.10b.5p, 1_hsa.miR.3074.5p, 1_hsa.miR.550a.3p, 1_hsa.miR.148a.5p, 1_hsa.miR.154.5p, 1_hsa.let.7g.5p, 1_hsa.miR.1296.5p, 1_hsa.miR.346, 1_hsa.miR.513a.3p, 1_hsa.miR.1228.3p, 1_hsa.miR.616.5p, 1_hsa.miR.105.5p, 1_hsa.miR.215.5p, 1_hsa.miR.135a.3p, 1_hsa.miR.148a.3p, 1_hsa.miR.182.5p, 1_hsa.miR.222.5p, 1_hsa.miR.342.5p, 1_hsa.miR.382.3p, 1_hsa.miR.624.5p, 1_hsa.miR.628.3p, 1_hsa.miR.7974, 1_hsa.miR.142.5p, 1_hsa.miR.196a.5p, 1_hsa.miR.296.3p, 1_hsa.miR.331.3p, 1_hsa.miR.361.3p, 1_hsa.miR.376c.3p, 1_hsa.miR.382.5p, 1_hsa.miR.4724.5p, 1_hsa.miR.618]

LAST POPULATION
Number of solutions = 500
Features in hall of fame by prevalence:
154 features: [1_hsa.miR.15b.5p, 1_hsa.miR.10b.5p, 0_age_at_initial_pathologic_diagnosis, 1_hsa.miR.148a.5p, 1_hsa.miR.3074.5p, 1_hsa.miR.550a.3p, 1_hsa.miR.154.5p, 1_hsa.miR.1296.5p, 1_hsa.let.7g.5p, 1_hsa.miR.105.5p, 1_hsa.miR.222.5p, 1_hsa.miR.616.5p, 1_hsa.miR.142.5p, 1_hsa.miR.1228.3p, 1_hsa.miR.335.3p, 1_hsa.miR.618, 1_hsa.miR.346, 1_hsa.miR.520e, 1_hsa.miR.215.5p, 1_hsa.miR.513a.3p, 1_hsa.miR.624.5p, 1_hsa.miR.4724.5p, 1_hsa.miR.615.3p, 1_hsa.miR.135a.3p, 1_hsa.miR.372.3p, 1_hsa.miR.551b.3p, 1_hsa.miR.215.3p, 1_hsa.miR.130b.5p, 1_hsa.miR.151b, 1_hsa.miR.204.5p, 1_hsa.miR.34c.3p, 1_hsa.miR.369.3p, 1_hsa.miR.182.5p, 1_hsa.miR.103a.2.5p, 1_hsa.miR.148a.3p, 1_hsa.miR.342.5p, 1_hsa.miR.625.3p, 1_hsa.miR.296.3p, 1_hsa.miR.664a.3p, 1_hsa.miR.149.5p, 1_hsa.miR.196a.5p, 1_hsa.miR.542.5p, 1_hsa.miR.10b.3p, 1_hsa.miR.361.3p, 1_hsa.miR.376c.3p, 1_hsa.miR.3913.5p, 1_hsa.miR.1537.5p, 1_hsa.miR.424.5p, 1_hsa.miR.628.3p, 1_hsa.miR.671.3p, 1_hsa.miR.216b.5p, 1_hsa.miR.34b.5p, 1_hsa.miR.653.5p, 1_hsa.miR.937.3p, 1_hsa.miR.181b.3p, 1_hsa.miR.151a.3p, 1_hsa.miR.3614.5p, 1_hsa.miR.99b.3p, 1_hsa.miR.106b.5p, 1_hsa.miR.409.3p, 1_hsa.miR.6503.5p, 1_hsa.miR.651.5p, 1_hsa.miR.769.3p, 1_hsa.miR.7974, 1_hsa.let.7e.5p, 1_hsa.miR.1287.5p, 1_hsa.miR.146b.3p, 1_hsa.miR.15b.3p, 1_hsa.miR.29b.1.5p, 1_hsa.miR.495.5p, 1_hsa.miR.654.3p, 1_hsa.miR.302b.3p, 1_hsa.miR.5584.5p, 1_hsa.miR.143.5p, 1_hsa.miR.181b.5p, 1_hsa.miR.23b.5p, 1_hsa.miR.24.2.5p, 1_hsa.miR.32.5p, 1_hsa.miR.450b.5p, 1_hsa.miR.493.5p, 1_hsa.miR.9.5p, 1_hsa.let.7d.5p, 1_hsa.let.7f.5p, 1_hsa.miR.127.3p, 1_hsa.miR.144.5p, 1_hsa.miR.146b.5p, 1_hsa.miR.155.3p, 1_hsa.miR.155.5p, 1_hsa.miR.16.2.3p, 1_hsa.miR.190a.5p, 1_hsa.miR.196b.5p, 1_hsa.miR.21.3p, 1_hsa.miR.23a.5p, 1_hsa.miR.28.5p, 1_hsa.miR.30a.3p, 1_hsa.miR.3131, 1_hsa.miR.331.3p, 1_hsa.miR.362.3p, 1_hsa.miR.3677.3p, 1_hsa.miR.370.3p, ...]

BEST SUMS WITH SIZE 50
Number of solutions = 50
Features in hall of fame by prevalence:
36 features: [1_hsa.miR.15b.5p, 1_hsa.miR.335.3p, 0_age_at_initial_pathologic_diagnosis, 1_hsa.miR.10b.5p, 1_hsa.miR.196a.5p, 1_hsa.miR.10b.3p, 1_hsa.miR.1228.3p, 1_hsa.miR.148a.5p, 1_hsa.miR.155.5p, 1_hsa.miR.15b.3p, 1_hsa.miR.222.5p, 1_hsa.miR.615.3p, 1_hsa.let.7e.5p, 1_hsa.miR.10a.5p, 1_hsa.miR.125a.3p, 1_hsa.miR.1266.5p, 1_hsa.miR.135b.5p, 1_hsa.miR.146b.3p, 1_hsa.miR.146b.5p, 1_hsa.miR.148a.3p, 1_hsa.miR.16.2.3p, 1_hsa.miR.16.5p, 1_hsa.miR.188.5p, 1_hsa.miR.1976, 1_hsa.miR.21.3p, 1_hsa.miR.221.3p, 1_hsa.miR.23b.5p, 1_hsa.miR.335.5p, 1_hsa.miR.3677.3p, 1_hsa.miR.6509.5p, 1_hsa.miR.651.5p, 1_hsa.miR.664a.3p, 1_hsa.miR.6806.3p, 1_hsa.miR.6892.5p, 1_hsa.miR.9.5p, 1_hsa.miR.99b.3p]

BEST SUMS WITH SIZE 100
Number of solutions = 100
Features in hall of fame by prevalence:
56 features: [1_hsa.miR.15b.5p, 0_age_at_initial_pathologic_diagnosis, 1_hsa.miR.335.3p, 1_hsa.miR.10b.5p, 1_hsa.miR.10b.3p, 1_hsa.miR.148a.5p, 1_hsa.miR.196a.5p, 1_hsa.miR.1228.3p, 1_hsa.miR.135b.5p, 1_hsa.miR.146b.3p, 1_hsa.miR.222.5p, 1_hsa.miR.615.3p, 1_hsa.let.7e.5p, 1_hsa.miR.1266.5p, 1_hsa.miR.146b.5p, 1_hsa.miR.155.5p, 1_hsa.miR.15b.3p, 1_hsa.miR.16.2.3p, 1_hsa.miR.16.5p, 1_hsa.miR.188.5p, 1_hsa.miR.21.3p, 1_hsa.miR.23b.5p, 1_hsa.miR.335.5p, 1_hsa.miR.3677.3p, 1_hsa.miR.651.5p, 1_hsa.miR.664a.3p, 1_hsa.miR.6806.3p, 1_hsa.miR.6892.5p, 1_hsa.miR.9.5p, 1_hsa.miR.99b.3p, 1_hsa.miR.10a.5p, 1_hsa.miR.125a.3p, 1_hsa.miR.148a.3p, 1_hsa.miR.187.3p, 1_hsa.miR.191.5p, 1_hsa.miR.196b.3p, 1_hsa.miR.196b.5p, 1_hsa.miR.1976, 1_hsa.miR.199a.3p, 1_hsa.miR.199b.3p, 1_hsa.miR.199b.5p, 1_hsa.miR.200c.3p, 1_hsa.miR.216b.5p, 1_hsa.miR.217, 1_hsa.miR.221.3p, 1_hsa.miR.222.3p, 1_hsa.miR.3074.5p, 1_hsa.miR.346, 1_hsa.miR.3913.5p, 1_hsa.miR.3917, 1_hsa.miR.450b.5p, 1_hsa.miR.4724.5p, 1_hsa.miR.551b.3p, 1_hsa.miR.6509.5p, 1_hsa.miR.887.5p, 1_hsa.miR.99b.5p]

SAVING FEATURES AND FITNESSES FOR EACH SELECTED INDIVIDUAL TO FILES.
