
OPTIMIZING ON FOLD NUMBER 4
Number of workers = 96

COMPUTING LOCAL ACTIVE FEATURES
Computing active features for view clinic
Existing features: 8
Applying union strategy for feature selection using composite feature selector with
categorical: feature selector any na and anova
survival: feature selector Cox

Computing active features for outcome survival
Features selected for this outcome: 1
Features active in total: 1
Computing active features for view log_mirna
Existing features: 740
Applying union strategy for feature selection using composite feature selector with
categorical: feature selector any na and anova
survival: feature selector Cox

Computing active features for outcome survival
Features selected for this outcome: 354
Features active in total: 354
Computing feature importance
Running optimizer

STARTING 2-STEPS GENETIC ALGORITHM

CREATING INNER FOLDS

ASSIGNING STRATA FOR MULTI-OUTCOME DATA LGG_MV
Assigning strata for outcome named survival of type survival
Counts:
censored 0: 160
censored 1: 93
deceased 0: 39
deceased 1: 37

STARTING SWEEP NUMBER 1
folds_creator_seed = 4107908117

ASSIGNING STRATA FOR MULTI-OUTCOME DATA LGG_MV
Assigning strata for outcome named survival of type survival
Counts:
censored 0: 160
censored 1: 93
deceased 0: 39
deceased 1: 37
ga_runner_seed = 3091794638
VIEW: CLINIC
   	     	         	        	  survival SKSurv Cox model concordance index   	                 root leanness                  
   	     	         	        	------------------------------------------------	------------------------------------------------
gen	evals	gen_feats	explored	min	avg     	max     	std                  	min     	avg     	max	std     
0  	500  	1        	1       	0.5	0.635204	0.767202	0.133591             	0.707107	0.851796	1  	0.146436
1  	253  	1        	1       	0.5	0.633601	0.767202	0.133601             	0.707107	0.853553	1  	0.146447
2  	254  	1        	1       	0.5	0.633601	0.767202	0.133601             	0.707107	0.853553	1  	0.146447
3  	234  	1        	1       	0.5	0.633601	0.767202	0.133601             	0.707107	0.853553	1  	0.146447
4  	251  	1        	1       	0.5	0.633601	0.767202	0.133601             	0.707107	0.853553	1  	0.146447
5  	257  	1        	1       	0.5	0.633601	0.767202	0.133601             	0.707107	0.853553	1  	0.146447
6  	243  	1        	1       	0.5	0.633601	0.767202	0.133601             	0.707107	0.853553	1  	0.146447
7  	253  	1        	1       	0.5	0.633601	0.767202	0.133601             	0.707107	0.853553	1  	0.146447
8  	249  	1        	1       	0.5	0.633601	0.767202	0.133601             	0.707107	0.853553	1  	0.146447
9  	249  	1        	1       	0.5	0.633601	0.767202	0.133601             	0.707107	0.853553	1  	0.146447
10 	259  	1        	1       	0.5	0.633601	0.767202	0.133601             	0.707107	0.853553	1  	0.146447
11 	258  	1        	1       	0.5	0.633601	0.767202	0.133601             	0.707107	0.853553	1  	0.146447
12 	253  	1        	1       	0.5	0.633601	0.767202	0.133601             	0.707107	0.853553	1  	0.146447
13 	255  	1        	1       	0.5	0.633601	0.767202	0.133601             	0.707107	0.853553	1  	0.146447
14 	244  	1        	1       	0.5	0.633601	0.767202	0.133601             	0.707107	0.853553	1  	0.146447
15 	248  	1        	1       	0.5	0.633601	0.767202	0.133601             	0.707107	0.853553	1  	0.146447
16 	259  	1        	1       	0.5	0.633601	0.767202	0.133601             	0.707107	0.853553	1  	0.146447
17 	245  	1        	1       	0.5	0.633601	0.767202	0.133601             	0.707107	0.853553	1  	0.146447
18 	247  	1        	1       	0.5	0.633601	0.767202	0.133601             	0.707107	0.853553	1  	0.146447
19 	230  	1        	1       	0.5	0.633601	0.767202	0.133601             	0.707107	0.853553	1  	0.146447
20 	230  	1        	1       	0.5	0.633601	0.767202	0.133601             	0.707107	0.853553	1  	0.146447
21 	241  	1        	1       	0.5	0.633601	0.767202	0.133601             	0.707107	0.853553	1  	0.146447
22 	247  	1        	1       	0.5	0.633601	0.767202	0.133601             	0.707107	0.853553	1  	0.146447
23 	255  	1        	1       	0.5	0.633601	0.767202	0.133601             	0.707107	0.853553	1  	0.146447
24 	241  	1        	1       	0.5	0.633601	0.767202	0.133601             	0.707107	0.853553	1  	0.146447
25 	232  	1        	1       	0.5	0.633601	0.767202	0.133601             	0.707107	0.853553	1  	0.146447
26 	249  	1        	1       	0.5	0.633601	0.767202	0.133601             	0.707107	0.853553	1  	0.146447
27 	213  	1        	1       	0.5	0.633601	0.767202	0.133601             	0.707107	0.853553	1  	0.146447
28 	258  	1        	1       	0.5	0.633601	0.767202	0.133601             	0.707107	0.853553	1  	0.146447
29 	253  	1        	1       	0.5	0.633601	0.767202	0.133601             	0.707107	0.853553	1  	0.146447
30 	238  	1        	1       	0.5	0.633601	0.767202	0.133601             	0.707107	0.853553	1  	0.146447
31 	250  	1        	1       	0.5	0.633601	0.767202	0.133601             	0.707107	0.853553	1  	0.146447
32 	242  	1        	1       	0.5	0.633601	0.767202	0.133601             	0.707107	0.853553	1  	0.146447
33 	246  	1        	1       	0.5	0.633601	0.767202	0.133601             	0.707107	0.853553	1  	0.146447
34 	256  	1        	1       	0.5	0.633601	0.767202	0.133601             	0.707107	0.853553	1  	0.146447
35 	264  	1        	1       	0.5	0.633601	0.767202	0.133601             	0.707107	0.853553	1  	0.146447
36 	245  	1        	1       	0.5	0.633601	0.767202	0.133601             	0.707107	0.853553	1  	0.146447
37 	258  	1        	1       	0.5	0.633601	0.767202	0.133601             	0.707107	0.853553	1  	0.146447
38 	251  	1        	1       	0.5	0.633601	0.767202	0.133601             	0.707107	0.853553	1  	0.146447
39 	244  	1        	1       	0.5	0.633601	0.767202	0.133601             	0.707107	0.853553	1  	0.146447
40 	235  	1        	1       	0.5	0.633601	0.767202	0.133601             	0.707107	0.853553	1  	0.146447
41 	253  	1        	1       	0.5	0.633601	0.767202	0.133601             	0.707107	0.853553	1  	0.146447
42 	259  	1        	1       	0.5	0.633601	0.767202	0.133601             	0.707107	0.853553	1  	0.146447
43 	232  	1        	1       	0.5	0.633601	0.767202	0.133601             	0.707107	0.853553	1  	0.146447
44 	249  	1        	1       	0.5	0.633601	0.767202	0.133601             	0.707107	0.853553	1  	0.146447
45 	246  	1        	1       	0.5	0.633601	0.767202	0.133601             	0.707107	0.853553	1  	0.146447
46 	228  	1        	1       	0.5	0.633601	0.767202	0.133601             	0.707107	0.853553	1  	0.146447
47 	252  	1        	1       	0.5	0.633601	0.767202	0.133601             	0.707107	0.853553	1  	0.146447
48 	244  	1        	1       	0.5	0.633601	0.767202	0.133601             	0.707107	0.853553	1  	0.146447
49 	257  	1        	1       	0.5	0.633601	0.767202	0.133601             	0.707107	0.853553	1  	0.146447

ASSIGNING STRATA FOR MULTI-OUTCOME DATA LGG_MV
Assigning strata for outcome named survival of type survival
Counts:
censored 0: 160
censored 1: 93
deceased 0: 39
deceased 1: 37
VIEW: LOG_MIRNA
   	     	         	        	       survival SKSurv Cox model concordance index       	                 root leanness                  
   	     	         	        	---------------------------------------------------------	------------------------------------------------
gen	evals	gen_feats	explored	min     	avg     	max     	std             	min     	avg     	max	std     
0  	500  	24       	24      	0.5     	0.699459	0.844355	0.0603526       	0.2     	0.276888	1  	0.156586
1  	355  	183      	183     	0.481234	0.716197	0.845347	0.0673437       	0.19245 	0.293987	1  	0.109849
2  	365  	235      	272     	0.5     	0.746302	0.845946	0.0639821       	0.196116	0.337834	1  	0.112935
3  	373  	238      	308     	0.477391	0.772747	0.845946	0.0573451       	0.204124	0.377411	1  	0.110352
4  	377  	252      	334     	0.477391	0.787082	0.846961	0.0541716       	0.235702	0.401441	1  	0.115026
5  	377  	253      	345     	0.477391	0.795347	0.851945	0.0513658       	0.235702	0.407287	1  	0.121821
6  	381  	248      	352     	0.477391	0.801004	0.853721	0.051816        	0.235702	0.408772	1  	0.123513
7  	360  	243      	353     	0.477391	0.803264	0.854114	0.0562026       	0.235702	0.409356	1  	0.128775
8  	378  	257      	354     	0.5     	0.805854	0.854894	0.0541262       	0.25    	0.413874	1  	0.129547
9  	383  	244      	354     	0.5     	0.809589	0.855716	0.0518383       	0.242536	0.414047	1  	0.129371
10 	377  	258      	354     	0.5     	0.811855	0.855716	0.0514557       	0.25    	0.41366 	1  	0.129662
11 	402  	258      	354     	0.5     	0.814551	0.855716	0.0500806       	0.242536	0.41109 	1  	0.129804
12 	365  	262      	354     	0.5     	0.817695	0.8666  	0.0476878       	0.235702	0.407213	1  	0.130522
13 	363  	261      	354     	0.5     	0.821118	0.8666  	0.044915        	0.229416	0.400872	1  	0.130739
14 	397  	252      	354     	0.5     	0.822418	0.8666  	0.0444912       	0.229416	0.401525	1  	0.130477
15 	359  	246      	354     	0.5     	0.822615	0.8666  	0.0452998       	0.229416	0.40337 	1  	0.131518
16 	346  	247      	354     	0.5     	0.824345	0.8666  	0.0437802       	0.229416	0.400312	1  	0.131478
17 	386  	254      	354     	0.5     	0.825821	0.8666  	0.043517        	0.223607	0.396862	1  	0.132856
18 	371  	264      	354     	0.5     	0.8279  	0.8666  	0.0421047       	0.223607	0.392579	1  	0.132468
19 	385  	252      	354     	0.5     	0.829225	0.8666  	0.0416804       	0.223607	0.38991 	1  	0.132195
20 	388  	256      	354     	0.5     	0.831566	0.8666  	0.040729        	0.223607	0.382918	1  	0.132086
21 	367  	260      	354     	0.5     	0.832307	0.8666  	0.0409745       	0.218218	0.382568	1  	0.132533
22 	359  	265      	354     	0.5     	0.832509	0.8666  	0.0414768       	0.218218	0.384636	1  	0.13273 
23 	373  	258      	354     	0.5     	0.833761	0.8666  	0.0406249       	0.218218	0.382893	1  	0.131831
24 	364  	253      	354     	0.5     	0.834336	0.8666  	0.0403385       	0.213201	0.382863	1  	0.131859
25 	392  	250      	354     	0.5     	0.834857	0.8666  	0.0405048       	0.213201	0.382503	1  	0.132111
26 	378  	264      	354     	0.5     	0.836088	0.8666  	0.0399705       	0.218218	0.37968 	1  	0.131651
27 	397  	263      	354     	0.5     	0.836734	0.866881	0.0396142       	0.213201	0.37951 	1  	0.131899
28 	388  	266      	354     	0.5     	0.83733 	0.866881	0.0397873       	0.213201	0.378251	1  	0.132931
29 	362  	260      	354     	0.5     	0.839003	0.866881	0.0385954       	0.213201	0.371649	1  	0.132208
30 	380  	262      	354     	0.5     	0.839446	0.869948	0.0387812       	0.208514	0.371439	1  	0.132399
31 	369  	268      	354     	0.5     	0.839774	0.869948	0.0389394       	0.208514	0.371116	1  	0.132677
32 	355  	275      	354     	0.5     	0.840908	0.869948	0.0383486       	0.208514	0.367421	1  	0.132336
33 	381  	270      	354     	0.5     	0.841177	0.869948	0.0384599       	0.208514	0.367451	1  	0.132181
34 	384  	258      	354     	0.5     	0.841427	0.869948	0.0386555       	0.213201	0.368348	1  	0.132189
35 	359  	263      	354     	0.5     	0.841936	0.869948	0.038672        	0.213201	0.367505	1  	0.13214 
36 	370  	260      	354     	0.5     	0.841655	0.873741	0.0394451       	0.213201	0.370282	1  	0.132901
37 	398  	274      	354     	0.5     	0.84193 	0.873741	0.0394877       	0.213201	0.371282	1  	0.132424
38 	393  	264      	354     	0.5     	0.842513	0.873741	0.039612        	0.213201	0.370142	1  	0.132992
39 	389  	272      	354     	0.5     	0.842733	0.873741	0.0397096       	0.213201	0.370974	1  	0.132516
40 	377  	259      	354     	0.5     	0.843871	0.873893	0.0391653       	0.213201	0.367393	1  	0.132152
41 	397  	274      	354     	0.5     	0.844146	0.873893	0.0392653       	0.213201	0.367663	1  	0.131972
42 	356  	243      	354     	0.5     	0.843623	0.873893	0.0397892       	0.213201	0.370841	1  	0.132651
43 	401  	262      	354     	0.5     	0.843864	0.877839	0.0398807       	0.218218	0.371084	1  	0.132417
44 	381  	261      	354     	0.5     	0.844142	0.877839	0.0399918       	0.218218	0.370537	1  	0.132877
45 	369  	263      	354     	0.5     	0.844428	0.877839	0.0401245       	0.218218	0.370287	1  	0.133082
46 	390  	239      	354     	0.5     	0.844859	0.877839	0.0402305       	0.218218	0.369726	1  	0.133096
47 	367  	257      	354     	0.5     	0.845224	0.877839	0.0402836       	0.218218	0.368779	1  	0.13305 
48 	387  	257      	354     	0.5     	0.846032	0.879212	0.0398475       	0.218218	0.366835	1  	0.132651
49 	377  	259      	354     	0.5     	0.84626 	0.879212	0.0399438       	0.218218	0.366715	1  	0.132736

STARTING MASTER RUNNER RESAMPLING
Generations completed = 10
Generations completed = 24
Generations completed = 38
MASTER
   	     	         	        	       survival SKSurv Cox model concordance index       	                     root leanness                      
   	     	         	        	---------------------------------------------------------	--------------------------------------------------------
gen	evals	gen_feats	explored	min     	avg     	max     	std             	min     	avg     	max     	std     
0  	500  	184      	184     	0.683125	0.840935	0.881883	0.0300081       	0.213201	0.347966	0.707107	0.121046
1  	416  	169      	194     	0.5     	0.841814	0.884437	0.0347727       	0.218218	0.371874	1       	0.12311 
2  	387  	169      	200     	0.5     	0.842549	0.884437	0.0368268       	0.218218	0.381946	1       	0.127573
3  	411  	165      	201     	0.5     	0.843224	0.884437	0.0373162       	0.218218	0.383199	1       	0.128779
4  	421  	169      	205     	0.5     	0.843707	0.884437	0.0378339       	0.229416	0.384898	1       	0.128889
5  	397  	174      	205     	0.5     	0.844243	0.884437	0.0378883       	0.223607	0.384698	1       	0.129099
6  	409  	172      	205     	0.5     	0.844391	0.884437	0.03791         	0.223607	0.385398	1       	0.128768
7  	410  	167      	205     	0.5     	0.844532	0.884437	0.0378888       	0.223607	0.385237	1       	0.128907
8  	416  	174      	205     	0.5     	0.844613	0.884437	0.0378712       	0.223607	0.385348	1       	0.128806
9  	407  	169      	205     	0.5     	0.844713	0.884437	0.0379011       	0.223607	0.385387	1       	0.128789
10 	409  	171      	205     	0.5     	0.844758	0.884437	0.037924        	0.223607	0.385323	1       	0.128857
11 	408  	164      	205     	0.5     	0.844758	0.884437	0.037924        	0.223607	0.385323	1       	0.128857
12 	398  	176      	205     	0.5     	0.844783	0.884437	0.0379371       	0.223607	0.385436	1       	0.128741
13 	393  	163      	205     	0.5     	0.84482 	0.884437	0.0379312       	0.223607	0.385436	1       	0.128741
14 	407  	169      	205     	0.5     	0.844831	0.884437	0.0379296       	0.223607	0.385474	1       	0.128706
15 	417  	176      	205     	0.5     	0.844833	0.884437	0.0379303       	0.223607	0.385391	1       	0.128789
16 	399  	166      	205     	0.5     	0.844861	0.884437	0.0379381       	0.223607	0.385279	1       	0.128859
17 	406  	173      	205     	0.5     	0.844861	0.884437	0.0379381       	0.223607	0.385292	1       	0.128843
18 	419  	173      	205     	0.5     	0.844863	0.884437	0.0379388       	0.223607	0.385324	1       	0.128811
19 	401  	163      	205     	0.5     	0.844883	0.884437	0.0379453       	0.223607	0.385324	1       	0.128811
20 	394  	172      	205     	0.5     	0.844883	0.884437	0.0379453       	0.223607	0.385324	1       	0.128811
21 	397  	176      	205     	0.5     	0.844883	0.884437	0.0379453       	0.223607	0.385324	1       	0.128811
22 	391  	172      	205     	0.5     	0.844883	0.884437	0.0379453       	0.223607	0.385324	1       	0.128811
23 	423  	168      	205     	0.5     	0.844892	0.884437	0.0379492       	0.223607	0.385324	1       	0.128811
24 	411  	175      	205     	0.5     	0.844889	0.884437	0.0379481       	0.223607	0.385362	1       	0.128776
25 	398  	165      	205     	0.5     	0.844889	0.884437	0.0379481       	0.223607	0.385362	1       	0.128776
26 	412  	169      	205     	0.5     	0.844889	0.884437	0.0379481       	0.223607	0.385362	1       	0.128776
27 	418  	168      	205     	0.5     	0.844889	0.884437	0.0379481       	0.223607	0.385362	1       	0.128776
28 	402  	165      	205     	0.5     	0.844889	0.884437	0.0379481       	0.223607	0.385362	1       	0.128776
29 	423  	165      	205     	0.5     	0.844889	0.884437	0.0379481       	0.223607	0.385362	1       	0.128776
30 	420  	173      	205     	0.5     	0.844889	0.884437	0.0379481       	0.223607	0.385362	1       	0.128776
31 	419  	167      	205     	0.5     	0.844585	0.884437	0.0384558       	0.223607	0.386173	1       	0.12952 
32 	408  	163      	205     	0.5     	0.844585	0.884437	0.0384558       	0.223607	0.386173	1       	0.12952 
33 	394  	162      	205     	0.5     	0.844585	0.884437	0.0384558       	0.223607	0.386173	1       	0.12952 
34 	410  	170      	205     	0.5     	0.844588	0.884437	0.0384568       	0.223607	0.386144	1       	0.129538
35 	406  	168      	205     	0.5     	0.844588	0.884437	0.0384568       	0.223607	0.386144	1       	0.129538
36 	416  	168      	205     	0.5     	0.844585	0.884437	0.0384558       	0.223607	0.386173	1       	0.12952 
37 	402  	169      	205     	0.5     	0.844585	0.884437	0.0384558       	0.223607	0.386173	1       	0.12952 
38 	419  	178      	205     	0.5     	0.844587	0.884437	0.0384566       	0.223607	0.386144	1       	0.129538
39 	395  	162      	205     	0.5     	0.844588	0.884437	0.0384568       	0.223607	0.386144	1       	0.129538
40 	389  	169      	205     	0.5     	0.84458 	0.884437	0.0384543       	0.223607	0.386222	1       	0.129484
41 	405  	165      	205     	0.5     	0.844581	0.884437	0.0384546       	0.223607	0.386222	1       	0.129484
42 	408  	165      	205     	0.5     	0.844581	0.884437	0.0384546       	0.223607	0.386222	1       	0.129484
43 	412  	159      	205     	0.5     	0.844588	0.884437	0.0384568       	0.223607	0.386144	1       	0.129538
44 	405  	175      	205     	0.5     	0.84458 	0.884437	0.0384543       	0.223607	0.386222	1       	0.129484
45 	413  	174      	205     	0.5     	0.844585	0.884437	0.0384557       	0.223607	0.386173	1       	0.12952 
46 	398  	167      	205     	0.5     	0.844585	0.884437	0.0384558       	0.223607	0.386173	1       	0.12952 
47 	405  	168      	205     	0.5     	0.844585	0.884437	0.0384558       	0.223607	0.386173	1       	0.12952 
48 	411  	163      	205     	0.5     	0.844588	0.884437	0.0384568       	0.223607	0.386144	1       	0.129538
49 	409  	163      	205     	0.5     	0.84458 	0.884437	0.0384547       	0.223607	0.386173	1       	0.12952 

CURRENT HALLS OF FAME

PARETO FRONT
Number of solutions = 8
(0.884436572472449, 0.23570226039551584) 17 features: [0_age_at_initial_pathologic_diagnosis, 1_hsa.let.7a.5p, 1_hsa.miR.103a.2.5p, 1_hsa.miR.10b.5p, 1_hsa.miR.146b.5p, 1_hsa.miR.148a.5p, 1_hsa.miR.15b.5p, 1_hsa.miR.16.5p, 1_hsa.miR.196a.5p, 1_hsa.miR.222.5p, 1_hsa.miR.23b.5p, 1_hsa.miR.346, 1_hsa.miR.432.5p, 1_hsa.miR.4709.3p, 1_hsa.miR.616.3p, 1_hsa.miR.760, 1_hsa.miR.7974]
(0.8780063328982833, 0.31622776601683794) 9 features: [0_age_at_initial_pathologic_diagnosis, 1_hsa.miR.10b.5p, 1_hsa.miR.1307.5p, 1_hsa.miR.148a.5p, 1_hsa.miR.15b.5p, 1_hsa.miR.187.3p, 1_hsa.miR.23b.5p, 1_hsa.miR.550a.3p, 1_hsa.miR.616.3p]
(0.8737819661048558, 0.3779644730092272) 6 features: [0_age_at_initial_pathologic_diagnosis, 1_hsa.miR.10b.5p, 1_hsa.miR.148a.5p, 1_hsa.miR.15b.5p, 1_hsa.miR.23b.5p, 1_hsa.miR.550a.3p]
(0.862112899145209, 0.4472135954999579) 4 features: [0_age_at_initial_pathologic_diagnosis, 1_hsa.miR.10b.5p, 1_hsa.miR.1228.3p, 1_hsa.miR.15b.5p]
(0.8418828772070258, 0.5) [0_age_at_initial_pathologic_diagnosis, 1_hsa.miR.1228.3p, 1_hsa.miR.15b.5p]
(0.8274114328724792, 0.5773502691896257) [0_age_at_initial_pathologic_diagnosis, 1_hsa.miR.146b.5p]
(0.7781995421026123, 0.7071067811865476) [1_hsa.miR.15b.5p]
(0.5, 1.0) []
Features in hall of fame by prevalence:
21 features: [0_age_at_initial_pathologic_diagnosis, 1_hsa.miR.15b.5p, 1_hsa.miR.10b.5p, 1_hsa.miR.148a.5p, 1_hsa.miR.23b.5p, 1_hsa.miR.1228.3p, 1_hsa.miR.146b.5p, 1_hsa.miR.550a.3p, 1_hsa.miR.616.3p, 1_hsa.let.7a.5p, 1_hsa.miR.103a.2.5p, 1_hsa.miR.1307.5p, 1_hsa.miR.16.5p, 1_hsa.miR.187.3p, 1_hsa.miR.196a.5p, 1_hsa.miR.222.5p, 1_hsa.miR.346, 1_hsa.miR.432.5p, 1_hsa.miR.4709.3p, 1_hsa.miR.760, 1_hsa.miR.7974]

LAST POPULATION
Number of solutions = 500
Features in hall of fame by prevalence:
155 features: [1_hsa.miR.15b.5p, 1_hsa.miR.10b.5p, 1_hsa.miR.148a.5p, 0_age_at_initial_pathologic_diagnosis, 1_hsa.miR.346, 1_hsa.miR.23b.5p, 1_hsa.miR.142.5p, 1_hsa.miR.103a.2.5p, 1_hsa.miR.432.5p, 1_hsa.miR.222.5p, 1_hsa.miR.616.3p, 1_hsa.miR.767.3p, 1_hsa.miR.16.5p, 1_hsa.miR.27b.3p, 1_hsa.miR.1307.5p, 1_hsa.miR.187.3p, 1_hsa.miR.370.3p, 1_hsa.miR.29b.2.5p, 1_hsa.miR.3923, 1_hsa.miR.550a.3p, 1_hsa.miR.651.5p, 1_hsa.miR.4709.3p, 1_hsa.miR.146b.5p, 1_hsa.miR.148b.3p, 1_hsa.miR.342.5p, 1_hsa.miR.942.5p, 1_hsa.miR.339.5p, 1_hsa.miR.4521, 1_hsa.miR.767.5p, 1_hsa.miR.16.2.3p, 1_hsa.miR.539.3p, 1_hsa.miR.4772.3p, 1_hsa.let.7a.5p, 1_hsa.miR.1296.5p, 1_hsa.miR.937.3p, 1_hsa.miR.7974, 1_hsa.miR.186.5p, 1_hsa.miR.24.2.5p, 1_hsa.miR.487b.3p, 1_hsa.miR.182.5p, 1_hsa.miR.495.5p, 1_hsa.let.7f.5p, 1_hsa.miR.21.3p, 1_hsa.miR.218.5p, 1_hsa.miR.598.3p, 1_hsa.miR.664a.5p, 1_hsa.miR.22.3p, 1_hsa.miR.543, 1_hsa.miR.140.5p, 1_hsa.miR.483.3p, 1_hsa.miR.92a.1.5p, 1_hsa.miR.144.3p, 1_hsa.miR.196a.5p, 1_hsa.miR.222.3p, 1_hsa.miR.28.3p, 1_hsa.miR.31.3p, 1_hsa.miR.429, 1_hsa.miR.615.3p, 1_hsa.miR.10b.3p, 1_hsa.miR.125b.1.3p, 1_hsa.miR.224.5p, 1_hsa.miR.423.5p, 1_hsa.miR.424.3p, 1_hsa.miR.1269a, 1_hsa.miR.195.5p, 1_hsa.miR.223.3p, 1_hsa.miR.2355.3p, 1_hsa.miR.3154, 1_hsa.miR.320b, 1_hsa.miR.1287.5p, 1_hsa.miR.135b.5p, 1_hsa.miR.146b.3p, 1_hsa.miR.32.3p, 1_hsa.miR.362.3p, 1_hsa.miR.3913.5p, 1_hsa.miR.455.5p, 1_hsa.miR.548f.3p, 1_hsa.miR.760, 1_hsa.miR.193b.5p, 1_hsa.miR.221.5p, 1_hsa.miR.24.3p, 1_hsa.miR.365b.5p, 1_hsa.miR.369.3p, 1_hsa.miR.376a.5p, 1_hsa.miR.376b.5p, 1_hsa.miR.6842.3p, 1_hsa.miR.136.3p, 1_hsa.miR.136.5p, 1_hsa.miR.376c.5p, 1_hsa.miR.409.5p, 1_hsa.miR.4677.3p, 1_hsa.miR.487b.5p, 1_hsa.miR.769.3p, 1_hsa.let.7d.5p, 1_hsa.let.7e.5p, 1_hsa.miR.1180.3p, 1_hsa.miR.1228.3p, 1_hsa.miR.134.5p, 1_hsa.miR.149.3p, 1_hsa.miR.155.5p, ...]

BEST SUMS WITH SIZE 50
Number of solutions = 50
Features in hall of fame by prevalence:
32 features: [0_age_at_initial_pathologic_diagnosis, 1_hsa.miR.148a.5p, 1_hsa.miR.15b.5p, 1_hsa.miR.146b.3p, 1_hsa.let.7e.5p, 1_hsa.miR.10b.3p, 1_hsa.miR.10b.5p, 1_hsa.miR.135b.5p, 1_hsa.miR.146b.5p, 1_hsa.miR.149.3p, 1_hsa.miR.155.5p, 1_hsa.miR.15b.3p, 1_hsa.miR.196a.5p, 1_hsa.miR.21.3p, 1_hsa.miR.222.3p, 1_hsa.miR.6892.5p, 1_hsa.miR.9.5p, 1_hsa.miR.16.2.3p, 1_hsa.miR.199b.5p, 1_hsa.miR.221.5p, 1_hsa.miR.222.5p, 1_hsa.miR.23b.5p, 1_hsa.miR.25.3p, 1_hsa.miR.335.3p, 1_hsa.miR.335.5p, 1_hsa.miR.3677.3p, 1_hsa.miR.378a.3p, 1_hsa.miR.4677.3p, 1_hsa.miR.4746.5p, 1_hsa.miR.615.3p, 1_hsa.miR.6509.5p, 1_hsa.miR.651.5p]

BEST SUMS WITH SIZE 100
Number of solutions = 100
Features in hall of fame by prevalence:
48 features: [0_age_at_initial_pathologic_diagnosis, 1_hsa.miR.15b.5p, 1_hsa.miR.10b.5p, 1_hsa.miR.146b.5p, 1_hsa.miR.148a.5p, 1_hsa.miR.10b.3p, 1_hsa.miR.222.3p, 1_hsa.miR.222.5p, 1_hsa.miR.146b.3p, 1_hsa.miR.21.3p, 1_hsa.miR.615.3p, 1_hsa.miR.651.5p, 1_hsa.let.7e.5p, 1_hsa.miR.1228.3p, 1_hsa.miR.135b.5p, 1_hsa.miR.149.3p, 1_hsa.miR.155.5p, 1_hsa.miR.15b.3p, 1_hsa.miR.16.2.3p, 1_hsa.miR.196a.5p, 1_hsa.miR.199b.5p, 1_hsa.miR.221.5p, 1_hsa.miR.23b.5p, 1_hsa.miR.25.3p, 1_hsa.miR.335.3p, 1_hsa.miR.335.5p, 1_hsa.miR.3677.3p, 1_hsa.miR.378a.3p, 1_hsa.miR.4677.3p, 1_hsa.miR.4746.5p, 1_hsa.miR.6509.5p, 1_hsa.miR.6892.5p, 1_hsa.miR.9.5p, 1_hsa.miR.103a.2.5p, 1_hsa.miR.1269a, 1_hsa.miR.1307.5p, 1_hsa.miR.182.5p, 1_hsa.miR.187.3p, 1_hsa.miR.193b.5p, 1_hsa.miR.216a.5p, 1_hsa.miR.218.5p, 1_hsa.miR.29b.2.5p, 1_hsa.miR.3154, 1_hsa.miR.34a.5p, 1_hsa.miR.4728.3p, 1_hsa.miR.664a.5p, 1_hsa.miR.519a.5p, 1_hsa.miR.520e]

STARTING SWEEP NUMBER 2
folds_creator_seed = 848287049

ASSIGNING STRATA FOR MULTI-OUTCOME DATA LGG_MV
Assigning strata for outcome named survival of type survival
Counts:
censored 0: 160
censored 1: 93
deceased 0: 39
deceased 1: 37
ga_runner_seed = 3568926221
VIEW: CLINIC
   	     	         	        	  survival SKSurv Cox model concordance index   	                 root leanness                  
   	     	         	        	------------------------------------------------	------------------------------------------------
gen	evals	gen_feats	explored	min	avg     	max     	std                  	min     	avg     	max	std     
0  	0    	1        	1       	0.5	0.669406	0.767202	0.128714             	0.707107	0.814306	1  	0.141089
1  	229  	1        	1       	0.5	0.633601	0.767202	0.133601             	0.707107	0.853553	1  	0.146447
2  	256  	1        	1       	0.5	0.633601	0.767202	0.133601             	0.707107	0.853553	1  	0.146447
3  	262  	1        	1       	0.5	0.633601	0.767202	0.133601             	0.707107	0.853553	1  	0.146447
4  	253  	1        	1       	0.5	0.633601	0.767202	0.133601             	0.707107	0.853553	1  	0.146447
5  	245  	1        	1       	0.5	0.633601	0.767202	0.133601             	0.707107	0.853553	1  	0.146447
6  	236  	1        	1       	0.5	0.633601	0.767202	0.133601             	0.707107	0.853553	1  	0.146447
7  	247  	1        	1       	0.5	0.633601	0.767202	0.133601             	0.707107	0.853553	1  	0.146447
8  	253  	1        	1       	0.5	0.633601	0.767202	0.133601             	0.707107	0.853553	1  	0.146447
9  	239  	1        	1       	0.5	0.633601	0.767202	0.133601             	0.707107	0.853553	1  	0.146447
10 	255  	1        	1       	0.5	0.633601	0.767202	0.133601             	0.707107	0.853553	1  	0.146447
11 	245  	1        	1       	0.5	0.633601	0.767202	0.133601             	0.707107	0.853553	1  	0.146447
12 	252  	1        	1       	0.5	0.633601	0.767202	0.133601             	0.707107	0.853553	1  	0.146447
13 	254  	1        	1       	0.5	0.633601	0.767202	0.133601             	0.707107	0.853553	1  	0.146447
14 	240  	1        	1       	0.5	0.633601	0.767202	0.133601             	0.707107	0.853553	1  	0.146447
15 	248  	1        	1       	0.5	0.633601	0.767202	0.133601             	0.707107	0.853553	1  	0.146447
16 	245  	1        	1       	0.5	0.633601	0.767202	0.133601             	0.707107	0.853553	1  	0.146447
17 	238  	1        	1       	0.5	0.633601	0.767202	0.133601             	0.707107	0.853553	1  	0.146447
18 	249  	1        	1       	0.5	0.633601	0.767202	0.133601             	0.707107	0.853553	1  	0.146447
19 	263  	1        	1       	0.5	0.633601	0.767202	0.133601             	0.707107	0.853553	1  	0.146447
20 	263  	1        	1       	0.5	0.633601	0.767202	0.133601             	0.707107	0.853553	1  	0.146447
21 	250  	1        	1       	0.5	0.633601	0.767202	0.133601             	0.707107	0.853553	1  	0.146447
22 	283  	1        	1       	0.5	0.633601	0.767202	0.133601             	0.707107	0.853553	1  	0.146447
23 	237  	1        	1       	0.5	0.633601	0.767202	0.133601             	0.707107	0.853553	1  	0.146447
24 	261  	1        	1       	0.5	0.633601	0.767202	0.133601             	0.707107	0.853553	1  	0.146447
25 	260  	1        	1       	0.5	0.633601	0.767202	0.133601             	0.707107	0.853553	1  	0.146447
26 	235  	1        	1       	0.5	0.633601	0.767202	0.133601             	0.707107	0.853553	1  	0.146447
27 	274  	1        	1       	0.5	0.633601	0.767202	0.133601             	0.707107	0.853553	1  	0.146447
28 	237  	1        	1       	0.5	0.633601	0.767202	0.133601             	0.707107	0.853553	1  	0.146447
29 	254  	1        	1       	0.5	0.633601	0.767202	0.133601             	0.707107	0.853553	1  	0.146447
30 	248  	1        	1       	0.5	0.633601	0.767202	0.133601             	0.707107	0.853553	1  	0.146447
31 	257  	1        	1       	0.5	0.633601	0.767202	0.133601             	0.707107	0.853553	1  	0.146447
32 	256  	1        	1       	0.5	0.633601	0.767202	0.133601             	0.707107	0.853553	1  	0.146447
33 	244  	1        	1       	0.5	0.633601	0.767202	0.133601             	0.707107	0.853553	1  	0.146447
34 	255  	1        	1       	0.5	0.633601	0.767202	0.133601             	0.707107	0.853553	1  	0.146447
35 	257  	1        	1       	0.5	0.633601	0.767202	0.133601             	0.707107	0.853553	1  	0.146447
36 	254  	1        	1       	0.5	0.633601	0.767202	0.133601             	0.707107	0.853553	1  	0.146447
37 	247  	1        	1       	0.5	0.633601	0.767202	0.133601             	0.707107	0.853553	1  	0.146447
38 	255  	1        	1       	0.5	0.633601	0.767202	0.133601             	0.707107	0.853553	1  	0.146447
39 	248  	1        	1       	0.5	0.633601	0.767202	0.133601             	0.707107	0.853553	1  	0.146447
40 	242  	1        	1       	0.5	0.633601	0.767202	0.133601             	0.707107	0.853553	1  	0.146447
41 	272  	1        	1       	0.5	0.633601	0.767202	0.133601             	0.707107	0.853553	1  	0.146447
42 	256  	1        	1       	0.5	0.633601	0.767202	0.133601             	0.707107	0.853553	1  	0.146447
43 	240  	1        	1       	0.5	0.633601	0.767202	0.133601             	0.707107	0.853553	1  	0.146447
44 	237  	1        	1       	0.5	0.633601	0.767202	0.133601             	0.707107	0.853553	1  	0.146447
45 	254  	1        	1       	0.5	0.633601	0.767202	0.133601             	0.707107	0.853553	1  	0.146447
46 	251  	1        	1       	0.5	0.633601	0.767202	0.133601             	0.707107	0.853553	1  	0.146447
47 	254  	1        	1       	0.5	0.633601	0.767202	0.133601             	0.707107	0.853553	1  	0.146447
48 	252  	1        	1       	0.5	0.633601	0.767202	0.133601             	0.707107	0.853553	1  	0.146447
49 	247  	1        	1       	0.5	0.633601	0.767202	0.133601             	0.707107	0.853553	1  	0.146447

ASSIGNING STRATA FOR MULTI-OUTCOME DATA LGG_MV
Assigning strata for outcome named survival of type survival
Counts:
censored 0: 160
censored 1: 93
deceased 0: 39
deceased 1: 37
VIEW: LOG_MIRNA
   	     	         	        	   survival SKSurv Cox model concordance index   	                 root leanness                  
   	     	         	        	-------------------------------------------------	------------------------------------------------
gen	evals	gen_feats	explored	min	avg     	max     	std                  	min     	avg     	max	std     
0  	0    	154      	154     	0.5	0.836498	0.879212	0.0488146            	0.229416	0.409388	1  	0.146235
1  	368  	243      	260     	0.5	0.829347	0.879212	0.0498652            	0.229416	0.401391	1  	0.135069
2  	355  	257      	305     	0.5	0.83341 	0.879212	0.0447362            	0.229416	0.395854	1  	0.134536
3  	373  	249      	330     	0.5	0.834538	0.879212	0.0440757            	0.229416	0.394741	1  	0.134962
4  	370  	252      	342     	0.5	0.835632	0.879212	0.0432009            	0.229416	0.393386	1  	0.134143
5  	376  	247      	349     	0.5	0.836011	0.879212	0.0432242            	0.229416	0.39249 	1  	0.134665
6  	378  	250      	349     	0.5	0.836725	0.879212	0.042479             	0.223607	0.390931	1  	0.133836
7  	369  	256      	351     	0.5	0.836469	0.879212	0.0432931            	0.223607	0.391857	1  	0.134688
8  	383  	254      	353     	0.5	0.83722 	0.879212	0.0421633            	0.218218	0.390525	1  	0.134093
9  	387  	253      	353     	0.5	0.836912	0.879212	0.042743             	0.218218	0.391827	1  	0.134729
10 	371  	242      	354     	0.5	0.837468	0.879212	0.042165             	0.218218	0.390728	1  	0.133955
11 	387  	260      	354     	0.5	0.837584	0.879212	0.0420113            	0.218218	0.391105	1  	0.133689
12 	370  	255      	354     	0.5	0.837724	0.879212	0.0420359            	0.223607	0.390846	1  	0.133864
13 	367  	254      	354     	0.5	0.83782 	0.879212	0.0420469            	0.223607	0.39132 	1  	0.133463
14 	385  	273      	354     	0.5	0.837894	0.879212	0.0419969            	0.223607	0.39156 	1  	0.133225
15 	382  	245      	354     	0.5	0.838015	0.879212	0.0419847            	0.223607	0.391591	1  	0.133234
16 	382  	254      	354     	0.5	0.838136	0.879212	0.0419925            	0.223607	0.391194	1  	0.133512
17 	380  	256      	354     	0.5	0.838169	0.879212	0.0419827            	0.223607	0.39131 	1  	0.133435
18 	377  	255      	354     	0.5	0.838314	0.879212	0.0420038            	0.223607	0.391105	1  	0.133598
19 	348  	250      	354     	0.5	0.838789	0.879212	0.0415186            	0.223607	0.389507	1  	0.13324 
20 	373  	263      	354     	0.5	0.83857 	0.879212	0.0420107            	0.223607	0.390316	1  	0.133591
21 	381  	257      	354     	0.5	0.838541	0.879212	0.0420905            	0.229416	0.391057	1  	0.133609
22 	376  	245      	354     	0.5	0.838609	0.879212	0.0420945            	0.229416	0.390881	1  	0.13378 
23 	379  	260      	354     	0.5	0.839272	0.879212	0.0415534            	0.229416	0.38869 	1  	0.133234
24 	382  	261      	354     	0.5	0.839429	0.879212	0.0415683            	0.229416	0.388083	1  	0.133384
25 	367  	253      	354     	0.5	0.839637	0.879212	0.0415495            	0.229416	0.38749 	1  	0.133268
26 	383  	254      	354     	0.5	0.839791	0.879212	0.0415846            	0.229416	0.387033	1  	0.133474
27 	369  	249      	354     	0.5	0.839638	0.879212	0.0416353            	0.229416	0.388149	1  	0.133397
28 	381  	263      	354     	0.5	0.840196	0.879212	0.0410112            	0.229416	0.386276	1  	0.133201
29 	400  	259      	354     	0.5	0.840509	0.879212	0.0409714            	0.229416	0.385143	1  	0.133097
30 	380  	277      	354     	0.5	0.840577	0.879212	0.0409958            	0.229416	0.385148	1  	0.133081
31 	399  	253      	354     	0.5	0.840811	0.879212	0.0410376            	0.229416	0.383872	1  	0.133584
32 	400  	255      	354     	0.5	0.841337	0.879212	0.0404878            	0.229416	0.382034	1  	0.133092
33 	385  	255      	354     	0.5	0.841486	0.879212	0.0404757            	0.229416	0.381452	1  	0.133206
34 	372  	259      	354     	0.5	0.841578	0.879212	0.0405125            	0.229416	0.381395	1  	0.133278
35 	384  	267      	354     	0.5	0.841595	0.879212	0.0405203            	0.229416	0.381625	1  	0.13305 
36 	372  	258      	354     	0.5	0.841657	0.879212	0.040546             	0.229416	0.381508	1  	0.133171
37 	370  	264      	354     	0.5	0.841735	0.879212	0.0405832            	0.229416	0.381229	1  	0.133395
38 	391  	267      	354     	0.5	0.841903	0.879212	0.0406472            	0.229416	0.380944	1  	0.133422
39 	376  	263      	354     	0.5	0.842114	0.879212	0.0406862            	0.229416	0.379978	1  	0.133741
40 	361  	253      	354     	0.5	0.84253 	0.879212	0.0402033            	0.229416	0.379184	1  	0.132957
41 	361  	263      	354     	0.5	0.842812	0.879212	0.0401984            	0.223607	0.378104	1  	0.132925
42 	374  	259      	354     	0.5	0.842549	0.879212	0.0407715            	0.223607	0.379021	1  	0.133609
43 	369  	259      	354     	0.5	0.843103	0.879212	0.0403306            	0.223607	0.377339	1  	0.133524
44 	369  	263      	354     	0.5	0.843375	0.879212	0.0403853            	0.223607	0.375972	1  	0.133986
45 	361  	262      	354     	0.5	0.844026	0.879212	0.0398277            	0.223607	0.373978	1  	0.133215
46 	370  	261      	354     	0.5	0.844123	0.879212	0.0398675            	0.218218	0.373606	1  	0.133467
47 	387  	269      	354     	0.5	0.84427 	0.879212	0.0398296            	0.218218	0.373072	1  	0.133238
48 	390  	263      	354     	0.5	0.844976	0.879212	0.0393581            	0.218218	0.370177	1  	0.133143
49 	390  	257      	354     	0.5	0.845014	0.879212	0.039379             	0.218218	0.370297	1  	0.133045

STARTING MASTER RUNNER RESAMPLING
Generations completed = 13
Generations completed = 30
Generations completed = 47
MASTER
   	     	         	        	       survival SKSurv Cox model concordance index       	                     root leanness                      
   	     	         	        	---------------------------------------------------------	--------------------------------------------------------
gen	evals	gen_feats	explored	min     	avg     	max     	std             	min     	avg     	max     	std     
0  	500  	183      	183     	0.701191	0.846728	0.8781  	0.0279526       	0.213201	0.351223	0.707107	0.115564
1  	406  	169      	194     	0.701191	0.846642	0.884437	0.0292892       	0.213201	0.368753	0.707107	0.118154
2  	398  	170      	199     	0.5     	0.846912	0.884437	0.0350643       	0.213201	0.37297 	1       	0.124237
3  	395  	171      	200     	0.5     	0.847434	0.884437	0.0359644       	0.213201	0.373962	1       	0.126194
4  	403  	169      	202     	0.5     	0.847732	0.884437	0.036505        	0.213201	0.375035	1       	0.127158
5  	412  	169      	203     	0.5     	0.847249	0.884437	0.0372231       	0.213201	0.378086	1       	0.129251
6  	403  	164      	203     	0.5     	0.847639	0.884437	0.0372928       	0.213201	0.377743	1       	0.129133
7  	395  	166      	203     	0.5     	0.847696	0.884437	0.0372986       	0.213201	0.377811	1       	0.129084
8  	412  	172      	203     	0.5     	0.847822	0.884437	0.0377736       	0.213201	0.376621	1       	0.130303
9  	410  	170      	203     	0.5     	0.847681	0.884437	0.0378318       	0.213201	0.377832	1       	0.130238
10 	422  	174      	203     	0.5     	0.84774 	0.884437	0.0378095       	0.213201	0.37855 	1       	0.12995 
11 	402  	170      	203     	0.5     	0.847445	0.884437	0.038172        	0.213201	0.379846	1       	0.130359
12 	397  	166      	203     	0.5     	0.847214	0.884437	0.0386042       	0.213201	0.38063 	1       	0.131172
13 	405  	167      	203     	0.5     	0.847228	0.884437	0.0385791       	0.213201	0.38078 	1       	0.131074
14 	405  	169      	203     	0.5     	0.846901	0.884437	0.0391649       	0.213201	0.381617	1       	0.131817
15 	412  	171      	203     	0.5     	0.846901	0.884437	0.039165        	0.213201	0.381617	1       	0.131817
16 	407  	165      	203     	0.5     	0.846901	0.884437	0.039165        	0.213201	0.381617	1       	0.131817
17 	420  	173      	203     	0.5     	0.846901	0.884437	0.039165        	0.213201	0.381617	1       	0.131817
18 	407  	171      	203     	0.5     	0.846916	0.884437	0.0391715       	0.213201	0.381569	1       	0.131851
19 	401  	170      	203     	0.5     	0.846916	0.884437	0.0391715       	0.213201	0.381569	1       	0.131851
20 	410  	167      	203     	0.5     	0.846916	0.884437	0.0391715       	0.213201	0.381569	1       	0.131851
21 	413  	170      	203     	0.5     	0.846917	0.884437	0.0391717       	0.213201	0.381569	1       	0.131851
22 	395  	168      	203     	0.5     	0.846938	0.884437	0.039177        	0.213201	0.381569	1       	0.131851
23 	395  	172      	203     	0.5     	0.846938	0.884437	0.039177        	0.213201	0.381569	1       	0.131851
24 	409  	171      	203     	0.5     	0.846938	0.884437	0.039177        	0.213201	0.381569	1       	0.131851
25 	401  	170      	203     	0.5     	0.846938	0.884437	0.039177        	0.213201	0.381569	1       	0.131851
26 	404  	159      	203     	0.5     	0.846938	0.884437	0.039177        	0.213201	0.381569	1       	0.131851
27 	403  	160      	203     	0.5     	0.846938	0.884437	0.039177        	0.213201	0.381569	1       	0.131851
28 	416  	174      	203     	0.5     	0.846938	0.884437	0.039177        	0.213201	0.381569	1       	0.131851
29 	405  	175      	203     	0.5     	0.846938	0.884437	0.039177        	0.213201	0.381569	1       	0.131851
30 	403  	175      	203     	0.5     	0.846938	0.884437	0.039177        	0.213201	0.381569	1       	0.131851
31 	416  	172      	203     	0.5     	0.846938	0.884437	0.039177        	0.213201	0.381569	1       	0.131851
32 	410  	171      	203     	0.5     	0.846938	0.884437	0.039177        	0.213201	0.381569	1       	0.131851
33 	404  	170      	203     	0.5     	0.846938	0.884437	0.039177        	0.213201	0.381569	1       	0.131851
34 	414  	171      	203     	0.5     	0.846938	0.884437	0.039177        	0.213201	0.381569	1       	0.131851
35 	435  	175      	203     	0.5     	0.846938	0.884437	0.039177        	0.213201	0.381569	1       	0.131851
36 	406  	159      	203     	0.5     	0.846938	0.884437	0.039177        	0.213201	0.381569	1       	0.131851
37 	391  	164      	203     	0.5     	0.846938	0.884437	0.039177        	0.213201	0.381569	1       	0.131851
38 	416  	160      	203     	0.5     	0.846938	0.884437	0.039177        	0.213201	0.381569	1       	0.131851
39 	404  	162      	203     	0.5     	0.846938	0.884437	0.039177        	0.213201	0.381569	1       	0.131851
40 	406  	175      	203     	0.5     	0.846938	0.884437	0.039177        	0.213201	0.381569	1       	0.131851
41 	382  	170      	203     	0.5     	0.846938	0.884437	0.039177        	0.213201	0.381569	1       	0.131851
42 	401  	164      	203     	0.5     	0.846938	0.884437	0.039177        	0.213201	0.381569	1       	0.131851
43 	408  	168      	203     	0.5     	0.846938	0.884437	0.039177        	0.213201	0.381569	1       	0.131851
44 	409  	173      	203     	0.5     	0.846938	0.884437	0.039177        	0.213201	0.381569	1       	0.131851
45 	418  	167      	203     	0.5     	0.846938	0.884437	0.039177        	0.213201	0.381569	1       	0.131851
46 	391  	160      	203     	0.5     	0.846938	0.884437	0.039177        	0.213201	0.381569	1       	0.131851
47 	410  	166      	203     	0.5     	0.846938	0.884437	0.039177        	0.213201	0.381569	1       	0.131851
48 	402  	171      	203     	0.5     	0.846938	0.884437	0.039177        	0.213201	0.381569	1       	0.131851
49 	403  	171      	203     	0.5     	0.846938	0.884437	0.039177        	0.213201	0.381569	1       	0.131851

CURRENT HALLS OF FAME

PARETO FRONT
Number of solutions = 9
(0.884436572472449, 0.23570226039551584) 17 features: [0_age_at_initial_pathologic_diagnosis, 1_hsa.let.7a.5p, 1_hsa.miR.103a.2.5p, 1_hsa.miR.10b.5p, 1_hsa.miR.146b.5p, 1_hsa.miR.148a.5p, 1_hsa.miR.15b.5p, 1_hsa.miR.16.5p, 1_hsa.miR.196a.5p, 1_hsa.miR.222.5p, 1_hsa.miR.23b.5p, 1_hsa.miR.346, 1_hsa.miR.432.5p, 1_hsa.miR.4709.3p, 1_hsa.miR.616.3p, 1_hsa.miR.760, 1_hsa.miR.7974]
(0.8781798419893742, 0.2672612419124244) 13 features: [0_age_at_initial_pathologic_diagnosis, 1_hsa.let.7f.5p, 1_hsa.miR.103a.2.5p, 1_hsa.miR.10b.5p, 1_hsa.miR.142.5p, 1_hsa.miR.148a.5p, 1_hsa.miR.149.5p, 1_hsa.miR.15b.5p, 1_hsa.miR.222.5p, 1_hsa.miR.23b.5p, 1_hsa.miR.25.3p, 1_hsa.miR.346, 1_hsa.miR.767.3p]
(0.8780063328982833, 0.31622776601683794) 9 features: [0_age_at_initial_pathologic_diagnosis, 1_hsa.miR.10b.5p, 1_hsa.miR.1307.5p, 1_hsa.miR.148a.5p, 1_hsa.miR.15b.5p, 1_hsa.miR.187.3p, 1_hsa.miR.23b.5p, 1_hsa.miR.550a.3p, 1_hsa.miR.616.3p]
(0.8737819661048558, 0.3779644730092272) 6 features: [0_age_at_initial_pathologic_diagnosis, 1_hsa.miR.10b.5p, 1_hsa.miR.148a.5p, 1_hsa.miR.15b.5p, 1_hsa.miR.23b.5p, 1_hsa.miR.550a.3p]
(0.862112899145209, 0.4472135954999579) 4 features: [0_age_at_initial_pathologic_diagnosis, 1_hsa.miR.10b.5p, 1_hsa.miR.1228.3p, 1_hsa.miR.15b.5p]
(0.8418828772070258, 0.5) [0_age_at_initial_pathologic_diagnosis, 1_hsa.miR.1228.3p, 1_hsa.miR.15b.5p]
(0.8274114328724792, 0.5773502691896257) [0_age_at_initial_pathologic_diagnosis, 1_hsa.miR.146b.5p]
(0.7781995421026123, 0.7071067811865476) [1_hsa.miR.15b.5p]
(0.5, 1.0) []
Features in hall of fame by prevalence:
26 features: [0_age_at_initial_pathologic_diagnosis, 1_hsa.miR.15b.5p, 1_hsa.miR.10b.5p, 1_hsa.miR.148a.5p, 1_hsa.miR.23b.5p, 1_hsa.miR.103a.2.5p, 1_hsa.miR.1228.3p, 1_hsa.miR.146b.5p, 1_hsa.miR.222.5p, 1_hsa.miR.346, 1_hsa.miR.550a.3p, 1_hsa.miR.616.3p, 1_hsa.let.7a.5p, 1_hsa.let.7f.5p, 1_hsa.miR.1307.5p, 1_hsa.miR.142.5p, 1_hsa.miR.149.5p, 1_hsa.miR.16.5p, 1_hsa.miR.187.3p, 1_hsa.miR.196a.5p, 1_hsa.miR.25.3p, 1_hsa.miR.432.5p, 1_hsa.miR.4709.3p, 1_hsa.miR.760, 1_hsa.miR.767.3p, 1_hsa.miR.7974]

LAST POPULATION
Number of solutions = 500
Features in hall of fame by prevalence:
170 features: [1_hsa.miR.10b.5p, 1_hsa.miR.15b.5p, 1_hsa.miR.148a.5p, 0_age_at_initial_pathologic_diagnosis, 1_hsa.miR.346, 1_hsa.miR.23b.5p, 1_hsa.miR.103a.2.5p, 1_hsa.miR.142.5p, 1_hsa.miR.222.5p, 1_hsa.miR.432.5p, 1_hsa.miR.616.3p, 1_hsa.miR.767.3p, 1_hsa.miR.550a.3p, 1_hsa.miR.149.5p, 1_hsa.miR.3923, 1_hsa.miR.16.5p, 1_hsa.miR.1296.5p, 1_hsa.let.7f.5p, 1_hsa.miR.27b.3p, 1_hsa.miR.618, 1_hsa.miR.767.5p, 1_hsa.miR.651.5p, 1_hsa.miR.218.5p, 1_hsa.miR.215.5p, 1_hsa.miR.146b.5p, 1_hsa.miR.187.3p, 1_hsa.miR.29b.2.5p, 1_hsa.miR.370.3p, 1_hsa.miR.1307.5p, 1_hsa.miR.16.2.3p, 1_hsa.miR.22.3p, 1_hsa.miR.148b.3p, 1_hsa.miR.339.5p, 1_hsa.miR.539.3p, 1_hsa.miR.4521, 1_hsa.miR.4709.3p, 1_hsa.miR.942.5p, 1_hsa.miR.1287.5p, 1_hsa.miR.4772.3p, 1_hsa.miR.520e, 1_hsa.let.7a.5p, 1_hsa.miR.495.5p, 1_hsa.miR.98.5p, 1_hsa.miR.24.2.5p, 1_hsa.miR.487b.3p, 1_hsa.miR.342.5p, 1_hsa.miR.937.3p, 1_hsa.miR.543, 1_hsa.miR.7974, 1_hsa.miR.144.3p, 1_hsa.miR.146b.3p, 1_hsa.miR.182.5p, 1_hsa.miR.186.5p, 1_hsa.miR.222.3p, 1_hsa.miR.598.3p, 1_hsa.miR.615.3p, 1_hsa.miR.664a.5p, 1_hsa.miR.10b.3p, 1_hsa.miR.196a.5p, 1_hsa.miR.21.3p, 1_hsa.miR.28.3p, 1_hsa.miR.409.5p, 1_hsa.miR.362.3p, 1_hsa.miR.760, 1_hsa.miR.92a.1.5p, 1_hsa.miR.195.5p, 1_hsa.miR.223.3p, 1_hsa.miR.224.5p, 1_hsa.miR.2355.3p, 1_hsa.miR.320b, 1_hsa.miR.32.3p, 1_hsa.miR.423.5p, 1_hsa.miR.483.3p, 1_hsa.miR.548f.3p, 1_hsa.let.7e.5p, 1_hsa.miR.125b.1.3p, 1_hsa.miR.135b.5p, 1_hsa.miR.136.5p, 1_hsa.miR.140.5p, 1_hsa.miR.151a.3p, 1_hsa.miR.199a.5p, 1_hsa.miR.24.3p, 1_hsa.miR.335.3p, 1_hsa.miR.335.5p, 1_hsa.miR.369.3p, 1_hsa.miR.376a.5p, 1_hsa.miR.376b.5p, 1_hsa.miR.429, 1_hsa.miR.455.5p, 1_hsa.miR.628.3p, 1_hsa.miR.107, 1_hsa.miR.148a.3p, 1_hsa.miR.154.5p, 1_hsa.miR.181b.3p, 1_hsa.miR.193b.5p, 1_hsa.miR.214.5p, 1_hsa.miR.221.3p, 1_hsa.miR.25.3p, 1_hsa.miR.3131, 1_hsa.miR.31.3p, ...]

BEST SUMS WITH SIZE 50
Number of solutions = 50
Features in hall of fame by prevalence:
35 features: [0_age_at_initial_pathologic_diagnosis, 1_hsa.miR.15b.5p, 1_hsa.miR.146b.3p, 1_hsa.miR.148a.5p, 1_hsa.let.7e.5p, 1_hsa.miR.10b.5p, 1_hsa.miR.146b.5p, 1_hsa.miR.149.3p, 1_hsa.miR.155.5p, 1_hsa.miR.15b.3p, 1_hsa.miR.196a.5p, 1_hsa.miR.21.3p, 1_hsa.miR.335.3p, 1_hsa.miR.6892.5p, 1_hsa.miR.10b.3p, 1_hsa.miR.135b.5p, 1_hsa.miR.148a.3p, 1_hsa.miR.16.2.3p, 1_hsa.miR.16.5p, 1_hsa.miR.199b.5p, 1_hsa.miR.221.3p, 1_hsa.miR.221.5p, 1_hsa.miR.222.3p, 1_hsa.miR.222.5p, 1_hsa.miR.23b.5p, 1_hsa.miR.25.3p, 1_hsa.miR.335.5p, 1_hsa.miR.3677.3p, 1_hsa.miR.378a.3p, 1_hsa.miR.4677.3p, 1_hsa.miR.4746.5p, 1_hsa.miR.615.3p, 1_hsa.miR.6509.5p, 1_hsa.miR.651.5p, 1_hsa.miR.9.5p]

BEST SUMS WITH SIZE 100
Number of solutions = 100
Features in hall of fame by prevalence:
44 features: [0_age_at_initial_pathologic_diagnosis, 1_hsa.miR.15b.5p, 1_hsa.miR.10b.5p, 1_hsa.miR.148a.5p, 1_hsa.miR.10b.3p, 1_hsa.miR.146b.3p, 1_hsa.miR.146b.5p, 1_hsa.miR.222.3p, 1_hsa.miR.222.5p, 1_hsa.miR.196a.5p, 1_hsa.miR.199b.5p, 1_hsa.miR.21.3p, 1_hsa.miR.221.3p, 1_hsa.miR.23b.5p, 1_hsa.miR.335.3p, 1_hsa.miR.615.3p, 1_hsa.miR.651.5p, 1_hsa.let.7e.5p, 1_hsa.miR.135b.5p, 1_hsa.miR.148a.3p, 1_hsa.miR.149.3p, 1_hsa.miR.155.5p, 1_hsa.miR.15b.3p, 1_hsa.miR.16.2.3p, 1_hsa.miR.16.5p, 1_hsa.miR.221.5p, 1_hsa.miR.25.3p, 1_hsa.miR.335.5p, 1_hsa.miR.3677.3p, 1_hsa.miR.378a.3p, 1_hsa.miR.4677.3p, 1_hsa.miR.4746.5p, 1_hsa.miR.6509.5p, 1_hsa.miR.6892.5p, 1_hsa.miR.9.5p, 1_hsa.miR.103a.2.5p, 1_hsa.miR.1228.3p, 1_hsa.miR.1269a, 1_hsa.miR.1307.5p, 1_hsa.miR.136.5p, 1_hsa.miR.187.3p, 1_hsa.miR.216a.5p, 1_hsa.miR.34a.5p, 1_hsa.miR.455.5p]

STARTING SWEEP NUMBER 3
folds_creator_seed = 4015264967

ASSIGNING STRATA FOR MULTI-OUTCOME DATA LGG_MV
Assigning strata for outcome named survival of type survival
Counts:
censored 0: 160
censored 1: 93
deceased 0: 39
deceased 1: 37
ga_runner_seed = 1401729793
VIEW: CLINIC
   	     	         	        	  survival SKSurv Cox model concordance index   	                 root leanness                  
   	     	         	        	------------------------------------------------	------------------------------------------------
gen	evals	gen_feats	explored	min	avg     	max     	std                  	min     	avg     	max	std     
0  	0    	1        	1       	0.5	0.680628	0.767202	0.12505              	0.707107	0.802004	1  	0.137074
1  	251  	1        	1       	0.5	0.633601	0.767202	0.133601             	0.707107	0.853553	1  	0.146447
2  	235  	1        	1       	0.5	0.633601	0.767202	0.133601             	0.707107	0.853553	1  	0.146447
3  	252  	1        	1       	0.5	0.633601	0.767202	0.133601             	0.707107	0.853553	1  	0.146447
4  	231  	1        	1       	0.5	0.633601	0.767202	0.133601             	0.707107	0.853553	1  	0.146447
5  	284  	1        	1       	0.5	0.633601	0.767202	0.133601             	0.707107	0.853553	1  	0.146447
6  	252  	1        	1       	0.5	0.633601	0.767202	0.133601             	0.707107	0.853553	1  	0.146447
7  	254  	1        	1       	0.5	0.633601	0.767202	0.133601             	0.707107	0.853553	1  	0.146447
8  	246  	1        	1       	0.5	0.633601	0.767202	0.133601             	0.707107	0.853553	1  	0.146447
9  	269  	1        	1       	0.5	0.633601	0.767202	0.133601             	0.707107	0.853553	1  	0.146447
10 	253  	1        	1       	0.5	0.633601	0.767202	0.133601             	0.707107	0.853553	1  	0.146447
11 	226  	1        	1       	0.5	0.633601	0.767202	0.133601             	0.707107	0.853553	1  	0.146447
12 	262  	1        	1       	0.5	0.633601	0.767202	0.133601             	0.707107	0.853553	1  	0.146447
13 	266  	1        	1       	0.5	0.633601	0.767202	0.133601             	0.707107	0.853553	1  	0.146447
14 	273  	1        	1       	0.5	0.633601	0.767202	0.133601             	0.707107	0.853553	1  	0.146447
15 	234  	1        	1       	0.5	0.633601	0.767202	0.133601             	0.707107	0.853553	1  	0.146447
16 	262  	1        	1       	0.5	0.633601	0.767202	0.133601             	0.707107	0.853553	1  	0.146447
17 	261  	1        	1       	0.5	0.633601	0.767202	0.133601             	0.707107	0.853553	1  	0.146447
18 	255  	1        	1       	0.5	0.633601	0.767202	0.133601             	0.707107	0.853553	1  	0.146447
19 	248  	1        	1       	0.5	0.633601	0.767202	0.133601             	0.707107	0.853553	1  	0.146447
20 	269  	1        	1       	0.5	0.633601	0.767202	0.133601             	0.707107	0.853553	1  	0.146447
21 	245  	1        	1       	0.5	0.633601	0.767202	0.133601             	0.707107	0.853553	1  	0.146447
22 	262  	1        	1       	0.5	0.633601	0.767202	0.133601             	0.707107	0.853553	1  	0.146447
23 	244  	1        	1       	0.5	0.633601	0.767202	0.133601             	0.707107	0.853553	1  	0.146447
24 	246  	1        	1       	0.5	0.633601	0.767202	0.133601             	0.707107	0.853553	1  	0.146447
25 	259  	1        	1       	0.5	0.633601	0.767202	0.133601             	0.707107	0.853553	1  	0.146447
26 	261  	1        	1       	0.5	0.633601	0.767202	0.133601             	0.707107	0.853553	1  	0.146447
27 	265  	1        	1       	0.5	0.633601	0.767202	0.133601             	0.707107	0.853553	1  	0.146447
28 	257  	1        	1       	0.5	0.633601	0.767202	0.133601             	0.707107	0.853553	1  	0.146447
29 	247  	1        	1       	0.5	0.633601	0.767202	0.133601             	0.707107	0.853553	1  	0.146447
30 	249  	1        	1       	0.5	0.633601	0.767202	0.133601             	0.707107	0.853553	1  	0.146447
31 	250  	1        	1       	0.5	0.633601	0.767202	0.133601             	0.707107	0.853553	1  	0.146447
32 	273  	1        	1       	0.5	0.633601	0.767202	0.133601             	0.707107	0.853553	1  	0.146447
33 	266  	1        	1       	0.5	0.633601	0.767202	0.133601             	0.707107	0.853553	1  	0.146447
34 	240  	1        	1       	0.5	0.633601	0.767202	0.133601             	0.707107	0.853553	1  	0.146447
35 	232  	1        	1       	0.5	0.633601	0.767202	0.133601             	0.707107	0.853553	1  	0.146447
36 	256  	1        	1       	0.5	0.633601	0.767202	0.133601             	0.707107	0.853553	1  	0.146447
37 	241  	1        	1       	0.5	0.633601	0.767202	0.133601             	0.707107	0.853553	1  	0.146447
38 	250  	1        	1       	0.5	0.633601	0.767202	0.133601             	0.707107	0.853553	1  	0.146447
39 	246  	1        	1       	0.5	0.633601	0.767202	0.133601             	0.707107	0.853553	1  	0.146447
40 	248  	1        	1       	0.5	0.633601	0.767202	0.133601             	0.707107	0.853553	1  	0.146447
41 	258  	1        	1       	0.5	0.633601	0.767202	0.133601             	0.707107	0.853553	1  	0.146447
42 	248  	1        	1       	0.5	0.633601	0.767202	0.133601             	0.707107	0.853553	1  	0.146447
43 	241  	1        	1       	0.5	0.633601	0.767202	0.133601             	0.707107	0.853553	1  	0.146447
44 	233  	1        	1       	0.5	0.633601	0.767202	0.133601             	0.707107	0.853553	1  	0.146447
45 	265  	1        	1       	0.5	0.633601	0.767202	0.133601             	0.707107	0.853553	1  	0.146447
46 	255  	1        	1       	0.5	0.633601	0.767202	0.133601             	0.707107	0.853553	1  	0.146447
47 	239  	1        	1       	0.5	0.633601	0.767202	0.133601             	0.707107	0.853553	1  	0.146447
48 	264  	1        	1       	0.5	0.633601	0.767202	0.133601             	0.707107	0.853553	1  	0.146447
49 	250  	1        	1       	0.5	0.633601	0.767202	0.133601             	0.707107	0.853553	1  	0.146447

ASSIGNING STRATA FOR MULTI-OUTCOME DATA LGG_MV
Assigning strata for outcome named survival of type survival
Counts:
censored 0: 160
censored 1: 93
deceased 0: 39
deceased 1: 37
VIEW: LOG_MIRNA
   	     	         	        	   survival SKSurv Cox model concordance index   	                 root leanness                  
   	     	         	        	-------------------------------------------------	------------------------------------------------
gen	evals	gen_feats	explored	min	avg     	max     	std                  	min     	avg     	max	std     
0  	0    	169      	169     	0.5	0.837365	0.879212	0.0469433            	0.218218	0.403763	1  	0.146112
1  	382  	257      	278     	0.5	0.841049	0.884806	0.0433067            	0.213201	0.385048	1  	0.134218
2  	363  	241      	314     	0.5	0.844346	0.884806	0.0415045            	0.213201	0.376814	1  	0.134194
3  	349  	249      	335     	0.5	0.846283	0.885855	0.0411013            	0.208514	0.372411	1  	0.134341
4  	379  	263      	343     	0.5	0.84794 	0.885855	0.0408956            	0.208514	0.368756	1  	0.134438
5  	383  	267      	345     	0.5	0.849916	0.885855	0.0401435            	0.208514	0.363817	1  	0.133423
6  	393  	261      	348     	0.5	0.850935	0.885855	0.040403             	0.208514	0.362054	1  	0.133342
7  	387  	261      	350     	0.5	0.852412	0.886985	0.0401206            	0.208514	0.358269	1  	0.132886
8  	384  	263      	351     	0.5	0.853128	0.886985	0.0403552            	0.208514	0.357403	1  	0.13355 
9  	387  	266      	351     	0.5	0.853568	0.888832	0.0405452            	0.208514	0.357826	1  	0.133262
10 	356  	267      	353     	0.5	0.853832	0.888832	0.0406626            	0.208514	0.358242	1  	0.132913
11 	387  	264      	353     	0.5	0.854686	0.888832	0.0407067            	0.204124	0.356168	1  	0.13311 
12 	374  	258      	354     	0.5	0.854432	0.888832	0.040975             	0.204124	0.358615	1  	0.132592
13 	380  	266      	354     	0.5	0.85494 	0.888832	0.0409811            	0.204124	0.358114	1  	0.13277 
14 	368  	279      	354     	0.5	0.855157	0.890504	0.0410342            	0.204124	0.358912	1  	0.132409
15 	389  	272      	354     	0.5	0.855462	0.890504	0.0411687            	0.204124	0.358913	1  	0.132392
16 	372  	264      	354     	0.5	0.855928	0.890504	0.0413043            	0.204124	0.358425	1  	0.132582
17 	379  	271      	354     	0.5	0.856799	0.890504	0.0408103            	0.204124	0.356555	1  	0.131708
18 	374  	257      	354     	0.5	0.856763	0.890504	0.0418532            	0.2     	0.356695	1  	0.132956
19 	375  	261      	354     	0.5	0.856602	0.892159	0.0418131            	0.2     	0.35927 	1  	0.132092
20 	352  	246      	354     	0.5	0.857975	0.892159	0.0412088            	0.2     	0.355338	1  	0.131655
21 	390  	260      	354     	0.5	0.857116	0.892159	0.0423696            	0.196116	0.359165	1  	0.131926
22 	380  	258      	354     	0.5	0.857407	0.892159	0.04198              	0.196116	0.359461	1  	0.131922
23 	381  	263      	354     	0.5	0.857638	0.892159	0.0420665            	0.196116	0.359524	1  	0.13187 
24 	363  	249      	354     	0.5	0.857824	0.895073	0.042101             	0.196116	0.359594	1  	0.131801
25 	382  	252      	354     	0.5	0.858166	0.895073	0.042096             	0.196116	0.358955	1  	0.132045
26 	360  	263      	354     	0.5	0.858332	0.895073	0.0420833            	0.196116	0.358884	1  	0.132102
27 	380  	257      	354     	0.5	0.858531	0.895073	0.0421613            	0.196116	0.358603	1  	0.132273
28 	385  	265      	354     	0.5	0.859175	0.895073	0.0421724            	0.196116	0.356492	1  	0.132308
29 	369  	254      	354     	0.5	0.859239	0.895073	0.0423785            	0.196116	0.35717 	1  	0.132549
30 	379  	252      	354     	0.5	0.859156	0.895073	0.042357             	0.196116	0.358479	1  	0.132301
31 	379  	252      	354     	0.5	0.859377	0.895073	0.0423933            	0.196116	0.358274	1  	0.132308
32 	372  	243      	354     	0.5	0.859546	0.895073	0.042427             	0.196116	0.357916	1  	0.132414
33 	378  	265      	354     	0.5	0.859529	0.895073	0.0424688            	0.196116	0.358457	1  	0.132374
34 	372  	263      	354     	0.5	0.859915	0.895489	0.0425596            	0.196116	0.357659	1  	0.132413
35 	377  	264      	354     	0.5	0.860169	0.895489	0.0425128            	0.196116	0.357046	1  	0.13221 
36 	384  	263      	354     	0.5	0.860859	0.895489	0.0420814            	0.196116	0.355317	1  	0.131661
37 	367  	253      	354     	0.5	0.860974	0.895489	0.0421398            	0.196116	0.355053	1  	0.131901
38 	376  	250      	354     	0.5	0.861453	0.895489	0.0422684            	0.196116	0.353742	1  	0.132223
39 	399  	253      	354     	0.5	0.861728	0.895489	0.0422916            	0.196116	0.353335	1  	0.132394
40 	370  	255      	354     	0.5	0.861822	0.896709	0.0423312            	0.196116	0.353595	1  	0.132419
41 	372  	254      	354     	0.5	0.862403	0.896709	0.0418789            	0.196116	0.352058	1  	0.131856
42 	386  	266      	354     	0.5	0.862835	0.896709	0.0418039            	0.196116	0.350546	1  	0.131871
43 	376  	273      	354     	0.5	0.862919	0.896709	0.0418174            	0.196116	0.350537	1  	0.131881
44 	387  	258      	354     	0.5	0.86303 	0.896709	0.0418677            	0.196116	0.350184	1  	0.132147
45 	371  	260      	354     	0.5	0.863135	0.896709	0.0419044            	0.196116	0.350343	1  	0.132021
46 	368  	244      	354     	0.5	0.86344 	0.896709	0.0419899            	0.196116	0.349302	1  	0.132428
47 	364  	260      	354     	0.5	0.863717	0.896709	0.0420699            	0.196116	0.348384	1  	0.132736
48 	364  	256      	354     	0.5	0.864553	0.896709	0.0414269            	0.196116	0.345938	1  	0.131734
49 	390  	255      	354     	0.5	0.86463 	0.896709	0.0414485            	0.196116	0.345942	1  	0.131742

STARTING MASTER RUNNER RESAMPLING
Generations completed = 11
Generations completed = 28
Generations completed = 45
MASTER
   	     	         	        	   survival SKSurv Cox model concordance index   	                 root leanness                  
   	     	         	        	-------------------------------------------------	------------------------------------------------
gen	evals	gen_feats	explored	min	avg     	max     	std                  	min     	avg     	max	std     
0  	500  	172      	172     	0.5	0.851492	0.890762	0.036868             	0.19245 	0.333704	1  	0.123057
1  	420  	158      	185     	0.5	0.852784	0.890762	0.0311637            	0.196116	0.349344	1  	0.117982
2  	395  	149      	189     	0.5	0.852804	0.890762	0.0328514            	0.204124	0.357388	1  	0.121823
3  	414  	143      	191     	0.5	0.852723	0.890762	0.0344663            	0.204124	0.359755	1  	0.125043
4  	407  	155      	193     	0.5	0.853176	0.890762	0.0347695            	0.2     	0.359054	1  	0.12666 
5  	413  	148      	193     	0.5	0.853014	0.890762	0.0351935            	0.2     	0.361501	1  	0.126746
6  	418  	150      	193     	0.5	0.852939	0.890762	0.0357478            	0.2     	0.361301	1  	0.127879
7  	415  	157      	193     	0.5	0.853253	0.890762	0.0356989            	0.2     	0.360336	1  	0.127786
8  	414  	162      	194     	0.5	0.85294 	0.890762	0.0361285            	0.2     	0.362345	1  	0.129033
9  	415  	153      	194     	0.5	0.852946	0.890762	0.0361188            	0.2     	0.362596	1  	0.128852
10 	398  	151      	194     	0.5	0.853134	0.890762	0.0361346            	0.2     	0.361823	1  	0.129296
11 	394  	149      	194     	0.5	0.853185	0.890762	0.0361318            	0.2     	0.361691	1  	0.129359
12 	404  	150      	194     	0.5	0.853308	0.890762	0.0360554            	0.2     	0.361169	1  	0.129014
13 	406  	156      	194     	0.5	0.853292	0.890762	0.0361284            	0.2     	0.361331	1  	0.129371
14 	400  	148      	194     	0.5	0.852531	0.890762	0.0372443            	0.2     	0.364576	1  	0.131352
15 	415  	156      	194     	0.5	0.852542	0.890762	0.0372468            	0.2     	0.364576	1  	0.131352
16 	400  	151      	194     	0.5	0.852555	0.890762	0.0372522            	0.2     	0.364576	1  	0.131352
17 	407  	154      	194     	0.5	0.852673	0.890762	0.037184             	0.2     	0.364053	1  	0.131023
18 	425  	159      	194     	0.5	0.852554	0.890762	0.0372536            	0.2     	0.364576	1  	0.131352
19 	396  	143      	194     	0.5	0.852554	0.890762	0.0372538            	0.2     	0.364576	1  	0.131352
20 	417  	147      	194     	0.5	0.852554	0.890762	0.0372538            	0.2     	0.364576	1  	0.131352
21 	408  	154      	194     	0.5	0.852433	0.890762	0.037247             	0.2     	0.365431	1  	0.131074
22 	404  	153      	194     	0.5	0.852472	0.890762	0.0372448            	0.2     	0.365218	1  	0.131091
23 	405  	153      	194     	0.5	0.852474	0.890762	0.0372451            	0.2     	0.365282	1  	0.131068
24 	413  	152      	194     	0.5	0.852474	0.890762	0.0372451            	0.2     	0.365282	1  	0.131068
25 	416  	151      	194     	0.5	0.852474	0.890762	0.0372451            	0.2     	0.365282	1  	0.131068
26 	384  	159      	194     	0.5	0.852475	0.890762	0.0372437            	0.2     	0.365282	1  	0.131068
27 	398  	160      	194     	0.5	0.852475	0.890762	0.0372437            	0.2     	0.365282	1  	0.131068
28 	411  	149      	194     	0.5	0.852475	0.890762	0.0372437            	0.2     	0.365282	1  	0.131068
29 	411  	157      	194     	0.5	0.852499	0.890762	0.0372386            	0.2     	0.365143	1  	0.131018
30 	411  	162      	194     	0.5	0.852499	0.890762	0.0372386            	0.2     	0.365143	1  	0.131018
31 	408  	152      	194     	0.5	0.852499	0.890762	0.0372386            	0.2     	0.365143	1  	0.131018
32 	409  	157      	194     	0.5	0.852473	0.890762	0.0372444            	0.2     	0.365282	1  	0.131068
33 	409  	162      	194     	0.5	0.852475	0.890762	0.0372439            	0.2     	0.365282	1  	0.131068
34 	408  	150      	194     	0.5	0.852475	0.890762	0.0372437            	0.2     	0.365282	1  	0.131068
35 	393  	148      	194     	0.5	0.852439	0.890762	0.0372442            	0.2     	0.365371	1  	0.131061
36 	418  	149      	194     	0.5	0.852433	0.890762	0.0372458            	0.2     	0.365431	1  	0.131074
37 	394  	147      	194     	0.5	0.852446	0.890762	0.0372425            	0.2     	0.365371	1  	0.131061
38 	405  	149      	194     	0.5	0.852478	0.890762	0.0372428            	0.2     	0.365204	1  	0.131031
39 	408  	150      	194     	0.5	0.852475	0.890762	0.0372437            	0.2     	0.365282	1  	0.131068
40 	408  	149      	194     	0.5	0.852475	0.890762	0.0372437            	0.2     	0.365282	1  	0.131068
41 	412  	154      	194     	0.5	0.852475	0.890762	0.0372437            	0.2     	0.365282	1  	0.131068
42 	401  	157      	194     	0.5	0.852476	0.890762	0.0372432            	0.2     	0.365282	1  	0.131068
43 	409  	151      	194     	0.5	0.852479	0.890762	0.0372424            	0.2     	0.365204	1  	0.131031
44 	403  	150      	194     	0.5	0.852473	0.890762	0.0372444            	0.2     	0.365282	1  	0.131068
45 	404  	157      	194     	0.5	0.852473	0.890762	0.0372444            	0.2     	0.365282	1  	0.131068
46 	402  	144      	194     	0.5	0.852475	0.890762	0.0372438            	0.2     	0.365282	1  	0.131068
47 	414  	160      	194     	0.5	0.852475	0.890762	0.0372438            	0.2     	0.365282	1  	0.131068
48 	404  	157      	194     	0.5	0.852475	0.890762	0.0372438            	0.2     	0.365282	1  	0.131068
49 	401  	151      	194     	0.5	0.852479	0.890762	0.0372424            	0.2     	0.365204	1  	0.131031

CURRENT HALLS OF FAME

PARETO FRONT
Number of solutions = 12
(0.8907621354059917, 0.21821789023599236) 20 features: [0_age_at_initial_pathologic_diagnosis, 1_hsa.miR.103a.2.5p, 1_hsa.miR.10b.5p, 1_hsa.miR.1296.5p, 1_hsa.miR.142.5p, 1_hsa.miR.148a.5p, 1_hsa.miR.149.3p, 1_hsa.miR.149.5p, 1_hsa.miR.15b.5p, 1_hsa.miR.222.5p, 1_hsa.miR.23b.5p, 1_hsa.miR.3074.5p, 1_hsa.miR.346, 1_hsa.miR.3913.5p, 1_hsa.miR.432.5p, 1_hsa.miR.550a.3p, 1_hsa.miR.616.3p, 1_hsa.miR.767.5p, 1_hsa.miR.98.5p, 1_hsa.miR.519a.5p]
(0.884436572472449, 0.23570226039551584) 17 features: [0_age_at_initial_pathologic_diagnosis, 1_hsa.let.7a.5p, 1_hsa.miR.103a.2.5p, 1_hsa.miR.10b.5p, 1_hsa.miR.146b.5p, 1_hsa.miR.148a.5p, 1_hsa.miR.15b.5p, 1_hsa.miR.16.5p, 1_hsa.miR.196a.5p, 1_hsa.miR.222.5p, 1_hsa.miR.23b.5p, 1_hsa.miR.346, 1_hsa.miR.432.5p, 1_hsa.miR.4709.3p, 1_hsa.miR.616.3p, 1_hsa.miR.760, 1_hsa.miR.7974]
(0.8817751195933236, 0.25) 15 features: [0_age_at_initial_pathologic_diagnosis, 1_hsa.miR.103a.2.5p, 1_hsa.miR.10b.5p, 1_hsa.miR.1296.5p, 1_hsa.miR.142.5p, 1_hsa.miR.148a.5p, 1_hsa.miR.149.5p, 1_hsa.miR.15b.5p, 1_hsa.miR.16.5p, 1_hsa.miR.222.5p, 1_hsa.miR.23b.5p, 1_hsa.miR.346, 1_hsa.miR.432.5p, 1_hsa.miR.550a.3p, 1_hsa.miR.767.3p]
(0.8815945867313095, 0.2672612419124244) 13 features: [0_age_at_initial_pathologic_diagnosis, 1_hsa.miR.103a.2.5p, 1_hsa.miR.10b.5p, 1_hsa.miR.142.5p, 1_hsa.miR.148a.5p, 1_hsa.miR.149.5p, 1_hsa.miR.15b.5p, 1_hsa.miR.222.5p, 1_hsa.miR.23b.5p, 1_hsa.miR.346, 1_hsa.miR.495.5p, 1_hsa.miR.550a.3p, 1_hsa.miR.767.5p]
(0.8788222016655823, 0.31622776601683794) 9 features: [0_age_at_initial_pathologic_diagnosis, 1_hsa.miR.103a.2.5p, 1_hsa.miR.10b.5p, 1_hsa.miR.1228.3p, 1_hsa.miR.15b.5p, 1_hsa.miR.215.5p, 1_hsa.miR.23b.5p, 1_hsa.miR.346, 1_hsa.miR.432.5p]
(0.876763370166755, 0.3535533905932738) 7 features: [0_age_at_initial_pathologic_diagnosis, 1_hsa.miR.10b.5p, 1_hsa.miR.15b.5p, 1_hsa.miR.215.5p, 1_hsa.miR.23b.5p, 1_hsa.miR.346, 1_hsa.miR.432.5p]
(0.8737819661048558, 0.3779644730092272) 6 features: [0_age_at_initial_pathologic_diagnosis, 1_hsa.miR.10b.5p, 1_hsa.miR.148a.5p, 1_hsa.miR.15b.5p, 1_hsa.miR.23b.5p, 1_hsa.miR.550a.3p]
(0.862112899145209, 0.4472135954999579) 4 features: [0_age_at_initial_pathologic_diagnosis, 1_hsa.miR.10b.5p, 1_hsa.miR.1228.3p, 1_hsa.miR.15b.5p]
(0.8418828772070258, 0.5) [0_age_at_initial_pathologic_diagnosis, 1_hsa.miR.1228.3p, 1_hsa.miR.15b.5p]
(0.8274114328724792, 0.5773502691896257) [0_age_at_initial_pathologic_diagnosis, 1_hsa.miR.146b.5p]
(0.7781995421026123, 0.7071067811865476) [1_hsa.miR.15b.5p]
(0.5, 1.0) []
Features in hall of fame by prevalence:
31 features: [0_age_at_initial_pathologic_diagnosis, 1_hsa.miR.15b.5p, 1_hsa.miR.10b.5p, 1_hsa.miR.23b.5p, 1_hsa.miR.346, 1_hsa.miR.103a.2.5p, 1_hsa.miR.148a.5p, 1_hsa.miR.432.5p, 1_hsa.miR.222.5p, 1_hsa.miR.550a.3p, 1_hsa.miR.1228.3p, 1_hsa.miR.142.5p, 1_hsa.miR.149.5p, 1_hsa.miR.1296.5p, 1_hsa.miR.146b.5p, 1_hsa.miR.16.5p, 1_hsa.miR.215.5p, 1_hsa.miR.616.3p, 1_hsa.miR.767.5p, 1_hsa.let.7a.5p, 1_hsa.miR.149.3p, 1_hsa.miR.196a.5p, 1_hsa.miR.3074.5p, 1_hsa.miR.3913.5p, 1_hsa.miR.4709.3p, 1_hsa.miR.495.5p, 1_hsa.miR.760, 1_hsa.miR.767.3p, 1_hsa.miR.7974, 1_hsa.miR.98.5p, 1_hsa.miR.519a.5p]

LAST POPULATION
Number of solutions = 500
Features in hall of fame by prevalence:
151 features: [1_hsa.miR.10b.5p, 1_hsa.miR.15b.5p, 1_hsa.miR.148a.5p, 1_hsa.miR.346, 0_age_at_initial_pathologic_diagnosis, 1_hsa.miR.23b.5p, 1_hsa.miR.142.5p, 1_hsa.miR.222.5p, 1_hsa.miR.103a.2.5p, 1_hsa.miR.149.5p, 1_hsa.miR.550a.3p, 1_hsa.miR.767.3p, 1_hsa.miR.767.5p, 1_hsa.miR.432.5p, 1_hsa.miR.1296.5p, 1_hsa.miR.29b.2.5p, 1_hsa.miR.98.5p, 1_hsa.miR.543, 1_hsa.miR.215.5p, 1_hsa.miR.146b.5p, 1_hsa.miR.616.3p, 1_hsa.miR.664a.5p, 1_hsa.miR.519a.5p, 1_hsa.miR.618, 1_hsa.miR.495.5p, 1_hsa.miR.6806.3p, 1_hsa.miR.181a.2.3p, 1_hsa.miR.187.3p, 1_hsa.miR.539.3p, 1_hsa.miR.222.3p, 1_hsa.miR.424.5p, 1_hsa.miR.146b.3p, 1_hsa.miR.3913.5p, 1_hsa.miR.10b.3p, 1_hsa.miR.218.5p, 1_hsa.miR.3923, 1_hsa.miR.487b.5p, 1_hsa.miR.335.3p, 1_hsa.miR.769.3p, 1_hsa.miR.376b.5p, 1_hsa.miR.106b.3p, 1_hsa.miR.27b.3p, 1_hsa.miR.335.5p, 1_hsa.miR.651.5p, 1_hsa.miR.21.3p, 1_hsa.miR.25.5p, 1_hsa.miR.3074.5p, 1_hsa.miR.342.5p, 1_hsa.miR.361.3p, 1_hsa.miR.877.5p, 1_hsa.let.7e.5p, 1_hsa.miR.1228.3p, 1_hsa.miR.22.3p, 1_hsa.let.7i.5p, 1_hsa.miR.1306.3p, 1_hsa.miR.149.3p, 1_hsa.miR.154.5p, 1_hsa.miR.16.5p, 1_hsa.miR.214.5p, 1_hsa.miR.26a.5p, 1_hsa.miR.431.5p, 1_hsa.miR.4709.3p, 1_hsa.miR.615.3p, 1_hsa.miR.664a.3p, 1_hsa.miR.6842.3p, 1_hsa.miR.135a.3p, 1_hsa.miR.140.5p, 1_hsa.miR.196a.5p, 1_hsa.miR.212.3p, 1_hsa.miR.301b, 1_hsa.miR.30e.5p, 1_hsa.miR.320b, 1_hsa.let.7d.5p, 1_hsa.miR.1226.3p, 1_hsa.miR.135b.5p, 1_hsa.miR.136.5p, 1_hsa.miR.148b.3p, 1_hsa.miR.155.5p, 1_hsa.miR.16.1.3p, 1_hsa.miR.196b.5p, 1_hsa.miR.204.3p, 1_hsa.miR.330.5p, 1_hsa.miR.365b.3p, 1_hsa.miR.423.5p, 1_hsa.miR.766.3p, 1_hsa.miR.942.5p, 1_hsa.miR.5584.5p, 1_hsa.miR.1307.5p, 1_hsa.miR.132.5p, 1_hsa.miR.148b.5p, 1_hsa.miR.155.3p, 1_hsa.miR.15b.3p, 1_hsa.miR.193a.3p, 1_hsa.miR.21.5p, 1_hsa.miR.299.3p, 1_hsa.miR.31.5p, 1_hsa.miR.33a.3p, 1_hsa.miR.370.3p, 1_hsa.miR.375, 1_hsa.miR.382.5p, ...]

BEST SUMS WITH SIZE 50
Number of solutions = 50
Features in hall of fame by prevalence:
37 features: [0_age_at_initial_pathologic_diagnosis, 1_hsa.miR.146b.3p, 1_hsa.miR.15b.5p, 1_hsa.miR.335.3p, 1_hsa.let.7e.5p, 1_hsa.miR.10b.5p, 1_hsa.miR.146b.5p, 1_hsa.miR.149.3p, 1_hsa.miR.155.5p, 1_hsa.miR.196a.5p, 1_hsa.miR.21.3p, 1_hsa.miR.671.5p, 1_hsa.miR.6892.5p, 1_hsa.miR.10b.3p, 1_hsa.miR.135b.5p, 1_hsa.miR.148a.3p, 1_hsa.miR.148a.5p, 1_hsa.miR.15b.3p, 1_hsa.miR.16.2.3p, 1_hsa.miR.16.5p, 1_hsa.miR.199b.5p, 1_hsa.miR.221.3p, 1_hsa.miR.221.5p, 1_hsa.miR.222.3p, 1_hsa.miR.222.5p, 1_hsa.miR.23b.5p, 1_hsa.miR.25.3p, 1_hsa.miR.335.5p, 1_hsa.miR.3677.3p, 1_hsa.miR.378a.3p, 1_hsa.miR.431.5p, 1_hsa.miR.4677.3p, 1_hsa.miR.4746.5p, 1_hsa.miR.615.3p, 1_hsa.miR.6509.5p, 1_hsa.miR.651.5p, 1_hsa.miR.9.5p]

BEST SUMS WITH SIZE 100
Number of solutions = 100
Features in hall of fame by prevalence:
40 features: [0_age_at_initial_pathologic_diagnosis, 1_hsa.miR.15b.5p, 1_hsa.miR.10b.5p, 1_hsa.miR.10b.3p, 1_hsa.miR.148a.5p, 1_hsa.miR.222.3p, 1_hsa.miR.222.5p, 1_hsa.miR.335.3p, 1_hsa.miR.146b.3p, 1_hsa.miR.146b.5p, 1_hsa.miR.196a.5p, 1_hsa.miR.155.5p, 1_hsa.miR.199b.5p, 1_hsa.miR.21.3p, 1_hsa.miR.221.3p, 1_hsa.miR.23b.5p, 1_hsa.miR.615.3p, 1_hsa.miR.651.5p, 1_hsa.let.7e.5p, 1_hsa.miR.135b.5p, 1_hsa.miR.148a.3p, 1_hsa.miR.149.3p, 1_hsa.miR.15b.3p, 1_hsa.miR.16.2.3p, 1_hsa.miR.16.5p, 1_hsa.miR.221.5p, 1_hsa.miR.335.5p, 1_hsa.miR.3677.3p, 1_hsa.miR.431.5p, 1_hsa.miR.4677.3p, 1_hsa.miR.4746.5p, 1_hsa.miR.671.5p, 1_hsa.miR.6892.5p, 1_hsa.miR.9.5p, 1_hsa.miR.1228.3p, 1_hsa.miR.1307.5p, 1_hsa.miR.136.5p, 1_hsa.miR.25.3p, 1_hsa.miR.378a.3p, 1_hsa.miR.6509.5p]
Optimization on fold finished in 00-05:51:32

FEATURE SETS SELECTED

PARETO FRONT
Number of solutions = 12
(0.8907621354059917, 0.21821789023599236) 20 features: [0_age_at_initial_pathologic_diagnosis, 1_hsa.miR.103a.2.5p, 1_hsa.miR.10b.5p, 1_hsa.miR.1296.5p, 1_hsa.miR.142.5p, 1_hsa.miR.148a.5p, 1_hsa.miR.149.3p, 1_hsa.miR.149.5p, 1_hsa.miR.15b.5p, 1_hsa.miR.222.5p, 1_hsa.miR.23b.5p, 1_hsa.miR.3074.5p, 1_hsa.miR.346, 1_hsa.miR.3913.5p, 1_hsa.miR.432.5p, 1_hsa.miR.550a.3p, 1_hsa.miR.616.3p, 1_hsa.miR.767.5p, 1_hsa.miR.98.5p, 1_hsa.miR.519a.5p]
(0.884436572472449, 0.23570226039551584) 17 features: [0_age_at_initial_pathologic_diagnosis, 1_hsa.let.7a.5p, 1_hsa.miR.103a.2.5p, 1_hsa.miR.10b.5p, 1_hsa.miR.146b.5p, 1_hsa.miR.148a.5p, 1_hsa.miR.15b.5p, 1_hsa.miR.16.5p, 1_hsa.miR.196a.5p, 1_hsa.miR.222.5p, 1_hsa.miR.23b.5p, 1_hsa.miR.346, 1_hsa.miR.432.5p, 1_hsa.miR.4709.3p, 1_hsa.miR.616.3p, 1_hsa.miR.760, 1_hsa.miR.7974]
(0.8817751195933236, 0.25) 15 features: [0_age_at_initial_pathologic_diagnosis, 1_hsa.miR.103a.2.5p, 1_hsa.miR.10b.5p, 1_hsa.miR.1296.5p, 1_hsa.miR.142.5p, 1_hsa.miR.148a.5p, 1_hsa.miR.149.5p, 1_hsa.miR.15b.5p, 1_hsa.miR.16.5p, 1_hsa.miR.222.5p, 1_hsa.miR.23b.5p, 1_hsa.miR.346, 1_hsa.miR.432.5p, 1_hsa.miR.550a.3p, 1_hsa.miR.767.3p]
(0.8815945867313095, 0.2672612419124244) 13 features: [0_age_at_initial_pathologic_diagnosis, 1_hsa.miR.103a.2.5p, 1_hsa.miR.10b.5p, 1_hsa.miR.142.5p, 1_hsa.miR.148a.5p, 1_hsa.miR.149.5p, 1_hsa.miR.15b.5p, 1_hsa.miR.222.5p, 1_hsa.miR.23b.5p, 1_hsa.miR.346, 1_hsa.miR.495.5p, 1_hsa.miR.550a.3p, 1_hsa.miR.767.5p]
(0.8788222016655823, 0.31622776601683794) 9 features: [0_age_at_initial_pathologic_diagnosis, 1_hsa.miR.103a.2.5p, 1_hsa.miR.10b.5p, 1_hsa.miR.1228.3p, 1_hsa.miR.15b.5p, 1_hsa.miR.215.5p, 1_hsa.miR.23b.5p, 1_hsa.miR.346, 1_hsa.miR.432.5p]
(0.876763370166755, 0.3535533905932738) 7 features: [0_age_at_initial_pathologic_diagnosis, 1_hsa.miR.10b.5p, 1_hsa.miR.15b.5p, 1_hsa.miR.215.5p, 1_hsa.miR.23b.5p, 1_hsa.miR.346, 1_hsa.miR.432.5p]
(0.8737819661048558, 0.3779644730092272) 6 features: [0_age_at_initial_pathologic_diagnosis, 1_hsa.miR.10b.5p, 1_hsa.miR.148a.5p, 1_hsa.miR.15b.5p, 1_hsa.miR.23b.5p, 1_hsa.miR.550a.3p]
(0.862112899145209, 0.4472135954999579) 4 features: [0_age_at_initial_pathologic_diagnosis, 1_hsa.miR.10b.5p, 1_hsa.miR.1228.3p, 1_hsa.miR.15b.5p]
(0.8418828772070258, 0.5) [0_age_at_initial_pathologic_diagnosis, 1_hsa.miR.1228.3p, 1_hsa.miR.15b.5p]
(0.8274114328724792, 0.5773502691896257) [0_age_at_initial_pathologic_diagnosis, 1_hsa.miR.146b.5p]
(0.7781995421026123, 0.7071067811865476) [1_hsa.miR.15b.5p]
(0.5, 1.0) []
Features in hall of fame by prevalence:
31 features: [0_age_at_initial_pathologic_diagnosis, 1_hsa.miR.15b.5p, 1_hsa.miR.10b.5p, 1_hsa.miR.23b.5p, 1_hsa.miR.346, 1_hsa.miR.103a.2.5p, 1_hsa.miR.148a.5p, 1_hsa.miR.432.5p, 1_hsa.miR.222.5p, 1_hsa.miR.550a.3p, 1_hsa.miR.1228.3p, 1_hsa.miR.142.5p, 1_hsa.miR.149.5p, 1_hsa.miR.1296.5p, 1_hsa.miR.146b.5p, 1_hsa.miR.16.5p, 1_hsa.miR.215.5p, 1_hsa.miR.616.3p, 1_hsa.miR.767.5p, 1_hsa.let.7a.5p, 1_hsa.miR.149.3p, 1_hsa.miR.196a.5p, 1_hsa.miR.3074.5p, 1_hsa.miR.3913.5p, 1_hsa.miR.4709.3p, 1_hsa.miR.495.5p, 1_hsa.miR.760, 1_hsa.miR.767.3p, 1_hsa.miR.7974, 1_hsa.miR.98.5p, 1_hsa.miR.519a.5p]

LAST POPULATION
Number of solutions = 500
Features in hall of fame by prevalence:
151 features: [1_hsa.miR.10b.5p, 1_hsa.miR.15b.5p, 1_hsa.miR.148a.5p, 1_hsa.miR.346, 0_age_at_initial_pathologic_diagnosis, 1_hsa.miR.23b.5p, 1_hsa.miR.142.5p, 1_hsa.miR.222.5p, 1_hsa.miR.103a.2.5p, 1_hsa.miR.149.5p, 1_hsa.miR.550a.3p, 1_hsa.miR.767.3p, 1_hsa.miR.767.5p, 1_hsa.miR.432.5p, 1_hsa.miR.1296.5p, 1_hsa.miR.29b.2.5p, 1_hsa.miR.98.5p, 1_hsa.miR.543, 1_hsa.miR.215.5p, 1_hsa.miR.146b.5p, 1_hsa.miR.616.3p, 1_hsa.miR.664a.5p, 1_hsa.miR.519a.5p, 1_hsa.miR.618, 1_hsa.miR.495.5p, 1_hsa.miR.6806.3p, 1_hsa.miR.181a.2.3p, 1_hsa.miR.187.3p, 1_hsa.miR.539.3p, 1_hsa.miR.222.3p, 1_hsa.miR.424.5p, 1_hsa.miR.146b.3p, 1_hsa.miR.3913.5p, 1_hsa.miR.10b.3p, 1_hsa.miR.218.5p, 1_hsa.miR.3923, 1_hsa.miR.487b.5p, 1_hsa.miR.335.3p, 1_hsa.miR.769.3p, 1_hsa.miR.376b.5p, 1_hsa.miR.106b.3p, 1_hsa.miR.27b.3p, 1_hsa.miR.335.5p, 1_hsa.miR.651.5p, 1_hsa.miR.21.3p, 1_hsa.miR.25.5p, 1_hsa.miR.3074.5p, 1_hsa.miR.342.5p, 1_hsa.miR.361.3p, 1_hsa.miR.877.5p, 1_hsa.let.7e.5p, 1_hsa.miR.1228.3p, 1_hsa.miR.22.3p, 1_hsa.let.7i.5p, 1_hsa.miR.1306.3p, 1_hsa.miR.149.3p, 1_hsa.miR.154.5p, 1_hsa.miR.16.5p, 1_hsa.miR.214.5p, 1_hsa.miR.26a.5p, 1_hsa.miR.431.5p, 1_hsa.miR.4709.3p, 1_hsa.miR.615.3p, 1_hsa.miR.664a.3p, 1_hsa.miR.6842.3p, 1_hsa.miR.135a.3p, 1_hsa.miR.140.5p, 1_hsa.miR.196a.5p, 1_hsa.miR.212.3p, 1_hsa.miR.301b, 1_hsa.miR.30e.5p, 1_hsa.miR.320b, 1_hsa.let.7d.5p, 1_hsa.miR.1226.3p, 1_hsa.miR.135b.5p, 1_hsa.miR.136.5p, 1_hsa.miR.148b.3p, 1_hsa.miR.155.5p, 1_hsa.miR.16.1.3p, 1_hsa.miR.196b.5p, 1_hsa.miR.204.3p, 1_hsa.miR.330.5p, 1_hsa.miR.365b.3p, 1_hsa.miR.423.5p, 1_hsa.miR.766.3p, 1_hsa.miR.942.5p, 1_hsa.miR.5584.5p, 1_hsa.miR.1307.5p, 1_hsa.miR.132.5p, 1_hsa.miR.148b.5p, 1_hsa.miR.155.3p, 1_hsa.miR.15b.3p, 1_hsa.miR.193a.3p, 1_hsa.miR.21.5p, 1_hsa.miR.299.3p, 1_hsa.miR.31.5p, 1_hsa.miR.33a.3p, 1_hsa.miR.370.3p, 1_hsa.miR.375, 1_hsa.miR.382.5p, ...]

BEST SUMS WITH SIZE 50
Number of solutions = 50
Features in hall of fame by prevalence:
37 features: [0_age_at_initial_pathologic_diagnosis, 1_hsa.miR.146b.3p, 1_hsa.miR.15b.5p, 1_hsa.miR.335.3p, 1_hsa.let.7e.5p, 1_hsa.miR.10b.5p, 1_hsa.miR.146b.5p, 1_hsa.miR.149.3p, 1_hsa.miR.155.5p, 1_hsa.miR.196a.5p, 1_hsa.miR.21.3p, 1_hsa.miR.671.5p, 1_hsa.miR.6892.5p, 1_hsa.miR.10b.3p, 1_hsa.miR.135b.5p, 1_hsa.miR.148a.3p, 1_hsa.miR.148a.5p, 1_hsa.miR.15b.3p, 1_hsa.miR.16.2.3p, 1_hsa.miR.16.5p, 1_hsa.miR.199b.5p, 1_hsa.miR.221.3p, 1_hsa.miR.221.5p, 1_hsa.miR.222.3p, 1_hsa.miR.222.5p, 1_hsa.miR.23b.5p, 1_hsa.miR.25.3p, 1_hsa.miR.335.5p, 1_hsa.miR.3677.3p, 1_hsa.miR.378a.3p, 1_hsa.miR.431.5p, 1_hsa.miR.4677.3p, 1_hsa.miR.4746.5p, 1_hsa.miR.615.3p, 1_hsa.miR.6509.5p, 1_hsa.miR.651.5p, 1_hsa.miR.9.5p]

BEST SUMS WITH SIZE 100
Number of solutions = 100
Features in hall of fame by prevalence:
40 features: [0_age_at_initial_pathologic_diagnosis, 1_hsa.miR.15b.5p, 1_hsa.miR.10b.5p, 1_hsa.miR.10b.3p, 1_hsa.miR.148a.5p, 1_hsa.miR.222.3p, 1_hsa.miR.222.5p, 1_hsa.miR.335.3p, 1_hsa.miR.146b.3p, 1_hsa.miR.146b.5p, 1_hsa.miR.196a.5p, 1_hsa.miR.155.5p, 1_hsa.miR.199b.5p, 1_hsa.miR.21.3p, 1_hsa.miR.221.3p, 1_hsa.miR.23b.5p, 1_hsa.miR.615.3p, 1_hsa.miR.651.5p, 1_hsa.let.7e.5p, 1_hsa.miR.135b.5p, 1_hsa.miR.148a.3p, 1_hsa.miR.149.3p, 1_hsa.miR.15b.3p, 1_hsa.miR.16.2.3p, 1_hsa.miR.16.5p, 1_hsa.miR.221.5p, 1_hsa.miR.335.5p, 1_hsa.miR.3677.3p, 1_hsa.miR.431.5p, 1_hsa.miR.4677.3p, 1_hsa.miR.4746.5p, 1_hsa.miR.671.5p, 1_hsa.miR.6892.5p, 1_hsa.miR.9.5p, 1_hsa.miR.1228.3p, 1_hsa.miR.1307.5p, 1_hsa.miR.136.5p, 1_hsa.miR.25.3p, 1_hsa.miR.378a.3p, 1_hsa.miR.6509.5p]
