
OPTIMIZING FINAL MODEL ON WHOLE DATASET

COMPUTING LOCAL ACTIVE FEATURES
Computing active features for view clinic
Existing features: 7
Applying union strategy for feature selection using composite feature selector with
categorical: feature selector any na and anova
survival: feature selector Cox

Computing active features for outcome survival
Features selected for this outcome: 2
Features active in total: 2
Computing active features for view log_mirna
Existing features: 739
Applying union strategy for feature selection using composite feature selector with
categorical: feature selector any na and anova
survival: feature selector Cox

Computing active features for outcome survival
Features selected for this outcome: 174
Features active in total: 174
Computing feature importance
Running optimizer

STARTING 2-STEPS GENETIC ALGORITHM

CREATING INNER FOLDS

ASSIGNING STRATA FOR MULTI-OUTCOME DATA SARC_MV
Assigning strata for outcome named survival of type survival
Counts:
censored 0: 30
censored 1: 94
deceased 0: 35
deceased 1: 35

STARTING SWEEP NUMBER 1
folds_creator_seed = 3622493611

ASSIGNING STRATA FOR MULTI-OUTCOME DATA SARC_MV
Assigning strata for outcome named survival of type survival
Counts:
censored 0: 30
censored 1: 94
deceased 0: 35
deceased 1: 35
ga_runner_seed = 2190067087
VIEW: CLINIC
   	     	         	        	   survival SKSurv Cox model concordance index   	             root leanness              
   	     	         	        	-------------------------------------------------	----------------------------------------
gen	evals	gen_feats	explored	min	avg     	max     	std                  	min    	avg     	max	std     
0  	500  	2        	2       	0.5	0.577837	0.652638	0.0640348            	0.57735	0.766021	1  	0.179476
1  	300  	2        	2       	0.5	0.580386	0.652638	0.0553663            	0.57735	0.747891	1  	0.154895
2  	323  	2        	2       	0.5	0.580386	0.652638	0.0553663            	0.57735	0.747891	1  	0.154895
3  	312  	2        	2       	0.5	0.580386	0.652638	0.0553663            	0.57735	0.747891	1  	0.154895
4  	323  	2        	2       	0.5	0.580386	0.652638	0.0553663            	0.57735	0.747891	1  	0.154895
5  	297  	2        	2       	0.5	0.580386	0.652638	0.0553663            	0.57735	0.747891	1  	0.154895
6  	312  	2        	2       	0.5	0.580386	0.652638	0.0553663            	0.57735	0.747891	1  	0.154895
7  	313  	2        	2       	0.5	0.580386	0.652638	0.0553663            	0.57735	0.747891	1  	0.154895
8  	292  	2        	2       	0.5	0.580386	0.652638	0.0553663            	0.57735	0.747891	1  	0.154895
9  	308  	2        	2       	0.5	0.580386	0.652638	0.0553663            	0.57735	0.747891	1  	0.154895
10 	309  	2        	2       	0.5	0.580386	0.652638	0.0553663            	0.57735	0.747891	1  	0.154895
11 	298  	2        	2       	0.5	0.580386	0.652638	0.0553663            	0.57735	0.747891	1  	0.154895
12 	290  	2        	2       	0.5	0.580386	0.652638	0.0553663            	0.57735	0.747891	1  	0.154895
13 	310  	2        	2       	0.5	0.580386	0.652638	0.0553663            	0.57735	0.747891	1  	0.154895
14 	311  	2        	2       	0.5	0.580386	0.652638	0.0553663            	0.57735	0.747891	1  	0.154895
15 	315  	2        	2       	0.5	0.580386	0.652638	0.0553663            	0.57735	0.747891	1  	0.154895
16 	306  	2        	2       	0.5	0.580386	0.652638	0.0553663            	0.57735	0.747891	1  	0.154895
17 	306  	2        	2       	0.5	0.580386	0.652638	0.0553663            	0.57735	0.747891	1  	0.154895
18 	305  	2        	2       	0.5	0.580386	0.652638	0.0553663            	0.57735	0.747891	1  	0.154895
19 	298  	2        	2       	0.5	0.580386	0.652638	0.0553663            	0.57735	0.747891	1  	0.154895
20 	300  	2        	2       	0.5	0.580386	0.652638	0.0553663            	0.57735	0.747891	1  	0.154895
21 	322  	2        	2       	0.5	0.580386	0.652638	0.0553663            	0.57735	0.747891	1  	0.154895
22 	314  	2        	2       	0.5	0.580386	0.652638	0.0553663            	0.57735	0.747891	1  	0.154895
23 	312  	2        	2       	0.5	0.580386	0.652638	0.0553663            	0.57735	0.747891	1  	0.154895
24 	316  	2        	2       	0.5	0.580386	0.652638	0.0553663            	0.57735	0.747891	1  	0.154895
25 	305  	2        	2       	0.5	0.580386	0.652638	0.0553663            	0.57735	0.747891	1  	0.154895
26 	314  	2        	2       	0.5	0.580386	0.652638	0.0553663            	0.57735	0.747891	1  	0.154895
27 	313  	2        	2       	0.5	0.580386	0.652638	0.0553663            	0.57735	0.747891	1  	0.154895
28 	308  	2        	2       	0.5	0.580386	0.652638	0.0553663            	0.57735	0.747891	1  	0.154895
29 	320  	2        	2       	0.5	0.580386	0.652638	0.0553663            	0.57735	0.747891	1  	0.154895
30 	314  	2        	2       	0.5	0.580386	0.652638	0.0553663            	0.57735	0.747891	1  	0.154895
31 	290  	2        	2       	0.5	0.580386	0.652638	0.0553663            	0.57735	0.747891	1  	0.154895
32 	314  	2        	2       	0.5	0.580386	0.652638	0.0553663            	0.57735	0.747891	1  	0.154895
33 	319  	2        	2       	0.5	0.580386	0.652638	0.0553663            	0.57735	0.747891	1  	0.154895
34 	287  	2        	2       	0.5	0.580386	0.652638	0.0553663            	0.57735	0.747891	1  	0.154895
35 	304  	2        	2       	0.5	0.580386	0.652638	0.0553663            	0.57735	0.747891	1  	0.154895
36 	315  	2        	2       	0.5	0.580386	0.652638	0.0553663            	0.57735	0.747891	1  	0.154895
37 	304  	2        	2       	0.5	0.580386	0.652638	0.0553663            	0.57735	0.747891	1  	0.154895
38 	292  	2        	2       	0.5	0.580386	0.652638	0.0553663            	0.57735	0.747891	1  	0.154895
39 	290  	2        	2       	0.5	0.580386	0.652638	0.0553663            	0.57735	0.747891	1  	0.154895
40 	309  	2        	2       	0.5	0.580386	0.652638	0.0553663            	0.57735	0.747891	1  	0.154895
41 	313  	2        	2       	0.5	0.580386	0.652638	0.0553663            	0.57735	0.747891	1  	0.154895
42 	321  	2        	2       	0.5	0.580386	0.652638	0.0553663            	0.57735	0.747891	1  	0.154895
43 	303  	2        	2       	0.5	0.580386	0.652638	0.0553663            	0.57735	0.747891	1  	0.154895
44 	303  	2        	2       	0.5	0.580386	0.652638	0.0553663            	0.57735	0.747891	1  	0.154895
45 	318  	2        	2       	0.5	0.580386	0.652638	0.0553663            	0.57735	0.747891	1  	0.154895
46 	308  	2        	2       	0.5	0.580386	0.652638	0.0553663            	0.57735	0.747891	1  	0.154895
47 	308  	2        	2       	0.5	0.580386	0.652638	0.0553663            	0.57735	0.747891	1  	0.154895
48 	308  	2        	2       	0.5	0.580386	0.652638	0.0553663            	0.57735	0.747891	1  	0.154895
49 	325  	2        	2       	0.5	0.580386	0.652638	0.0553663            	0.57735	0.747891	1  	0.154895

ASSIGNING STRATA FOR MULTI-OUTCOME DATA SARC_MV
Assigning strata for outcome named survival of type survival
Counts:
censored 0: 30
censored 1: 94
deceased 0: 35
deceased 1: 35
VIEW: LOG_MIRNA
   	     	         	        	   survival SKSurv Cox model concordance index   	                  root leanness                  
   	     	         	        	-------------------------------------------------	-------------------------------------------------
gen	evals	gen_feats	explored	min	avg     	max     	std                  	min     	avg     	max	std      
0  	500  	5        	5       	0.5	0.686874	0.693445	0.027594             	0.408248	0.429408	1  	0.0902335
1  	324  	135      	135     	0.5	0.675818	0.723194	0.0387193            	0.316228	0.452102	1  	0.123034 
2  	351  	158      	168     	0.5	0.670974	0.729499	0.0302102            	0.288675	0.426681	1  	0.0906777
3  	388  	169      	174     	0.5	0.671764	0.743901	0.0348883            	0.301511	0.440237	1  	0.0897605
4  	359  	166      	174     	0.5	0.669692	0.743901	0.0397012            	0.301511	0.462301	1  	0.100468 
5  	395  	163      	174     	0.5	0.673159	0.743901	0.0393818            	0.301511	0.46702 	1  	0.106314 
6  	374  	160      	174     	0.5	0.675477	0.743901	0.0407022            	0.301511	0.469533	1  	0.110699 
7  	363  	167      	174     	0.5	0.677448	0.743901	0.042999             	0.301511	0.46917 	1  	0.116527 
8  	365  	157      	174     	0.5	0.679382	0.747571	0.0457881            	0.288675	0.468711	1  	0.122212 
9  	372  	161      	174     	0.5	0.684446	0.752663	0.0435169            	0.27735 	0.461057	1  	0.123854 
10 	378  	165      	174     	0.5	0.688169	0.752663	0.0428436            	0.288675	0.456931	1  	0.12413  
11 	386  	161      	174     	0.5	0.692877	0.752663	0.0424693            	0.27735 	0.450987	1  	0.124443 
12 	377  	163      	174     	0.5	0.69515 	0.755842	0.0426765            	0.27735 	0.449879	1  	0.125173 
13 	389  	162      	174     	0.5	0.697988	0.756471	0.04281              	0.267261	0.447675	1  	0.12533  
14 	373  	162      	174     	0.5	0.700803	0.756471	0.042946             	0.267261	0.444576	1  	0.125938 
15 	385  	163      	174     	0.5	0.702974	0.762594	0.0433289            	0.267261	0.445436	1  	0.125634 
16 	382  	163      	174     	0.5	0.705242	0.762594	0.0438863            	0.267261	0.443699	1  	0.126861 
17 	391  	162      	174     	0.5	0.708769	0.762594	0.0432465            	0.258199	0.437006	1  	0.126953 
18 	387  	161      	174     	0.5	0.710917	0.765299	0.0436444            	0.258199	0.434618	1  	0.127046 
19 	373  	159      	174     	0.5	0.712791	0.765617	0.0437737            	0.258199	0.432279	1  	0.12697  
20 	385  	164      	174     	0.5	0.714733	0.765617	0.0440445            	0.25    	0.429479	1  	0.127305 
21 	384  	158      	174     	0.5	0.71585 	0.765617	0.0444667            	0.267261	0.429384	1  	0.12723  
22 	368  	160      	174     	0.5	0.716046	0.765617	0.0452612            	0.258199	0.431726	1  	0.127233 
23 	374  	159      	174     	0.5	0.717543	0.765617	0.0449165            	0.242536	0.429557	1  	0.127329 
24 	366  	160      	174     	0.5	0.719136	0.767283	0.0449413            	0.242536	0.425985	1  	0.128164 
25 	369  	145      	174     	0.5	0.720042	0.768489	0.0453099            	0.242536	0.425323	1  	0.128284 
26 	375  	156      	174     	0.5	0.721201	0.768489	0.0451692            	0.242536	0.423527	1  	0.128285 
27 	383  	162      	174     	0.5	0.722492	0.768489	0.0449223            	0.242536	0.420645	1  	0.128524 
28 	368  	156      	174     	0.5	0.723439	0.768489	0.0451937            	0.242536	0.418939	1  	0.128951 
29 	364  	160      	174     	0.5	0.725086	0.77505 	0.0446454            	0.242536	0.415619	1  	0.128373 
30 	380  	159      	174     	0.5	0.725812	0.77505 	0.0448706            	0.242536	0.415147	1  	0.128488 
31 	354  	159      	174     	0.5	0.726602	0.779391	0.0451528            	0.242536	0.414632	1  	0.128807 
32 	385  	158      	174     	0.5	0.727299	0.779391	0.0455254            	0.242536	0.414457	1  	0.128862 
33 	379  	153      	174     	0.5	0.728565	0.779391	0.0453929            	0.242536	0.412093	1  	0.128745 
34 	359  	159      	174     	0.5	0.729918	0.783416	0.0452687            	0.223607	0.408936	1  	0.128997 
35 	376  	159      	174     	0.5	0.730293	0.783416	0.045441             	0.223607	0.40865 	1  	0.129245 
36 	381  	155      	174     	0.5	0.73146 	0.783416	0.0452251            	0.223607	0.405395	1  	0.129631 
37 	371  	158      	174     	0.5	0.731953	0.783416	0.0455678            	0.223607	0.405295	1  	0.129766 
38 	362  	162      	174     	0.5	0.73325 	0.783416	0.0452694            	0.223607	0.402182	1  	0.129835 
39 	380  	160      	174     	0.5	0.733822	0.793709	0.0457033            	0.218218	0.401613	1  	0.130406 
40 	389  	160      	174     	0.5	0.73513 	0.793709	0.0455467            	0.218218	0.398325	1  	0.130535 
41 	384  	152      	174     	0.5	0.735779	0.794106	0.0458761            	0.218218	0.398209	1  	0.13067  
42 	386  	163      	174     	0.5	0.737323	0.798453	0.045849             	0.208514	0.394364	1  	0.131287 
43 	381  	154      	174     	0.5	0.73831 	0.798453	0.0460828            	0.208514	0.391892	1  	0.1322   
44 	384  	160      	174     	0.5	0.739846	0.798453	0.0462528            	0.208514	0.388474	1  	0.132701 
45 	379  	158      	174     	0.5	0.742026	0.802568	0.0457044            	0.208514	0.383379	1  	0.132374 
46 	367  	152      	174     	0.5	0.744898	0.802568	0.0451198            	0.208514	0.37481 	1  	0.132921 
47 	386  	158      	174     	0.5	0.746567	0.802568	0.0449704            	0.208514	0.370801	1  	0.132962 
48 	370  	156      	174     	0.5	0.747186	0.802568	0.0453591            	0.213201	0.370933	1  	0.132834 
49 	378  	154      	174     	0.5	0.747913	0.803456	0.0458388            	0.218218	0.370384	1  	0.133158 

STARTING MASTER RUNNER RESAMPLING
Generations completed = 6
Generations completed = 16
Generations completed = 26
Generations completed = 35
Generations completed = 45
MASTER
   	     	         	        	       survival SKSurv Cox model concordance index       	                     root leanness                      
   	     	         	        	---------------------------------------------------------	--------------------------------------------------------
gen	evals	gen_feats	explored	min     	avg     	max     	std             	min     	avg     	max     	std     
0  	500  	113      	113     	0.568239	0.718951	0.775213	0.0338841       	0.208514	0.345534	0.707107	0.106184
1  	410  	109      	121     	0.568239	0.72656 	0.78332 	0.0347862       	0.208514	0.356559	0.707107	0.110952
2  	416  	106      	122     	0.568239	0.729678	0.78332 	0.0370114       	0.213201	0.363793	0.707107	0.113885
3  	411  	100      	123     	0.5     	0.731579	0.78332 	0.0385734       	0.213201	0.366303	1       	0.12186 
4  	388  	111      	124     	0.5     	0.732245	0.78332 	0.0395569       	0.213201	0.371519	1       	0.124314
5  	413  	108      	124     	0.5     	0.733017	0.78332 	0.040147        	0.213201	0.373024	1       	0.127421
6  	414  	103      	126     	0.5     	0.733526	0.78332 	0.0401572       	0.213201	0.3749  	1       	0.127523
7  	401  	111      	126     	0.5     	0.734289	0.78332 	0.0399949       	0.213201	0.37325 	1       	0.127321
8  	410  	104      	126     	0.5     	0.734541	0.78332 	0.0400344       	0.213201	0.373047	1       	0.127485
9  	398  	105      	126     	0.5     	0.734533	0.78332 	0.0408198       	0.213201	0.373005	1       	0.12953 
10 	397  	106      	126     	0.5     	0.734907	0.78332 	0.04072         	0.213201	0.372279	1       	0.129394
11 	406  	108      	126     	0.5     	0.735067	0.78332 	0.0408068       	0.213201	0.37253 	1       	0.129184
12 	399  	107      	126     	0.5     	0.734916	0.78332 	0.0410636       	0.213201	0.373449	1       	0.129921
13 	415  	105      	126     	0.5     	0.734746	0.78332 	0.0414173       	0.213201	0.373936	1       	0.13093 
14 	409  	106      	126     	0.5     	0.734622	0.78332 	0.0417908       	0.213201	0.374525	1       	0.131798
15 	404  	107      	126     	0.5     	0.734608	0.78332 	0.041789        	0.213201	0.374565	1       	0.131788
16 	397  	100      	126     	0.5     	0.73466 	0.78332 	0.0418074       	0.213201	0.374705	1       	0.131722
17 	402  	100      	126     	0.5     	0.734675	0.78332 	0.0421579       	0.213201	0.374659	1       	0.132267
18 	389  	107      	126     	0.5     	0.734864	0.78332 	0.0420847       	0.213201	0.374343	1       	0.132358
19 	407  	104      	126     	0.5     	0.734782	0.78332 	0.0423341       	0.213201	0.374501	1       	0.13319 
20 	393  	102      	126     	0.5     	0.734782	0.78332 	0.0423341       	0.213201	0.374501	1       	0.13319 
21 	396  	102      	126     	0.5     	0.734808	0.78332 	0.0423491       	0.213201	0.37449 	1       	0.133202
22 	401  	105      	126     	0.5     	0.734822	0.78332 	0.0423545       	0.213201	0.374359	1       	0.133307
23 	415  	102      	126     	0.5     	0.734827	0.78332 	0.0423472       	0.213201	0.374385	1       	0.133291
24 	406  	101      	126     	0.5     	0.734841	0.78332 	0.0423518       	0.213201	0.374359	1       	0.133307
25 	400  	105      	126     	0.5     	0.734838	0.78332 	0.0423339       	0.213201	0.374385	1       	0.133291
26 	399  	103      	126     	0.5     	0.734845	0.78332 	0.0423359       	0.213201	0.374359	1       	0.133307
27 	399  	103      	126     	0.5     	0.734848	0.78332 	0.0423369       	0.213201	0.374359	1       	0.133307
28 	421  	107      	126     	0.5     	0.734848	0.78332 	0.0423369       	0.213201	0.374359	1       	0.133307
29 	402  	101      	126     	0.5     	0.734849	0.78332 	0.0423375       	0.213201	0.374359	1       	0.133307
30 	421  	103      	126     	0.5     	0.734557	0.78332 	0.0427282       	0.213201	0.375196	1       	0.134077
31 	410  	93       	126     	0.5     	0.734561	0.78332 	0.0427292       	0.213201	0.375132	1       	0.134105
32 	398  	102      	126     	0.5     	0.734557	0.78332 	0.0427282       	0.213201	0.375196	1       	0.134077
33 	420  	105      	126     	0.5     	0.734559	0.78332 	0.0427288       	0.213201	0.375132	1       	0.134105
34 	409  	101      	126     	0.5     	0.73454 	0.78332 	0.0427223       	0.213201	0.375244	1       	0.134046
35 	403  	102      	126     	0.5     	0.73455 	0.78332 	0.0427255       	0.213201	0.375218	1       	0.134062
36 	401  	104      	126     	0.5     	0.73454 	0.78332 	0.0427224       	0.213201	0.375244	1       	0.134046
37 	404  	102      	126     	0.5     	0.734549	0.78332 	0.0427252       	0.213201	0.375196	1       	0.134077
38 	394  	101      	126     	0.5     	0.73432 	0.78332 	0.0429484       	0.213201	0.376055	1       	0.134823
39 	400  	106      	126     	0.5     	0.73432 	0.78332 	0.0429484       	0.213201	0.376055	1       	0.134823
40 	407  	108      	126     	0.5     	0.73432 	0.78332 	0.0429484       	0.213201	0.376055	1       	0.134823
41 	386  	100      	126     	0.5     	0.734303	0.78332 	0.0429423       	0.213201	0.376124	1       	0.134776
42 	407  	99       	126     	0.5     	0.734323	0.78332 	0.042949        	0.213201	0.375992	1       	0.13485 
43 	403  	107      	126     	0.5     	0.73431 	0.78332 	0.0429444       	0.213201	0.376098	1       	0.134792
44 	393  	103      	126     	0.5     	0.73431 	0.78332 	0.0429445       	0.213201	0.376098	1       	0.134792
45 	411  	97       	126     	0.5     	0.73432 	0.78332 	0.0429484       	0.213201	0.376055	1       	0.134823
46 	394  	108      	126     	0.5     	0.73433 	0.78332 	0.0429512       	0.213201	0.375966	1       	0.134866
47 	405  	99       	126     	0.5     	0.73432 	0.78332 	0.0429483       	0.213201	0.376055	1       	0.134823
48 	407  	102      	126     	0.5     	0.734319	0.78332 	0.0429481       	0.213201	0.376075	1       	0.134807
49 	395  	106      	126     	0.5     	0.734319	0.78332 	0.0429481       	0.213201	0.376075	1       	0.134807

CURRENT HALLS OF FAME

PARETO FRONT
Number of solutions = 12
(0.783319969487096, 0.24253562503633297) 16 features: [0_race_WHITE, 1_hsa.miR.1307.3p, 1_hsa.miR.146b.3p, 1_hsa.miR.20a.3p, 1_hsa.miR.301a.3p, 1_hsa.miR.30b.3p, 1_hsa.miR.3170, 1_hsa.miR.361.5p, 1_hsa.miR.3648, 1_hsa.miR.3677.3p, 1_hsa.miR.3678.5p, 1_hsa.miR.454.3p, 1_hsa.miR.4661.5p, 1_hsa.miR.767.3p, 1_hsa.miR.7706, 1_hsa.miR.518a.3p]
(0.7789941253000167, 0.28867513459481287) 11 features: [0_race_WHITE, 1_hsa.miR.1307.3p, 1_hsa.miR.1468.5p, 1_hsa.miR.20a.3p, 1_hsa.miR.301a.3p, 1_hsa.miR.3648, 1_hsa.miR.3677.3p, 1_hsa.miR.3678.5p, 1_hsa.miR.454.3p, 1_hsa.miR.4661.5p, 1_hsa.miR.93.3p]
(0.7739922266980731, 0.30151134457776363) 10 features: [0_age_at_initial_pathologic_diagnosis, 0_race_WHITE, 1_hsa.miR.1307.3p, 1_hsa.miR.221.5p, 1_hsa.miR.301a.3p, 1_hsa.miR.3170, 1_hsa.miR.3648, 1_hsa.miR.3677.3p, 1_hsa.miR.3678.5p, 1_hsa.miR.7706]
(0.7719528153120212, 0.31622776601683794) 9 features: [0_age_at_initial_pathologic_diagnosis, 0_race_WHITE, 1_hsa.miR.301a.3p, 1_hsa.miR.3170, 1_hsa.miR.3648, 1_hsa.miR.3677.3p, 1_hsa.miR.3678.5p, 1_hsa.miR.454.3p, 1_hsa.miR.548v]
(0.7692178724106739, 0.3535533905932738) 7 features: [0_race_WHITE, 1_hsa.miR.301a.3p, 1_hsa.miR.3170, 1_hsa.miR.3648, 1_hsa.miR.3677.3p, 1_hsa.miR.3678.5p, 1_hsa.miR.4661.5p]
(0.7604608048692189, 0.3779644730092272) 6 features: [0_race_WHITE, 1_hsa.miR.3170, 1_hsa.miR.3648, 1_hsa.miR.3677.3p, 1_hsa.miR.3678.5p, 1_hsa.miR.7706]
(0.7561380325738182, 0.408248290463863) 5 features: [0_race_WHITE, 1_hsa.miR.3170, 1_hsa.miR.3648, 1_hsa.miR.3677.3p, 1_hsa.miR.3678.5p]
(0.7370321102690859, 0.4472135954999579) 4 features: [0_race_WHITE, 1_hsa.miR.3170, 1_hsa.miR.3200.3p, 1_hsa.miR.3678.5p]
(0.7113852446442642, 0.5) [0_race_WHITE, 1_hsa.miR.3648, 1_hsa.miR.3677.3p]
(0.6871179198207784, 0.5773502691896257) [1_hsa.miR.301a.3p, 1_hsa.miR.3170]
(0.6521114706277155, 0.7071067811865476) [1_hsa.miR.3648]
(0.5, 1.0) []
Features in hall of fame by prevalence:
22 features: [0_race_WHITE, 1_hsa.miR.3648, 1_hsa.miR.3170, 1_hsa.miR.3677.3p, 1_hsa.miR.3678.5p, 1_hsa.miR.301a.3p, 1_hsa.miR.1307.3p, 1_hsa.miR.454.3p, 1_hsa.miR.4661.5p, 1_hsa.miR.7706, 0_age_at_initial_pathologic_diagnosis, 1_hsa.miR.20a.3p, 1_hsa.miR.1468.5p, 1_hsa.miR.146b.3p, 1_hsa.miR.221.5p, 1_hsa.miR.30b.3p, 1_hsa.miR.3200.3p, 1_hsa.miR.361.5p, 1_hsa.miR.548v, 1_hsa.miR.767.3p, 1_hsa.miR.93.3p, 1_hsa.miR.518a.3p]

LAST POPULATION
Number of solutions = 500
Features in hall of fame by prevalence:
96 features: [0_race_WHITE, 1_hsa.miR.3677.3p, 1_hsa.miR.3678.5p, 1_hsa.miR.301a.3p, 1_hsa.miR.3648, 1_hsa.miR.3170, 1_hsa.miR.454.3p, 1_hsa.miR.1307.3p, 0_age_at_initial_pathologic_diagnosis, 1_hsa.miR.221.5p, 1_hsa.miR.20a.3p, 1_hsa.miR.7706, 1_hsa.miR.28.5p, 1_hsa.miR.3187.3p, 1_hsa.miR.4661.5p, 1_hsa.miR.30b.3p, 1_hsa.miR.361.5p, 1_hsa.miR.423.3p, 1_hsa.miR.518a.3p, 1_hsa.miR.93.3p, 1_hsa.miR.1468.5p, 1_hsa.miR.767.3p, 1_hsa.miR.301b, 1_hsa.miR.3200.3p, 1_hsa.miR.15b.3p, 1_hsa.miR.124.3p, 1_hsa.miR.146b.3p, 1_hsa.miR.17.3p, 1_hsa.miR.190b, 1_hsa.miR.29c.3p, 1_hsa.miR.3605.3p, 1_hsa.miR.3922.3p, 1_hsa.miR.16.2.3p, 1_hsa.miR.887.3p, 1_hsa.miR.374b.3p, 1_hsa.miR.668.3p, 1_hsa.miR.339.3p, 1_hsa.miR.767.5p, 1_hsa.miR.339.5p, 1_hsa.miR.708.3p, 1_hsa.miR.512.3p, 1_hsa.miR.106b.3p, 1_hsa.miR.1269a, 1_hsa.miR.1271.5p, 1_hsa.miR.589.3p, 1_hsa.miR.455.3p, 1_hsa.miR.4662a.5p, 1_hsa.miR.151a.3p, 1_hsa.miR.17.5p, 1_hsa.miR.18a.3p, 1_hsa.miR.33a.5p, 1_hsa.miR.3687, 1_hsa.miR.455.5p, 1_hsa.miR.498, 1_hsa.miR.518a.5p, 1_hsa.miR.1197, 1_hsa.miR.1343.3p, 1_hsa.miR.210.3p, 1_hsa.miR.21.3p, 1_hsa.miR.335.3p, 1_hsa.miR.3917, 1_hsa.miR.4326, 1_hsa.miR.4449, 1_hsa.miR.503.3p, 1_hsa.miR.548v, 1_hsa.miR.371a.5p, 1_hsa.miR.520e, 1_hsa.miR.523.3p, 1_hsa.miR.1306.3p, 1_hsa.miR.130a.3p, 1_hsa.miR.3074.5p, 1_hsa.miR.30b.5p, 1_hsa.miR.30e.5p, 1_hsa.miR.32.3p, 1_hsa.miR.505.3p, 1_hsa.miR.590.5p, 1_hsa.miR.629.5p, 1_hsa.miR.92a.3p, 1_hsa.miR.518f.3p, 1_hsa.miR.103a.2.5p, 1_hsa.miR.1226.3p, 1_hsa.miR.130b.3p, 1_hsa.miR.135a.3p, 1_hsa.miR.148b.5p, 1_hsa.miR.151a.5p, 1_hsa.miR.19a.3p, 1_hsa.miR.19b.3p, 1_hsa.miR.20a.5p, 1_hsa.miR.301a.5p, 1_hsa.miR.324.5p, 1_hsa.miR.3607.5p, 1_hsa.miR.421, 1_hsa.miR.4787.3p, 1_hsa.miR.744.3p, 1_hsa.miR.940, 1_hsa.miR.99b.5p]

BEST SUMS WITH SIZE 50
Number of solutions = 50
Features in hall of fame by prevalence:
35 features: [0_race_WHITE, 1_hsa.miR.3677.3p, 1_hsa.miR.301a.3p, 1_hsa.miR.3170, 1_hsa.miR.3648, 1_hsa.miR.7706, 0_age_at_initial_pathologic_diagnosis, 1_hsa.miR.3605.3p, 1_hsa.miR.20a.3p, 1_hsa.miR.301b, 1_hsa.miR.887.3p, 1_hsa.miR.103a.2.5p, 1_hsa.miR.1226.3p, 1_hsa.miR.1306.3p, 1_hsa.miR.130b.3p, 1_hsa.miR.1468.5p, 1_hsa.miR.148b.5p, 1_hsa.miR.151a.5p, 1_hsa.miR.16.2.3p, 1_hsa.miR.17.3p, 1_hsa.miR.17.5p, 1_hsa.miR.19a.3p, 1_hsa.miR.19b.3p, 1_hsa.miR.20a.5p, 1_hsa.miR.301a.5p, 1_hsa.miR.3200.3p, 1_hsa.miR.324.5p, 1_hsa.miR.33a.5p, 1_hsa.miR.3678.5p, 1_hsa.miR.421, 1_hsa.miR.455.3p, 1_hsa.miR.455.5p, 1_hsa.miR.744.3p, 1_hsa.miR.92a.3p, 1_hsa.miR.940]

BEST SUMS WITH SIZE 100
Number of solutions = 100
Features in hall of fame by prevalence:
39 features: [0_race_WHITE, 1_hsa.miR.3648, 1_hsa.miR.301a.3p, 0_age_at_initial_pathologic_diagnosis, 1_hsa.miR.3170, 1_hsa.miR.3677.3p, 1_hsa.miR.20a.3p, 1_hsa.miR.301b, 1_hsa.miR.3605.3p, 1_hsa.miR.3678.5p, 1_hsa.miR.7706, 1_hsa.miR.887.3p, 1_hsa.miR.3200.3p, 1_hsa.miR.1468.5p, 1_hsa.miR.940, 1_hsa.miR.1226.3p, 1_hsa.miR.1306.3p, 1_hsa.miR.130b.3p, 1_hsa.miR.148b.5p, 1_hsa.miR.16.2.3p, 1_hsa.miR.17.5p, 1_hsa.miR.19a.3p, 1_hsa.miR.19b.3p, 1_hsa.miR.33a.5p, 1_hsa.miR.421, 1_hsa.miR.455.3p, 1_hsa.miR.455.5p, 1_hsa.miR.744.3p, 1_hsa.miR.92a.3p, 1_hsa.miR.103a.2.5p, 1_hsa.miR.151a.5p, 1_hsa.miR.17.3p, 1_hsa.miR.20a.5p, 1_hsa.miR.221.5p, 1_hsa.miR.28.5p, 1_hsa.miR.301a.5p, 1_hsa.miR.324.5p, 1_hsa.miR.4662a.5p, 1_hsa.miR.548v]

STARTING SWEEP NUMBER 2
folds_creator_seed = 2144883467

ASSIGNING STRATA FOR MULTI-OUTCOME DATA SARC_MV
Assigning strata for outcome named survival of type survival
Counts:
censored 0: 30
censored 1: 94
deceased 0: 35
deceased 1: 35
ga_runner_seed = 2517977645
VIEW: CLINIC
   	     	         	        	   survival SKSurv Cox model concordance index   	             root leanness              
   	     	         	        	-------------------------------------------------	----------------------------------------
gen	evals	gen_feats	explored	min	avg     	max     	std                  	min    	avg     	max	std     
0  	0    	2        	2       	0.5	0.581484	0.652638	0.0556896            	0.57735	0.728197	1  	0.151863
1  	278  	2        	2       	0.5	0.581094	0.652638	0.0559497            	0.57735	0.747958	1  	0.155647
2  	304  	2        	2       	0.5	0.581187	0.652638	0.0556858            	0.57735	0.747891	1  	0.154895
3  	313  	2        	2       	0.5	0.581187	0.652638	0.0556858            	0.57735	0.747891	1  	0.154895
4  	295  	2        	2       	0.5	0.581187	0.652638	0.0556858            	0.57735	0.747891	1  	0.154895
5  	311  	2        	2       	0.5	0.581187	0.652638	0.0556858            	0.57735	0.747891	1  	0.154895
6  	307  	2        	2       	0.5	0.581187	0.652638	0.0556858            	0.57735	0.747891	1  	0.154895
7  	288  	2        	2       	0.5	0.581187	0.652638	0.0556858            	0.57735	0.747891	1  	0.154895
8  	317  	2        	2       	0.5	0.581187	0.652638	0.0556858            	0.57735	0.747891	1  	0.154895
9  	297  	2        	2       	0.5	0.581187	0.652638	0.0556858            	0.57735	0.747891	1  	0.154895
10 	311  	2        	2       	0.5	0.581187	0.652638	0.0556858            	0.57735	0.747891	1  	0.154895
11 	327  	2        	2       	0.5	0.581187	0.652638	0.0556858            	0.57735	0.747891	1  	0.154895
12 	307  	2        	2       	0.5	0.581187	0.652638	0.0556858            	0.57735	0.747891	1  	0.154895
13 	288  	2        	2       	0.5	0.581187	0.652638	0.0556858            	0.57735	0.747891	1  	0.154895
14 	326  	2        	2       	0.5	0.581187	0.652638	0.0556858            	0.57735	0.747891	1  	0.154895
15 	309  	2        	2       	0.5	0.581187	0.652638	0.0556858            	0.57735	0.747891	1  	0.154895
16 	318  	2        	2       	0.5	0.581187	0.652638	0.0556858            	0.57735	0.747891	1  	0.154895
17 	304  	2        	2       	0.5	0.581187	0.652638	0.0556858            	0.57735	0.747891	1  	0.154895
18 	305  	2        	2       	0.5	0.581187	0.652638	0.0556858            	0.57735	0.747891	1  	0.154895
19 	310  	2        	2       	0.5	0.581187	0.652638	0.0556858            	0.57735	0.747891	1  	0.154895
20 	306  	2        	2       	0.5	0.581187	0.652638	0.0556858            	0.57735	0.747891	1  	0.154895
21 	306  	2        	2       	0.5	0.581187	0.652638	0.0556858            	0.57735	0.747891	1  	0.154895
22 	312  	2        	2       	0.5	0.581187	0.652638	0.0556858            	0.57735	0.747891	1  	0.154895
23 	307  	2        	2       	0.5	0.581187	0.652638	0.0556858            	0.57735	0.747891	1  	0.154895
24 	320  	2        	2       	0.5	0.581187	0.652638	0.0556858            	0.57735	0.747891	1  	0.154895
25 	299  	2        	2       	0.5	0.581187	0.652638	0.0556858            	0.57735	0.747891	1  	0.154895
26 	306  	2        	2       	0.5	0.581187	0.652638	0.0556858            	0.57735	0.747891	1  	0.154895
27 	316  	2        	2       	0.5	0.581187	0.652638	0.0556858            	0.57735	0.747891	1  	0.154895
28 	307  	2        	2       	0.5	0.581187	0.652638	0.0556858            	0.57735	0.747891	1  	0.154895
29 	304  	2        	2       	0.5	0.581187	0.652638	0.0556858            	0.57735	0.747891	1  	0.154895
30 	311  	2        	2       	0.5	0.581187	0.652638	0.0556858            	0.57735	0.747891	1  	0.154895
31 	301  	2        	2       	0.5	0.581187	0.652638	0.0556858            	0.57735	0.747891	1  	0.154895
32 	291  	2        	2       	0.5	0.581187	0.652638	0.0556858            	0.57735	0.747891	1  	0.154895
33 	312  	2        	2       	0.5	0.581187	0.652638	0.0556858            	0.57735	0.747891	1  	0.154895
34 	312  	2        	2       	0.5	0.581187	0.652638	0.0556858            	0.57735	0.747891	1  	0.154895
35 	317  	2        	2       	0.5	0.581187	0.652638	0.0556858            	0.57735	0.747891	1  	0.154895
36 	320  	2        	2       	0.5	0.581187	0.652638	0.0556858            	0.57735	0.747891	1  	0.154895
37 	297  	2        	2       	0.5	0.581187	0.652638	0.0556858            	0.57735	0.747891	1  	0.154895
38 	328  	2        	2       	0.5	0.581187	0.652638	0.0556858            	0.57735	0.747891	1  	0.154895
39 	325  	2        	2       	0.5	0.581187	0.652638	0.0556858            	0.57735	0.747891	1  	0.154895
40 	317  	2        	2       	0.5	0.581187	0.652638	0.0556858            	0.57735	0.747891	1  	0.154895
41 	293  	2        	2       	0.5	0.581187	0.652638	0.0556858            	0.57735	0.747891	1  	0.154895
42 	295  	2        	2       	0.5	0.581187	0.652638	0.0556858            	0.57735	0.747891	1  	0.154895
43 	315  	2        	2       	0.5	0.581187	0.652638	0.0556858            	0.57735	0.747891	1  	0.154895
44 	315  	2        	2       	0.5	0.581187	0.652638	0.0556858            	0.57735	0.747891	1  	0.154895
45 	312  	2        	2       	0.5	0.581187	0.652638	0.0556858            	0.57735	0.747891	1  	0.154895
46 	313  	2        	2       	0.5	0.581187	0.652638	0.0556858            	0.57735	0.747891	1  	0.154895
47 	296  	2        	2       	0.5	0.581187	0.652638	0.0556858            	0.57735	0.747891	1  	0.154895
48 	316  	2        	2       	0.5	0.581187	0.652638	0.0556858            	0.57735	0.747891	1  	0.154895
49 	315  	2        	2       	0.5	0.581187	0.652638	0.0556858            	0.57735	0.747891	1  	0.154895

ASSIGNING STRATA FOR MULTI-OUTCOME DATA SARC_MV
Assigning strata for outcome named survival of type survival
Counts:
censored 0: 30
censored 1: 94
deceased 0: 35
deceased 1: 35
VIEW: LOG_MIRNA
   	     	         	        	       survival SKSurv Cox model concordance index       	                 root leanness                  
   	     	         	        	---------------------------------------------------------	------------------------------------------------
gen	evals	gen_feats	explored	min     	avg     	max     	std             	min     	avg     	max	std     
0  	0    	94       	94      	0.5     	0.736942	0.803456	0.0515598       	0.223607	0.407   	1  	0.148725
1  	367  	150      	156     	0.495097	0.724627	0.803456	0.051344        	0.218218	0.393743	1  	0.135309
2  	361  	157      	172     	0.5     	0.732565	0.803456	0.0470575       	0.218218	0.384894	1  	0.136024
3  	363  	161      	173     	0.5     	0.73637 	0.803456	0.0453987       	0.204124	0.378273	1  	0.135461
4  	385  	155      	173     	0.5     	0.73986 	0.803456	0.0444802       	0.204124	0.371893	1  	0.134637
5  	375  	150      	174     	0.5     	0.741825	0.803456	0.0443486       	0.208514	0.369504	1  	0.134511
6  	384  	162      	174     	0.5     	0.743364	0.803456	0.0446105       	0.208514	0.367641	1  	0.134883
7  	379  	160      	174     	0.5     	0.744286	0.803456	0.0446989       	0.218218	0.367069	1  	0.135135
8  	374  	157      	174     	0.5     	0.745832	0.803456	0.0443508       	0.218218	0.363948	1  	0.134601
9  	377  	154      	174     	0.5     	0.746664	0.803456	0.0443711       	0.218218	0.362298	1  	0.134539
10 	383  	155      	174     	0.5     	0.747513	0.803456	0.0441208       	0.218218	0.361568	1  	0.13343 
11 	378  	157      	174     	0.5     	0.748043	0.803456	0.0443565       	0.218218	0.361125	1  	0.133749
12 	374  	156      	174     	0.5     	0.748175	0.803456	0.044471        	0.213201	0.361644	1  	0.133502
13 	384  	156      	174     	0.5     	0.749512	0.803456	0.0440471       	0.218218	0.358782	1  	0.132468
14 	387  	154      	174     	0.5     	0.749746	0.803456	0.0441117       	0.218218	0.358704	1  	0.132531
15 	363  	156      	174     	0.5     	0.750693	0.803456	0.0437973       	0.218218	0.356085	1  	0.132302
16 	399  	163      	174     	0.5     	0.750646	0.803456	0.0446759       	0.213201	0.356453	1  	0.132953
17 	381  	165      	174     	0.5     	0.750861	0.803456	0.0446127       	0.208514	0.35668 	1  	0.13312 
18 	384  	161      	174     	0.5     	0.750718	0.803456	0.0447003       	0.208514	0.358019	1  	0.132788
19 	391  	160      	174     	0.5     	0.750746	0.803456	0.0446966       	0.213201	0.359005	1  	0.132134
20 	388  	159      	174     	0.5     	0.750808	0.803456	0.0447542       	0.213201	0.359194	1  	0.132107
21 	379  	162      	174     	0.5     	0.751085	0.803456	0.044846        	0.213201	0.359109	1  	0.132172
22 	375  	159      	174     	0.5     	0.751378	0.803541	0.0450286       	0.213201	0.358726	1  	0.132421
23 	388  	162      	174     	0.5     	0.75171 	0.803541	0.0451571       	0.213201	0.358118	1  	0.132709
24 	365  	160      	174     	0.5     	0.752319	0.803541	0.0452264       	0.213201	0.356775	1  	0.132774
25 	360  	160      	174     	0.5     	0.753164	0.803541	0.0447782       	0.213201	0.354751	1  	0.132055
26 	385  	152      	174     	0.5     	0.753318	0.803541	0.0448777       	0.213201	0.354779	1  	0.132041
27 	368  	161      	174     	0.5     	0.753485	0.803541	0.0449866       	0.213201	0.354842	1  	0.131993
28 	368  	150      	174     	0.5     	0.753637	0.803541	0.0450881       	0.213201	0.354838	1  	0.132002
29 	378  	162      	174     	0.5     	0.753829	0.803541	0.0451983       	0.213201	0.35481 	1  	0.132018
30 	401  	159      	174     	0.5     	0.754041	0.803541	0.045315        	0.213201	0.355023	1  	0.131837
31 	361  	158      	174     	0.5     	0.754106	0.803541	0.0453441       	0.213201	0.355092	1  	0.131777
32 	372  	160      	174     	0.5     	0.754215	0.803541	0.0454145       	0.213201	0.355065	1  	0.131801
33 	382  	156      	174     	0.5     	0.754441	0.803541	0.0455839       	0.213201	0.354803	1  	0.132049
34 	397  	162      	174     	0.5     	0.754892	0.804296	0.0458372       	0.213201	0.354025	1  	0.132538
35 	379  	153      	174     	0.5     	0.756243	0.806581	0.0453623       	0.213201	0.350472	1  	0.1318  
36 	373  	157      	174     	0.5     	0.756459	0.806581	0.0455101       	0.213201	0.350519	1  	0.131756
37 	365  	161      	174     	0.5     	0.756623	0.806581	0.0456292       	0.208514	0.350358	1  	0.131914
38 	366  	153      	174     	0.5     	0.756846	0.806581	0.0457815       	0.208514	0.35047 	1  	0.131814
39 	353  	151      	174     	0.5     	0.757053	0.806901	0.0459277       	0.204124	0.350318	1  	0.131953
40 	371  	158      	174     	0.5     	0.757493	0.81043 	0.0461869       	0.204124	0.34963 	1  	0.132371
41 	366  	154      	174     	0.5     	0.757915	0.81043 	0.0464006       	0.204124	0.348853	1  	0.1328  
42 	373  	153      	174     	0.5     	0.759231	0.81043 	0.0459781       	0.204124	0.345671	1  	0.131845
43 	378  	165      	174     	0.5     	0.758782	0.81043 	0.0468911       	0.2     	0.347583	1  	0.132921
44 	374  	159      	174     	0.5     	0.759755	0.81043 	0.0463476       	0.2     	0.34564 	1  	0.131895
45 	389  	159      	174     	0.5     	0.76028 	0.81043 	0.0466639       	0.2     	0.344535	1  	0.132676
46 	370  	154      	174     	0.5     	0.761219	0.81043 	0.0462249       	0.2     	0.342461	1  	0.131707
47 	394  	160      	174     	0.5     	0.761421	0.81043 	0.0468333       	0.2     	0.342065	1  	0.132789
48 	375  	150      	174     	0.5     	0.762242	0.81043 	0.0464847       	0.2     	0.340245	1  	0.132237
49 	390  	162      	174     	0.5     	0.762579	0.81043 	0.046702        	0.2     	0.339756	1  	0.132581

STARTING MASTER RUNNER RESAMPLING
Generations completed = 7
Generations completed = 18
Generations completed = 29
Generations completed = 40
MASTER
   	     	         	        	       survival SKSurv Cox model concordance index       	                     root leanness                      
   	     	         	        	---------------------------------------------------------	--------------------------------------------------------
gen	evals	gen_feats	explored	min     	avg     	max     	std             	min     	avg     	max     	std     
0  	500  	109      	109     	0.60717 	0.735032	0.792486	0.0363365       	0.196116	0.325468	0.707107	0.106787
1  	401  	105      	116     	0.596999	0.740043	0.792486	0.0391531       	0.196116	0.34417 	0.707107	0.112831
2  	405  	108      	123     	0.596999	0.742178	0.792486	0.041176        	0.204124	0.351456	0.707107	0.118311
3  	404  	98       	126     	0.596999	0.745648	0.792486	0.0404391       	0.204124	0.351516	0.707107	0.118751
4  	416  	103      	128     	0.596999	0.74663 	0.792486	0.0395491       	0.204124	0.352811	0.707107	0.117911
5  	410  	102      	128     	0.596999	0.747709	0.792486	0.040056        	0.204124	0.351631	0.707107	0.120205
6  	414  	106      	128     	0.596999	0.74824 	0.793714	0.0405609       	0.204124	0.352913	0.707107	0.120912
7  	400  	99       	128     	0.5     	0.748102	0.793714	0.0419519       	0.204124	0.354563	1       	0.124131
8  	406  	102      	128     	0.5     	0.748165	0.793714	0.0426485       	0.204124	0.355542	1       	0.126323
9  	399  	108      	128     	0.5     	0.748113	0.793714	0.0426519       	0.204124	0.356416	1       	0.125858
10 	390  	100      	128     	0.5     	0.748251	0.793714	0.0430168       	0.204124	0.356257	1       	0.126697
11 	415  	107      	128     	0.5     	0.748101	0.793714	0.043505        	0.204124	0.357616	1       	0.128   
12 	395  	102      	128     	0.5     	0.748262	0.793714	0.0437935       	0.204124	0.357338	1       	0.128807
13 	419  	104      	128     	0.5     	0.747837	0.793714	0.0446399       	0.204124	0.358442	1       	0.129883
14 	398  	105      	128     	0.5     	0.748224	0.793714	0.044488        	0.204124	0.357548	1       	0.129875
15 	408  	111      	128     	0.5     	0.748487	0.793714	0.0444673       	0.204124	0.357038	1       	0.129818
16 	428  	110      	128     	0.5     	0.748506	0.793714	0.0444766       	0.204124	0.357075	1       	0.129782
17 	406  	101      	128     	0.5     	0.748645	0.793714	0.0444023       	0.204124	0.356992	1       	0.129846
18 	407  	106      	128     	0.5     	0.748662	0.793714	0.0443276       	0.204124	0.357075	1       	0.129782
19 	399  	104      	128     	0.5     	0.748384	0.793714	0.0445934       	0.204124	0.35799 	1       	0.130631
20 	419  	104      	128     	0.5     	0.748463	0.793714	0.044515        	0.204124	0.35799 	1       	0.130631
21 	403  	99       	128     	0.5     	0.748484	0.793714	0.0445141       	0.204124	0.35799 	1       	0.130631
22 	414  	106      	128     	0.5     	0.748491	0.793714	0.0445147       	0.204124	0.35799 	1       	0.130631
23 	409  	105      	128     	0.5     	0.748508	0.793714	0.0445239       	0.204124	0.357871	1       	0.130731
24 	390  	100      	128     	0.5     	0.748583	0.793714	0.0444941       	0.204124	0.35799 	1       	0.130647
25 	416  	108      	128     	0.5     	0.74861 	0.793714	0.0444991       	0.204124	0.357901	1       	0.13068 
26 	399  	106      	128     	0.5     	0.748567	0.793714	0.0444871       	0.204124	0.358067	1       	0.130595
27 	402  	102      	128     	0.5     	0.748567	0.793714	0.0444871       	0.204124	0.358067	1       	0.130595
28 	401  	105      	128     	0.5     	0.748567	0.793714	0.0444871       	0.204124	0.358067	1       	0.130595
29 	394  	101      	128     	0.5     	0.748567	0.793714	0.0444871       	0.204124	0.358067	1       	0.130595
30 	425  	103      	128     	0.5     	0.748252	0.793714	0.0449483       	0.204124	0.358885	1       	0.131465
31 	419  	101      	128     	0.5     	0.748274	0.793714	0.0449597       	0.204124	0.358789	1       	0.131542
32 	405  	107      	128     	0.5     	0.748221	0.793714	0.0449419       	0.204124	0.358997	1       	0.13142 
33 	389  	111      	128     	0.5     	0.748221	0.793714	0.0449419       	0.204124	0.358997	1       	0.13142 
34 	411  	110      	128     	0.5     	0.748244	0.793714	0.0449527       	0.204124	0.358878	1       	0.13151 
35 	410  	102      	128     	0.5     	0.74825 	0.793714	0.0449476       	0.204124	0.358885	1       	0.131465
36 	408  	104      	128     	0.5     	0.748265	0.793714	0.0449543       	0.204124	0.358815	1       	0.131518
37 	394  	103      	128     	0.5     	0.748282	0.793714	0.044973        	0.204124	0.3588  	1       	0.131546
38 	398  	100      	128     	0.5     	0.748293	0.793714	0.0449727       	0.204124	0.358789	1       	0.131542
39 	425  	103      	128     	0.5     	0.748264	0.793714	0.044967        	0.204124	0.358878	1       	0.13151 
40 	416  	107      	128     	0.5     	0.748287	0.793714	0.0449708       	0.204124	0.358789	1       	0.131542
41 	411  	101      	128     	0.5     	0.748292	0.793714	0.0449724       	0.204124	0.358789	1       	0.131542
42 	413  	107      	128     	0.5     	0.748292	0.793714	0.0449724       	0.204124	0.358789	1       	0.131542
43 	405  	104      	128     	0.5     	0.748293	0.793714	0.0449727       	0.204124	0.358789	1       	0.131542
44 	408  	98       	128     	0.5     	0.748263	0.793714	0.044967        	0.204124	0.358878	1       	0.13151 
45 	418  	103      	128     	0.5     	0.748292	0.793714	0.0449724       	0.204124	0.358789	1       	0.131542
46 	410  	101      	128     	0.5     	0.748315	0.793714	0.0449834       	0.204124	0.358696	1       	0.131608
47 	397  	106      	128     	0.5     	0.748264	0.793714	0.044967        	0.204124	0.358878	1       	0.13151 
48 	383  	97       	128     	0.5     	0.748293	0.793714	0.0449727       	0.204124	0.358789	1       	0.131542
49 	398  	106      	128     	0.5     	0.748293	0.793714	0.0449727       	0.204124	0.358789	1       	0.131542

CURRENT HALLS OF FAME

PARETO FRONT
Number of solutions = 12
(0.7937137463967301, 0.28867513459481287) 11 features: [0_race_WHITE, 1_hsa.miR.1307.3p, 1_hsa.miR.301a.3p, 1_hsa.miR.3170, 1_hsa.miR.3605.3p, 1_hsa.miR.3648, 1_hsa.miR.3677.3p, 1_hsa.miR.3678.5p, 1_hsa.miR.454.3p, 1_hsa.miR.7706, 1_hsa.miR.520c.3p]
(0.7922368053346655, 0.30151134457776363) 10 features: [0_race_WHITE, 1_hsa.miR.1307.3p, 1_hsa.miR.301a.3p, 1_hsa.miR.3170, 1_hsa.miR.3605.3p, 1_hsa.miR.3648, 1_hsa.miR.3677.3p, 1_hsa.miR.3678.5p, 1_hsa.miR.424.3p, 1_hsa.miR.7706]
(0.7836736464751484, 0.31622776601683794) 9 features: [0_age_at_initial_pathologic_diagnosis, 0_race_WHITE, 1_hsa.miR.1307.3p, 1_hsa.miR.301a.3p, 1_hsa.miR.3170, 1_hsa.miR.3605.3p, 1_hsa.miR.3648, 1_hsa.miR.3677.3p, 1_hsa.miR.3678.5p]
(0.7766530102970669, 0.3333333333333333) 8 features: [0_race_WHITE, 1_hsa.miR.1307.3p, 1_hsa.miR.301a.3p, 1_hsa.miR.3170, 1_hsa.miR.3605.3p, 1_hsa.miR.3648, 1_hsa.miR.3677.3p, 1_hsa.miR.3678.5p]
(0.7692178724106739, 0.3535533905932738) 7 features: [0_race_WHITE, 1_hsa.miR.301a.3p, 1_hsa.miR.3170, 1_hsa.miR.3648, 1_hsa.miR.3677.3p, 1_hsa.miR.3678.5p, 1_hsa.miR.4661.5p]
(0.7604608048692189, 0.3779644730092272) 6 features: [0_race_WHITE, 1_hsa.miR.3170, 1_hsa.miR.3648, 1_hsa.miR.3677.3p, 1_hsa.miR.3678.5p, 1_hsa.miR.7706]
(0.7561380325738182, 0.408248290463863) 5 features: [0_race_WHITE, 1_hsa.miR.3170, 1_hsa.miR.3648, 1_hsa.miR.3677.3p, 1_hsa.miR.3678.5p]
(0.7370321102690859, 0.4472135954999579) 4 features: [0_race_WHITE, 1_hsa.miR.3170, 1_hsa.miR.3200.3p, 1_hsa.miR.3678.5p]
(0.7113852446442642, 0.5) [0_race_WHITE, 1_hsa.miR.3648, 1_hsa.miR.3677.3p]
(0.6871179198207784, 0.5773502691896257) [1_hsa.miR.301a.3p, 1_hsa.miR.3170]
(0.6521114706277155, 0.7071067811865476) [1_hsa.miR.3648]
(0.5, 1.0) []
Features in hall of fame by prevalence:
15 features: [0_race_WHITE, 1_hsa.miR.3170, 1_hsa.miR.3648, 1_hsa.miR.3677.3p, 1_hsa.miR.3678.5p, 1_hsa.miR.301a.3p, 1_hsa.miR.1307.3p, 1_hsa.miR.3605.3p, 1_hsa.miR.7706, 0_age_at_initial_pathologic_diagnosis, 1_hsa.miR.3200.3p, 1_hsa.miR.424.3p, 1_hsa.miR.454.3p, 1_hsa.miR.4661.5p, 1_hsa.miR.520c.3p]

LAST POPULATION
Number of solutions = 500
Features in hall of fame by prevalence:
89 features: [1_hsa.miR.3677.3p, 1_hsa.miR.3678.5p, 1_hsa.miR.3170, 1_hsa.miR.301a.3p, 1_hsa.miR.3648, 0_race_WHITE, 1_hsa.miR.1307.3p, 1_hsa.miR.454.3p, 1_hsa.miR.7706, 1_hsa.miR.3605.3p, 1_hsa.miR.221.5p, 0_age_at_initial_pathologic_diagnosis, 1_hsa.miR.28.5p, 1_hsa.miR.124.3p, 1_hsa.miR.20a.3p, 1_hsa.miR.30b.3p, 1_hsa.miR.3187.3p, 1_hsa.miR.3922.3p, 1_hsa.miR.29c.3p, 1_hsa.miR.15b.3p, 1_hsa.miR.4668.3p, 1_hsa.miR.146b.3p, 1_hsa.miR.361.5p, 1_hsa.miR.503.3p, 1_hsa.miR.3200.3p, 1_hsa.miR.520e, 1_hsa.miR.423.3p, 1_hsa.miR.518a.3p, 1_hsa.miR.4661.5p, 1_hsa.miR.424.3p, 1_hsa.let.7g.5p, 1_hsa.miR.210.3p, 1_hsa.miR.1269a, 1_hsa.miR.301b, 1_hsa.miR.887.3p, 1_hsa.miR.18a.3p, 1_hsa.miR.190b, 1_hsa.miR.3127.5p, 1_hsa.miR.589.3p, 1_hsa.miR.181c.3p, 1_hsa.miR.24.3p, 1_hsa.miR.551a, 1_hsa.miR.940, 1_hsa.miR.103a.3p, 1_hsa.miR.17.3p, 1_hsa.miR.33a.5p, 1_hsa.miR.374b.3p, 1_hsa.miR.455.3p, 1_hsa.miR.767.3p, 1_hsa.miR.512.3p, 1_hsa.miR.520c.3p, 1_hsa.miR.106b.3p, 1_hsa.miR.1468.5p, 1_hsa.miR.17.5p, 1_hsa.miR.21.3p, 1_hsa.miR.3607.5p, 1_hsa.miR.4662a.5p, 1_hsa.miR.371a.5p, 1_hsa.miR.1306.3p, 1_hsa.miR.151a.3p, 1_hsa.miR.19b.3p, 1_hsa.miR.3074.5p, 1_hsa.miR.335.3p, 1_hsa.miR.3610, 1_hsa.miR.3917, 1_hsa.miR.505.3p, 1_hsa.miR.548v, 1_hsa.miR.93.3p, 1_hsa.miR.498, 1_hsa.miR.518f.3p, 1_hsa.let.7c.3p, 1_hsa.miR.1226.3p, 1_hsa.miR.1271.5p, 1_hsa.miR.135a.3p, 1_hsa.miR.148b.5p, 1_hsa.miR.151a.5p, 1_hsa.miR.16.2.3p, 1_hsa.miR.19a.3p, 1_hsa.miR.20a.5p, 1_hsa.miR.219a.1.3p, 1_hsa.miR.24.2.5p, 1_hsa.miR.32.3p, 1_hsa.miR.3687, 1_hsa.miR.590.5p, 1_hsa.miR.708.3p, 1_hsa.miR.7.1.3p, 1_hsa.miR.744.3p, 1_hsa.miR.92a.3p, 1_hsa.miR.520f.3p]

BEST SUMS WITH SIZE 50
Number of solutions = 50
Features in hall of fame by prevalence:
36 features: [0_race_WHITE, 1_hsa.miR.3677.3p, 1_hsa.miR.301a.3p, 1_hsa.miR.3605.3p, 1_hsa.miR.3648, 0_age_at_initial_pathologic_diagnosis, 1_hsa.miR.3170, 1_hsa.miR.7706, 1_hsa.miR.20a.3p, 1_hsa.miR.301b, 1_hsa.miR.887.3p, 1_hsa.miR.103a.2.5p, 1_hsa.miR.1226.3p, 1_hsa.miR.1306.3p, 1_hsa.miR.130b.3p, 1_hsa.miR.1468.5p, 1_hsa.miR.148b.5p, 1_hsa.miR.151a.5p, 1_hsa.miR.15b.3p, 1_hsa.miR.16.2.3p, 1_hsa.miR.17.3p, 1_hsa.miR.17.5p, 1_hsa.miR.19a.3p, 1_hsa.miR.19b.3p, 1_hsa.miR.20a.5p, 1_hsa.miR.301a.5p, 1_hsa.miR.3200.3p, 1_hsa.miR.324.5p, 1_hsa.miR.33a.5p, 1_hsa.miR.3678.5p, 1_hsa.miR.421, 1_hsa.miR.455.3p, 1_hsa.miR.455.5p, 1_hsa.miR.744.3p, 1_hsa.miR.92a.3p, 1_hsa.miR.940]

BEST SUMS WITH SIZE 100
Number of solutions = 100
Features in hall of fame by prevalence:
39 features: [0_race_WHITE, 1_hsa.miR.301a.3p, 1_hsa.miR.3648, 1_hsa.miR.3677.3p, 1_hsa.miR.3170, 1_hsa.miR.20a.3p, 1_hsa.miR.3605.3p, 0_age_at_initial_pathologic_diagnosis, 1_hsa.miR.301b, 1_hsa.miR.3678.5p, 1_hsa.miR.7706, 1_hsa.miR.887.3p, 1_hsa.miR.3200.3p, 1_hsa.miR.1468.5p, 1_hsa.miR.92a.3p, 1_hsa.miR.1226.3p, 1_hsa.miR.1306.3p, 1_hsa.miR.130b.3p, 1_hsa.miR.148b.5p, 1_hsa.miR.15b.3p, 1_hsa.miR.16.2.3p, 1_hsa.miR.17.5p, 1_hsa.miR.19a.3p, 1_hsa.miR.19b.3p, 1_hsa.miR.33a.5p, 1_hsa.miR.421, 1_hsa.miR.455.3p, 1_hsa.miR.744.3p, 1_hsa.miR.940, 1_hsa.miR.103a.2.5p, 1_hsa.miR.151a.5p, 1_hsa.miR.17.3p, 1_hsa.miR.20a.5p, 1_hsa.miR.28.5p, 1_hsa.miR.301a.5p, 1_hsa.miR.324.5p, 1_hsa.miR.455.5p, 1_hsa.miR.4662a.5p, 1_hsa.miR.548v]

STARTING CONCATENATED OPTIMIZATION
CONCATENATED
   	     	         	        	   survival SKSurv Cox model concordance index   	                 root leanness                  
   	     	         	        	-------------------------------------------------	------------------------------------------------
gen	evals	gen_feats	explored	min	avg     	max     	std                  	min     	avg     	max	std     
0  	0    	89       	89      	0.5	0.748293	0.793714	0.0449727            	0.204124	0.358789	1  	0.131542
1  	358  	146      	150     	0.5	0.748498	0.799775	0.0463723            	0.204124	0.360479	1  	0.13174 
2  	378  	157      	170     	0.5	0.749041	0.799775	0.0468077            	0.204124	0.362114	1  	0.133504
3  	378  	153      	174     	0.5	0.750095	0.801091	0.0472212            	0.204124	0.361403	1  	0.133924
4  	364  	154      	176     	0.5	0.750487	0.801091	0.0474112            	0.204124	0.361475	1  	0.133819
5  	375  	157      	176     	0.5	0.751395	0.803261	0.0476896            	0.204124	0.36146 	1  	0.133164
6  	371  	161      	176     	0.5	0.751679	0.803261	0.0480191            	0.204124	0.362957	1  	0.1328  
7  	377  	158      	176     	0.5	0.752387	0.808275	0.0484118            	0.196116	0.362386	1  	0.133288
8  	374  	163      	176     	0.5	0.754467	0.808275	0.0483474            	0.196116	0.358246	1  	0.133138
9  	384  	162      	176     	0.5	0.755087	0.808275	0.0486838            	0.2     	0.358074	1  	0.133234
10 	374  	158      	176     	0.5	0.755607	0.808275	0.0489518            	0.2     	0.358355	1  	0.133049
11 	395  	166      	176     	0.5	0.754733	0.808275	0.0496578            	0.2     	0.362301	1  	0.133403
12 	374  	160      	176     	0.5	0.755507	0.808275	0.0500169            	0.2     	0.361357	1  	0.133975
13 	375  	160      	176     	0.5	0.756247	0.808275	0.0502657            	0.2     	0.360654	1  	0.134104
14 	373  	152      	176     	0.5	0.756546	0.808275	0.0505156            	0.2     	0.361136	1  	0.134034
15 	400  	165      	176     	0.5	0.757334	0.809307	0.0509133            	0.2     	0.360573	1  	0.13416 
16 	375  	159      	176     	0.5	0.757587	0.810106	0.0511864            	0.2     	0.361228	1  	0.134037
17 	365  	160      	176     	0.5	0.759125	0.810106	0.0508495            	0.196116	0.357635	1  	0.133703
18 	372  	164      	176     	0.5	0.759602	0.815805	0.0511586            	0.2     	0.357295	1  	0.134011
19 	388  	157      	176     	0.5	0.759991	0.815805	0.0513568            	0.2     	0.357412	1  	0.1339  
20 	358  	159      	176     	0.5	0.760318	0.815805	0.0515401            	0.2     	0.357654	1  	0.133677
21 	382  	162      	176     	0.5	0.760667	0.815805	0.0517342            	0.2     	0.357794	1  	0.133541
22 	384  	152      	176     	0.5	0.76103 	0.815805	0.0519649            	0.2     	0.35776 	1  	0.133554
23 	398  	154      	176     	0.5	0.761783	0.818706	0.0523235            	0.204124	0.356447	1  	0.1341  
24 	381  	163      	176     	0.5	0.764018	0.818706	0.051602             	0.204124	0.351369	1  	0.132921
25 	396  	160      	176     	0.5	0.763649	0.818706	0.0523007            	0.208514	0.35321 	1  	0.13338 
26 	376  	162      	176     	0.5	0.76494 	0.818706	0.0522795            	0.208514	0.350969	1  	0.133165
27 	375  	158      	176     	0.5	0.765627	0.818706	0.051966             	0.208514	0.350079	1  	0.132279
28 	382  	163      	176     	0.5	0.765974	0.818706	0.052157             	0.204124	0.349478	1  	0.132672
29 	374  	158      	176     	0.5	0.767667	0.819053	0.0516894            	0.204124	0.345706	1  	0.131896
30 	375  	153      	176     	0.5	0.767863	0.819053	0.0518814            	0.204124	0.346395	1  	0.131642
31 	356  	152      	176     	0.5	0.768285	0.819783	0.0520333            	0.2     	0.346053	1  	0.131643
32 	380  	160      	176     	0.5	0.768072	0.819783	0.0527397            	0.2     	0.347196	1  	0.132536
33 	381  	154      	176     	0.5	0.768672	0.819783	0.0523864            	0.204124	0.346468	1  	0.131571
34 	395  	159      	176     	0.5	0.768248	0.819783	0.0534686            	0.204124	0.348458	1  	0.132441
35 	374  	163      	176     	0.5	0.769099	0.819783	0.0528597            	0.204124	0.34712 	1  	0.131564
36 	371  	163      	176     	0.5	0.768607	0.819783	0.0535815            	0.204124	0.349277	1  	0.13235 
37 	363  	160      	176     	0.5	0.768387	0.819783	0.0535329            	0.208514	0.350704	1  	0.131691
38 	380  	161      	176     	0.5	0.768815	0.819783	0.053735             	0.204124	0.349906	1  	0.132099
39 	377  	161      	176     	0.5	0.768864	0.82381 	0.0538447            	0.204124	0.350855	1  	0.131571
40 	392  	162      	176     	0.5	0.769183	0.82381 	0.0539735            	0.204124	0.350482	1  	0.131869
41 	374  	154      	176     	0.5	0.769632	0.82381 	0.0541905            	0.204124	0.350065	1  	0.132169
42 	392  	154      	176     	0.5	0.771034	0.827061	0.0539949            	0.204124	0.347354	1  	0.13175 
43 	367  	159      	176     	0.5	0.771856	0.827061	0.0539773            	0.2     	0.345473	1  	0.131945
44 	377  	152      	176     	0.5	0.771058	0.827061	0.0549167            	0.2     	0.348169	1  	0.132403
45 	370  	149      	176     	0.5	0.771728	0.827061	0.0543687            	0.2     	0.347571	1  	0.131412
46 	374  	162      	176     	0.5	0.771586	0.827061	0.0547052            	0.2     	0.348362	1  	0.1317  
47 	387  	160      	176     	0.5	0.772355	0.827061	0.0552535            	0.196116	0.347038	1  	0.132502
48 	369  	155      	176     	0.5	0.773146	0.827775	0.0548421            	0.196116	0.345983	1  	0.131713
49 	377  	159      	176     	0.5	0.773608	0.827775	0.0550907            	0.196116	0.345485	1  	0.132055
50 	390  	156      	176     	0.5	0.774464	0.828132	0.0550505            	0.196116	0.34389 	1  	0.131815
51 	366  	156      	176     	0.5	0.774594	0.828132	0.0555465            	0.196116	0.344136	1  	0.132388
52 	385  	155      	176     	0.5	0.774577	0.828132	0.0553745            	0.196116	0.344831	1  	0.131687
53 	363  	152      	176     	0.5	0.774287	0.828132	0.0555566            	0.196116	0.346302	1  	0.131421
54 	354  	157      	176     	0.5	0.773664	0.828132	0.0562859            	0.196116	0.348207	1  	0.132243
55 	347  	151      	176     	0.5	0.774646	0.828132	0.0557626            	0.196116	0.346389	1  	0.131334
56 	355  	155      	176     	0.5	0.774756	0.828132	0.055843             	0.196116	0.346735	1  	0.131131
57 	384  	153      	176     	0.5	0.775016	0.830661	0.0560448            	0.196116	0.346903	1  	0.130962
58 	378  	149      	176     	0.5	0.773896	0.830661	0.0570151            	0.204124	0.349885	1  	0.131948
59 	368  	152      	176     	0.5	0.774335	0.830661	0.0569622            	0.204124	0.349263	1  	0.131811
60 	367  	153      	176     	0.5	0.77434 	0.830661	0.0571257            	0.204124	0.349647	1  	0.132081
61 	372  	149      	176     	0.5	0.774091	0.830661	0.0570685            	0.204124	0.350851	1  	0.131479
62 	372  	154      	176     	0.5	0.773993	0.830661	0.0570339            	0.204124	0.351404	1  	0.131185
63 	389  	154      	176     	0.5	0.774219	0.830661	0.05716              	0.204124	0.351267	1  	0.131301
64 	377  	161      	176     	0.5	0.774465	0.830661	0.0572424            	0.204124	0.350996	1  	0.131311
65 	370  	159      	176     	0.5	0.774458	0.831687	0.0572976            	0.204124	0.351446	1  	0.131143
66 	374  	157      	176     	0.5	0.77464 	0.832432	0.0574321            	0.204124	0.351297	1  	0.131258
67 	389  	160      	176     	0.5	0.774998	0.832432	0.0576081            	0.204124	0.350889	1  	0.131469
68 	379  	158      	176     	0.5	0.775508	0.832432	0.0575771            	0.204124	0.349927	1  	0.131461
69 	379  	154      	176     	0.5	0.776439	0.832432	0.0575145            	0.204124	0.348088	1  	0.131375
70 	384  	149      	176     	0.5	0.777178	0.832432	0.0573265            	0.204124	0.346839	1  	0.131018
71 	364  	151      	176     	0.5	0.776448	0.832432	0.0580026            	0.2     	0.348604	1  	0.132149
72 	364  	156      	176     	0.5	0.777548	0.832432	0.0574651            	0.2     	0.346495	1  	0.13122 
73 	382  	153      	176     	0.5	0.777965	0.834952	0.0577063            	0.2     	0.345807	1  	0.131669
74 	370  	143      	176     	0.5	0.778134	0.834952	0.0578092            	0.2     	0.345654	1  	0.131761
75 	374  	152      	176     	0.5	0.778427	0.834952	0.0578069            	0.2     	0.34546 	1  	0.131449
76 	379  	150      	176     	0.5	0.778982	0.834952	0.0578284            	0.2     	0.344325	1  	0.131488
77 	374  	150      	176     	0.5	0.78019 	0.835729	0.0574629            	0.204124	0.341964	1  	0.130824
78 	382  	155      	176     	0.5	0.77967 	0.835729	0.0576326            	0.204124	0.343353	1  	0.130786
79 	387  	150      	176     	0.5	0.780364	0.835729	0.0575668            	0.204124	0.341995	1  	0.130795
80 	382  	155      	176     	0.5	0.780004	0.835729	0.0581722            	0.204124	0.342962	1  	0.1317  
81 	379  	162      	176     	0.5	0.780595	0.835729	0.0577261            	0.2     	0.341607	1  	0.131113
82 	367  	155      	176     	0.5	0.780589	0.835729	0.0577176            	0.2     	0.341886	1  	0.130901
83 	381  	157      	176     	0.5	0.780688	0.835729	0.0577932            	0.2     	0.34178 	1  	0.130999
84 	373  	154      	176     	0.5	0.78074 	0.835729	0.0578214            	0.196116	0.341755	1  	0.131025
85 	367  	157      	176     	0.5	0.780776	0.835729	0.0578454            	0.196116	0.341755	1  	0.131025
86 	370  	160      	176     	0.5	0.780869	0.835729	0.0579133            	0.196116	0.341486	1  	0.131257
87 	377  	155      	176     	0.5	0.781073	0.835729	0.0579958            	0.196116	0.341423	1  	0.131262
88 	382  	155      	176     	0.5	0.781113	0.835729	0.0580121            	0.196116	0.341507	1  	0.131244
89 	373  	157      	176     	0.5	0.781228	0.835729	0.0580389            	0.2     	0.341708	1  	0.131059
90 	377  	158      	176     	0.5	0.78128 	0.835729	0.0580547            	0.2     	0.341839	1  	0.130947
91 	375  	158      	176     	0.5	0.781327	0.835729	0.058085             	0.2     	0.341884	1  	0.130915
92 	375  	151      	176     	0.5	0.781481	0.835729	0.0581102            	0.2     	0.341775	1  	0.131007
93 	376  	160      	176     	0.5	0.781545	0.835729	0.0581437            	0.2     	0.341763	1  	0.131017
94 	351  	156      	176     	0.5	0.781566	0.835729	0.0581606            	0.2     	0.34182 	1  	0.130966
95 	353  	153      	176     	0.5	0.781635	0.835729	0.0582014            	0.196116	0.341833	1  	0.130955
96 	389  	157      	176     	0.5	0.781699	0.835729	0.058248             	0.196116	0.341772	1  	0.131007
97 	364  	151      	176     	0.5	0.781737	0.835729	0.0582763            	0.196116	0.341762	1  	0.131016
98 	370  	155      	176     	0.5	0.781769	0.835729	0.0582819            	0.196116	0.341875	1  	0.130923
99 	375  	149      	176     	0.5	0.781789	0.835729	0.0582883            	0.196116	0.34191 	1  	0.130893
Sweeping genetic algorithm multi-view multi-objective optimizer with resampling (MO-3-folds creator, pop 500, uniform(0, 50), gen [50,50]100, sort NSGA3CICR, crossover 0.33, mutation 1.0 symmetric flip) with (multi-view lasso FI, multi-view Cox FI) final optimization execution time = 00-06:08:02

FEATURE SETS SELECTED ON WHOLE DATASET

PARETO FRONT
Number of solutions = 18
(0.8357287539837417, 0.22941573387056177) 18 features: [0_age_at_initial_pathologic_diagnosis, 0_race_WHITE, 1_hsa.miR.103a.3p, 1_hsa.miR.1229.3p, 1_hsa.miR.1307.3p, 1_hsa.miR.1468.5p, 1_hsa.miR.29c.3p, 1_hsa.miR.301a.3p, 1_hsa.miR.3170, 1_hsa.miR.3605.3p, 1_hsa.miR.3648, 1_hsa.miR.3677.3p, 1_hsa.miR.3678.5p, 1_hsa.miR.4668.3p, 1_hsa.miR.551a, 1_hsa.miR.7706, 1_hsa.miR.520e, 1_hsa.miR.527]
(0.832771791534463, 0.23570226039551584) 17 features: [0_age_at_initial_pathologic_diagnosis, 0_race_WHITE, 1_hsa.miR.103a.3p, 1_hsa.miR.1229.3p, 1_hsa.miR.1307.3p, 1_hsa.miR.1468.5p, 1_hsa.miR.29c.3p, 1_hsa.miR.301a.3p, 1_hsa.miR.30b.5p, 1_hsa.miR.3170, 1_hsa.miR.339.5p, 1_hsa.miR.3605.3p, 1_hsa.miR.3648, 1_hsa.miR.3677.3p, 1_hsa.miR.3678.5p, 1_hsa.miR.548v, 1_hsa.miR.520c.3p]
(0.8316790684310074, 0.25) 15 features: [0_age_at_initial_pathologic_diagnosis, 0_race_WHITE, 1_hsa.miR.1229.3p, 1_hsa.miR.1307.3p, 1_hsa.miR.1468.5p, 1_hsa.miR.29c.3p, 1_hsa.miR.301a.3p, 1_hsa.miR.3170, 1_hsa.miR.3605.3p, 1_hsa.miR.3648, 1_hsa.miR.3677.3p, 1_hsa.miR.3678.5p, 1_hsa.miR.4668.3p, 1_hsa.miR.505.3p, 1_hsa.miR.527]
(0.8274308530761006, 0.2581988897471611) 14 features: [0_age_at_initial_pathologic_diagnosis, 0_race_WHITE, 1_hsa.miR.103a.3p, 1_hsa.miR.1229.3p, 1_hsa.miR.1307.3p, 1_hsa.miR.1468.5p, 1_hsa.miR.29c.3p, 1_hsa.miR.301a.3p, 1_hsa.miR.3170, 1_hsa.miR.3605.3p, 1_hsa.miR.3648, 1_hsa.miR.3677.3p, 1_hsa.miR.3678.5p, 1_hsa.miR.4668.3p]
(0.8273342232129144, 0.2672612419124244) 13 features: [0_age_at_initial_pathologic_diagnosis, 0_race_WHITE, 1_hsa.miR.1229.3p, 1_hsa.miR.1307.3p, 1_hsa.miR.1468.5p, 1_hsa.miR.29c.3p, 1_hsa.miR.301a.3p, 1_hsa.miR.3170, 1_hsa.miR.3648, 1_hsa.miR.3677.3p, 1_hsa.miR.3678.5p, 1_hsa.miR.4668.3p, 1_hsa.miR.512.3p]
(0.8205364912538341, 0.2773500981126146) 12 features: [0_age_at_initial_pathologic_diagnosis, 0_race_WHITE, 1_hsa.miR.1229.3p, 1_hsa.miR.1307.3p, 1_hsa.miR.1468.5p, 1_hsa.miR.29c.3p, 1_hsa.miR.301a.3p, 1_hsa.miR.3605.3p, 1_hsa.miR.3648, 1_hsa.miR.3677.3p, 1_hsa.miR.3678.5p, 1_hsa.miR.4668.3p]
(0.8143854121009438, 0.28867513459481287) 11 features: [0_age_at_initial_pathologic_diagnosis, 0_race_WHITE, 1_hsa.miR.1307.3p, 1_hsa.miR.1468.5p, 1_hsa.miR.29c.3p, 1_hsa.miR.301a.3p, 1_hsa.miR.3605.3p, 1_hsa.miR.3648, 1_hsa.miR.3677.3p, 1_hsa.miR.3678.5p, 1_hsa.miR.4668.3p]
(0.806777282226481, 0.30151134457776363) 10 features: [0_age_at_initial_pathologic_diagnosis, 0_race_WHITE, 1_hsa.miR.1307.3p, 1_hsa.miR.1468.5p, 1_hsa.miR.29c.3p, 1_hsa.miR.301a.3p, 1_hsa.miR.3605.3p, 1_hsa.miR.3648, 1_hsa.miR.3677.3p, 1_hsa.miR.3678.5p]
(0.7971043317622909, 0.31622776601683794) 9 features: [0_race_WHITE, 1_hsa.miR.1229.3p, 1_hsa.miR.1307.3p, 1_hsa.miR.3170, 1_hsa.miR.3605.3p, 1_hsa.miR.3648, 1_hsa.miR.3678.5p, 1_hsa.miR.7706, 1_hsa.miR.518f.3p]
(0.7873296184030122, 0.3333333333333333) 8 features: [0_race_WHITE, 1_hsa.miR.1229.3p, 1_hsa.miR.1307.3p, 1_hsa.miR.3170, 1_hsa.miR.3605.3p, 1_hsa.miR.3678.5p, 1_hsa.miR.7706, 1_hsa.miR.520c.3p]
(0.7815995861749934, 0.3535533905932738) 7 features: [0_race_WHITE, 1_hsa.miR.1229.3p, 1_hsa.miR.1307.3p, 1_hsa.miR.3170, 1_hsa.miR.3605.3p, 1_hsa.miR.3678.5p, 1_hsa.miR.7706]
(0.7711623077371309, 0.3779644730092272) 6 features: [0_race_WHITE, 1_hsa.miR.1229.3p, 1_hsa.miR.3170, 1_hsa.miR.3678.5p, 1_hsa.miR.7706, 1_hsa.miR.520b]
(0.7614947475256969, 0.408248290463863) 5 features: [0_race_WHITE, 1_hsa.miR.3170, 1_hsa.miR.3678.5p, 1_hsa.miR.7706, 1_hsa.miR.520e]
(0.741247209071504, 0.4472135954999579) 4 features: [0_race_WHITE, 1_hsa.miR.3170, 1_hsa.miR.3678.5p, 1_hsa.miR.421]
(0.7223600986441471, 0.5) [0_race_WHITE, 1_hsa.miR.3170, 1_hsa.miR.551a]
(0.6871179198207784, 0.5773502691896257) [1_hsa.miR.301a.3p, 1_hsa.miR.3170]
(0.6521114706277155, 0.7071067811865476) [1_hsa.miR.3648]
(0.5, 1.0) []
Features in hall of fame by prevalence:
27 features: [0_race_WHITE, 1_hsa.miR.3678.5p, 1_hsa.miR.3170, 1_hsa.miR.1307.3p, 1_hsa.miR.1229.3p, 1_hsa.miR.3605.3p, 1_hsa.miR.3648, 1_hsa.miR.301a.3p, 0_age_at_initial_pathologic_diagnosis, 1_hsa.miR.1468.5p, 1_hsa.miR.29c.3p, 1_hsa.miR.3677.3p, 1_hsa.miR.4668.3p, 1_hsa.miR.7706, 1_hsa.miR.103a.3p, 1_hsa.miR.551a, 1_hsa.miR.520c.3p, 1_hsa.miR.520e, 1_hsa.miR.527, 1_hsa.miR.30b.5p, 1_hsa.miR.339.5p, 1_hsa.miR.421, 1_hsa.miR.505.3p, 1_hsa.miR.548v, 1_hsa.miR.512.3p, 1_hsa.miR.518f.3p, 1_hsa.miR.520b]

LAST POPULATION
Number of solutions = 500
Features in hall of fame by prevalence:
101 features: [0_race_WHITE, 1_hsa.miR.3678.5p, 1_hsa.miR.3648, 1_hsa.miR.3170, 1_hsa.miR.1307.3p, 1_hsa.miR.3677.3p, 1_hsa.miR.301a.3p, 1_hsa.miR.3605.3p, 1_hsa.miR.1229.3p, 1_hsa.miR.29c.3p, 0_age_at_initial_pathologic_diagnosis, 1_hsa.miR.1468.5p, 1_hsa.miR.7706, 1_hsa.miR.4668.3p, 1_hsa.miR.103a.3p, 1_hsa.miR.548v, 1_hsa.miR.520c.3p, 1_hsa.miR.4662a.5p, 1_hsa.miR.512.3p, 1_hsa.miR.505.3p, 1_hsa.miR.124.3p, 1_hsa.miR.339.5p, 1_hsa.miR.520e, 1_hsa.miR.548f.3p, 1_hsa.miR.518a.3p, 1_hsa.miR.527, 1_hsa.miR.551a, 1_hsa.miR.20a.3p, 1_hsa.miR.93.3p, 1_hsa.miR.30b.5p, 1_hsa.miR.3187.3p, 1_hsa.miR.3200.3p, 1_hsa.miR.361.3p, 1_hsa.miR.484, 1_hsa.miR.520b, 1_hsa.miR.28.5p, 1_hsa.miR.373.5p, 1_hsa.miR.193a.3p, 1_hsa.miR.454.3p, 1_hsa.miR.491.3p, 1_hsa.miR.301b, 1_hsa.miR.374b.3p, 1_hsa.miR.515.3p, 1_hsa.miR.518c.3p, 1_hsa.miR.518f.3p, 1_hsa.let.7a.3p, 1_hsa.miR.766.3p, 1_hsa.let.7c.3p, 1_hsa.miR.1306.5p, 1_hsa.miR.130b.3p, 1_hsa.miR.17.3p, 1_hsa.miR.374a.3p, 1_hsa.miR.4661.5p, 1_hsa.miR.503.3p, 1_hsa.miR.1306.3p, 1_hsa.miR.20a.5p, 1_hsa.miR.30c.1.3p, 1_hsa.miR.424.3p, 1_hsa.let.7g.3p, 1_hsa.miR.1269a, 1_hsa.miR.1343.3p, 1_hsa.miR.3607.5p, 1_hsa.miR.421, 1_hsa.miR.518a.5p, 1_hsa.miR.519c.3p, 1_hsa.miR.16.2.3p, 1_hsa.miR.17.5p, 1_hsa.miR.19a.3p, 1_hsa.miR.21.3p, 1_hsa.miR.24.2.5p, 1_hsa.miR.33a.5p, 1_hsa.miR.361.5p, 1_hsa.miR.877.5p, 1_hsa.miR.887.3p, 1_hsa.miR.92a.1.5p, 1_hsa.miR.498, 1_hsa.miR.518d.3p, 1_hsa.miR.520g.3p, 1_hsa.miR.103a.2.5p, 1_hsa.miR.1197, 1_hsa.miR.1262, 1_hsa.miR.1301.3p, 1_hsa.miR.146b.3p, 1_hsa.miR.148b.5p, 1_hsa.miR.15b.3p, 1_hsa.miR.181b.3p, 1_hsa.miR.191.5p, 1_hsa.miR.19b.3p, 1_hsa.miR.210.3p, 1_hsa.miR.24.3p, 1_hsa.miR.3127.5p, 1_hsa.miR.324.5p, 1_hsa.miR.3615, 1_hsa.miR.3687, 1_hsa.miR.423.3p, 1_hsa.miR.455.3p, 1_hsa.miR.532.3p, 1_hsa.miR.744.3p, 1_hsa.miR.92a.3p, 1_hsa.miR.371a.5p, 1_hsa.miR.520f.3p]

BEST SUMS WITH SIZE 50
Number of solutions = 50
Features in hall of fame by prevalence:
49 features: [0_age_at_initial_pathologic_diagnosis, 1_hsa.let.7a.2.3p, 1_hsa.miR.103a.2.5p, 1_hsa.miR.1226.3p, 1_hsa.miR.1306.3p, 1_hsa.miR.1306.5p, 1_hsa.miR.130b.3p, 1_hsa.miR.1468.5p, 1_hsa.miR.148b.5p, 1_hsa.miR.151a.5p, 1_hsa.miR.15b.3p, 1_hsa.miR.16.2.3p, 1_hsa.miR.17.3p, 1_hsa.miR.17.5p, 1_hsa.miR.181b.3p, 1_hsa.miR.186.5p, 1_hsa.miR.193a.3p, 1_hsa.miR.197.3p, 1_hsa.miR.19a.3p, 1_hsa.miR.19b.3p, 1_hsa.miR.20a.3p, 1_hsa.miR.20a.5p, 1_hsa.miR.210.3p, 1_hsa.miR.29c.3p, 1_hsa.miR.301a.3p, 1_hsa.miR.301a.5p, 1_hsa.miR.301b, 1_hsa.miR.3170, 1_hsa.miR.3200.3p, 1_hsa.miR.324.3p, 1_hsa.miR.33a.3p, 1_hsa.miR.33a.5p, 1_hsa.miR.3605.3p, 1_hsa.miR.3648, 1_hsa.miR.3677.3p, 1_hsa.miR.3687, 1_hsa.miR.421, 1_hsa.miR.454.3p, 1_hsa.miR.455.3p, 1_hsa.miR.455.5p, 1_hsa.miR.503.3p, 1_hsa.miR.589.3p, 1_hsa.miR.590.5p, 1_hsa.miR.629.5p, 1_hsa.miR.744.3p, 1_hsa.miR.7706, 1_hsa.miR.887.3p, 1_hsa.miR.92a.3p, 1_hsa.miR.940]

BEST SUMS WITH SIZE 100
Number of solutions = 100
Features in hall of fame by prevalence:
99 features: [0_age_at_initial_pathologic_diagnosis, 0_race_WHITE, 1_hsa.let.7a.2.3p, 1_hsa.let.7a.3p, 1_hsa.let.7g.3p, 1_hsa.miR.103a.2.5p, 1_hsa.miR.106b.3p, 1_hsa.miR.106b.5p, 1_hsa.miR.1226.3p, 1_hsa.miR.1269a, 1_hsa.miR.1271.5p, 1_hsa.miR.1301.3p, 1_hsa.miR.1306.3p, 1_hsa.miR.1306.5p, 1_hsa.miR.1307.3p, 1_hsa.miR.130b.3p, 1_hsa.miR.130b.5p, 1_hsa.miR.1343.3p, 1_hsa.miR.135a.3p, 1_hsa.miR.138.5p, 1_hsa.miR.1468.5p, 1_hsa.miR.148b.5p, 1_hsa.miR.151a.3p, 1_hsa.miR.151a.5p, 1_hsa.miR.15b.3p, 1_hsa.miR.16.2.3p, 1_hsa.miR.17.3p, 1_hsa.miR.17.5p, 1_hsa.miR.181b.3p, 1_hsa.miR.186.5p, 1_hsa.miR.18a.3p, 1_hsa.miR.18a.5p, 1_hsa.miR.193a.3p, 1_hsa.miR.197.3p, 1_hsa.miR.19a.3p, 1_hsa.miR.19b.3p, 1_hsa.miR.20a.3p, 1_hsa.miR.20a.5p, 1_hsa.miR.210.3p, 1_hsa.miR.24.2.5p, 1_hsa.miR.28.5p, 1_hsa.miR.29c.3p, 1_hsa.miR.301a.3p, 1_hsa.miR.301a.5p, 1_hsa.miR.301b, 1_hsa.miR.3074.5p, 1_hsa.miR.3170, 1_hsa.miR.3187.3p, 1_hsa.miR.3200.3p, 1_hsa.miR.32.3p, 1_hsa.miR.324.3p, 1_hsa.miR.324.5p, 1_hsa.miR.339.5p, 1_hsa.miR.33a.3p, 1_hsa.miR.33a.5p, 1_hsa.miR.340.3p, 1_hsa.miR.345.5p, 1_hsa.miR.3605.3p, 1_hsa.miR.361.3p, 1_hsa.miR.3615, 1_hsa.miR.361.5p, 1_hsa.miR.3648, 1_hsa.miR.3677.3p, 1_hsa.miR.3678.5p, 1_hsa.miR.3687, 1_hsa.miR.374a.3p, 1_hsa.miR.374b.3p, 1_hsa.miR.3922.3p, 1_hsa.miR.421, 1_hsa.miR.424.3p, 1_hsa.miR.4326, 1_hsa.miR.454.3p, 1_hsa.miR.455.3p, 1_hsa.miR.455.5p, 1_hsa.miR.4661.5p, 1_hsa.miR.4668.3p, 1_hsa.miR.484, 1_hsa.miR.503.3p, 1_hsa.miR.503.5p, 1_hsa.miR.505.3p, 1_hsa.miR.548v, 1_hsa.miR.551a, 1_hsa.miR.551b.3p, 1_hsa.miR.589.3p, 1_hsa.miR.590.5p, 1_hsa.miR.629.5p, 1_hsa.miR.708.3p, 1_hsa.miR.744.3p, 1_hsa.miR.766.3p, 1_hsa.miR.767.3p, 1_hsa.miR.767.5p, 1_hsa.miR.7706, 1_hsa.miR.887.3p, 1_hsa.miR.92a.1.5p, 1_hsa.miR.92a.3p, 1_hsa.miR.93.3p, 1_hsa.miR.93.5p, 1_hsa.miR.940, 1_hsa.miR.512.3p]

SAVING FEATURES AND FITNESSES FOR EACH SELECTED INDIVIDUAL TO FILES.
