gen,evals,gen_feats,explored,type svm balanced accuracy_min,type svm balanced accuracy_avg,type svm balanced accuracy_max,type svm balanced accuracy_std,root leanness_min,root leanness_avg,root leanness_max,root leanness_std
0,500,4972,4972,0.2,0.7970943532636487,0.889173441292139,0.11373272584189802,0.14002800840280097,0.25294347967779934,1.0,0.1402672876924964
1,366,3785,5046,0.2,0.7816234463197029,0.8915258370469946,0.12391253850083639,0.1386750490563073,0.29878819906159587,1.0,0.14089294411116202
2,386,2460,5114,0.2,0.7765056844531835,0.8915258370469946,0.13315087851907906,0.13736056394868904,0.3217793945960652,1.0,0.15230175924162243
3,379,2111,5167,0.2,0.7646778965538017,0.8970871258900172,0.15186294792415067,0.14744195615489714,0.3421613946598826,1.0,0.16560029069293825
4,373,1732,5229,0.2,0.7672202353016419,0.8977353810859341,0.15608271776958896,0.14285714285714285,0.3514735037138812,1.0,0.16822573662841453
5,356,1456,5279,0.2,0.7652705602787523,0.8996045399644388,0.15855502900150906,0.14586499149789456,0.36484529709583396,1.0,0.17054880699537148
6,384,1265,5325,0.2,0.7940776813380779,0.9014736988429435,0.13405760733954328,0.14285714285714285,0.3426178157303963,1.0,0.1594417238254006
7,377,1240,5368,0.2,0.7999523735476919,0.9039523660513954,0.13999210781141505,0.1386750490563073,0.34016895631658006,1.0,0.16163682640794186
8,389,1171,5411,0.2,0.7776942090402867,0.9095155419171113,0.1690232693894289,0.14285714285714285,0.36466624263832476,1.0,0.18655866266825116
9,382,1065,5454,0.2,0.7946033249287846,0.9095155419171113,0.15625465270379962,0.14285714285714285,0.35257090058090285,1.0,0.18033092262033598
10,390,1006,5493,0.2,0.7952921681964754,0.9108725109340396,0.15543774331824015,0.14285714285714285,0.36695786967686306,1.0,0.1740741439587143
11,381,943,5522,0.2,0.7860984501744465,0.9108725109340396,0.16621696085220464,0.1414213562373095,0.3809531260386221,1.0,0.18401021171533172
12,367,894,5554,0.2,0.7924727557080262,0.9108725109340396,0.15859021264254008,0.14285714285714285,0.3833328723920078,1.0,0.18230190658339446
13,382,903,5591,0.2,0.7960834412802958,0.9108725109340396,0.1585537484342886,0.14285714285714285,0.378564645157499,1.0,0.1851687409870777
14,375,827,5624,0.2,0.793822467170012,0.9120075627231905,0.15945202157313565,0.14744195615489714,0.39507257993815836,1.0,0.18006763495246728
15,377,852,5642,0.2,0.8133673314544135,0.9120075627231905,0.1467953344138924,0.14586499149789456,0.37960423876193056,1.0,0.17160603989072604
16,386,794,5668,0.2,0.8094918277305548,0.9138038266139489,0.1481889291770156,0.14285714285714285,0.39367758172281425,1.0,0.1736525209793787
17,362,786,5687,0.2,0.8142896161928362,0.9138038266139489,0.1478879517392021,0.14285714285714285,0.3940478703323619,1.0,0.17105830077698478
18,352,734,5705,0.2,0.7909370806463861,0.9144364824222677,0.16803318668169842,0.14285714285714285,0.42603492077409816,1.0,0.18400902718542442
19,358,732,5721,0.2,0.7955017756623489,0.9176971172067546,0.16724938029164427,0.14285714285714285,0.4317089647781813,1.0,0.1849864858870105
20,378,711,5740,0.2,0.7943488478061023,0.9219053182424872,0.1753268815562882,0.18257418583505536,0.43349491226711134,1.0,0.19301474523394418
21,391,659,5751,0.2,0.7977833783716294,0.9219053182424872,0.17342708437142282,0.18257418583505536,0.4399723759561402,1.0,0.1941127712390862
22,364,654,5762,0.2,0.80345043184685,0.9219053182424872,0.1672030767791645,0.18257418583505536,0.4489815705408721,1.0,0.18741180233766924
23,331,540,5769,0.2,0.7892379720584611,0.9219053182424872,0.18302136521422183,0.2041241452319315,0.4688818997139974,1.0,0.19987293149864546
24,382,575,5780,0.2,0.7791351567984152,0.9219053182424872,0.1898030158891551,0.2041241452319315,0.48296232794287974,1.0,0.20219700770712487
25,357,528,5789,0.2,0.7782798880054037,0.9219053182424872,0.19515445810551857,0.2041241452319315,0.4822468523349123,1.0,0.20881209969704992
26,359,543,5803,0.2,0.796998628477016,0.9219053182424872,0.19942081621545227,0.21320071635561044,0.4588856673250702,1.0,0.21150578664861414
27,387,536,5811,0.2,0.7924810755736358,0.9245467579805347,0.21411137576392927,0.21320071635561044,0.461543149763019,1.0,0.2232932603642232
28,369,559,5821,0.2,0.7659823515320044,0.9245467579805347,0.23216289872219806,0.24253562503633297,0.49640273305991095,1.0,0.23399113566405094
29,363,512,5825,0.2,0.7663075705804215,0.9245467579805347,0.2368945496058209,0.25,0.5041513033906365,1.0,0.23362114231571005
30,327,502,5831,0.2,0.7346155793352055,0.9245467579805347,0.25763184955562796,0.25,0.531718101625409,1.0,0.2545757194074247
31,362,504,5835,0.2,0.7610708956140081,0.9245467579805347,0.2461773152900271,0.25,0.5053589923665733,1.0,0.2433545064681743
32,376,518,5838,0.2,0.7841642885637357,0.9245467579805347,0.23226666739383955,0.25,0.4852753725302376,1.0,0.22911552528528092
33,374,540,5842,0.2,0.7963596682490797,0.9245467579805347,0.22820297468218634,0.25,0.4567732001435201,1.0,0.23285305498951342
34,362,482,5852,0.2,0.7662630837886523,0.9245467579805347,0.24510104313415607,0.25,0.49608647639073,1.0,0.24544378661248314
35,355,466,5856,0.2,0.7848375074759663,0.9245467579805347,0.22453935223440055,0.25,0.4877655615411633,1.0,0.22657349938866925
36,350,470,5858,0.2,0.7941399087920393,0.9245467579805347,0.21662901694276823,0.25,0.4752350946512947,1.0,0.2238533782870053
37,354,462,5861,0.2,0.8001772707714585,0.9245467579805347,0.21187090152330154,0.25,0.4689462095381444,1.0,0.21962126531566653
38,355,488,5864,0.2,0.8099596706704065,0.9306355844697058,0.20511726948838185,0.24253562503633297,0.45865581242388326,1.0,0.21282890682955166
39,377,503,5865,0.2,0.804624693961679,0.9306355844697058,0.20832819598676766,0.24253562503633297,0.47250330238689436,1.0,0.21021800499870602
40,370,502,5865,0.2,0.770274409620841,0.9306355844697058,0.22613487006373068,0.23570226039551584,0.520779071512763,1.0,0.21661276843116534
41,357,493,5867,0.2,0.7622236521923076,0.9306355844697058,0.2306893061106589,0.24253562503633297,0.5324609056030355,1.0,0.2165683277559957
42,353,495,5869,0.2,0.7622236521923076,0.9306355844697058,0.23068930611065894,0.24253562503633297,0.5324609056030356,1.0,0.2165683277559957
43,347,490,5869,0.2,0.7622236521923076,0.9306355844697058,0.2306893061106589,0.24253562503633297,0.5324609056030356,1.0,0.2165683277559957
44,354,490,5870,0.2,0.7636737315554543,0.9306355844697058,0.22942549907567472,0.24253562503633297,0.5311191902193902,1.0,0.215738610539741
45,349,498,5871,0.2,0.7661807486029343,0.9306355844697058,0.2283721599736232,0.24253562503633297,0.5282238798706899,1.0,0.2151539621113826
46,364,512,5873,0.2,0.7660865290096235,0.9306355844697058,0.23058832198403337,0.24253562503633297,0.5220047185427215,1.0,0.22170543680724306
47,373,502,5874,0.2,0.7898265994571487,0.9306355844697058,0.2204631277135568,0.24253562503633297,0.4826748858605906,1.0,0.22605562376471924
48,364,495,5874,0.2,0.7977270578240087,0.9312414259185182,0.2166959843290752,0.23570226039551584,0.46835558124039883,1.0,0.2269357153367108
49,361,495,5875,0.2,0.8060217337909678,0.9312414259185182,0.21193573177638084,0.23570226039551584,0.4538797854230964,1.0,0.22534852838472588
50,363,510,5878,0.2,0.7980606340725868,0.9312547795161455,0.21649921258422042,0.23570226039551584,0.4693961103218296,1.0,0.22579772336357745
51,371,508,5880,0.2,0.8053981351348429,0.9312547795161455,0.2112367815429513,0.23570226039551584,0.46604312034352097,1.0,0.2180568533808057
52,361,504,5881,0.2,0.7974482412712823,0.9312547795161455,0.21625610938361053,0.23570226039551584,0.47229239892917196,1.0,0.22512549067660778
53,386,542,5883,0.2,0.780016729776063,0.9312547795161455,0.23778417023394469,0.23570226039551584,0.48899421029074014,1.0,0.23660683609841746
54,366,522,5885,0.2,0.7804643505197346,0.9324931696090248,0.23788543526055234,0.23570226039551584,0.4883195033323852,1.0,0.236667290239528
55,346,477,5885,0.2,0.7825149679044203,0.9324931696090248,0.2365191749936927,0.23570226039551584,0.48657918719141224,1.0,0.23525084236017857
56,361,469,5886,0.2,0.7998784235869414,0.9324931696090248,0.22496221936895533,0.23570226039551584,0.4697686977100567,1.0,0.22382028932226325
57,344,468,5887,0.2,0.8066814552239644,0.9324931696090248,0.2202598850543278,0.23570226039551584,0.4624323421111957,1.0,0.21942204732411685
58,349,497,5887,0.2,0.8144608970636293,0.9324931696090248,0.21357706821458572,0.23570226039551584,0.4512055581416382,1.0,0.21695199042837157
59,378,512,5888,0.2,0.8118223769788874,0.9324931696090248,0.21125043613022892,0.23570226039551584,0.45451131125457955,1.0,0.2206796017210903
60,377,512,5888,0.2,0.8037635909212063,0.9324931696090248,0.21578532100280864,0.23570226039551584,0.46942159216890483,1.0,0.22031463154506395
61,362,519,5889,0.2,0.8123368479419767,0.9324931696090248,0.21112237096908504,0.23570226039551584,0.45427118125782734,1.0,0.2204004824937402
62,364,527,5889,0.2,0.7997995389702871,0.9324931696090248,0.2188896669205573,0.23570226039551584,0.4749140909236844,1.0,0.22208754148623527
63,351,519,5889,0.2,0.8010234435249807,0.9324931696090248,0.21723714197999328,0.23570226039551584,0.4740401959828547,1.0,0.2209184017043043
64,359,493,5890,0.2,0.8002198104381846,0.9324931696090248,0.2187682997353631,0.23570226039551584,0.4741884580578692,1.0,0.2222590030001825
65,373,503,5890,0.2,0.7961803445885041,0.9324931696090248,0.22252782032501525,0.23570226039551584,0.47034085795168673,1.0,0.23157565314655493
66,374,518,5891,0.2,0.8014784174958077,0.9324931696090248,0.21944183432237413,0.23570226039551584,0.4618634285344635,1.0,0.23063795884516008
67,368,538,5891,0.2,0.7963561247401121,0.9324931696090248,0.22984539742911975,0.23570226039551584,0.457204752277189,1.0,0.24223230495782827
68,347,486,5891,0.2,0.7987350764399628,0.9324931696090248,0.2284188467978711,0.23570226039551584,0.4538474626897758,1.0,0.24141105332981289
69,352,505,5891,0.2,0.8137756244117188,0.9324931696090248,0.21716561767161344,0.23570226039551584,0.4346400383470913,1.0,0.2332979919159733
70,355,520,5891,0.2,0.8124527996961449,0.9324931696090248,0.2115361822586147,0.23570226039551584,0.45314575762169584,1.0,0.22212775245163882
71,353,510,5891,0.2,0.8145313295250105,0.9324931696090248,0.209704034682873,0.23570226039551584,0.4509106584718967,1.0,0.22063734629622928
72,355,495,5891,0.2,0.8133761513208991,0.9324931696090248,0.21160589830916254,0.23570226039551584,0.4492248535654825,1.0,0.22371073746615644
73,366,511,5891,0.2,0.8135154872540242,0.9324931696090248,0.21165411374035312,0.23570226039551584,0.4488116702125342,1.0,0.22377953814675192
74,360,508,5892,0.2,0.8134552737882309,0.9368160683591682,0.2115887162871161,0.22941573387056177,0.4495769231473445,1.0,0.22340266894315583
75,345,475,5892,0.2,0.8169845750684354,0.9368160683591682,0.21260397456052216,0.22941573387056177,0.44439867406429906,1.0,0.22308371108619587
76,369,516,5893,0.2,0.8113899583043617,0.9368160683591682,0.2184455265691296,0.22941573387056177,0.4450898172809085,1.0,0.23074877157179122
77,354,481,5893,0.2,0.8143545471527328,0.9368160683591682,0.21425828731846744,0.22941573387056177,0.4542434434912263,1.0,0.21969303422114697
78,386,542,5893,0.2,0.8065329745006086,0.9368160683591682,0.22119621127009564,0.22941573387056177,0.4609902530653301,1.0,0.22687535801549624
79,360,482,5893,0.2,0.8073376536782368,0.9368160683591682,0.21965829372562912,0.22941573387056177,0.4607471130555398,1.0,0.22558812769995196
80,369,518,5893,0.2,0.8098239341062381,0.9368160683591682,0.21809186898765115,0.22941573387056177,0.4563961638821928,1.0,0.22523884144730222
81,371,507,5893,0.2,0.809107850772139,0.9368160683591682,0.21769491440058195,0.22941573387056177,0.45365300929611363,1.0,0.22925284396197654
82,367,536,5893,0.2,0.7872030216387823,0.9368160683591682,0.2258847785767721,0.22941573387056177,0.4940669059876621,1.0,0.2278358871837679
83,380,533,5893,0.2,0.787044694774502,0.9368160683591682,0.22584386749979504,0.22941573387056177,0.4941972747461881,1.0,0.22802790834343611
84,373,524,5893,0.2,0.7872352202098543,0.9368160683591682,0.22590495442680328,0.22941573387056177,0.4938590707887366,1.0,0.2280297309922418
85,360,468,5893,0.2,0.7871313718318101,0.9368160683591682,0.22586171713744516,0.22941573387056177,0.49404257420780884,1.0,0.22799767883357241
86,361,494,5893,0.2,0.7893057959753036,0.9368160683591682,0.2244190394415864,0.22941573387056177,0.49168295352633506,1.0,0.226925722217132
87,362,508,5894,0.2,0.8008465257629693,0.9368160683591682,0.21921183354899323,0.22941573387056177,0.4729108486867572,1.0,0.22657174786450685
88,346,487,5894,0.2,0.8120641101840167,0.9368160683591682,0.21152662499095198,0.22941573387056177,0.4571859579971659,1.0,0.22204314755424068
89,372,514,5894,0.2,0.813021309755785,0.9368160683591682,0.21151498914335157,0.22941573387056177,0.45612950004835495,1.0,0.22155963908585274
90,355,499,5894,0.2,0.8222845073910139,0.9368160683591682,0.20408938471648394,0.22941573387056177,0.4482788285307742,1.0,0.21342760753205012
91,368,495,5894,0.2,0.820072956662561,0.9368160683591682,0.20603727031568603,0.22941573387056177,0.4507883756986962,1.0,0.21497843385173349
92,353,496,5894,0.2,0.8187388272429511,0.9374255766891153,0.20794812125594575,0.22360679774997896,0.44552904955368866,1.0,0.22054830088751223
93,357,454,5894,0.2,0.8212611072475092,0.9374255766891153,0.20615121632075672,0.22360679774997896,0.4413362813236272,1.0,0.21955153932055196
94,373,512,5894,0.2,0.8261947786562094,0.9374255766891153,0.2024370359577868,0.22360679774997896,0.43496119157860275,1.0,0.21690154415780472
95,376,519,5894,0.2,0.8342149541478461,0.9399351910697378,0.20214571392897318,0.22360679774997896,0.4197074666685844,1.0,0.21613597200463106
96,380,506,5894,0.2,0.8357972807525138,0.9399351910697378,0.20018163969437044,0.22360679774997896,0.4181533015952944,1.0,0.21445520338330018
97,376,497,5894,0.2,0.8351851081944425,0.9399351910697378,0.20038363374537826,0.22360679774997896,0.41865051406208986,1.0,0.2150128380453626
98,374,520,5894,0.2,0.818247284697166,0.9399351910697378,0.2132679515696769,0.22360679774997896,0.4460137792686886,1.0,0.22205314581420366
99,360,515,5894,0.2,0.8208899121009658,0.9399351910697378,0.20593048374381004,0.22360679774997896,0.45018889011316504,1.0,0.21423725192866225
100,359,528,5894,0.2,0.8125652149066974,0.9399351910697378,0.21134605015048621,0.22360679774997896,0.4603919843677487,1.0,0.2198297331878677
101,383,505,5894,0.2,0.8127907365324579,0.9399351910697378,0.21140540259187854,0.22360679774997896,0.45992693142818614,1.0,0.2198107025925065
102,374,494,5894,0.2,0.8177618841054418,0.9399351910697378,0.20793591536893818,0.22360679774997896,0.45316227058120373,1.0,0.21719045657454045
103,354,509,5894,0.2,0.8302294003304211,0.9399351910697378,0.19847923812595383,0.22360679774997896,0.43777862470498063,1.0,0.20898885959729563
104,383,561,5894,0.2,0.8536400838961512,0.9399351910697378,0.1910546051406949,0.22360679774997896,0.4026762287715623,1.0,0.20070698350308777
105,371,502,5894,0.2,0.8544885814659656,0.9399351910697378,0.19146781746004474,0.22360679774997896,0.39460988909573735,1.0,0.20545093795729896
106,349,498,5894,0.2,0.8307486689135336,0.9399351910697378,0.21389335951949198,0.22360679774997896,0.43998434746347254,1.0,0.21453142123497662
107,378,514,5894,0.2,0.8308935686269351,0.9411735811626171,0.21393474795322728,0.21821789023599236,0.43959068573254034,1.0,0.21461540647066846
108,369,507,5894,0.2,0.8343775653595935,0.9411735811626171,0.21041317605754586,0.21821789023599236,0.4352029257738843,1.0,0.21239356033314283
109,364,523,5894,0.2,0.8416911199543398,0.9411735811626171,0.19851642217348708,0.21821789023599236,0.4222220776369173,1.0,0.20864611023431587
110,362,514,5894,0.2,0.8291429290947901,0.9411735811626171,0.20830484717029316,0.21821789023599236,0.42770291136816907,1.0,0.22404152814060802
111,359,465,5894,0.2,0.8313095895447382,0.9411735811626171,0.2062830719677665,0.21821789023599236,0.4257503478914447,1.0,0.22182753788952594
112,352,472,5895,0.2,0.8366775817986332,0.9411735811626171,0.2020567167410728,0.21821789023599236,0.42002586932776803,1.0,0.2166924409682941
113,343,478,5895,0.2,0.8372967384369281,0.9411735811626171,0.20020163970957217,0.21821789023599236,0.41999466357615756,1.0,0.21551008794872162
114,361,519,5895,0.2,0.8375547383068856,0.9411735811626171,0.19991896246470905,0.21821789023599236,0.4201263978200911,1.0,0.21503535139857147
115,362,483,5895,0.2,0.8378334349587429,0.9411735811626171,0.19444432859751665,0.21821789023599236,0.42616211800664816,1.0,0.20978891844334588
116,351,508,5895,0.2,0.838156849741274,0.9411735811626171,0.19450037633058082,0.21821789023599236,0.4254757589031841,1.0,0.2097143744369943
117,359,505,5895,0.2,0.8531243347376801,0.9411735811626171,0.19362905289329466,0.21821789023599236,0.404891252169445,1.0,0.20268128800727878
118,361,500,5895,0.2,0.8534556681713146,0.9411735811626171,0.19190596597677864,0.21821789023599236,0.4047754575902167,1.0,0.20181234211272406
119,372,505,5895,0.2,0.8485910637009093,0.9411735811626171,0.19067588646591332,0.21821789023599236,0.4117190782365782,1.0,0.2036453274078272
120,371,524,5895,0.2,0.8444476636990912,0.9411735811626171,0.18792417558837388,0.21821789023599236,0.41636899324967114,1.0,0.20458249461376452
121,358,462,5895,0.2,0.8435972596091912,0.9411735811626171,0.18989049052410914,0.21821789023599236,0.4169381531619663,1.0,0.2058814268944769
122,366,540,5895,0.2,0.843743181548412,0.9411735811626171,0.18992764462230494,0.21821789023599236,0.4164519135717701,1.0,0.2059386202317433
123,376,514,5895,0.2,0.8477716105782462,0.9411735811626171,0.1854698588149705,0.21821789023599236,0.4106768673676389,1.0,0.2027131466132464
124,379,520,5895,0.2,0.8389685707213246,0.9431958258542249,0.19212761470022344,0.20851441405707477,0.4281500019934899,1.0,0.20511791112960004
125,371,513,5895,0.2,0.8393811562650666,0.9431958258542249,0.19195438457776698,0.20851441405707477,0.4271599445837947,1.0,0.20537551565502526
126,337,471,5895,0.2,0.8397399069153106,0.9431958258542249,0.1920245192535527,0.20851441405707477,0.4262283899102648,1.0,0.20543792324007007
127,381,547,5895,0.2,0.8453351121708431,0.9431958258542249,0.1878427716286897,0.20851441405707477,0.41529828267200525,1.0,0.20444463061129547
128,353,510,5895,0.2,0.8503402832549247,0.9431958258542249,0.1836076611730782,0.20851441405707477,0.40618112502971093,1.0,0.2022717783897165
129,353,521,5895,0.2,0.8451105540076173,0.9431958258542249,0.1877680235880333,0.20851441405707477,0.417291182051144,1.0,0.20307801244780632
130,355,477,5895,0.2,0.8453413478337034,0.9431958258542249,0.18783630195733125,0.20851441405707477,0.4164826529675646,1.0,0.2032741131822916
131,367,478,5895,0.2,0.8453794626648541,0.9431958258542249,0.18785411376038796,0.20851441405707477,0.41628518820904925,1.0,0.2034141574915548
132,354,494,5895,0.2,0.8453856777627967,0.9431958258542249,0.18785713387709518,0.20851441405707477,0.416240194950346,1.0,0.20345160425938735
133,353,477,5895,0.2,0.8541631709480796,0.9431958258542249,0.18125187606999968,0.20851441405707477,0.39821221094812803,1.0,0.20214530716061394
134,367,502,5895,0.2,0.8509729918470013,0.943652248371069,0.1834921462498524,0.2041241452319315,0.40507183440500466,1.0,0.20276734324039564
135,351,492,5895,0.2,0.8508436485050989,0.943652248371069,0.1834656377316514,0.2041241452319315,0.40576049309698137,1.0,0.20246091985616718
136,366,525,5895,0.2,0.850617570842069,0.943652248371069,0.18374347008415964,0.2041241452319315,0.40566073094206045,1.0,0.20273748268532898
137,361,510,5895,0.2,0.8497828053686013,0.943652248371069,0.1857889385052995,0.2041241452319315,0.4060838763966856,1.0,0.20414030778034234
138,388,532,5895,0.2,0.8512137639001827,0.943652248371069,0.1835183329950947,0.2041241452319315,0.4047248486725483,1.0,0.20242516436511868
139,372,528,5895,0.2,0.8530480787014871,0.943652248371069,0.18127140495998306,0.2041241452319315,0.40214524593846,1.0,0.20071099243769178
140,352,513,5895,0.2,0.8557554339738653,0.9455214072495737,0.17891395408479616,0.2,0.39623210411192994,1.0,0.20016280914056606
141,378,533,5895,0.2,0.8547330561898916,0.9455214072495737,0.18098938113174765,0.2,0.3973069605108893,1.0,0.20143960256852328
142,367,489,5895,0.2,0.8548643355212904,0.9455214072495737,0.18101279950186563,0.2,0.39697228255670897,1.0,0.2013688627637351
143,365,530,5895,0.2,0.8517296891107737,0.9455214072495737,0.18375035453626246,0.2,0.4022719792669468,1.0,0.204273752449491
144,384,526,5895,0.2,0.8513459862717956,0.9455214072495737,0.18420038101242492,0.2,0.4014041162406232,1.0,0.20704331205172558
145,350,488,5895,0.2,0.8513479056864822,0.9455214072495737,0.18407587426362998,0.2,0.40187395603676157,1.0,0.20553246040045212
146,369,521,5895,0.2,0.8522443824482453,0.9455214072495737,0.1839031075667779,0.2,0.40003505289566,1.0,0.20536378911513967
147,352,495,5895,0.2,0.8570995774892801,0.9455214072495737,0.1794214080883274,0.2,0.3906092545359892,1.0,0.2036795180900774
148,384,489,5895,0.2,0.8456971782585215,0.9455214072495737,0.18802778294791817,0.2041241452319315,0.41508960665157474,1.0,0.20430197794233984
149,368,528,5895,0.2,0.8458348382799284,0.9455214072495737,0.18806055717256603,0.2041241452319315,0.414683612515164,1.0,0.20435014026581852
150,366,496,5895,0.2,0.8466545642029013,0.9455214072495737,0.1879190516420925,0.2041241452319315,0.412942507404142,1.0,0.2042254751546616
151,369,495,5895,0.2,0.8518996891964726,0.9455214072495737,0.18370346050213704,0.2041241452319315,0.4026098250957888,1.0,0.20274743729029146
152,340,511,5895,0.2,0.8624404574778843,0.9455214072495737,0.17375241196329402,0.2041241452319315,0.38412377392846214,1.0,0.19668196204949992
153,383,526,5895,0.2,0.865128575973478,0.9455214072495737,0.17117691547769778,0.2041241452319315,0.3763662080013607,1.0,0.19597423242288672
154,368,501,5895,0.2,0.8534060510406342,0.9455214072495737,0.18398878958021533,0.2041241452319315,0.39506189642464085,1.0,0.20670837549167492
155,375,541,5895,0.2,0.8459234515698844,0.9455214072495737,0.19150662536221363,0.2041241452319315,0.4047249846563045,1.0,0.21505072658776211
156,368,493,5895,0.2,0.84815136763186,0.9455214072495737,0.18912934797549288,0.2041241452319315,0.40267182090743747,1.0,0.21248372992785475
157,384,518,5895,0.2,0.8529370165413592,0.9455214072495737,0.18427562930643288,0.2041241452319315,0.3965953002717031,1.0,0.2073940364896712
158,366,513,5895,0.2,0.8393269596309979,0.9455214072495737,0.19505231225848552,0.2041241452319315,0.42174119355551365,1.0,0.21155921550783677
159,390,562,5895,0.2,0.8436735891004651,0.9455214072495737,0.19376662171275272,0.2041241452319315,0.40797053738105715,1.0,0.21470708106243067
160,367,538,5895,0.2,0.8510336056277282,0.9455214072495737,0.18684588956304315,0.2041241452319315,0.3991898529740997,1.0,0.20774945617391521
161,372,513,5895,0.2,0.8494304448925645,0.9455214072495737,0.18957486386435926,0.2041241452319315,0.39786367091291097,1.0,0.21254103793752857
162,389,536,5895,0.2,0.8471549252912762,0.9455214072495737,0.18864868587347933,0.20851441405707477,0.40989961229168,1.0,0.20691524658991794
163,373,530,5895,0.2,0.8476441706732634,0.9455214072495737,0.1883955929482144,0.20851441405707477,0.4097215806580691,1.0,0.20623449493947954
164,365,506,5895,0.2,0.8280451969832433,0.9455214072495737,0.20570905194016442,0.20851441405707477,0.4346793382271742,1.0,0.22285750107611688
165,347,480,5895,0.2,0.8350878180215519,0.9455214072495737,0.19968329292035836,0.20851441405707477,0.42904849618787577,1.0,0.21578467951652824
166,355,506,5895,0.2,0.8336986164892477,0.9455214072495737,0.20167413847698037,0.20851441405707477,0.4299897373902113,1.0,0.21740964574482533
167,372,525,5895,0.2,0.8273325751173213,0.9455214072495737,0.20545710094694006,0.20851441405707477,0.442317643032431,1.0,0.2189840110990803
168,345,468,5895,0.2,0.8098719681413618,0.9455214072495737,0.22034674733675932,0.20851441405707477,0.4539070119940215,1.0,0.2372005327032478
169,355,474,5895,0.2,0.8190842078663885,0.9455214072495737,0.21381435068066942,0.20851441405707477,0.4434486814002058,1.0,0.23065846200740775
170,363,504,5895,0.2,0.8196047583478469,0.9455214072495737,0.213676557309557,0.20851441405707477,0.4429288950288326,1.0,0.23035636105769117
171,361,533,5895,0.2,0.8199213530229453,0.9455214072495737,0.21376828343575782,0.20851441405707477,0.44202284996559155,1.0,0.2304935199702414
172,345,514,5895,0.2,0.8205829796438968,0.9455214072495737,0.2136866063060962,0.20851441405707477,0.4408769379690433,1.0,0.23033146968403145
173,373,537,5895,0.2,0.8283846775358804,0.9455214072495737,0.21391390774376395,0.20851441405707477,0.4228594903737426,1.0,0.231339944466985
174,382,522,5895,0.2,0.8339950323788985,0.9455214072495737,0.20752995313468103,0.20851441405707477,0.4221105950425937,1.0,0.22321950662018347
175,382,525,5895,0.2,0.8247154622400026,0.9455214072495737,0.21512430986360118,0.20851441405707477,0.4344404440384498,1.0,0.2298883474034583
176,380,555,5895,0.2,0.8266354422136585,0.9455214072495737,0.2131772323560986,0.20851441405707477,0.43302409190057894,1.0,0.2280497598529327
177,361,490,5895,0.2,0.8449788447765829,0.9455214072495737,0.19396708708985536,0.20851441405707477,0.4177149986544772,1.0,0.21136690517486278
178,376,532,5895,0.2,0.8368453236895302,0.9455214072495737,0.20005635022147145,0.20851441405707477,0.43440239914254364,1.0,0.21301703760820173
179,364,523,5895,0.2,0.8363109101994853,0.9455214072495737,0.20023784222893207,0.20851441405707477,0.4349775144868747,1.0,0.21326268948862107
180,375,505,5895,0.2,0.8111504820951816,0.9455214072495737,0.2183880853724553,0.20851441405707477,0.4638197316854,1.0,0.23140417921318643
181,363,500,5895,0.2,0.8204614962905842,0.9455214072495737,0.21372047479782597,0.20851441405707477,0.4476829802385107,1.0,0.23069004533240806
182,388,541,5895,0.2,0.818874102038851,0.9455214072495737,0.21543925583880894,0.20851441405707477,0.4492052153328995,1.0,0.23202079273812487
183,374,494,5895,0.2,0.8072117721022745,0.9455214072495737,0.22132913442275529,0.20851441405707477,0.4704561943179255,1.0,0.2319333845622309
184,377,538,5895,0.2,0.8073987775074909,0.9455214072495737,0.22142065122874877,0.20851441405707477,0.4695761256677623,1.0,0.2324368586162075
185,369,522,5895,0.2,0.8075521342788489,0.9455214072495737,0.22149853017059995,0.20851441405707477,0.4688701980127035,1.0,0.23282422278200157
186,348,498,5895,0.2,0.8076433179310131,0.9455214072495737,0.22149087583272506,0.20851441405707477,0.46934611751665456,1.0,0.2322415023644516
187,374,524,5895,0.2,0.8124222006363729,0.9455214072495737,0.21835596301923732,0.20851441405707477,0.4638928913871067,1.0,0.22980966452934773
188,371,561,5895,0.2,0.8283604850979153,0.9455214072495737,0.2085329322962536,0.20851441405707477,0.4418788566076663,1.0,0.2232668372196632
189,376,542,5895,0.2,0.8288191331544791,0.9455214072495737,0.20834674856464672,0.20851441405707477,0.44150184733788395,1.0,0.22296092582339505
190,367,491,5895,0.2,0.8282167599712433,0.9455214072495737,0.20846824785255424,0.20851441405707477,0.4426038769220155,1.0,0.22288426826928276
191,373,545,5895,0.2,0.8302123945612254,0.9455214072495737,0.20645978767369058,0.20851441405707477,0.44047258067756834,1.0,0.22155046602535336
192,377,529,5895,0.2,0.8288663152634911,0.9455214072495737,0.20837052873702835,0.20851441405707477,0.4413189136628638,1.0,0.22310427091214982
193,355,500,5895,0.2,0.8300071235885755,0.9455214072495737,0.20671370604506772,0.20851441405707477,0.4399905255933851,1.0,0.22213482175057192
194,381,530,5895,0.2,0.8283602703700109,0.9455214072495737,0.2084869518834615,0.20851441405707477,0.44233135159502696,1.0,0.22293062751860093
195,353,505,5895,0.2,0.8283739160228395,0.9455214072495737,0.20849414501269473,0.20851441405707477,0.4421140959711662,1.0,0.22307158641920552
196,370,505,5895,0.2,0.8214089542478566,0.9455214072495737,0.21425740691901213,0.20851441405707477,0.4468106332500621,1.0,0.23093479473898235
197,378,511,5895,0.2,0.8203854479939726,0.9455214072495737,0.2161359098982032,0.20851441405707477,0.44676010310408654,1.0,0.2325691630070765
198,388,537,5895,0.2,0.8201009028304315,0.9455214072495737,0.21605405322586418,0.20851441405707477,0.447754663962189,1.0,0.23222105582242444
199,371,548,5895,0.2,0.8203109512174965,0.9455214072495737,0.21609549711737006,0.20851441405707477,0.44767857626845514,1.0,0.23199016559806013
200,372,541,5895,0.2,0.8244260496806992,0.9455214072495737,0.21262134056212273,0.20851441405707477,0.4447739335244671,1.0,0.22812828009081138
201,371,512,5895,0.2,0.8292627062274305,0.9455214072495737,0.20890805246016683,0.20851441405707477,0.4420860803194307,1.0,0.22309663292070644
202,366,505,5895,0.2,0.8300615293717228,0.9455214072495737,0.2088536992999959,0.20851441405707477,0.4404980726805752,1.0,0.22318167824941448
203,366,535,5895,0.2,0.8290759191098354,0.9455214072495737,0.20887690625346156,0.20851441405707477,0.4426281246253274,1.0,0.22297777937214888
204,386,532,5895,0.2,0.81862913120902,0.9455214072495737,0.21526997550982802,0.21320071635561044,0.4633576592076831,1.0,0.2213221993279348
205,360,475,5895,0.2,0.8184944585277667,0.9455214072495737,0.21552661801343703,0.21320071635561044,0.46270781629074964,1.0,0.22194885311120713
206,356,491,5895,0.2,0.8146532090895922,0.9455214072495737,0.2198579059613317,0.21320071635561044,0.46055331740354594,1.0,0.23051531444332315
207,364,503,5895,0.2,0.8218579786286808,0.9455214072495737,0.21686232233968328,0.21320071635561044,0.44573663955136417,1.0,0.23216400043002652
208,380,506,5895,0.2,0.8230003740363956,0.9455214072495737,0.21531122831871324,0.21320071635561044,0.44437980195133003,1.0,0.23132539415395856
209,363,488,5895,0.2,0.8233762608161088,0.9455214072495737,0.21508918094461552,0.21320071635561044,0.44489067739343513,1.0,0.23041462142182775
210,369,506,5895,0.2,0.8196771141888837,0.9455214072495737,0.21572856069464882,0.21320071635561044,0.4596018328183468,1.0,0.2242022092033623
211,345,479,5895,0.2,0.8211308350771714,0.9455214072495737,0.21398959322829425,0.21320071635561044,0.45857434444076073,1.0,0.22274891827888413
212,372,518,5895,0.2,0.8266392529547291,0.9455214072495737,0.21062219459584466,0.21320071635561044,0.4523763019433142,1.0,0.21894742511288293
213,376,530,5895,0.2,0.8309973904236938,0.9455214072495737,0.20676012205853797,0.21320071635561044,0.4475538482769787,1.0,0.21594651402832987
214,344,479,5895,0.2,0.8289658031311667,0.9455214072495737,0.20872348409302377,0.21320071635561044,0.45007391872972996,1.0,0.21706356425840834
215,366,491,5895,0.2,0.8383068369064317,0.9455214072495737,0.20122798523005614,0.21320071635561044,0.4343618074579582,1.0,0.2144878473761909
216,373,513,5895,0.2,0.8375851954293941,0.9455214072495737,0.20309093023699737,0.21320071635561044,0.4338613157531919,1.0,0.2161685837796264
217,362,513,5895,0.2,0.8377346490097646,0.9455214072495737,0.20308907851106228,0.21320071635561044,0.4341222641190182,1.0,0.21565643236847076
218,341,482,5895,0.2,0.8369569297122448,0.9455214072495737,0.20323806700635444,0.21320071635561044,0.4348684531111081,1.0,0.21626660034884776
219,362,545,5895,0.2,0.83764575504894,0.9455214072495737,0.2031105810811336,0.21320071635561044,0.433925831194298,1.0,0.21600404888894945
220,365,515,5895,0.2,0.8386234325133932,0.9455214072495737,0.20130191159751198,0.21320071635561044,0.4332566630491102,1.0,0.21472260086344788
221,361,504,5895,0.2,0.8390526354013196,0.9455214072495737,0.20111979698496932,0.21320071635561044,0.4325480511153802,1.0,0.21470342714439142
222,385,555,5895,0.2,0.8375392512818179,0.9455214072495737,0.20306766970984202,0.21320071635561044,0.4344016115638771,1.0,0.21577387918771798
223,346,479,5895,0.2,0.8390168123848561,0.9455214072495737,0.20111179725225387,0.21320071635561044,0.4326536239243803,1.0,0.21472358942687564
224,361,486,5895,0.2,0.834276908884282,0.9455214072495737,0.20848391658108784,0.21320071635561044,0.43229118457051163,1.0,0.22305604738877668
225,364,534,5895,0.2,0.8235775117995725,0.9455214072495737,0.21741810724280583,0.21320071635561044,0.44955642968803283,1.0,0.22723935160485825
226,354,500,5895,0.2,0.8265822863544683,0.9455214072495737,0.2135092710859563,0.21320071635561044,0.4480752915456225,1.0,0.22352352492182956
227,359,504,5895,0.2,0.8292561404161076,0.9455214072495737,0.20891238203542153,0.21320071635561044,0.44915977259670004,1.0,0.21794897422418116
228,374,482,5895,0.2,0.8311387438139015,0.9455214072495737,0.20684831628190584,0.21320071635561044,0.44740257594733884,1.0,0.21638191032088866
229,372,551,5895,0.2,0.8323103601124868,0.9455214072495737,0.20688374526468753,0.21320071635561044,0.444244292459099,1.0,0.21696916426806595
230,369,528,5895,0.2,0.8379717576297043,0.9455214072495737,0.20318141723263924,0.21320071635561044,0.4337117752660413,1.0,0.21569905874220383
231,378,511,5895,0.2,0.8290161636720721,0.9455214072495737,0.2087397551049262,0.21320071635561044,0.4504484096096332,1.0,0.21672214602437456
232,371,503,5895,0.2,0.8303696399869407,0.9455214072495737,0.20688886472031856,0.21320071635561044,0.44924485433750844,1.0,0.21554308793378815
233,372,544,5895,0.2,0.8309007618971962,0.9455214072495737,0.2067227605749363,0.21320071635561044,0.4484050929797699,1.0,0.2154032618845327
234,354,502,5895,0.2,0.8298394689705547,0.9455214072495737,0.20869285855772038,0.21320071635561044,0.4486238273424264,1.0,0.21691837343238585
235,378,563,5895,0.2,0.8312889958097726,0.9455214072495737,0.2068278093424228,0.21320071635561044,0.44694896548735696,1.0,0.2158346636844072
236,343,473,5895,0.2,0.8369132554931434,0.9455214072495737,0.20322475881063834,0.21320071635561044,0.4361709320720457,1.0,0.21531976685406018
237,360,514,5895,0.2,0.8378984346340047,0.9455214072495737,0.20315898688859918,0.21320071635561044,0.4340862457310326,1.0,0.2153722298499894
238,357,497,5895,0.2,0.8378558694324973,0.9455214072495737,0.20314788613202214,0.21320071635561044,0.4341901389734995,1.0,0.21541285167544352
239,363,506,5895,0.2,0.8372653088958142,0.9455214072495737,0.20331514394964306,0.21320071635561044,0.43451604969917723,1.0,0.21597672757490904
240,373,521,5895,0.2,0.8376432514653387,0.9455214072495737,0.2031113515434221,0.21320071635561044,0.4343769522091806,1.0,0.21552905720708374
241,369,484,5895,0.2,0.8373033644327352,0.9455214072495737,0.2033311987524086,0.21320071635561044,0.43421600412183703,1.0,0.21610976715880878
242,366,528,5895,0.2,0.8386052127918884,0.9455214072495737,0.20134474062701707,0.21320071635561044,0.43317925993462236,1.0,0.21467355005099545
243,375,538,5895,0.2,0.839450354337298,0.9455214072495737,0.20122502979372484,0.21320071635561044,0.4315701296707828,1.0,0.21460457499513882
244,359,483,5895,0.2,0.8380280323736552,0.9455214072495737,0.20321028355213222,0.21320071635561044,0.4331200186332861,1.0,0.21581721688531616
245,374,508,5895,0.2,0.8387807580346888,0.9455214072495737,0.20136924934821399,0.21320071635561044,0.4327762102084016,1.0,0.21471538277589045
246,378,533,5895,0.2,0.8386595618195911,0.9455214072495737,0.20131897220481648,0.21320071635561044,0.4335881872864088,1.0,0.21429467414429512
247,363,495,5895,0.2,0.8373521349994173,0.9455214072495737,0.20334500009293313,0.21320071635561044,0.4340147271915858,1.0,0.21611746275198243
248,349,492,5895,0.2,0.8379194810823472,0.9455214072495737,0.20317628716311995,0.21320071635561044,0.43339617993336443,1.0,0.21581927730018946
249,372,481,5895,0.2,0.8388236506595013,0.9455214072495737,0.20137337982698855,0.21320071635561044,0.43308799520289226,1.0,0.21435777219547153
250,387,510,5895,0.2,0.838802512771771,0.9455214072495737,0.20136960572571375,0.21320071635561044,0.4329078193765733,1.0,0.2145152534170805
251,368,527,5895,0.2,0.8384865157724005,0.9455214072495737,0.2013055868467804,0.21320071635561044,0.433515961460506,1.0,0.21461723178863826
252,347,460,5895,0.2,0.8384396238069701,0.9455214072495737,0.20128906189148024,0.21320071635561044,0.43360954638280536,1.0,0.21460189516150577
253,385,551,5895,0.2,0.8379419469256464,0.9455214072495737,0.20317728605980387,0.21320071635561044,0.43343250098090114,1.0,0.21566999371005863
254,357,504,5895,0.2,0.8379049086665684,0.9455214072495737,0.20316214171992056,0.21320071635561044,0.43350175338959923,1.0,0.21568385710946467
255,379,517,5895,0.2,0.8380062304097531,0.9455214072495737,0.20320252812878042,0.21320071635561044,0.43302597302002016,1.0,0.21591213987316757
256,357,478,5895,0.2,0.837356536232635,0.9455214072495737,0.20334055883212593,0.21320071635561044,0.43436704870607107,1.0,0.2158393630335795
257,368,487,5895,0.2,0.8375628755117325,0.9455214072495737,0.2030883242320267,0.21320071635561044,0.43443897207830706,1.0,0.2156284021699651
258,369,485,5895,0.2,0.8384209976722462,0.9455214072495737,0.2012797662888873,0.21320071635561044,0.4338601486879984,1.0,0.2144357418849385
259,350,475,5895,0.2,0.8378279204423821,0.9455214072495737,0.203134129547392,0.21320071635561044,0.4340752563279709,1.0,0.21543144263510147
260,367,533,5895,0.2,0.837419630966994,0.9455214072495737,0.2033686331263752,0.21320071635561044,0.43387054812376824,1.0,0.21608496270482255
261,382,511,5895,0.2,0.8385173155717287,0.9455214072495737,0.20131820088333507,0.21320071635561044,0.4334974669609205,1.0,0.21461449943538968
262,359,479,5895,0.2,0.837954055350518,0.9455214072495737,0.20318338685333903,0.21320071635561044,0.43322098900037614,1.0,0.21581363967666256
263,350,493,5895,0.2,0.8409442815514229,0.9455214072495737,0.19922417301471754,0.21320071635561044,0.43048263983213586,1.0,0.2127562367679854
264,351,494,5895,0.2,0.8446481640980681,0.9455214072495737,0.19707576021330295,0.21320071635561044,0.424670976133463,1.0,0.21058929714765123
265,365,518,5895,0.2,0.8452978958758605,0.9455214072495737,0.196898960938695,0.21320071635561044,0.42372478878153086,1.0,0.2102630498335213
266,373,516,5895,0.2,0.8450800779927772,0.9455214072495737,0.19717646387947163,0.21320071635561044,0.42344567406456596,1.0,0.21075887227243015
267,364,495,5895,0.2,0.8453386530792624,0.9455214072495737,0.1969154351642092,0.21320071635561044,0.42360065692709353,1.0,0.21032914503653696
268,371,562,5895,0.2,0.8445543496859663,0.9455214072495737,0.19704114115399074,0.21320071635561044,0.4250783651209837,1.0,0.21043026001167825
269,383,521,5895,0.2,0.8449502121006465,0.9455214072495737,0.19713525933615705,0.21320071635561044,0.4239493449805932,1.0,0.21063669834905746
270,374,542,5895,0.2,0.8446310787510178,0.9455214072495737,0.19706755329009157,0.21320071635561044,0.424846183722236,1.0,0.21046301626559757
271,371,508,5895,0.2,0.8448287406093005,0.9455214072495737,0.19713824055241447,0.21320071635561044,0.42400805646195455,1.0,0.2107764025333001
272,362,516,5895,0.2,0.8470201362872911,0.9455214072495737,0.19484498179658838,0.21320071635561044,0.4218126247084459,1.0,0.20871820027431562
273,371,507,5895,0.2,0.8446171540624152,0.9455214072495737,0.1970605275981864,0.21320071635561044,0.42502117844899645,1.0,0.21033128381692864
274,365,532,5895,0.2,0.8446817619453898,0.9455214072495737,0.19708098704095853,0.21320071635561044,0.42459685594171714,1.0,0.21049873566512584
275,373,547,5895,0.2,0.8446211985517985,0.9455214072495737,0.19706266210020096,0.21320071635561044,0.4249777561918531,1.0,0.21038222746684856
276,367,513,5895,0.2,0.8448635648070442,0.9455214072495737,0.19709648828698936,0.21320071635561044,0.42447550661416594,1.0,0.2102942767000227
277,366,478,5895,0.2,0.846373229982222,0.9455214072495737,0.19502993868791088,0.21320071635561044,0.42267682561140824,1.0,0.20902405205577773
278,343,498,5895,0.2,0.844841513859952,0.9455214072495737,0.19709339580769192,0.21320071635561044,0.42443408130143995,1.0,0.21040564980444207
279,361,509,5895,0.2,0.8446783258108851,0.9455214072495737,0.19707992238474786,0.21320071635561044,0.4246807176097351,1.0,0.21048945793080537
280,369,502,5895,0.2,0.8453495195543244,0.9455214072495737,0.19692046887377684,0.21320071635561044,0.4234983044383422,1.0,0.21038782985643933
281,363,510,5895,0.2,0.8448955108352091,0.9455214072495737,0.19711223760248445,0.21320071635561044,0.4241798868522638,1.0,0.21053964726511765
282,357,489,5895,0.2,0.8461581999670699,0.9455214072495737,0.19500063986044408,0.21320071635561044,0.4231543633324902,1.0,0.20907551492190832
283,359,488,5895,0.2,0.8378739021906327,0.9455214072495737,0.20314658848392464,0.21320071635561044,0.4338468803053902,1.0,0.21544839287032524
284,372,521,5895,0.2,0.8394991599513499,0.9455214072495737,0.20123849198512017,0.21320071635561044,0.4317814046227377,1.0,0.21428652483511842
285,352,490,5895,0.2,0.8455032525627917,0.9455214072495737,0.19693476361748552,0.21320071635561044,0.4237021823372258,1.0,0.21013768335083924
286,359,503,5895,0.2,0.8447786587702152,0.9455214072495737,0.19712679805861422,0.21320071635561044,0.4245252018397205,1.0,0.21058257209373074
287,359,505,5895,0.2,0.8291335277784797,0.9461406022960134,0.2087808309332032,0.21320071635561044,0.4501756297415546,1.0,0.21571891735437485
288,367,506,5895,0.2,0.8313971081554388,0.9461406022960134,0.20685613808471018,0.21320071635561044,0.4477275436482676,1.0,0.21405056426294716
289,361,494,5895,0.2,0.8380964548801015,0.9461406022960134,0.20108195478256366,0.21320071635561044,0.43971136216036655,1.0,0.20918575451458674
290,373,531,5895,0.2,0.8388051396070478,0.9461406022960134,0.20091666994767088,0.21320071635561044,0.4387082939981747,1.0,0.20893603599576116
291,352,482,5895,0.2,0.8369010793781724,0.9461406022960134,0.20310439858362814,0.21320071635561044,0.4402809099485571,1.0,0.2108084644020143
292,382,524,5895,0.2,0.8390920245296306,0.9461406022960134,0.20102950614655465,0.21320071635561044,0.4371720420397859,1.0,0.20974614210393613
293,356,484,5895,0.2,0.8461859866966386,0.9461406022960134,0.1950257266054314,0.21320071635561044,0.42409725394253445,1.0,0.20805906319554787
294,341,465,5895,0.2,0.8527506705105238,0.9461406022960134,0.19062645895394828,0.21320071635561044,0.410660811773741,1.0,0.20756813612399438
295,366,530,5895,0.2,0.8521643501035387,0.9461406022960134,0.1908486805373265,0.21320071635561044,0.41151343879524216,1.0,0.20777694202992297
296,365,488,5895,0.2,0.8528498630198688,0.9461406022960134,0.1906572035974272,0.21320071635561044,0.4102597364545792,1.0,0.20765623444380923
297,372,512,5895,0.2,0.851353797202563,0.9461406022960134,0.19282706610533182,0.21320071635561044,0.4117737469744891,1.0,0.20914453611191622
298,357,487,5895,0.2,0.8508478753789366,0.9461406022960134,0.19307234420284802,0.21320071635561044,0.41209120730689736,1.0,0.20966120525106188
299,378,538,5895,0.2,0.850721635626888,0.9461406022960134,0.1930359047351169,0.21320071635561044,0.41245740194111763,1.0,0.2096223067338656
300,379,518,5895,0.2,0.8510651403050999,0.9461406022960134,0.19278961842310952,0.21320071635561044,0.41219791930258126,1.0,0.20924521881546665
301,378,569,5895,0.2,0.8528718299768434,0.9461406022960134,0.19066670412001863,0.21320071635561044,0.40960814578712007,1.0,0.20787419072686653
302,363,505,5895,0.2,0.8521111986542277,0.9461406022960134,0.19083483868760004,0.21320071635561044,0.41101638454422584,1.0,0.20806331943624726
303,373,514,5895,0.2,0.8514685022138948,0.9461406022960134,0.1928683181734193,0.21320071635561044,0.4110055878534446,1.0,0.2093855295170554
304,367,536,5895,0.2,0.8529668173995256,0.9461406022960134,0.19069919130874402,0.21320071635561044,0.40935261192283146,1.0,0.20790135059563286
305,373,530,5895,0.2,0.8508463165584124,0.9461406022960134,0.19307185308092567,0.21320071635561044,0.412111436311191,1.0,0.20953312109381528
306,381,496,5895,0.2,0.8529481874907565,0.9461406022960134,0.1906912337191769,0.21320071635561044,0.4097306189496714,1.0,0.20770389337715883
307,386,533,5895,0.2,0.8520876135636452,0.9461406022960134,0.19087723108563634,0.21320071635561044,0.4112296789852728,1.0,0.20802010991460548
308,368,518,5895,0.2,0.8526442660227919,0.9461406022960134,0.19064172771639332,0.21320071635561044,0.41081694266800634,1.0,0.20759601702243388
309,356,518,5895,0.2,0.8521916723936425,0.9461406022960134,0.19086184538162887,0.21320071635561044,0.41148423762054753,1.0,0.20785031617938066
310,373,507,5895,0.2,0.8527904105281854,0.9461406022960134,0.19063432990791332,0.21320071635561044,0.41085660790341233,1.0,0.20734983813119523
311,361,540,5895,0.2,0.8507526807099103,0.9461406022960134,0.19303992678817183,0.21320071635561044,0.41293049401372733,1.0,0.20918143121669922
312,361,507,5895,0.2,0.8522140768590227,0.9461406022960134,0.19086468982947033,0.21320071635561044,0.41125862964248766,1.0,0.20781153318018822
313,350,478,5895,0.2,0.8522422728186371,0.9461406022960134,0.19087381080216706,0.21320071635561044,0.41122303085010764,1.0,0.20768612711296688
314,359,514,5895,0.2,0.8508660170007818,0.9461406022960134,0.19308079448130436,0.21320071635561044,0.412385544101752,1.0,0.20916422005785287
315,367,506,5895,0.2,0.8514878527510044,0.9461406022960134,0.19287742109938485,0.21320071635561044,0.4116703826815702,1.0,0.20856780722959625
316,383,555,5895,0.2,0.8508807398034383,0.9461406022960134,0.19308727661530545,0.21320071635561044,0.41250684197375564,1.0,0.20890148235909226
317,372,537,5895,0.2,0.851365671821693,0.9461406022960134,0.1928433204205563,0.21320071635561044,0.41235330398651115,1.0,0.20844424295242006
318,369,548,5895,0.2,0.836549636269739,0.9467597973424529,0.20253808952704216,0.24253562503633297,0.4486783722009353,1.0,0.20351517029696253
319,371,498,5895,0.2,0.8382438206581305,0.9467597973424529,0.20061373946670025,0.24253562503633297,0.446724459292246,1.0,0.2022891615198495
320,344,478,5895,0.2,0.8444033298940976,0.9467597973424529,0.1968861824848773,0.24253562503633297,0.4343833718635141,1.0,0.2027413730564511
321,366,473,5895,0.2,0.845066129954287,0.9467597973424529,0.1967234763584231,0.24253562503633297,0.43337174216190816,1.0,0.20253903996769404
322,367,483,5895,0.2,0.8457670076759933,0.9467597973424529,0.19481314380482673,0.24253562503633297,0.4329744284243822,1.0,0.20143829094085663
323,365,510,5895,0.2,0.844387203687038,0.9467597973424529,0.1968780966387712,0.24253562503633297,0.43446711216796396,1.0,0.20266537801394027
324,371,499,5895,0.2,0.8449067073588292,0.9467597973424529,0.19671156632650158,0.24253562503633297,0.43350038542553554,1.0,0.2026730034247177
325,379,522,5895,0.2,0.8442995674897393,0.9467597973424529,0.1968972244396383,0.24253562503633297,0.4343345572309031,1.0,0.20292532001350005
326,370,490,5895,0.2,0.8442560395885247,0.9467597973424529,0.1968868684484835,0.24253562503633297,0.4344365384297069,1.0,0.20297669532291518
327,375,521,5895,0.2,0.8448594872204858,0.9467597973424529,0.19669960645913098,0.24253562503633297,0.4337294316485204,1.0,0.20264112339021723
328,358,516,5895,0.2,0.8447793182468843,0.9467597973424529,0.19667141471710395,0.24253562503633297,0.4339839876460412,1.0,0.20254257728880343
329,376,505,5895,0.2,0.8444045680698621,0.9467597973424529,0.19688671892599868,0.24253562503633297,0.4343953455240224,1.0,0.20271197975423424
330,375,504,5895,0.2,0.8443586335484313,0.9467597973424529,0.19691517187455176,0.24253562503633297,0.4342273855153433,1.0,0.20291173286993427
331,354,484,5895,0.2,0.8444934520690703,0.9467597973424529,0.1969189760610315,0.24253562503633297,0.43405775622703674,1.0,0.2028458486611875
332,355,490,5895,0.2,0.8444083066019475,0.9467597973424529,0.19688850282464296,0.24253562503633297,0.434319727886003,1.0,0.20277807580938173
333,372,513,5895,0.2,0.8442349633808103,0.9467597973424529,0.1968768147164643,0.24253562503633297,0.4347597029634328,1.0,0.20275678068269892
334,374,526,5895,0.2,0.8449054689687364,0.9467597973424529,0.19671109917156906,0.24253562503633297,0.43348556361285623,1.0,0.202693134727938
335,368,521,5895,0.2,0.8457645308958076,0.9467597973424529,0.19481198607674635,0.24253562503633297,0.43300386126726037,1.0,0.2014201545834444
336,366,516,5895,0.2,0.8442560393741962,0.9467597973424529,0.1968865554578492,0.24253562503633297,0.43441608770487766,1.0,0.20294928284251137
337,359,494,5895,0.2,0.844178347395109,0.9467597973424529,0.19685962345545693,0.24253562503633297,0.4346616615843496,1.0,0.20289567584968551
338,373,487,5895,0.2,0.844136168701142,0.9467597973424529,0.19683929690453564,0.24253562503633297,0.4350187900171877,1.0,0.20267813848053254
339,376,543,5895,0.2,0.8459932014292226,0.9473789923888927,0.19483824350524537,0.23570226039551584,0.432620112105349,1.0,0.20128450481238877
340,373,538,5895,0.2,0.8456902561809981,0.9473789923888927,0.19479432844476047,0.23570226039551584,0.433166908903839,1.0,0.20147356321241724
341,369,516,5895,0.2,0.8456977096690338,0.9473789923888927,0.19479752714958565,0.23570226039551584,0.4330707689484176,1.0,0.20149996112890833
342,369,517,5895,0.2,0.8443067232861027,0.9473789923888927,0.19690823009202263,0.23570226039551584,0.4342246038489246,1.0,0.20308964248608202
343,358,507,5895,0.2,0.845043975523802,0.9473789923888927,0.1967164924871852,0.23570226039551584,0.4332819757747195,1.0,0.2026711195681823
344,348,485,5895,0.2,0.8443427280425181,0.9473789923888927,0.1969158802622605,0.23570226039551584,0.4341946551355911,1.0,0.2030570133608067
345,368,492,5895,0.2,0.8441795355018712,0.9473789923888927,0.19686116668719694,0.23570226039551584,0.43452421552828396,1.0,0.2030792623799261
346,380,523,5895,0.2,0.8442252195584494,0.9473789923888927,0.19688032133724667,0.23570226039551584,0.43436750288028886,1.0,0.20317988637694387
347,381,537,5895,0.2,0.8613826231729034,0.9473789923888927,0.19346230812675505,0.23570226039551584,0.41284984426154925,1.0,0.19435299342297488
348,361,495,5895,0.2,0.8609618268652117,0.9473789923888927,0.19372875549161966,0.23570226039551584,0.41306587213763235,1.0,0.19481498846945525
349,368,493,5895,0.2,0.8525143939920673,0.9473789923888927,0.19539089357102976,0.23570226039551584,0.42404603956100734,1.0,0.1995382679498446
350,368,525,5895,0.2,0.846487273356696,0.9473789923888927,0.19421403408475207,0.23570226039551584,0.43247814687683706,1.0,0.20159803359693385
351,354,479,5895,0.2,0.8448328447251333,0.9473789923888927,0.1962927546390482,0.23570226039551584,0.43442224649217465,1.0,0.20305315552995085
352,351,496,5895,0.2,0.8454466661815127,0.9473789923888927,0.19612166419740124,0.23570226039551584,0.4336926052591172,1.0,0.20260048947178172
353,364,477,5895,0.2,0.8450491313576197,0.9473789923888927,0.19631356536848432,0.23570226039551584,0.4341026843508144,1.0,0.2028463684309353
354,356,500,5895,0.2,0.8393603527391204,0.9473789923888927,0.20037056037794718,0.23570226039551584,0.44082374477739616,1.0,0.20732838611206014
355,375,512,5895,0.2,0.839104207560109,0.9473789923888927,0.20059348860977286,0.23570226039551584,0.44069125292023814,1.0,0.20770585578657827
356,344,499,5895,0.2,0.8396335421555013,0.9473789923888927,0.20042258581800715,0.23570226039551584,0.4403996831452988,1.0,0.20721677689720142
357,371,532,5895,0.2,0.8419420578357708,0.9473789923888927,0.19832914354992642,0.23570226039551584,0.4379422882313713,1.0,0.2052331887436769
358,379,531,5895,0.2,0.8455672931732624,0.9473789923888927,0.19616730497081056,0.23570226039551584,0.43339783824394706,1.0,0.20267193690590554
359,363,496,5895,0.2,0.8325159871424266,0.9473789923888927,0.21561321610641696,0.23570226039551584,0.448074607979255,1.0,0.21293537220544162
360,375,526,5895,0.2,0.8324467160569909,0.9473789923888927,0.21559483894743756,0.23570226039551584,0.44825601201401233,1.0,0.212932927207692
361,349,510,5895,0.2,0.8310559812851038,0.9473789923888927,0.21741243165527838,0.23570226039551584,0.4493517350844719,1.0,0.21432148599274445
362,358,477,5895,0.2,0.8315662417887979,0.9473789923888927,0.21309197448283343,0.23570226039551584,0.4523815243562469,1.0,0.21151301397307898
363,383,500,5895,0.2,0.8352921933010828,0.9473789923888927,0.20426735434654375,0.23570226039551584,0.4531654200635419,1.0,0.2057163772148597
364,375,516,5895,0.2,0.8383592558877571,0.9473789923888927,0.20249491788995053,0.23570226039551584,0.44817872502678413,1.0,0.2047653818037143
365,355,486,5895,0.2,0.8400849840840444,0.9473789923888927,0.20028441737844538,0.23570226039551584,0.446739438680167,1.0,0.20315423609089592
366,365,492,5895,0.2,0.8402121896668603,0.9473789923888927,0.2003234874553558,0.23570226039551584,0.4466979293907571,1.0,0.2029422966879478
367,366,485,5895,0.2,0.8311167797723581,0.9473789923888927,0.20804529247502954,0.23570226039551584,0.45849071312898526,1.0,0.20866972575685122
368,357,518,5895,0.2,0.8314774227436953,0.9473789923888927,0.20815290206609713,0.23570226039551584,0.4573646067141429,1.0,0.20901917976552697
369,358,516,5895,0.2,0.8335769977067599,0.9473789923888927,0.20648683850596497,0.23570226039551584,0.454489891993422,1.0,0.20792901014427526
370,356,516,5895,0.2,0.8403431128770393,0.9473789923888927,0.21030923263433787,0.23570226039551584,0.4371578930357348,1.0,0.20951685862748565
371,369,513,5895,0.2,0.8407788383764175,0.9473789923888927,0.21010203101294028,0.23570226039551584,0.4370883207979688,1.0,0.20890736617310104
372,386,531,5895,0.2,0.826351327696977,0.9473789923888927,0.2240937261265389,0.23570226039551584,0.44777835082538026,1.0,0.2242682365756178
373,353,484,5895,0.2,0.8264887080396246,0.9473789923888927,0.22413769243088494,0.23570226039551584,0.4477180970457331,1.0,0.22408984050500236
374,337,485,5895,0.2,0.8386186749810349,0.9473789923888927,0.21019051360347768,0.23570226039551584,0.44034531414196676,1.0,0.2114986283443115
375,357,506,5895,0.2,0.8321548768393816,0.9473789923888927,0.2080918431466494,0.23570226039551584,0.46324154043100785,1.0,0.20453720669069006
376,365,491,5895,0.2,0.8366786136677181,0.9473789923888927,0.20449486246362714,0.23570226039551584,0.4565182604985458,1.0,0.20275445740287165
377,345,504,5895,0.2,0.8322961756423517,0.9473789923888927,0.20817695585791657,0.23570226039551584,0.46145522457284016,1.0,0.20601786265046684
378,373,511,5895,0.2,0.8324683357515127,0.9473789923888927,0.2082386305550823,0.23570226039551584,0.4609797565785984,1.0,0.20616806127808715
379,377,489,5895,0.2,0.834070417544204,0.9473789923888927,0.20637612184496978,0.23570226039551584,0.4593451497100409,1.0,0.2048062172315758
380,364,501,5895,0.2,0.8128868831945186,0.947998187435332,0.21945408372843553,0.23570226039551584,0.49166819289390173,1.0,0.2090406366974333
381,355,481,5895,0.2,0.8129357839372692,0.947998187435332,0.21950727077223806,0.23570226039551584,0.4913156979153871,1.0,0.2095650270187163
382,367,488,5895,0.2,0.8176660806275245,0.947998187435332,0.21663051459335808,0.23570226039551584,0.482474791983582,1.0,0.21097686560386822
383,366,545,5895,0.2,0.8239935437874752,0.947998187435332,0.2136026444367747,0.23570226039551584,0.47028349605594455,1.0,0.21281709329379872
384,371,537,5895,0.2,0.8236541870194092,0.947998187435332,0.21378311474930597,0.23570226039551584,0.47020850740648146,1.0,0.2132756514214186
385,360,513,5895,0.2,0.8241841061046671,0.947998187435332,0.21365402362178793,0.23570226039551584,0.46979238584163013,1.0,0.21287453259754338
386,363,510,5895,0.2,0.8323013155543137,0.947998187435332,0.20858898659212852,0.23570226039551584,0.45852136189394027,1.0,0.20949558481123404
387,383,538,5895,0.2,0.841671839586952,0.947998187435332,0.20102149092953878,0.23570226039551584,0.4462484214885402,1.0,0.2042989407936394
388,356,483,5895,0.2,0.8403266268392947,0.947998187435332,0.20302568114495365,0.23570226039551584,0.44729204863161603,1.0,0.20566590241038527
389,391,547,5895,0.2,0.8402656686725376,0.947998187435332,0.20301342954912502,0.23570226039551584,0.44728294936245255,1.0,0.20581326229532387
390,371,504,5895,0.2,0.8409745660785899,0.947998187435332,0.20289844852205097,0.23570226039551584,0.4462886719551248,1.0,0.20556885350502213
391,363,516,5895,0.2,0.8415407085975332,0.947998187435332,0.2009785158263287,0.23570226039551584,0.44663057698670544,1.0,0.20423107171640523
392,376,532,5895,0.2,0.8423830094342585,0.947998187435332,0.20087483213633514,0.23570226039551584,0.44530043068192804,1.0,0.20392180640081622
393,360,530,5895,0.2,0.8423220706409345,0.947998187435332,0.2008632743073386,0.23570226039551584,0.44530233868440633,1.0,0.20406982960925127
394,364,493,5895,0.2,0.8417095520968462,0.947998187435332,0.20101076881926042,0.23570226039551584,0.44623148099670673,1.0,0.204202072720168
395,360,514,5895,0.2,0.8418157811054455,0.947998187435332,0.20105202224971241,0.23570226039551584,0.4458111177841378,1.0,0.20440528245378653
396,366,490,5895,0.2,0.8418368838060266,0.947998187435332,0.20106222870492937,0.23570226039551584,0.44568498491251307,1.0,0.20447814598302883
397,361,536,5895,0.2,0.8417909630202574,0.947998187435332,0.20103983183530516,0.23570226039551584,0.4460331533152516,1.0,0.20424458700240822
398,363,500,5895,0.2,0.8410292446252059,0.947998187435332,0.20291770277477117,0.23570226039551584,0.44605234979144975,1.0,0.20569593560623703
399,375,510,5895,0.2,0.8402236905434568,0.947998187435332,0.20301929662661078,0.23570226039551584,0.4475553983215972,1.0,0.20572374018570191
400,369,549,5895,0.2,0.8416667972107124,0.947998187435332,0.20102665434124295,0.23570226039551584,0.44604067258998736,1.0,0.20449288244575814
401,368,522,5895,0.2,0.8400987746519807,0.947998187435332,0.2029786474288136,0.23570226039551584,0.44788873165493054,1.0,0.20567341509566356
402,351,492,5895,0.2,0.8421780487865267,0.947998187435332,0.20084328868050344,0.23570226039551584,0.445548528417542,1.0,0.20417997632921547
403,380,529,5895,0.2,0.8418891465349382,0.947998187435332,0.20107010788778676,0.23570226039551584,0.4456680544795854,1.0,0.20437751481620237
404,364,459,5895,0.2,0.8425681031436484,0.947998187435332,0.20095119883970997,0.23570226039551584,0.44447133143171125,1.0,0.2043703429150272
405,362,477,5895,0.2,0.8410932059096419,0.947998187435332,0.2029457856270992,0.23570226039551584,0.4458046647650446,1.0,0.20581054438339133
406,368,500,5895,0.2,0.8423158397292757,0.947998187435332,0.2008598916664765,0.23570226039551584,0.4454092828518475,1.0,0.20397013042931605
407,370,500,5895,0.2,0.8415133407300073,0.947998187435332,0.200972952190002,0.23570226039551584,0.44654745658553496,1.0,0.20435838555996766
408,362,484,5895,0.2,0.8415655302424382,0.947998187435332,0.20099035895219422,0.23570226039551584,0.44647767072984246,1.0,0.20431102855613817
409,380,519,5895,0.2,0.84036818229653,0.947998187435332,0.20305332862542172,0.23570226039551584,0.4469778781313265,1.0,0.2059300716805121
410,349,492,5895,0.2,0.8422259570803835,0.947998187435332,0.20085370459117086,0.23570226039551584,0.44550701647101504,1.0,0.20411443170193416
411,394,531,5895,0.2,0.8416568631684457,0.947998187435332,0.20102185162840625,0.23570226039551584,0.44609064983821684,1.0,0.2044666740452144
412,373,527,5895,0.2,0.8421929937919294,0.947998187435332,0.20084063429373997,0.23570226039551584,0.44558219513612324,1.0,0.20410002803207483
413,384,533,5895,0.2,0.8422134888551664,0.947998187435332,0.20085765807547348,0.23570226039551584,0.44545968302315225,1.0,0.204208172341181
414,371,540,5895,0.2,0.8421861746163595,0.947998187435332,0.20084439034315982,0.23570226039551584,0.4457099963137467,1.0,0.2040350141235411
415,389,560,5895,0.2,0.8402571811333406,0.947998187435332,0.20303587985450713,0.23570226039551584,0.4472854849265687,1.0,0.20591909990501342
416,354,512,5895,0.2,0.8410117949862306,0.947998187435332,0.2029163361144872,0.23570226039551584,0.44597737414465904,1.0,0.20576799798123233
417,372,498,5895,0.2,0.8409167237424664,0.947998187435332,0.20288304719707137,0.23570226039551584,0.4463801611498812,1.0,0.20560764340428422
418,359,544,5895,0.2,0.8425743182415911,0.947998187435332,0.20095398935852535,0.23570226039551584,0.4444225092668793,1.0,0.2043891398756308
419,375,514,5895,0.2,0.8408079985802481,0.947998187435332,0.20284019498175584,0.23570226039551584,0.44680318382009004,1.0,0.20539122452426464
420,372,541,5895,0.2,0.8418829349967124,0.947998187435332,0.20106691603273283,0.23570226039551584,0.44578600591866824,1.0,0.20427724150316268
421,346,528,5895,0.2,0.840121727154044,0.947998187435332,0.20298237887208392,0.23570226039551584,0.44773964238880876,1.0,0.20570493305595378
422,361,509,5895,0.2,0.8333409469873909,0.9492481512673973,0.20645536274879558,0.23570226039551584,0.4628378879682042,1.0,0.2029891355813005
423,356,474,5895,0.2,0.8323942421083143,0.9492481512673973,0.20821738877732798,0.23570226039551584,0.4634510845394844,1.0,0.20428952736179645
424,354,502,5895,0.2,0.8321487680485933,0.9492481512673973,0.2084447054030157,0.23570226039551584,0.4633136202526338,1.0,0.20463811852653524
425,378,544,5895,0.2,0.8337833567205497,0.9492481512673973,0.20630594216804002,0.23570226039551584,0.46209858837310724,1.0,0.20314858283395792
426,350,490,5895,0.2,0.8352684936004462,0.9492481512673973,0.20648675026434005,0.23570226039551584,0.45791622778287694,1.0,0.2046703139161729
427,348,512,5895,0.2,0.8419169934546253,0.9492481512673973,0.2011052687959144,0.23570226039551584,0.44576229561930586,1.0,0.2044243961797292
428,363,524,5895,0.2,0.8411422859348265,0.9492481512673973,0.2029733826415216,0.23570226039551584,0.4462219624420341,1.0,0.20549745398016292
429,374,517,5895,0.2,0.8383547379280726,0.9492481512673973,0.21039572982008625,0.23570226039551584,0.44224743838435565,1.0,0.21289832251659432
430,356,517,5895,0.2,0.839507131203522,0.9492481512673973,0.20835733631407788,0.23570226039551584,0.4421848679649012,1.0,0.21110401020221956
431,362,511,5895,0.2,0.8430025118945196,0.9492481512673973,0.20105472840460126,0.23570226039551584,0.4445754155237422,1.0,0.20431075169446572
432,363,553,5895,0.2,0.8409287453289701,0.9492481512673973,0.2032011431274282,0.23570226039551584,0.44673286277642776,1.0,0.20592456251413016
433,385,514,5895,0.2,0.8411773635904372,0.9492481512673973,0.20295581770046578,0.23570226039551584,0.4469882785023612,1.0,0.2054888673879858
434,362,524,5895,0.2,0.83733405679172,0.9492481512673973,0.2101702292997185,0.23570226039551584,0.44640405811623035,1.0,0.21339837277037785
435,351,503,5895,0.2,0.8368059421448508,0.9498673463138368,0.21033861842033255,0.22360679774997896,0.4465482813544312,1.0,0.2140945077311451
436,363,525,5895,0.2,0.8403209825278461,0.9498673463138368,0.2059627221534461,0.22360679774997896,0.44427789886650565,1.0,0.2100358653061767
437,356,486,5895,0.2,0.8407530472994197,0.9498673463138368,0.20316585793272957,0.22360679774997896,0.447053595883,1.0,0.20617968653523083
438,358,525,5895,0.2,0.842833162726436,0.9498673463138368,0.2009934853239341,0.22360679774997896,0.44508413728115437,1.0,0.20428841900373068
439,360,514,5895,0.2,0.8372111837317411,0.9498673463138368,0.2101279972422946,0.22360679774997896,0.4465560498315622,1.0,0.21358236977054293
440,355,520,5895,0.2,0.8386231581759428,0.9498673463138368,0.2081627631095298,0.22360679774997896,0.44563844734124314,1.0,0.21189883384356537
441,357,497,5895,0.2,0.843383539191039,0.9498673463138368,0.20118210375005335,0.22360679774997896,0.4444346663688327,1.0,0.20489212097701717
442,369,500,5895,0.2,0.8426294004604485,0.9498673463138368,0.20128244814724872,0.22360679774997896,0.44587423919662045,1.0,0.20487619350142325
443,374,501,5895,0.2,0.8432890091666211,0.9498673463138368,0.20114428997554337,0.22360679774997896,0.44481489283577913,1.0,0.2047213883269465
444,378,532,5895,0.2,0.8428342807722661,0.9498673463138368,0.20132317166184116,0.22360679774997896,0.4454240629794806,1.0,0.20481381441696883
445,365,487,5895,0.2,0.8426579568633938,0.9498673463138368,0.20129598830274067,0.22360679774997896,0.44565176335125684,1.0,0.20500427473602736
446,357,499,5895,0.2,0.841253956758648,0.9498673463138368,0.20330467032147906,0.22360679774997896,0.4470214632216465,1.0,0.20623587611109073
447,357,516,5895,0.2,0.8413990164382628,0.9498673463138368,0.20332515373409482,0.22360679774997896,0.4466134618625736,1.0,0.2062871222519016
448,371,525,5895,0.2,0.8351130986952646,0.9498673463138368,0.20713448942710463,0.22360679774997896,0.45560737706706006,1.0,0.20945929304464622
449,340,504,5895,0.2,0.8336195632868636,0.9498673463138368,0.20900708529032477,0.22360679774997896,0.45718885263129116,1.0,0.21054764204301918
450,363,489,5895,0.2,0.8336310005029103,0.9498673463138368,0.20904475063801833,0.22360679774997896,0.4567300062845055,1.0,0.21102116296949278
451,358,477,5895,0.2,0.8343886016597631,0.9498673463138368,0.20895160926581044,0.22360679774997896,0.4554791853775292,1.0,0.21094360425413874
452,360,507,5895,0.2,0.8335389350046787,0.9498673463138368,0.20900439555802933,0.22360679774997896,0.4572157417781806,1.0,0.21070388238194374
453,375,538,5895,0.2,0.8340807836915878,0.9498673463138368,0.2088609847169872,0.22360679774997896,0.45661464812024394,1.0,0.21049683077451262
454,372,525,5895,0.2,0.8384600063223875,0.9498673463138368,0.20517088638059816,0.22360679774997896,0.4510052992237148,1.0,0.20774252497243526
455,359,487,5895,0.2,0.8432872452150817,0.9498673463138368,0.2011437847086178,0.22360679774997896,0.44477352800716635,1.0,0.20480514878148073
456,370,532,5895,0.2,0.8416876352823391,0.9498673463138368,0.20309428641337862,0.22360679774997896,0.4467514939262148,1.0,0.20587404841412688
457,362,511,5895,0.2,0.841244047603843,0.9498673463138368,0.2033027329907006,0.22360679774997896,0.4468222770167689,1.0,0.20644484332879992
458,388,550,5895,0.2,0.8428362709522,0.9498673463138368,0.2013249006331719,0.22360679774997896,0.4453157110223143,1.0,0.2049656025980391
459,378,524,5895,0.2,0.8428045923487956,0.9498673463138368,0.20131170344666227,0.22360679774997896,0.4455193457356903,1.0,0.20476111045447096
460,374,544,5895,0.2,0.8414390595417836,0.9498673463138368,0.20333976804372655,0.22360679774997896,0.4465597858502103,1.0,0.2062201135158688
461,382,506,5895,0.2,0.8419899761627588,0.9498673463138368,0.20316956872543848,0.22360679774997896,0.44602781369451,1.0,0.2058547306781706
462,363,542,5895,0.2,0.8426115374377019,0.9498673463138368,0.201272904927164,0.22360679774997896,0.44613639188653254,1.0,0.2046076571175813
463,352,515,5895,0.2,0.8413787919440652,0.9498673463138368,0.20332481779771766,0.22360679774997896,0.446808541654289,1.0,0.20610862982445335
464,357,485,5895,0.2,0.8419627772326866,0.9498673463138368,0.20316599150173079,0.22360679774997896,0.4461740076489757,1.0,0.20574432778361396
465,343,513,5895,0.2,0.8419607511920617,0.9498673463138368,0.20315817108619616,0.22360679774997896,0.44610733033712324,1.0,0.20580789587095752
466,364,519,5895,0.2,0.842602841785528,0.9498673463138368,0.20126922226441044,0.22360679774997896,0.44615308139001103,1.0,0.20464496136733082
467,367,469,5895,0.2,0.8420993706423366,0.9498673463138368,0.2032147349319323,0.22360679774997896,0.44543637190271385,1.0,0.20619692110398072
468,356,523,5895,0.2,0.8434624925518814,0.9498673463138368,0.2011791577971916,0.22941573387056177,0.4446520109065772,1.0,0.2044215768066232
469,369,506,5895,0.2,0.8435544340470957,0.9498673463138368,0.2012054392509246,0.22941573387056177,0.44457945273260313,1.0,0.20429156523069633
470,368,513,5895,0.2,0.8436127266941231,0.9498673463138368,0.20123330268198097,0.22941573387056177,0.4441526207018177,1.0,0.20456288343592802
471,371,541,5895,0.2,0.8495963400391402,0.9498673463138368,0.19700391460074718,0.22941573387056177,0.43494139884756033,1.0,0.20183091282344376
472,368,517,5895,0.2,0.8493121761155127,0.9498673463138368,0.19725581120506178,0.22941573387056177,0.4348689771537618,1.0,0.20220078392599272
473,379,522,5895,0.2,0.8491906498360366,0.9498673463138368,0.19725173252163622,0.22941573387056177,0.43494414706003043,1.0,0.202451335177392
474,364,510,5895,0.2,0.8495980159508583,0.9498673463138368,0.19701012075508031,0.22941573387056177,0.434721540644249,1.0,0.20208073185864528
475,359,544,5895,0.2,0.849038315290498,0.9498673463138368,0.19719223464316626,0.22941573387056177,0.43556859688282773,1.0,0.20219041342832572
476,349,527,5895,0.2,0.8505765208405762,0.9498673463138368,0.19510782029818438,0.22941573387056177,0.4337741984245871,1.0,0.20094060364382949
477,372,535,5895,0.2,0.8492762314642646,0.9498673463138368,0.19725025329156617,0.22941573387056177,0.43487505921459435,1.0,0.20232096172397238
478,348,510,5895,0.2,0.849334486724946,0.9498673463138368,0.19726704600791078,0.22941573387056177,0.43460067539194613,1.0,0.20245381277475832
479,355,534,5895,0.2,0.8490570102246713,0.9498673463138368,0.19721170841670715,0.22941573387056177,0.4352095965424038,1.0,0.20251480101313243
480,354,521,5895,0.2,0.8490346615859067,0.9498673463138368,0.1972021112196223,0.22941573387056177,0.43531702363771146,1.0,0.20250721541390343
481,370,519,5895,0.2,0.8490693251118221,0.9498673463138368,0.1972067489547865,0.22941573387056177,0.43531939293834376,1.0,0.2023704479085479
482,357,519,5895,0.2,0.849681839881865,0.9498673463138368,0.197034446191923,0.22941573387056177,0.43439040785781413,1.0,0.20224060193576696
483,380,560,5895,0.2,0.8492606445983054,0.9498673463138368,0.19724711458287356,0.22941573387056177,0.43472710031547196,1.0,0.20252551360649393
484,358,467,5895,0.2,0.849079232232565,0.9498673463138368,0.19721225077544755,0.22941573387056177,0.4352282915295289,1.0,0.20248543035073224
485,379,527,5895,0.2,0.8495712139172995,0.9498673463138368,0.1970022508947681,0.22941573387056177,0.43465412063214487,1.0,0.20226618544664807
486,351,516,5895,0.2,0.8504876392228197,0.9498673463138368,0.19508369259401304,0.22941573387056177,0.43404377837545843,1.0,0.2010002894851947
487,362,502,5895,0.2,0.8490470454868354,0.9498673463138368,0.1972085832073367,0.22941573387056177,0.4351892010119381,1.0,0.2026382381278936
488,386,550,5895,0.2,0.8505000658589882,0.9498673463138368,0.1950898245987627,0.22941573387056177,0.43389958715404403,1.0,0.2011211355457274
489,363,535,5895,0.2,0.8490829474028437,0.9498673463138368,0.1972141435894298,0.22941573387056177,0.43519057237037917,1.0,0.2025231767288042
490,370,517,5895,0.2,0.8490284231261569,0.9498673463138368,0.1971997947661089,0.22941573387056177,0.43537079642853216,1.0,0.20250615054750892
491,368,513,5895,0.2,0.8496409416702454,0.9498673463138368,0.19702669603760797,0.22941573387056177,0.43444165411623176,1.0,0.2023229290514566
492,362,491,5895,0.2,0.8495910782277877,0.9498673463138368,0.1970110754693475,0.22941573387056177,0.4345311735320262,1.0,0.20232699995187395
493,374,511,5895,0.2,0.8466129888592747,0.9498673463138368,0.2024239705629791,0.22941573387056177,0.4328379878612807,1.0,0.20883584233236416
494,351,510,5895,0.2,0.8464775837707155,0.9498673463138368,0.20237946889125105,0.22941573387056177,0.43330107770661097,1.0,0.20874007748362755
495,350,509,5895,0.2,0.8453038322975551,0.9498673463138368,0.20445569151186663,0.22941573387056177,0.4338105348546622,1.0,0.21021576222358104
496,361,519,5895,0.2,0.8466174396847274,0.9498673463138368,0.2023890557518243,0.22941573387056177,0.43297021306554767,1.0,0.20865212221007998
497,365,519,5895,0.2,0.8481107586935052,0.9498673463138368,0.19952598571412933,0.22941573387056177,0.43455580671633,1.0,0.2050331254879299
498,367,524,5895,0.2,0.8505446927037071,0.9498673463138368,0.1950949017986615,0.22941573387056177,0.4341043460103676,1.0,0.20098794427056105
499,363,507,5895,0.2,0.8511249554882879,0.9498673463138368,0.19490099330167515,0.22941573387056177,0.43339118657007564,1.0,0.20069761131593827
