
OPTIMIZING ON FOLD NUMBER 1
Number of workers = 80

COMPUTING LOCAL ACTIVE FEATURES
Computing active features for view clinic
Existing features: 12
Applying union strategy for feature selection using composite feature selector with
categorical: feature selector any na and anova
survival: feature selector Cox

Computing active features for outcome survival
Features selected for this outcome: 3
Features active in total: 3
Computing active features for view log_mirna
Existing features: 732
Applying union strategy for feature selection using composite feature selector with
categorical: feature selector any na and anova
survival: feature selector Cox

Computing active features for outcome survival
Features selected for this outcome: 179
Features active in total: 179
Computing feature importance
Running optimizer

STARTING 2-STEPS GENETIC ALGORITHM

CREATING INNER FOLDS

ASSIGNING STRATA FOR MULTI-OUTCOME DATA KIRC_MV
Assigning strata for outcome named survival of type survival
Counts:
censored 0: 55
censored 1: 124
deceased 0: 35
deceased 1: 35

STARTING SWEEP NUMBER 1
folds_creator_seed = 4107908117

ASSIGNING STRATA FOR MULTI-OUTCOME DATA KIRC_MV
Assigning strata for outcome named survival of type survival
Counts:
censored 0: 55
censored 1: 124
deceased 0: 35
deceased 1: 35
ga_runner_seed = 3091794638
VIEW: CLINIC
   	     	         	        	   survival SKSurv Cox model concordance index   	             root leanness              
   	     	         	        	-------------------------------------------------	----------------------------------------
gen	evals	gen_feats	explored	min	avg     	max     	std                  	min	avg     	max	std     
0  	500  	3        	3       	0.5	0.666536	0.770948	0.107679             	0.5	0.690749	1  	0.192005
1  	298  	3        	3       	0.5	0.675174	0.770948	0.0834522            	0.5	0.669387	1  	0.145216
2  	330  	3        	3       	0.5	0.675174	0.770948	0.0834522            	0.5	0.669387	1  	0.145216
3  	343  	3        	3       	0.5	0.675174	0.770948	0.0834522            	0.5	0.669387	1  	0.145216
4  	334  	3        	3       	0.5	0.675174	0.770948	0.0834522            	0.5	0.669387	1  	0.145216
5  	349  	3        	3       	0.5	0.675174	0.770948	0.0834522            	0.5	0.669387	1  	0.145216
6  	336  	3        	3       	0.5	0.675174	0.770948	0.0834522            	0.5	0.669387	1  	0.145216
7  	342  	3        	3       	0.5	0.675174	0.770948	0.0834522            	0.5	0.669387	1  	0.145216
8  	323  	3        	3       	0.5	0.675174	0.770948	0.0834522            	0.5	0.669387	1  	0.145216
9  	335  	3        	3       	0.5	0.675174	0.770948	0.0834522            	0.5	0.669387	1  	0.145216
10 	360  	3        	3       	0.5	0.675174	0.770948	0.0834522            	0.5	0.669387	1  	0.145216
11 	329  	3        	3       	0.5	0.675174	0.770948	0.0834522            	0.5	0.669387	1  	0.145216
12 	330  	3        	3       	0.5	0.675174	0.770948	0.0834522            	0.5	0.669387	1  	0.145216
13 	350  	3        	3       	0.5	0.675174	0.770948	0.0834522            	0.5	0.669387	1  	0.145216
14 	348  	3        	3       	0.5	0.675174	0.770948	0.0834522            	0.5	0.669387	1  	0.145216
15 	358  	3        	3       	0.5	0.675174	0.770948	0.0834522            	0.5	0.669387	1  	0.145216
16 	341  	3        	3       	0.5	0.675174	0.770948	0.0834522            	0.5	0.669387	1  	0.145216
17 	340  	3        	3       	0.5	0.675174	0.770948	0.0834522            	0.5	0.669387	1  	0.145216
18 	355  	3        	3       	0.5	0.675174	0.770948	0.0834522            	0.5	0.669387	1  	0.145216
19 	350  	3        	3       	0.5	0.675174	0.770948	0.0834522            	0.5	0.669387	1  	0.145216
20 	317  	3        	3       	0.5	0.675174	0.770948	0.0834522            	0.5	0.669387	1  	0.145216
21 	344  	3        	3       	0.5	0.675174	0.770948	0.0834522            	0.5	0.669387	1  	0.145216
22 	335  	3        	3       	0.5	0.675174	0.770948	0.0834522            	0.5	0.669387	1  	0.145216
23 	342  	3        	3       	0.5	0.675174	0.770948	0.0834522            	0.5	0.669387	1  	0.145216
24 	345  	3        	3       	0.5	0.675174	0.770948	0.0834522            	0.5	0.669387	1  	0.145216
25 	333  	3        	3       	0.5	0.675174	0.770948	0.0834522            	0.5	0.669387	1  	0.145216
26 	340  	3        	3       	0.5	0.675174	0.770948	0.0834522            	0.5	0.669387	1  	0.145216
27 	329  	3        	3       	0.5	0.675174	0.770948	0.0834522            	0.5	0.669387	1  	0.145216
28 	333  	3        	3       	0.5	0.675174	0.770948	0.0834522            	0.5	0.669387	1  	0.145216
29 	338  	3        	3       	0.5	0.675174	0.770948	0.0834522            	0.5	0.669387	1  	0.145216
30 	342  	3        	3       	0.5	0.675174	0.770948	0.0834522            	0.5	0.669387	1  	0.145216
31 	311  	3        	3       	0.5	0.675174	0.770948	0.0834522            	0.5	0.669387	1  	0.145216
32 	324  	3        	3       	0.5	0.675174	0.770948	0.0834522            	0.5	0.669387	1  	0.145216
33 	352  	3        	3       	0.5	0.675174	0.770948	0.0834522            	0.5	0.669387	1  	0.145216
34 	365  	3        	3       	0.5	0.675174	0.770948	0.0834522            	0.5	0.669387	1  	0.145216
35 	338  	3        	3       	0.5	0.675174	0.770948	0.0834522            	0.5	0.669387	1  	0.145216
36 	324  	3        	3       	0.5	0.675174	0.770948	0.0834522            	0.5	0.669387	1  	0.145216
37 	337  	3        	3       	0.5	0.675174	0.770948	0.0834522            	0.5	0.669387	1  	0.145216
38 	339  	3        	3       	0.5	0.675174	0.770948	0.0834522            	0.5	0.669387	1  	0.145216
39 	346  	3        	3       	0.5	0.675174	0.770948	0.0834522            	0.5	0.669387	1  	0.145216
40 	345  	3        	3       	0.5	0.675174	0.770948	0.0834522            	0.5	0.669387	1  	0.145216
41 	340  	3        	3       	0.5	0.675174	0.770948	0.0834522            	0.5	0.669387	1  	0.145216
42 	351  	3        	3       	0.5	0.675174	0.770948	0.0834522            	0.5	0.669387	1  	0.145216
43 	352  	3        	3       	0.5	0.675174	0.770948	0.0834522            	0.5	0.669387	1  	0.145216
44 	326  	3        	3       	0.5	0.675174	0.770948	0.0834522            	0.5	0.669387	1  	0.145216
45 	340  	3        	3       	0.5	0.675174	0.770948	0.0834522            	0.5	0.669387	1  	0.145216
46 	342  	3        	3       	0.5	0.675174	0.770948	0.0834522            	0.5	0.669387	1  	0.145216
47 	343  	3        	3       	0.5	0.675174	0.770948	0.0834522            	0.5	0.669387	1  	0.145216
48 	335  	3        	3       	0.5	0.675174	0.770948	0.0834522            	0.5	0.669387	1  	0.145216
49 	337  	3        	3       	0.5	0.675174	0.770948	0.0834522            	0.5	0.669387	1  	0.145216

ASSIGNING STRATA FOR MULTI-OUTCOME DATA KIRC_MV
Assigning strata for outcome named survival of type survival
Counts:
censored 0: 55
censored 1: 124
deceased 0: 35
deceased 1: 35
VIEW: LOG_MIRNA
   	     	         	        	   survival SKSurv Cox model concordance index   	                 root leanness                  
   	     	         	        	-------------------------------------------------	------------------------------------------------
gen	evals	gen_feats	explored	min	avg     	max     	std                  	min     	avg     	max	std     
0  	500  	11       	11      	0.5	0.736189	0.758688	0.0413442            	0.288675	0.339117	1  	0.136845
1  	335  	136      	136     	0.5	0.722241	0.769904	0.058074             	0.258199	0.381567	1  	0.167649
2  	355  	166      	171     	0.5	0.727339	0.769904	0.0432604            	0.25    	0.373794	1  	0.109809
3  	371  	169      	177     	0.5	0.729106	0.777188	0.0433738            	0.25    	0.389892	1  	0.114042
4  	374  	166      	178     	0.5	0.729839	0.777188	0.0458467            	0.25    	0.398956	1  	0.119578
5  	367  	158      	179     	0.5	0.730077	0.777188	0.0467492            	0.242536	0.40435 	1  	0.124682
6  	378  	164      	179     	0.5	0.730468	0.777188	0.0481441            	0.25    	0.408764	1  	0.127637
7  	364  	167      	179     	0.5	0.731315	0.777188	0.0484859            	0.242536	0.410899	1  	0.12975 
8  	358  	155      	179     	0.5	0.733344	0.777861	0.0476702            	0.235702	0.409133	1  	0.130243
9  	377  	158      	179     	0.5	0.735482	0.777861	0.0459448            	0.235702	0.407732	1  	0.130071
10 	378  	160      	179     	0.5	0.737692	0.784273	0.0447304            	0.235702	0.404884	1  	0.12999 
11 	375  	162      	179     	0.5	0.738706	0.784273	0.0446904            	0.242536	0.405494	1  	0.129397
12 	360  	159      	179     	0.5	0.73913 	0.788456	0.0456312            	0.242536	0.40661 	1  	0.130473
13 	368  	164      	179     	0.5	0.740826	0.788714	0.0446317            	0.242536	0.404517	1  	0.13026 
14 	383  	165      	179     	0.5	0.742458	0.791953	0.044456             	0.242536	0.401949	1  	0.129814
15 	379  	161      	179     	0.5	0.74351 	0.791953	0.0444915            	0.242536	0.402013	1  	0.129802
16 	369  	160      	179     	0.5	0.745516	0.791953	0.0436688            	0.242536	0.398679	1  	0.129972
17 	377  	159      	179     	0.5	0.747314	0.794842	0.0432409            	0.242536	0.395366	1  	0.130024
18 	390  	164      	179     	0.5	0.748795	0.801247	0.0434786            	0.242536	0.395352	1  	0.130041
19 	375  	160      	179     	0.5	0.750383	0.801247	0.0432799            	0.242536	0.392046	1  	0.130023
20 	381  	162      	179     	0.5	0.751565	0.807031	0.0431839            	0.235702	0.39203 	1  	0.130039
21 	381  	162      	179     	0.5	0.752294	0.807031	0.0432918            	0.235702	0.391766	1  	0.130248
22 	371  	166      	179     	0.5	0.754164	0.813796	0.0433126            	0.235702	0.387991	1  	0.130473
23 	371  	161      	179     	0.5	0.755527	0.813796	0.0438926            	0.218218	0.38618 	1  	0.130992
24 	389  	162      	179     	0.5	0.756864	0.813796	0.0437306            	0.218218	0.384066	1  	0.130958
25 	390  	160      	179     	0.5	0.757664	0.813879	0.0442037            	0.218218	0.383501	1  	0.131401
26 	382  	159      	179     	0.5	0.759739	0.81973 	0.0444416            	0.218218	0.380144	1  	0.131306
27 	398  	162      	179     	0.5	0.761676	0.81973 	0.0440374            	0.218218	0.376196	1  	0.131416
28 	375  	160      	179     	0.5	0.763597	0.823818	0.0440499            	0.218218	0.372771	1  	0.131067
29 	389  	160      	179     	0.5	0.764597	0.829063	0.0443026            	0.218218	0.371517	1  	0.131565
30 	385  	164      	179     	0.5	0.76637 	0.829063	0.0441697            	0.208514	0.367765	1  	0.131395
31 	384  	168      	179     	0.5	0.767072	0.829063	0.0444434            	0.208514	0.367317	1  	0.131327
32 	377  	157      	179     	0.5	0.768372	0.829063	0.0444675            	0.208514	0.366069	1  	0.130908
33 	385  	158      	179     	0.5	0.769134	0.830506	0.0458124            	0.223607	0.366437	1  	0.131886
34 	369  	167      	179     	0.5	0.769617	0.830506	0.0462051            	0.218218	0.367251	1  	0.13172 
35 	382  	159      	179     	0.5	0.770404	0.830506	0.0466779            	0.218218	0.367254	1  	0.131858
36 	392  	158      	179     	0.5	0.771275	0.830506	0.0470885            	0.223607	0.366856	1  	0.131752
37 	367  	162      	179     	0.5	0.772587	0.830506	0.047046             	0.213201	0.365433	1  	0.130787
38 	380  	159      	179     	0.5	0.773455	0.830506	0.0473174            	0.223607	0.36448 	1  	0.130959
39 	386  	163      	179     	0.5	0.774362	0.830506	0.0475863            	0.208514	0.363252	1  	0.131069
40 	379  	154      	179     	0.5	0.774676	0.830506	0.0480034            	0.208514	0.363784	1  	0.131493
41 	367  	154      	179     	0.5	0.77524 	0.830506	0.0481996            	0.208514	0.363502	1  	0.131512
42 	371  	163      	179     	0.5	0.775424	0.830506	0.0484258            	0.208514	0.364612	1  	0.131119
43 	381  	155      	179     	0.5	0.776074	0.830506	0.0486976            	0.213201	0.364259	1  	0.131265
44 	355  	148      	179     	0.5	0.776609	0.830506	0.0489037            	0.213201	0.363867	1  	0.131438
45 	364  	155      	179     	0.5	0.777027	0.835   	0.0491472            	0.213201	0.364231	1  	0.131406
46 	368  	159      	179     	0.5	0.777272	0.835   	0.0492566            	0.213201	0.36462 	1  	0.131109
47 	371  	154      	179     	0.5	0.77724 	0.835   	0.05024              	0.213201	0.365964	1  	0.131987
48 	385  	159      	179     	0.5	0.778492	0.835   	0.0499422            	0.213201	0.363952	1  	0.131477
49 	384  	159      	179     	0.5	0.779596	0.839209	0.0502327            	0.213201	0.361825	1  	0.131715

STARTING MASTER RUNNER RESAMPLING
Generations completed = 7
Generations completed = 16
Generations completed = 25
Generations completed = 34
Generations completed = 43
MASTER
   	     	         	        	   survival SKSurv Cox model concordance index   	                  root leanness                  
   	     	         	        	-------------------------------------------------	-------------------------------------------------
gen	evals	gen_feats	explored	min	avg     	max     	std                  	min     	avg     	max	std      
0  	500  	101      	101     	0.5	0.755267	0.808405	0.0404782            	0.2     	0.322412	1  	0.0991532
1  	393  	89       	107     	0.5	0.768505	0.819903	0.0304527            	0.218218	0.355891	1  	0.100249 
2  	402  	92       	112     	0.5	0.771409	0.819903	0.032321             	0.218218	0.365036	1  	0.105432 
3  	416  	94       	116     	0.5	0.773096	0.819903	0.0336599            	0.218218	0.370889	1  	0.110517 
4  	434  	97       	118     	0.5	0.775225	0.823587	0.0337174            	0.213201	0.371805	1  	0.114975 
5  	409  	93       	118     	0.5	0.77527 	0.823587	0.0355875            	0.218218	0.378067	1  	0.117038 
6  	422  	95       	120     	0.5	0.775635	0.823587	0.0369533            	0.208514	0.380381	1  	0.119385 
7  	393  	93       	120     	0.5	0.775917	0.823587	0.0379045            	0.208514	0.382606	1  	0.120735 
8  	408  	96       	120     	0.5	0.77584 	0.823587	0.0387781            	0.208514	0.385923	1  	0.121402 
9  	409  	93       	120     	0.5	0.775878	0.823587	0.0393741            	0.208514	0.387098	1  	0.121911 
10 	400  	96       	120     	0.5	0.77602 	0.823587	0.0397652            	0.208514	0.38818 	1  	0.122441 
11 	388  	87       	120     	0.5	0.775961	0.823587	0.0401224            	0.208514	0.389333	1  	0.122851 
12 	382  	92       	120     	0.5	0.776074	0.823587	0.0401933            	0.208514	0.389922	1  	0.1227   
13 	396  	95       	120     	0.5	0.776082	0.823587	0.0402134            	0.208514	0.391145	1  	0.122549 
14 	420  	102      	120     	0.5	0.77615 	0.823587	0.0407977            	0.208514	0.390594	1  	0.123171 
15 	401  	92       	120     	0.5	0.776197	0.823587	0.0407517            	0.208514	0.391128	1  	0.12306  
16 	418  	89       	120     	0.5	0.775918	0.823587	0.0408342            	0.223607	0.392913	1  	0.122596 
17 	393  	95       	120     	0.5	0.776006	0.823587	0.0407806            	0.223607	0.39308 	1  	0.122475 
18 	402  	93       	120     	0.5	0.775815	0.823587	0.0408222            	0.223607	0.394184	1  	0.122563 
19 	411  	97       	120     	0.5	0.776015	0.823587	0.0407535            	0.223607	0.393584	1  	0.122399 
20 	413  	96       	120     	0.5	0.775747	0.823587	0.0414394            	0.223607	0.394016	1  	0.123087 
21 	416  	100      	120     	0.5	0.775772	0.823587	0.0414535            	0.223607	0.393834	1  	0.123277 
22 	401  	100      	120     	0.5	0.7758  	0.823587	0.0414532            	0.223607	0.393834	1  	0.123277 
23 	404  	95       	120     	0.5	0.775842	0.823587	0.041443             	0.223607	0.393804	1  	0.123297 
24 	395  	93       	120     	0.5	0.775481	0.823587	0.0419918            	0.223607	0.39467 	1  	0.123978 
25 	401  	95       	120     	0.5	0.775498	0.823587	0.0419982            	0.223607	0.394593	1  	0.12404  
26 	410  	101      	120     	0.5	0.775522	0.823587	0.0420074            	0.223607	0.394615	1  	0.124019 
27 	402  	95       	120     	0.5	0.775243	0.823587	0.0424054            	0.223607	0.395452	1  	0.124711 
28 	418  	92       	120     	0.5	0.775303	0.823587	0.0423436            	0.223607	0.395452	1  	0.124711 
29 	395  	96       	120     	0.5	0.775073	0.823587	0.0427784            	0.223607	0.395981	1  	0.125561 
30 	398  	98       	120     	0.5	0.775165	0.823587	0.0427922            	0.223607	0.395515	1  	0.125606 
31 	407  	88       	120     	0.5	0.775107	0.823587	0.0427972            	0.223607	0.395849	1  	0.125662 
32 	413  	94       	120     	0.5	0.775197	0.823587	0.0427687            	0.223607	0.395549	1  	0.125811 
33 	389  	99       	120     	0.5	0.775226	0.823587	0.0427613            	0.223607	0.395365	1  	0.125725 
34 	410  	97       	120     	0.5	0.775199	0.823587	0.0427695            	0.223607	0.395471	1  	0.125791 
35 	401  	96       	120     	0.5	0.77521 	0.823587	0.0427671            	0.223607	0.39541 	1  	0.125792 
36 	411  	95       	120     	0.5	0.775221	0.823587	0.0427715            	0.223607	0.395549	1  	0.125811 
37 	400  	96       	120     	0.5	0.775225	0.823587	0.0427708            	0.223607	0.395549	1  	0.125811 
38 	414  	103      	120     	0.5	0.77492 	0.823587	0.0433511            	0.223607	0.396068	1  	0.126558 
39 	411  	91       	120     	0.5	0.775023	0.823587	0.0432741            	0.223607	0.395808	1  	0.126318 
40 	392  	94       	120     	0.5	0.774915	0.823587	0.0433576            	0.223607	0.396068	1  	0.126558 
41 	390  	86       	120     	0.5	0.774918	0.823587	0.0433534            	0.223607	0.396068	1  	0.126558 
42 	406  	101      	120     	0.5	0.774918	0.823587	0.0433534            	0.223607	0.396068	1  	0.126558 
43 	411  	94       	120     	0.5	0.774919	0.823587	0.0433523            	0.223607	0.396068	1  	0.126558 
44 	407  	100      	120     	0.5	0.774919	0.823587	0.0433523            	0.223607	0.396068	1  	0.126558 
45 	415  	94       	120     	0.5	0.77492 	0.823587	0.0433511            	0.223607	0.396068	1  	0.126558 
46 	420  	95       	120     	0.5	0.775094	0.823587	0.0432917            	0.223607	0.395491	1  	0.126388 
47 	407  	101      	120     	0.5	0.775115	0.823587	0.043286             	0.223607	0.395385	1  	0.126323 
48 	413  	104      	120     	0.5	0.775094	0.823587	0.0432917            	0.223607	0.395491	1  	0.126388 
49 	398  	92       	120     	0.5	0.775011	0.823587	0.0433649            	0.223607	0.395646	1  	0.126563 

CURRENT HALLS OF FAME

PARETO FRONT
Number of solutions = 13
(0.8235867672399407, 0.2672612419124244) 13 features: [0_age_at_initial_pathologic_diagnosis, 0_ajcc_pathologic_tumor_stage_Stage IV, 1_hsa.miR.1179, 1_hsa.miR.18a.5p, 1_hsa.miR.194.3p, 1_hsa.miR.202.5p, 1_hsa.miR.24.1.5p, 1_hsa.miR.296.5p, 1_hsa.miR.3065.5p, 1_hsa.miR.30b.5p, 1_hsa.miR.425.5p, 1_hsa.miR.676.3p, 1_hsa.miR.516a.5p]
(0.8132504198832988, 0.2773500981126146) 12 features: [0_age_at_initial_pathologic_diagnosis, 0_ajcc_pathologic_tumor_stage_Stage IV, 1_hsa.miR.1179, 1_hsa.miR.18a.5p, 1_hsa.miR.194.3p, 1_hsa.miR.24.1.5p, 1_hsa.miR.296.5p, 1_hsa.miR.3065.5p, 1_hsa.miR.425.5p, 1_hsa.miR.676.3p, 1_hsa.miR.516a.5p, 1_hsa.miR.520a.3p]
(0.8127342078938266, 0.28867513459481287) 11 features: [0_age_at_initial_pathologic_diagnosis, 0_ajcc_pathologic_tumor_stage_Stage I, 0_ajcc_pathologic_tumor_stage_Stage IV, 1_hsa.miR.1179, 1_hsa.miR.1248, 1_hsa.miR.18a.5p, 1_hsa.miR.192.3p, 1_hsa.miR.296.5p, 1_hsa.miR.3065.5p, 1_hsa.miR.676.3p, 1_hsa.miR.516a.5p]
(0.8126042503136938, 0.31622776601683794) 9 features: [0_age_at_initial_pathologic_diagnosis, 0_ajcc_pathologic_tumor_stage_Stage I, 0_ajcc_pathologic_tumor_stage_Stage IV, 1_hsa.miR.1179, 1_hsa.miR.18a.5p, 1_hsa.miR.194.3p, 1_hsa.miR.296.5p, 1_hsa.miR.3065.5p, 1_hsa.miR.520a.3p]
(0.8087338838998667, 0.3333333333333333) 8 features: [0_age_at_initial_pathologic_diagnosis, 0_ajcc_pathologic_tumor_stage_Stage IV, 1_hsa.miR.10b.3p, 1_hsa.miR.18a.5p, 1_hsa.miR.194.3p, 1_hsa.miR.296.5p, 1_hsa.miR.3065.5p, 1_hsa.miR.516a.5p]
(0.8086233978378871, 0.3535533905932738) 7 features: [0_age_at_initial_pathologic_diagnosis, 0_ajcc_pathologic_tumor_stage_Stage IV, 1_hsa.miR.10b.3p, 1_hsa.miR.18a.5p, 1_hsa.miR.194.3p, 1_hsa.miR.296.5p, 1_hsa.miR.3065.5p]
(0.7953869065949813, 0.3779644730092272) 6 features: [0_ajcc_pathologic_tumor_stage_Stage IV, 1_hsa.miR.10b.3p, 1_hsa.miR.18a.5p, 1_hsa.miR.194.3p, 1_hsa.miR.296.5p, 1_hsa.miR.3065.5p]
(0.7931780621139821, 0.408248290463863) 5 features: [0_age_at_initial_pathologic_diagnosis, 0_ajcc_pathologic_tumor_stage_Stage IV, 1_hsa.miR.1248, 1_hsa.miR.296.5p, 1_hsa.miR.425.3p]
(0.7920978849391244, 0.4472135954999579) 4 features: [0_age_at_initial_pathologic_diagnosis, 0_ajcc_pathologic_tumor_stage_Stage IV, 1_hsa.miR.1248, 1_hsa.miR.296.5p]
(0.7767680916047266, 0.5) [0_age_at_initial_pathologic_diagnosis, 0_ajcc_pathologic_tumor_stage_Stage IV, 1_hsa.miR.296.5p]
(0.7609387799200493, 0.5773502691896257) [0_ajcc_pathologic_tumor_stage_Stage IV, 1_hsa.miR.139.3p]
(0.675481908534016, 0.7071067811865476) [1_hsa.miR.130b.3p]
(0.5, 1.0) []
Features in hall of fame by prevalence:
21 features: [0_ajcc_pathologic_tumor_stage_Stage IV, 1_hsa.miR.296.5p, 0_age_at_initial_pathologic_diagnosis, 1_hsa.miR.18a.5p, 1_hsa.miR.3065.5p, 1_hsa.miR.194.3p, 1_hsa.miR.1179, 1_hsa.miR.516a.5p, 1_hsa.miR.10b.3p, 1_hsa.miR.1248, 1_hsa.miR.676.3p, 0_ajcc_pathologic_tumor_stage_Stage I, 1_hsa.miR.24.1.5p, 1_hsa.miR.425.5p, 1_hsa.miR.520a.3p, 1_hsa.miR.130b.3p, 1_hsa.miR.139.3p, 1_hsa.miR.192.3p, 1_hsa.miR.202.5p, 1_hsa.miR.30b.5p, 1_hsa.miR.425.3p]

LAST POPULATION
Number of solutions = 500
Features in hall of fame by prevalence:
74 features: [0_ajcc_pathologic_tumor_stage_Stage IV, 1_hsa.miR.18a.5p, 0_ajcc_pathologic_tumor_stage_Stage I, 1_hsa.miR.3065.5p, 1_hsa.miR.1248, 0_age_at_initial_pathologic_diagnosis, 1_hsa.miR.296.5p, 1_hsa.miR.1179, 1_hsa.miR.194.3p, 1_hsa.miR.24.1.5p, 1_hsa.miR.516a.5p, 1_hsa.miR.676.3p, 1_hsa.miR.126.3p, 1_hsa.miR.520a.3p, 1_hsa.miR.182.5p, 1_hsa.miR.425.5p, 1_hsa.miR.27b.5p, 1_hsa.miR.10b.3p, 1_hsa.miR.616.3p, 1_hsa.miR.628.3p, 1_hsa.miR.425.3p, 1_hsa.miR.223.3p, 1_hsa.miR.659.5p, 1_hsa.miR.202.5p, 1_hsa.miR.139.5p, 1_hsa.miR.3614.5p, 1_hsa.miR.1258, 1_hsa.miR.130b.3p, 1_hsa.miR.139.3p, 1_hsa.miR.30b.5p, 1_hsa.miR.589.3p, 1_hsa.miR.145.5p, 1_hsa.miR.184, 1_hsa.miR.21.5p, 1_hsa.miR.2355.5p, 1_hsa.miR.449a, 1_hsa.miR.296.3p, 1_hsa.miR.34c.5p, 1_hsa.miR.149.5p, 1_hsa.miR.192.3p, 1_hsa.miR.193b.3p, 1_hsa.miR.34b.5p, 1_hsa.miR.3922.3p, 1_hsa.miR.590.3p, 1_hsa.miR.6715b.3p, 1_hsa.miR.7704, 1_hsa.miR.92b.3p, 1_hsa.miR.505.5p, 1_hsa.miR.616.5p, 1_hsa.miR.671.5p, 1_hsa.miR.95.3p, 1_hsa.miR.10a.5p, 1_hsa.miR.130b.5p, 1_hsa.miR.146b.5p, 1_hsa.miR.22.5p, 1_hsa.miR.23a.5p, 1_hsa.miR.30e.3p, 1_hsa.miR.331.5p, 1_hsa.miR.335.3p, 1_hsa.miR.376c.3p, 1_hsa.miR.4677.3p, 1_hsa.miR.494.3p, 1_hsa.miR.96.5p, 1_hsa.miR.10b.5p, 1_hsa.miR.126.5p, 1_hsa.miR.1269a, 1_hsa.miR.130a.3p, 1_hsa.miR.183.5p, 1_hsa.miR.21.3p, 1_hsa.miR.221.5p, 1_hsa.miR.23b.3p, 1_hsa.miR.27a.5p, 1_hsa.miR.339.5p, 1_hsa.miR.1251.3p]

BEST SUMS WITH SIZE 50
Number of solutions = 50
Features in hall of fame by prevalence:
33 features: [0_ajcc_pathologic_tumor_stage_Stage IV, 0_ajcc_pathologic_tumor_stage_Stage I, 1_hsa.miR.18a.5p, 0_age_at_initial_pathologic_diagnosis, 1_hsa.miR.1248, 1_hsa.miR.130b.3p, 1_hsa.miR.139.3p, 1_hsa.miR.139.5p, 1_hsa.miR.193b.3p, 1_hsa.miR.194.3p, 1_hsa.miR.21.5p, 1_hsa.miR.22.5p, 1_hsa.miR.296.3p, 1_hsa.miR.296.5p, 1_hsa.miR.425.3p, 1_hsa.miR.590.3p, 1_hsa.miR.92b.3p, 1_hsa.miR.10b.3p, 1_hsa.miR.10b.5p, 1_hsa.miR.126.3p, 1_hsa.miR.130a.3p, 1_hsa.miR.130b.5p, 1_hsa.miR.146b.5p, 1_hsa.miR.149.5p, 1_hsa.miR.223.3p, 1_hsa.miR.23b.3p, 1_hsa.miR.24.1.5p, 1_hsa.miR.27b.5p, 1_hsa.miR.30e.3p, 1_hsa.miR.34c.5p, 1_hsa.miR.3922.3p, 1_hsa.miR.671.5p, 1_hsa.miR.96.5p]

BEST SUMS WITH SIZE 100
Number of solutions = 100
Features in hall of fame by prevalence:
34 features: [0_ajcc_pathologic_tumor_stage_Stage IV, 0_ajcc_pathologic_tumor_stage_Stage I, 1_hsa.miR.1248, 1_hsa.miR.18a.5p, 1_hsa.miR.425.3p, 1_hsa.miR.130b.3p, 1_hsa.miR.21.5p, 1_hsa.miR.223.3p, 1_hsa.miR.27b.5p, 1_hsa.miR.296.5p, 0_age_at_initial_pathologic_diagnosis, 1_hsa.miR.10b.3p, 1_hsa.miR.126.3p, 1_hsa.miR.130a.3p, 1_hsa.miR.130b.5p, 1_hsa.miR.139.3p, 1_hsa.miR.139.5p, 1_hsa.miR.146b.5p, 1_hsa.miR.149.5p, 1_hsa.miR.193b.3p, 1_hsa.miR.194.3p, 1_hsa.miR.22.5p, 1_hsa.miR.296.3p, 1_hsa.miR.34c.5p, 1_hsa.miR.3922.3p, 1_hsa.miR.590.3p, 1_hsa.miR.671.5p, 1_hsa.miR.92b.3p, 1_hsa.miR.10b.5p, 1_hsa.miR.23b.3p, 1_hsa.miR.24.1.5p, 1_hsa.miR.30e.3p, 1_hsa.miR.96.5p, 1_hsa.miR.27a.5p]

STARTING SWEEP NUMBER 2
folds_creator_seed = 2948139199

ASSIGNING STRATA FOR MULTI-OUTCOME DATA KIRC_MV
Assigning strata for outcome named survival of type survival
Counts:
censored 0: 55
censored 1: 124
deceased 0: 35
deceased 1: 35
ga_runner_seed = 1243658532
VIEW: CLINIC
   	     	         	        	   survival SKSurv Cox model concordance index   	             root leanness              
   	     	         	        	-------------------------------------------------	----------------------------------------
gen	evals	gen_feats	explored	min	avg     	max     	std                  	min	avg     	max	std     
0  	0    	3        	3       	0.5	0.718845	0.770948	0.0671948            	0.5	0.612354	1  	0.123243
1  	328  	3        	3       	0.5	0.67971 	0.770948	0.0854243            	0.5	0.668943	1  	0.152803
2  	349  	3        	3       	0.5	0.675234	0.770948	0.0825529            	0.5	0.669387	1  	0.145216
3  	338  	3        	3       	0.5	0.675234	0.770948	0.0825529            	0.5	0.669387	1  	0.145216
4  	340  	3        	3       	0.5	0.675234	0.770948	0.0825529            	0.5	0.669387	1  	0.145216
5  	335  	3        	3       	0.5	0.675234	0.770948	0.0825529            	0.5	0.669387	1  	0.145216
6  	338  	3        	3       	0.5	0.675234	0.770948	0.0825529            	0.5	0.669387	1  	0.145216
7  	336  	3        	3       	0.5	0.675234	0.770948	0.0825529            	0.5	0.669387	1  	0.145216
8  	344  	3        	3       	0.5	0.675234	0.770948	0.0825529            	0.5	0.669387	1  	0.145216
9  	344  	3        	3       	0.5	0.675234	0.770948	0.0825529            	0.5	0.669387	1  	0.145216
10 	334  	3        	3       	0.5	0.675234	0.770948	0.0825529            	0.5	0.669387	1  	0.145216
11 	351  	3        	3       	0.5	0.675234	0.770948	0.0825529            	0.5	0.669387	1  	0.145216
12 	332  	3        	3       	0.5	0.675234	0.770948	0.0825529            	0.5	0.669387	1  	0.145216
13 	334  	3        	3       	0.5	0.675234	0.770948	0.0825529            	0.5	0.669387	1  	0.145216
14 	330  	3        	3       	0.5	0.675234	0.770948	0.0825529            	0.5	0.669387	1  	0.145216
15 	335  	3        	3       	0.5	0.675234	0.770948	0.0825529            	0.5	0.669387	1  	0.145216
16 	345  	3        	3       	0.5	0.675234	0.770948	0.0825529            	0.5	0.669387	1  	0.145216
17 	336  	3        	3       	0.5	0.675234	0.770948	0.0825529            	0.5	0.669387	1  	0.145216
18 	344  	3        	3       	0.5	0.675234	0.770948	0.0825529            	0.5	0.669387	1  	0.145216
19 	341  	3        	3       	0.5	0.675234	0.770948	0.0825529            	0.5	0.669387	1  	0.145216
20 	348  	3        	3       	0.5	0.675234	0.770948	0.0825529            	0.5	0.669387	1  	0.145216
21 	317  	3        	3       	0.5	0.675234	0.770948	0.0825529            	0.5	0.669387	1  	0.145216
22 	341  	3        	3       	0.5	0.675234	0.770948	0.0825529            	0.5	0.669387	1  	0.145216
23 	346  	3        	3       	0.5	0.675234	0.770948	0.0825529            	0.5	0.669387	1  	0.145216
24 	340  	3        	3       	0.5	0.675234	0.770948	0.0825529            	0.5	0.669387	1  	0.145216
25 	359  	3        	3       	0.5	0.675234	0.770948	0.0825529            	0.5	0.669387	1  	0.145216
26 	336  	3        	3       	0.5	0.675234	0.770948	0.0825529            	0.5	0.669387	1  	0.145216
27 	354  	3        	3       	0.5	0.675234	0.770948	0.0825529            	0.5	0.669387	1  	0.145216
28 	343  	3        	3       	0.5	0.675234	0.770948	0.0825529            	0.5	0.669387	1  	0.145216
29 	334  	3        	3       	0.5	0.675234	0.770948	0.0825529            	0.5	0.669387	1  	0.145216
30 	349  	3        	3       	0.5	0.675234	0.770948	0.0825529            	0.5	0.669387	1  	0.145216
31 	337  	3        	3       	0.5	0.675234	0.770948	0.0825529            	0.5	0.669387	1  	0.145216
32 	339  	3        	3       	0.5	0.675234	0.770948	0.0825529            	0.5	0.669387	1  	0.145216
33 	338  	3        	3       	0.5	0.675234	0.770948	0.0825529            	0.5	0.669387	1  	0.145216
34 	326  	3        	3       	0.5	0.675234	0.770948	0.0825529            	0.5	0.669387	1  	0.145216
35 	327  	3        	3       	0.5	0.675234	0.770948	0.0825529            	0.5	0.669387	1  	0.145216
36 	347  	3        	3       	0.5	0.675234	0.770948	0.0825529            	0.5	0.669387	1  	0.145216
37 	306  	3        	3       	0.5	0.675234	0.770948	0.0825529            	0.5	0.669387	1  	0.145216
38 	291  	3        	3       	0.5	0.675234	0.770948	0.0825529            	0.5	0.669387	1  	0.145216
39 	349  	3        	3       	0.5	0.675234	0.770948	0.0825529            	0.5	0.669387	1  	0.145216
40 	330  	3        	3       	0.5	0.675234	0.770948	0.0825529            	0.5	0.669387	1  	0.145216
41 	315  	3        	3       	0.5	0.675234	0.770948	0.0825529            	0.5	0.669387	1  	0.145216
42 	351  	3        	3       	0.5	0.675234	0.770948	0.0825529            	0.5	0.669387	1  	0.145216
43 	344  	3        	3       	0.5	0.675234	0.770948	0.0825529            	0.5	0.669387	1  	0.145216
44 	341  	3        	3       	0.5	0.675234	0.770948	0.0825529            	0.5	0.669387	1  	0.145216
45 	324  	3        	3       	0.5	0.675234	0.770948	0.0825529            	0.5	0.669387	1  	0.145216
46 	346  	3        	3       	0.5	0.675234	0.770948	0.0825529            	0.5	0.669387	1  	0.145216
47 	334  	3        	3       	0.5	0.675234	0.770948	0.0825529            	0.5	0.669387	1  	0.145216
48 	331  	3        	3       	0.5	0.675234	0.770948	0.0825529            	0.5	0.669387	1  	0.145216
49 	340  	3        	3       	0.5	0.675234	0.770948	0.0825529            	0.5	0.669387	1  	0.145216

ASSIGNING STRATA FOR MULTI-OUTCOME DATA KIRC_MV
Assigning strata for outcome named survival of type survival
Counts:
censored 0: 55
censored 1: 124
deceased 0: 35
deceased 1: 35
VIEW: LOG_MIRNA
   	     	         	        	       survival SKSurv Cox model concordance index       	                 root leanness                  
   	     	         	        	---------------------------------------------------------	------------------------------------------------
gen	evals	gen_feats	explored	min     	avg     	max     	std             	min     	avg     	max	std     
0  	0    	71       	71      	0.5     	0.739098	0.829247	0.0647148       	0.242536	0.469858	1  	0.163829
1  	377  	156      	158     	0.435979	0.719775	0.829247	0.0656926       	0.242536	0.427951	1  	0.131276
2  	357  	169      	174     	0.5     	0.737384	0.829247	0.0506225       	0.242536	0.414457	1  	0.130607
3  	378  	158      	178     	0.5     	0.741479	0.829247	0.0505161       	0.242536	0.41301 	1  	0.131544
4  	383  	165      	179     	0.5     	0.745695	0.829247	0.0492934       	0.242536	0.406886	1  	0.132055
5  	369  	163      	179     	0.5     	0.747466	0.829247	0.0486467       	0.242536	0.405969	1  	0.131341
6  	380  	158      	179     	0.5     	0.749975	0.829247	0.0480725       	0.235702	0.401922	1  	0.131797
7  	376  	158      	179     	0.5     	0.75159 	0.829247	0.0477788       	0.229416	0.399691	1  	0.131854
8  	368  	163      	179     	0.5     	0.752789	0.829247	0.0474699       	0.229416	0.398929	1  	0.131214
9  	376  	152      	179     	0.5     	0.754431	0.829247	0.0477482       	0.223607	0.395218	1  	0.132803
10 	379  	158      	179     	0.5     	0.756052	0.829247	0.0468962       	0.229416	0.393213	1  	0.132092
11 	383  	163      	179     	0.5     	0.757889	0.829247	0.0465643       	0.229416	0.389614	1  	0.132321
12 	387  	162      	179     	0.5     	0.758707	0.829247	0.0466471       	0.223607	0.389684	1  	0.132254
13 	358  	152      	179     	0.5     	0.759481	0.829247	0.0468706       	0.223607	0.390036	1  	0.131982
14 	370  	164      	179     	0.5     	0.761269	0.829247	0.0467147       	0.218218	0.386175	1  	0.13234 
15 	386  	160      	179     	0.5     	0.762138	0.829247	0.0471122       	0.229416	0.385467	1  	0.132684
16 	371  	159      	179     	0.5     	0.763703	0.829247	0.0469496       	0.229416	0.382607	1  	0.132383
17 	375  	164      	179     	0.5     	0.764354	0.829247	0.0472419       	0.223607	0.382556	1  	0.132435
18 	367  	155      	179     	0.5     	0.764935	0.829247	0.0475407       	0.223607	0.382573	1  	0.132367
19 	386  	161      	179     	0.5     	0.766555	0.829247	0.0473764       	0.223607	0.37932 	1  	0.132072
20 	376  	166      	179     	0.5     	0.767066	0.829247	0.0476267       	0.223607	0.378992	1  	0.132362
21 	366  	166      	179     	0.5     	0.768839	0.829247	0.0474692       	0.223607	0.375324	1  	0.132275
22 	366  	166      	179     	0.5     	0.76942 	0.829247	0.047759        	0.223607	0.375291	1  	0.132305
23 	390  	163      	179     	0.5     	0.769849	0.835865	0.0479889       	0.223607	0.375191	1  	0.132286
24 	378  	158      	179     	0.5     	0.771558	0.835865	0.0477966       	0.223607	0.371538	1  	0.132158
25 	362  	160      	179     	0.5     	0.771956	0.835865	0.0480188       	0.223607	0.371484	1  	0.132195
26 	379  	160      	179     	0.5     	0.772234	0.835865	0.0481977       	0.218218	0.371368	1  	0.132304
27 	376  	165      	179     	0.5     	0.773604	0.835865	0.0479896       	0.208514	0.368689	1  	0.131734
28 	383  	165      	179     	0.5     	0.774168	0.835865	0.0481971       	0.208514	0.367851	1  	0.131892
29 	382  	159      	179     	0.5     	0.775819	0.835865	0.0479402       	0.208514	0.363953	1  	0.131684
30 	359  	165      	179     	0.5     	0.776269	0.8439  	0.0482201       	0.208514	0.363462	1  	0.132089
31 	382  	160      	179     	0.5     	0.777244	0.8439  	0.0486755       	0.204124	0.361942	1  	0.132657
32 	398  	166      	179     	0.5     	0.778135	0.8439  	0.0489066       	0.204124	0.360739	1  	0.132423
33 	365  	163      	179     	0.5     	0.779094	0.8439  	0.0487217       	0.2     	0.3593  	1  	0.131993
34 	374  	158      	179     	0.5     	0.779546	0.8439  	0.0490546       	0.196116	0.359727	1  	0.131664
35 	388  	162      	179     	0.5     	0.778739	0.8439  	0.0498986       	0.2     	0.363258	1  	0.131968
36 	361  	157      	179     	0.5     	0.778338	0.8439  	0.0505379       	0.208514	0.365746	1  	0.13198 
37 	368  	162      	179     	0.5     	0.779282	0.8439  	0.05016         	0.208514	0.364347	1  	0.131232
38 	397  	165      	179     	0.5     	0.779977	0.8439  	0.0505462       	0.208514	0.363708	1  	0.131585
39 	385  	159      	179     	0.5     	0.78033 	0.8439  	0.0507865       	0.208514	0.363645	1  	0.131613
40 	376  	163      	179     	0.5     	0.781988	0.8439  	0.0505275       	0.213201	0.360538	1  	0.130935
41 	375  	165      	179     	0.5     	0.782617	0.8439  	0.0507043       	0.218218	0.359612	1  	0.131403
42 	371  	162      	179     	0.5     	0.783477	0.8439  	0.0504537       	0.213201	0.358259	1  	0.130916
43 	376  	162      	179     	0.5     	0.784595	0.8439  	0.0506016       	0.213201	0.356092	1  	0.13092 
44 	366  	165      	179     	0.5     	0.785019	0.8439  	0.0508881       	0.218218	0.356279	1  	0.130744
45 	378  	169      	179     	0.5     	0.784873	0.8439  	0.0511899       	0.223607	0.357375	1  	0.130957
46 	380  	164      	179     	0.5     	0.785647	0.8439  	0.0512416       	0.223607	0.356182	1  	0.130809
47 	378  	162      	179     	0.5     	0.785828	0.8439  	0.0513833       	0.218218	0.35648 	1  	0.130765
48 	375  	159      	179     	0.5     	0.786423	0.8439  	0.051623        	0.218218	0.355724	1  	0.13118 
49 	371  	161      	179     	0.5     	0.786828	0.8439  	0.0518736       	0.218218	0.355372	1  	0.131418

STARTING MASTER RUNNER RESAMPLING
Generations completed = 7
Generations completed = 17
Generations completed = 27
Generations completed = 37
Generations completed = 47
MASTER
   	     	         	        	       survival SKSurv Cox model concordance index       	                      root leanness                      
   	     	         	        	---------------------------------------------------------	---------------------------------------------------------
gen	evals	gen_feats	explored	min     	avg     	max     	std             	min     	avg     	max     	std      
0  	500  	118      	118     	0.616446	0.775036	0.830544	0.0336182       	0.208514	0.320742	0.707107	0.0923371
1  	392  	109      	124     	0.625842	0.782708	0.830544	0.0318001       	0.208514	0.346397	0.707107	0.098997 
2  	412  	114      	125     	0.610199	0.786565	0.830544	0.0343119       	0.208514	0.351413	0.707107	0.104032 
3  	384  	108      	125     	0.610199	0.787234	0.831394	0.0368106       	0.208514	0.355771	0.707107	0.109182 
4  	396  	108      	126     	0.610199	0.788011	0.831394	0.0379084       	0.208514	0.358225	0.707107	0.112159 
5  	400  	113      	127     	0.610199	0.78939 	0.831394	0.0368579       	0.208514	0.359521	0.707107	0.113157 
6  	404  	111      	127     	0.5     	0.78978 	0.831394	0.0399748       	0.208514	0.360072	1       	0.118732 
7  	409  	116      	127     	0.5     	0.790619	0.831394	0.0400483       	0.208514	0.360847	1       	0.119739 
8  	408  	108      	127     	0.5     	0.79051 	0.831394	0.0407513       	0.208514	0.362412	1       	0.121705 
9  	405  	107      	127     	0.5     	0.791396	0.831394	0.0405248       	0.208514	0.360606	1       	0.122065 
10 	403  	109      	127     	0.5     	0.791043	0.831394	0.0412785       	0.208514	0.362471	1       	0.122897 
11 	400  	111      	127     	0.5     	0.79134 	0.831394	0.0411431       	0.208514	0.363475	1       	0.122437 
12 	408  	104      	127     	0.5     	0.791827	0.831394	0.0416723       	0.208514	0.362001	1       	0.123382 
13 	407  	109      	127     	0.5     	0.79161 	0.832037	0.0419023       	0.208514	0.363805	1       	0.123452 
14 	416  	109      	127     	0.5     	0.791663	0.832037	0.0418852       	0.208514	0.364372	1       	0.123306 
15 	408  	106      	127     	0.5     	0.791845	0.832037	0.0418016       	0.208514	0.364674	1       	0.123077 
16 	392  	104      	127     	0.5     	0.791312	0.832037	0.0428127       	0.208514	0.366259	1       	0.12495  
17 	409  	109      	127     	0.5     	0.791089	0.832037	0.0433628       	0.208514	0.367043	1       	0.125855 
18 	395  	107      	127     	0.5     	0.790988	0.832037	0.0436671       	0.208514	0.367118	1       	0.126873 
19 	414  	107      	127     	0.5     	0.790379	0.832037	0.0446785       	0.208514	0.368903	1       	0.128757 
20 	416  	111      	127     	0.5     	0.79044 	0.832037	0.044657        	0.208514	0.368781	1       	0.128695 
21 	407  	106      	127     	0.5     	0.790636	0.832037	0.044555        	0.208514	0.368542	1       	0.128733 
22 	407  	103      	127     	0.5     	0.790444	0.832037	0.0445221       	0.208514	0.369799	1       	0.128194 
23 	417  	108      	127     	0.5     	0.790549	0.832037	0.0444456       	0.208514	0.369867	1       	0.128148 
24 	426  	114      	127     	0.5     	0.790229	0.832037	0.0449406       	0.208514	0.370678	1       	0.128994 
25 	411  	105      	127     	0.5     	0.790236	0.832037	0.0449403       	0.208514	0.370678	1       	0.128994 
26 	397  	107      	127     	0.5     	0.790351	0.832037	0.0449618       	0.208514	0.370263	1       	0.129087 
27 	397  	110      	127     	0.5     	0.790353	0.832037	0.0449613       	0.208514	0.370263	1       	0.129087 
28 	411  	106      	127     	0.5     	0.789739	0.832037	0.0455679       	0.208514	0.372534	1       	0.130477 
29 	400  	105      	127     	0.5     	0.789766	0.832037	0.0455713       	0.208514	0.372466	1       	0.130523 
30 	417  	106      	127     	0.5     	0.789812	0.832037	0.0455708       	0.208514	0.37227 	1       	0.130641 
31 	408  	105      	127     	0.5     	0.789605	0.832037	0.0459927       	0.208514	0.37264 	1       	0.131455 
32 	403  	110      	127     	0.5     	0.789701	0.832037	0.045928        	0.208514	0.372461	1       	0.131222 
33 	402  	104      	127     	0.5     	0.789654	0.832037	0.0460206       	0.208514	0.372571	1       	0.131501 
34 	397  	108      	127     	0.5     	0.789592	0.832037	0.0460235       	0.208514	0.372799	1       	0.131531 
35 	417  	104      	127     	0.5     	0.789577	0.832037	0.0460083       	0.208514	0.373006	1       	0.131305 
36 	426  	104      	127     	0.5     	0.789512	0.832037	0.0460093       	0.208514	0.373297	1       	0.131308 
37 	397  	104      	127     	0.5     	0.789519	0.832037	0.0460051       	0.208514	0.373297	1       	0.131308 
38 	402  	105      	127     	0.5     	0.789521	0.832037	0.0460056       	0.208514	0.373297	1       	0.131308 
39 	404  	113      	127     	0.5     	0.789524	0.832037	0.0460046       	0.208514	0.373297	1       	0.131308 
40 	400  	102      	127     	0.5     	0.789592	0.832037	0.0460061       	0.208514	0.373006	1       	0.131305 
41 	387  	100      	127     	0.5     	0.789523	0.832037	0.0460048       	0.208514	0.373297	1       	0.131308 
42 	402  	102      	127     	0.5     	0.789591	0.832037	0.0460057       	0.208514	0.373006	1       	0.131305 
43 	411  	103      	127     	0.5     	0.789593	0.832037	0.0460051       	0.208514	0.373006	1       	0.131305 
44 	408  	111      	127     	0.5     	0.78952 	0.832037	0.0460066       	0.208514	0.373297	1       	0.131308 
45 	397  	109      	127     	0.5     	0.789578	0.832037	0.0460098       	0.208514	0.373084	1       	0.131337 
46 	405  	110      	127     	0.5     	0.78952 	0.832037	0.0460056       	0.208514	0.373297	1       	0.131308 
47 	400  	108      	127     	0.5     	0.789593	0.832037	0.0460056       	0.208514	0.37298 	1       	0.13132  
48 	409  	110      	127     	0.5     	0.789594	0.832037	0.0460059       	0.208514	0.373006	1       	0.131305 
49 	411  	113      	127     	0.5     	0.789534	0.832037	0.0460071       	0.208514	0.373233	1       	0.131335 

CURRENT HALLS OF FAME

PARETO FRONT
Number of solutions = 12
(0.832036763623209, 0.2672612419124244) 13 features: [0_age_at_initial_pathologic_diagnosis, 0_ajcc_pathologic_tumor_stage_Stage I, 0_ajcc_pathologic_tumor_stage_Stage IV, 1_hsa.miR.1179, 1_hsa.miR.18a.5p, 1_hsa.miR.194.3p, 1_hsa.miR.27b.5p, 1_hsa.miR.296.5p, 1_hsa.miR.3065.5p, 1_hsa.miR.30b.5p, 1_hsa.miR.425.5p, 1_hsa.miR.92b.3p, 1_hsa.miR.516a.5p]
(0.8305437643302919, 0.30151134457776363) 10 features: [0_age_at_initial_pathologic_diagnosis, 0_ajcc_pathologic_tumor_stage_Stage IV, 1_hsa.let.7b.3p, 1_hsa.miR.1179, 1_hsa.miR.296.5p, 1_hsa.miR.3065.5p, 1_hsa.miR.30b.5p, 1_hsa.miR.676.3p, 1_hsa.miR.92b.3p, 1_hsa.miR.516a.5p]
(0.829205078007345, 0.31622776601683794) 9 features: [0_age_at_initial_pathologic_diagnosis, 0_ajcc_pathologic_tumor_stage_Stage IV, 1_hsa.miR.1179, 1_hsa.miR.296.5p, 1_hsa.miR.3065.5p, 1_hsa.miR.30b.5p, 1_hsa.miR.676.3p, 1_hsa.miR.92b.3p, 1_hsa.miR.516a.5p]
(0.8260186578533312, 0.3333333333333333) 8 features: [0_age_at_initial_pathologic_diagnosis, 0_ajcc_pathologic_tumor_stage_Stage IV, 1_hsa.miR.1179, 1_hsa.miR.296.5p, 1_hsa.miR.3065.5p, 1_hsa.miR.30b.5p, 1_hsa.miR.92b.3p, 1_hsa.miR.516a.5p]
(0.8132865178304102, 0.3535533905932738) 7 features: [0_age_at_initial_pathologic_diagnosis, 0_ajcc_pathologic_tumor_stage_Stage IV, 1_hsa.miR.1179, 1_hsa.miR.18a.5p, 1_hsa.miR.296.5p, 1_hsa.miR.3065.5p, 1_hsa.miR.505.5p]
(0.8093411966610868, 0.3779644730092272) 6 features: [0_age_at_initial_pathologic_diagnosis, 0_ajcc_pathologic_tumor_stage_Stage IV, 1_hsa.miR.1179, 1_hsa.miR.296.5p, 1_hsa.miR.3065.5p, 1_hsa.miR.92b.3p]
(0.7978233221212139, 0.408248290463863) 5 features: [0_age_at_initial_pathologic_diagnosis, 0_ajcc_pathologic_tumor_stage_Stage IV, 1_hsa.miR.1179, 1_hsa.miR.18a.5p, 1_hsa.miR.296.5p]
(0.7920978849391244, 0.4472135954999579) 4 features: [0_age_at_initial_pathologic_diagnosis, 0_ajcc_pathologic_tumor_stage_Stage IV, 1_hsa.miR.1248, 1_hsa.miR.296.5p]
(0.77849563776013, 0.5) [0_ajcc_pathologic_tumor_stage_Stage IV, 1_hsa.miR.21.5p, 1_hsa.miR.3065.5p]
(0.7609387799200493, 0.5773502691896257) [0_ajcc_pathologic_tumor_stage_Stage IV, 1_hsa.miR.139.3p]
(0.675481908534016, 0.7071067811865476) [1_hsa.miR.130b.3p]
(0.5, 1.0) []
Features in hall of fame by prevalence:
20 features: [0_ajcc_pathologic_tumor_stage_Stage IV, 0_age_at_initial_pathologic_diagnosis, 1_hsa.miR.296.5p, 1_hsa.miR.1179, 1_hsa.miR.3065.5p, 1_hsa.miR.92b.3p, 1_hsa.miR.30b.5p, 1_hsa.miR.516a.5p, 1_hsa.miR.18a.5p, 1_hsa.miR.676.3p, 0_ajcc_pathologic_tumor_stage_Stage I, 1_hsa.let.7b.3p, 1_hsa.miR.1248, 1_hsa.miR.130b.3p, 1_hsa.miR.139.3p, 1_hsa.miR.194.3p, 1_hsa.miR.21.5p, 1_hsa.miR.27b.5p, 1_hsa.miR.425.5p, 1_hsa.miR.505.5p]

LAST POPULATION
Number of solutions = 500
Features in hall of fame by prevalence:
88 features: [0_ajcc_pathologic_tumor_stage_Stage IV, 1_hsa.miR.296.5p, 1_hsa.miR.1179, 1_hsa.miR.3065.5p, 0_age_at_initial_pathologic_diagnosis, 1_hsa.miR.92b.3p, 1_hsa.miR.18a.5p, 0_ajcc_pathologic_tumor_stage_Stage I, 1_hsa.miR.30b.5p, 1_hsa.miR.516a.5p, 1_hsa.miR.1248, 1_hsa.miR.27b.5p, 1_hsa.miR.425.5p, 1_hsa.miR.676.3p, 1_hsa.miR.99b.3p, 1_hsa.miR.520a.3p, 1_hsa.miR.202.5p, 1_hsa.miR.27b.3p, 1_hsa.miR.505.5p, 1_hsa.miR.3614.5p, 1_hsa.miR.182.5p, 1_hsa.miR.194.3p, 1_hsa.miR.24.1.5p, 1_hsa.miR.139.5p, 1_hsa.miR.425.3p, 1_hsa.miR.29a.3p, 1_hsa.miR.301b, 1_hsa.miR.10a.5p, 1_hsa.miR.21.5p, 1_hsa.miR.454.3p, 1_hsa.miR.6718.5p, 1_hsa.miR.221.5p, 1_hsa.miR.2355.5p, 1_hsa.miR.138.5p, 1_hsa.miR.223.3p, 1_hsa.miR.139.3p, 1_hsa.miR.183.5p, 1_hsa.miR.22.5p, 1_hsa.miR.296.3p, 1_hsa.miR.365a.3p, 1_hsa.miR.659.5p, 1_hsa.miR.6720.3p, 1_hsa.miR.3922.3p, 1_hsa.miR.502.3p, 1_hsa.miR.7704, 1_hsa.miR.9.5p, 1_hsa.let.7b.3p, 1_hsa.miR.10b.3p, 1_hsa.miR.34c.5p, 1_hsa.miR.376b.3p, 1_hsa.miR.126.3p, 1_hsa.miR.130b.3p, 1_hsa.miR.143.3p, 1_hsa.miR.151b, 1_hsa.miR.193b.3p, 1_hsa.miR.29b.3p, 1_hsa.miR.363.3p, 1_hsa.miR.494.3p, 1_hsa.miR.106b.5p, 1_hsa.miR.146b.5p, 1_hsa.miR.154.3p, 1_hsa.miR.15b.5p, 1_hsa.miR.192.5p, 1_hsa.miR.30a.3p, 1_hsa.miR.31.5p, 1_hsa.miR.34c.3p, 1_hsa.miR.3613.3p, 1_hsa.miR.590.3p, 1_hsa.miR.616.3p, 1_hsa.miR.625.5p, 1_hsa.miR.671.5p, 1_hsa.miR.7.5p, 1_hsa.miR.10b.5p, 1_hsa.miR.1258, 1_hsa.miR.1293, 1_hsa.miR.130b.5p, 1_hsa.miR.146b.3p, 1_hsa.miR.181a.2.3p, 1_hsa.miR.191.5p, 1_hsa.miR.192.3p, 1_hsa.miR.222.3p, 1_hsa.miR.3615, 1_hsa.miR.3923, 1_hsa.miR.550a.3p, 1_hsa.miR.628.3p, 1_hsa.miR.6715b.3p, 1_hsa.miR.96.5p, 1_hsa.miR.99b.5p]

BEST SUMS WITH SIZE 50
Number of solutions = 50
Features in hall of fame by prevalence:
33 features: [0_ajcc_pathologic_tumor_stage_Stage IV, 0_ajcc_pathologic_tumor_stage_Stage I, 1_hsa.miR.18a.5p, 0_age_at_initial_pathologic_diagnosis, 1_hsa.miR.1248, 1_hsa.miR.130b.3p, 1_hsa.miR.139.3p, 1_hsa.miR.139.5p, 1_hsa.miR.193b.3p, 1_hsa.miR.194.3p, 1_hsa.miR.21.5p, 1_hsa.miR.22.5p, 1_hsa.miR.296.3p, 1_hsa.miR.296.5p, 1_hsa.miR.425.3p, 1_hsa.miR.590.3p, 1_hsa.miR.92b.3p, 1_hsa.miR.10b.3p, 1_hsa.miR.10b.5p, 1_hsa.miR.126.3p, 1_hsa.miR.130a.3p, 1_hsa.miR.130b.5p, 1_hsa.miR.146b.5p, 1_hsa.miR.149.5p, 1_hsa.miR.223.3p, 1_hsa.miR.23b.3p, 1_hsa.miR.24.1.5p, 1_hsa.miR.27b.5p, 1_hsa.miR.301b, 1_hsa.miR.34c.5p, 1_hsa.miR.3922.3p, 1_hsa.miR.671.5p, 1_hsa.miR.96.5p]

BEST SUMS WITH SIZE 100
Number of solutions = 100
Features in hall of fame by prevalence:
37 features: [0_ajcc_pathologic_tumor_stage_Stage IV, 0_ajcc_pathologic_tumor_stage_Stage I, 1_hsa.miR.18a.5p, 1_hsa.miR.1248, 1_hsa.miR.130b.3p, 1_hsa.miR.139.5p, 1_hsa.miR.21.5p, 1_hsa.miR.27b.5p, 1_hsa.miR.296.5p, 1_hsa.miR.425.3p, 0_age_at_initial_pathologic_diagnosis, 1_hsa.miR.10b.3p, 1_hsa.miR.126.3p, 1_hsa.miR.130a.3p, 1_hsa.miR.139.3p, 1_hsa.miR.146b.5p, 1_hsa.miR.149.5p, 1_hsa.miR.193b.3p, 1_hsa.miR.194.3p, 1_hsa.miR.223.3p, 1_hsa.miR.22.5p, 1_hsa.miR.296.3p, 1_hsa.miR.301b, 1_hsa.miR.34c.5p, 1_hsa.miR.3922.3p, 1_hsa.miR.590.3p, 1_hsa.miR.92b.3p, 1_hsa.miR.10b.5p, 1_hsa.miR.130b.5p, 1_hsa.miR.24.1.5p, 1_hsa.miR.30e.3p, 1_hsa.miR.671.5p, 1_hsa.miR.96.5p, 1_hsa.miR.23b.3p, 1_hsa.miR.27a.5p, 1_hsa.miR.3065.5p, 1_hsa.miR.505.5p]

STARTING SWEEP NUMBER 3
folds_creator_seed = 4292490582

ASSIGNING STRATA FOR MULTI-OUTCOME DATA KIRC_MV
Assigning strata for outcome named survival of type survival
Counts:
censored 0: 55
censored 1: 124
deceased 0: 35
deceased 1: 35
ga_runner_seed = 2316618639
VIEW: CLINIC
   	     	         	        	   survival SKSurv Cox model concordance index   	             root leanness              
   	     	         	        	-------------------------------------------------	----------------------------------------
gen	evals	gen_feats	explored	min	avg     	max     	std                  	min	avg     	max	std     
0  	0    	3        	3       	0.5	0.724903	0.770948	0.0653422            	0.5	0.606649	1  	0.118223
1  	339  	3        	3       	0.5	0.679051	0.770948	0.0887623            	0.5	0.669475	1  	0.156431
2  	346  	3        	3       	0.5	0.674138	0.770948	0.0834337            	0.5	0.669387	1  	0.145216
3  	344  	3        	3       	0.5	0.674138	0.770948	0.0834337            	0.5	0.669387	1  	0.145216
4  	350  	3        	3       	0.5	0.674138	0.770948	0.0834337            	0.5	0.669387	1  	0.145216
5  	346  	3        	3       	0.5	0.674138	0.770948	0.0834337            	0.5	0.669387	1  	0.145216
6  	333  	3        	3       	0.5	0.674138	0.770948	0.0834337            	0.5	0.669387	1  	0.145216
7  	331  	3        	3       	0.5	0.674138	0.770948	0.0834337            	0.5	0.669387	1  	0.145216
8  	353  	3        	3       	0.5	0.674138	0.770948	0.0834337            	0.5	0.669387	1  	0.145216
9  	341  	3        	3       	0.5	0.674138	0.770948	0.0834337            	0.5	0.669387	1  	0.145216
10 	336  	3        	3       	0.5	0.674138	0.770948	0.0834337            	0.5	0.669387	1  	0.145216
11 	356  	3        	3       	0.5	0.674138	0.770948	0.0834337            	0.5	0.669387	1  	0.145216
12 	342  	3        	3       	0.5	0.674138	0.770948	0.0834337            	0.5	0.669387	1  	0.145216
13 	334  	3        	3       	0.5	0.674138	0.770948	0.0834337            	0.5	0.669387	1  	0.145216
14 	331  	3        	3       	0.5	0.674138	0.770948	0.0834337            	0.5	0.669387	1  	0.145216
15 	344  	3        	3       	0.5	0.674138	0.770948	0.0834337            	0.5	0.669387	1  	0.145216
16 	354  	3        	3       	0.5	0.674138	0.770948	0.0834337            	0.5	0.669387	1  	0.145216
17 	344  	3        	3       	0.5	0.674138	0.770948	0.0834337            	0.5	0.669387	1  	0.145216
18 	339  	3        	3       	0.5	0.674138	0.770948	0.0834337            	0.5	0.669387	1  	0.145216
19 	342  	3        	3       	0.5	0.674138	0.770948	0.0834337            	0.5	0.669387	1  	0.145216
20 	341  	3        	3       	0.5	0.674138	0.770948	0.0834337            	0.5	0.669387	1  	0.145216
21 	311  	3        	3       	0.5	0.674138	0.770948	0.0834337            	0.5	0.669387	1  	0.145216
22 	339  	3        	3       	0.5	0.674138	0.770948	0.0834337            	0.5	0.669387	1  	0.145216
23 	339  	3        	3       	0.5	0.674138	0.770948	0.0834337            	0.5	0.669387	1  	0.145216
24 	327  	3        	3       	0.5	0.674138	0.770948	0.0834337            	0.5	0.669387	1  	0.145216
25 	337  	3        	3       	0.5	0.674138	0.770948	0.0834337            	0.5	0.669387	1  	0.145216
26 	341  	3        	3       	0.5	0.674138	0.770948	0.0834337            	0.5	0.669387	1  	0.145216
27 	342  	3        	3       	0.5	0.674138	0.770948	0.0834337            	0.5	0.669387	1  	0.145216
28 	354  	3        	3       	0.5	0.674138	0.770948	0.0834337            	0.5	0.669387	1  	0.145216
29 	329  	3        	3       	0.5	0.674138	0.770948	0.0834337            	0.5	0.669387	1  	0.145216
30 	337  	3        	3       	0.5	0.674138	0.770948	0.0834337            	0.5	0.669387	1  	0.145216
31 	352  	3        	3       	0.5	0.674138	0.770948	0.0834337            	0.5	0.669387	1  	0.145216
32 	356  	3        	3       	0.5	0.674138	0.770948	0.0834337            	0.5	0.669387	1  	0.145216
33 	349  	3        	3       	0.5	0.674138	0.770948	0.0834337            	0.5	0.669387	1  	0.145216
34 	334  	3        	3       	0.5	0.674138	0.770948	0.0834337            	0.5	0.669387	1  	0.145216
35 	335  	3        	3       	0.5	0.674138	0.770948	0.0834337            	0.5	0.669387	1  	0.145216
36 	341  	3        	3       	0.5	0.674138	0.770948	0.0834337            	0.5	0.669387	1  	0.145216
37 	346  	3        	3       	0.5	0.674138	0.770948	0.0834337            	0.5	0.669387	1  	0.145216
38 	349  	3        	3       	0.5	0.674138	0.770948	0.0834337            	0.5	0.669387	1  	0.145216
39 	333  	3        	3       	0.5	0.674138	0.770948	0.0834337            	0.5	0.669387	1  	0.145216
40 	334  	3        	3       	0.5	0.674138	0.770948	0.0834337            	0.5	0.669387	1  	0.145216
41 	345  	3        	3       	0.5	0.674138	0.770948	0.0834337            	0.5	0.669387	1  	0.145216
42 	340  	3        	3       	0.5	0.674138	0.770948	0.0834337            	0.5	0.669387	1  	0.145216
43 	324  	3        	3       	0.5	0.674138	0.770948	0.0834337            	0.5	0.669387	1  	0.145216
44 	348  	3        	3       	0.5	0.674138	0.770948	0.0834337            	0.5	0.669387	1  	0.145216
45 	363  	3        	3       	0.5	0.674138	0.770948	0.0834337            	0.5	0.669387	1  	0.145216
46 	333  	3        	3       	0.5	0.674138	0.770948	0.0834337            	0.5	0.669387	1  	0.145216
47 	338  	3        	3       	0.5	0.674138	0.770948	0.0834337            	0.5	0.669387	1  	0.145216
48 	334  	3        	3       	0.5	0.674138	0.770948	0.0834337            	0.5	0.669387	1  	0.145216
49 	332  	3        	3       	0.5	0.674138	0.770948	0.0834337            	0.5	0.669387	1  	0.145216

ASSIGNING STRATA FOR MULTI-OUTCOME DATA KIRC_MV
Assigning strata for outcome named survival of type survival
Counts:
censored 0: 55
censored 1: 124
deceased 0: 35
deceased 1: 35
VIEW: LOG_MIRNA
   	     	         	        	   survival SKSurv Cox model concordance index   	                 root leanness                  
   	     	         	        	-------------------------------------------------	------------------------------------------------
gen	evals	gen_feats	explored	min	avg     	max     	std                  	min     	avg     	max	std     
0  	0    	85       	85      	0.5	0.756441	0.840789	0.0687292            	0.223607	0.437012	1  	0.169001
1  	379  	157      	161     	0.5	0.748778	0.840789	0.0639312            	0.223607	0.396172	1  	0.135972
2  	375  	171      	177     	0.5	0.761722	0.840789	0.0531913            	0.223607	0.383025	1  	0.132658
3  	376  	162      	178     	0.5	0.764131	0.840789	0.0529657            	0.218218	0.383145	1  	0.132209
4  	382  	159      	179     	0.5	0.767155	0.840789	0.0518795            	0.218218	0.37921 	1  	0.131987
5  	387  	163      	179     	0.5	0.768812	0.840789	0.0517326            	0.218218	0.378054	1  	0.132078
6  	376  	164      	179     	0.5	0.770307	0.840789	0.0508654            	0.218218	0.376428	1  	0.131222
7  	376  	157      	179     	0.5	0.770967	0.840789	0.0507247            	0.218218	0.376583	1  	0.131074
8  	392  	165      	179     	0.5	0.771677	0.840789	0.0507861            	0.223607	0.376736	1  	0.130926
9  	375  	157      	179     	0.5	0.772007	0.840789	0.0509318            	0.223607	0.376666	1  	0.130989
10 	375  	158      	179     	0.5	0.772389	0.840789	0.0509802            	0.223607	0.376519	1  	0.131124
11 	383  	170      	179     	0.5	0.773002	0.840789	0.0511093            	0.223607	0.37552 	1  	0.131639
12 	382  	156      	179     	0.5	0.773397	0.840789	0.0511787            	0.223607	0.375192	1  	0.13175 
13 	371  	159      	179     	0.5	0.774124	0.840789	0.0511912            	0.223607	0.373771	1  	0.131845
14 	381  	162      	179     	0.5	0.774895	0.840789	0.0506969            	0.223607	0.372347	1  	0.131393
15 	365  	160      	179     	0.5	0.775258	0.840789	0.0507749            	0.223607	0.371765	1  	0.13173 
16 	368  	157      	179     	0.5	0.77576 	0.840789	0.0509659            	0.223607	0.370907	1  	0.132128
17 	396  	163      	179     	0.5	0.776686	0.840789	0.0505699            	0.223607	0.369134	1  	0.131495
18 	373  	156      	179     	0.5	0.777219	0.840789	0.0505862            	0.223607	0.368396	1  	0.131353
19 	392  	163      	179     	0.5	0.77738 	0.840789	0.05065              	0.213201	0.368296	1  	0.131456
20 	378  	162      	179     	0.5	0.777686	0.840789	0.0508103            	0.213201	0.368191	1  	0.131551
21 	363  	152      	179     	0.5	0.778019	0.840789	0.0509749            	0.213201	0.367791	1  	0.13186 
22 	379  	157      	179     	0.5	0.778163	0.840789	0.0510083            	0.213201	0.36811 	1  	0.131622
23 	377  	163      	179     	0.5	0.778651	0.840789	0.0511055            	0.213201	0.366958	1  	0.132042
24 	376  	167      	179     	0.5	0.779187	0.840789	0.0510712            	0.213201	0.366193	1  	0.131984
25 	374  	165      	179     	0.5	0.779918	0.840789	0.050678             	0.213201	0.364621	1  	0.131528
26 	373  	158      	179     	0.5	0.780348	0.840789	0.0507944            	0.213201	0.364108	1  	0.131509
27 	376  	158      	179     	0.5	0.780506	0.840789	0.0508328            	0.213201	0.364109	1  	0.131517
28 	360  	167      	179     	0.5	0.780687	0.840789	0.050906             	0.213201	0.364093	1  	0.131531
29 	378  	162      	179     	0.5	0.78084 	0.840789	0.0509925            	0.213201	0.363933	1  	0.131666
30 	370  	162      	179     	0.5	0.780997	0.840789	0.0510421            	0.213201	0.363941	1  	0.131673
31 	396  	164      	179     	0.5	0.781188	0.840789	0.0510895            	0.218218	0.364256	1  	0.13136 
32 	369  	160      	179     	0.5	0.781449	0.840789	0.0512083            	0.218218	0.364059	1  	0.131519
33 	380  	165      	179     	0.5	0.781557	0.840789	0.0512517            	0.218218	0.364112	1  	0.131491
34 	363  	154      	179     	0.5	0.781702	0.840789	0.0513067            	0.218218	0.363899	1  	0.131652
35 	381  	163      	179     	0.5	0.781796	0.840789	0.0513423            	0.218218	0.363976	1  	0.131616
36 	367  	157      	179     	0.5	0.782616	0.840789	0.051014             	0.218218	0.362176	1  	0.131266
37 	374  	159      	179     	0.5	0.78197 	0.840789	0.0515262            	0.218218	0.364003	1  	0.131599
38 	373  	152      	179     	0.5	0.782278	0.840789	0.0514829            	0.218218	0.36333 	1  	0.13169 
39 	390  	155      	179     	0.5	0.782883	0.840789	0.0515165            	0.218218	0.361771	1  	0.132047
40 	365  	151      	179     	0.5	0.783762	0.840789	0.0510658            	0.208514	0.35974 	1  	0.131607
41 	370  	157      	179     	0.5	0.783917	0.840789	0.0511366            	0.204124	0.359529	1  	0.131801
42 	373  	160      	179     	0.5	0.784205	0.840789	0.0512585            	0.204124	0.358833	1  	0.132233
43 	367  	157      	179     	0.5	0.785674	0.840789	0.0508106            	0.204124	0.35531 	1  	0.131611
44 	361  	158      	179     	0.5	0.785801	0.840789	0.0509048            	0.204124	0.355373	1  	0.131552
45 	375  	164      	179     	0.5	0.78602 	0.840789	0.0509783            	0.204124	0.355527	1  	0.131403
46 	379  	163      	179     	0.5	0.7859  	0.840789	0.0511672            	0.208514	0.356356	1  	0.13152 
47 	382  	162      	179     	0.5	0.78627 	0.840789	0.0510276            	0.208514	0.35565 	1  	0.13128 
48 	370  	160      	179     	0.5	0.786414	0.840789	0.0511204            	0.208514	0.355651	1  	0.131279
49 	368  	157      	179     	0.5	0.785944	0.840789	0.0513033            	0.208514	0.357223	1  	0.131407

STARTING MASTER RUNNER RESAMPLING
Generations completed = 7
Generations completed = 17
Generations completed = 28
Generations completed = 38
Generations completed = 48
MASTER
   	     	         	        	       survival SKSurv Cox model concordance index       	                      root leanness                      
   	     	         	        	---------------------------------------------------------	---------------------------------------------------------
gen	evals	gen_feats	explored	min     	avg     	max     	std             	min     	avg     	max     	std      
0  	500  	106      	106     	0.588915	0.776156	0.825176	0.0351942       	0.204124	0.320434	0.707107	0.0962024
1  	407  	97       	108     	0.624091	0.781814	0.832037	0.034162        	0.213201	0.349105	0.707107	0.103599 
2  	408  	92       	110     	0.610199	0.784595	0.832037	0.0356642       	0.218218	0.355083	0.707107	0.110608 
3  	405  	93       	112     	0.5     	0.787249	0.832037	0.0370146       	0.218218	0.358692	1       	0.115006 
4  	398  	100      	116     	0.5     	0.788914	0.832037	0.0375813       	0.218218	0.360386	1       	0.11699  
5  	395  	97       	117     	0.5     	0.789973	0.832037	0.0376262       	0.218218	0.363508	1       	0.116432 
6  	405  	93       	117     	0.5     	0.790269	0.832037	0.0388953       	0.208514	0.36559 	1       	0.117958 
7  	411  	101      	117     	0.5     	0.790398	0.832037	0.0395874       	0.208514	0.368261	1       	0.119073 
8  	398  	98       	117     	0.5     	0.791063	0.832037	0.0396019       	0.208514	0.367528	1       	0.119913 
9  	413  	96       	117     	0.5     	0.791306	0.832037	0.0401303       	0.208514	0.367938	1       	0.120835 
10 	395  	94       	118     	0.5     	0.791319	0.832037	0.0408361       	0.208514	0.367984	1       	0.122136 
11 	399  	94       	118     	0.5     	0.79095 	0.832037	0.0421319       	0.208514	0.369351	1       	0.123792 
12 	411  	106      	118     	0.5     	0.790921	0.832037	0.0427827       	0.208514	0.369705	1       	0.124293 
13 	405  	106      	118     	0.5     	0.79154 	0.832037	0.0425229       	0.208514	0.369266	1       	0.124234 
14 	399  	99       	118     	0.5     	0.791744	0.832037	0.0423366       	0.208514	0.369266	1       	0.124234 
15 	406  	94       	118     	0.5     	0.791469	0.832037	0.0430463       	0.208514	0.37012 	1       	0.125091 
16 	420  	107      	118     	0.5     	0.791208	0.832037	0.043439        	0.208514	0.370938	1       	0.125967 
17 	401  	98       	118     	0.5     	0.791303	0.832037	0.0434718       	0.208514	0.371018	1       	0.125904 
18 	388  	93       	118     	0.5     	0.791359	0.832037	0.0434949       	0.208514	0.370766	1       	0.126133 
19 	401  	103      	118     	0.5     	0.791251	0.832037	0.0438777       	0.208514	0.370929	1       	0.127247 
20 	396  	101      	118     	0.5     	0.791111	0.832037	0.0442237       	0.208514	0.371191	1       	0.128358 
21 	388  	97       	118     	0.5     	0.791273	0.832037	0.0441183       	0.208514	0.370752	1       	0.128123 
22 	390  	97       	118     	0.5     	0.791314	0.832037	0.044061        	0.208514	0.370752	1       	0.128123 
23 	427  	101      	118     	0.5     	0.791316	0.832037	0.044061        	0.208514	0.370752	1       	0.128123 
24 	407  	100      	118     	0.5     	0.791316	0.832037	0.0440611       	0.208514	0.370752	1       	0.128123 
25 	387  	102      	118     	0.5     	0.791204	0.832037	0.0442077       	0.208514	0.370906	1       	0.128326 
26 	393  	90       	118     	0.5     	0.791155	0.832037	0.0441729       	0.208514	0.371309	1       	0.128254 
27 	412  	99       	118     	0.5     	0.790875	0.832037	0.0446418       	0.208514	0.371967	1       	0.129128 
28 	410  	99       	118     	0.5     	0.790881	0.832037	0.0446401       	0.208514	0.371967	1       	0.129128 
29 	408  	102      	118     	0.5     	0.790881	0.832037	0.0446401       	0.208514	0.371967	1       	0.129128 
30 	413  	99       	118     	0.5     	0.790881	0.832037	0.0446401       	0.208514	0.371967	1       	0.129128 
31 	397  	106      	118     	0.5     	0.790881	0.832037	0.0446401       	0.208514	0.371967	1       	0.129128 
32 	403  	104      	118     	0.5     	0.790986	0.832037	0.0445375       	0.208514	0.371707	1       	0.128845 
33 	421  	105      	118     	0.5     	0.790735	0.832037	0.0446515       	0.208514	0.37276 	1       	0.128865 
34 	409  	101      	118     	0.5     	0.790756	0.832037	0.0446356       	0.208514	0.372803	1       	0.128819 
35 	406  	99       	118     	0.5     	0.790451	0.832037	0.0451139       	0.208514	0.37351 	1       	0.129679 
36 	412  	103      	118     	0.5     	0.790149	0.832037	0.0457266       	0.208514	0.37403 	1       	0.130492 
37 	393  	97       	118     	0.5     	0.790151	0.832037	0.0457185       	0.208514	0.374091	1       	0.1305   
38 	383  	100      	118     	0.5     	0.790133	0.832037	0.0457233       	0.208514	0.374169	1       	0.130532 
39 	395  	94       	118     	0.5     	0.790135	0.832037	0.0457227       	0.208514	0.374169	1       	0.130532 
40 	390  	98       	118     	0.5     	0.790135	0.832037	0.0457227       	0.208514	0.374169	1       	0.130532 
41 	406  	104      	118     	0.5     	0.790139	0.832037	0.0457174       	0.208514	0.374169	1       	0.130532 
42 	412  	100      	118     	0.5     	0.790139	0.832037	0.0457174       	0.208514	0.374169	1       	0.130532 
43 	410  	100      	118     	0.5     	0.790139	0.832037	0.0457174       	0.208514	0.374169	1       	0.130532 
44 	405  	97       	118     	0.5     	0.790139	0.832037	0.0457167       	0.208514	0.374169	1       	0.130532 
45 	421  	96       	118     	0.5     	0.790188	0.832037	0.0457123       	0.208514	0.373981	1       	0.130495 
46 	407  	102      	118     	0.5     	0.790192	0.832037	0.0456925       	0.208514	0.373985	1       	0.13042  
47 	409  	98       	118     	0.5     	0.790153	0.832037	0.0457108       	0.208514	0.374169	1       	0.130532 
48 	405  	104      	118     	0.5     	0.790155	0.832037	0.0457094       	0.208514	0.374169	1       	0.130532 
49 	402  	98       	118     	0.5     	0.790229	0.832037	0.0456908       	0.208514	0.373876	1       	0.130414 

CURRENT HALLS OF FAME

PARETO FRONT
Number of solutions = 12
(0.832036763623209, 0.2672612419124244) 13 features: [0_age_at_initial_pathologic_diagnosis, 0_ajcc_pathologic_tumor_stage_Stage I, 0_ajcc_pathologic_tumor_stage_Stage IV, 1_hsa.miR.1179, 1_hsa.miR.18a.5p, 1_hsa.miR.194.3p, 1_hsa.miR.27b.5p, 1_hsa.miR.296.5p, 1_hsa.miR.3065.5p, 1_hsa.miR.30b.5p, 1_hsa.miR.425.5p, 1_hsa.miR.92b.3p, 1_hsa.miR.516a.5p]
(0.8305437643302919, 0.30151134457776363) 10 features: [0_age_at_initial_pathologic_diagnosis, 0_ajcc_pathologic_tumor_stage_Stage IV, 1_hsa.let.7b.3p, 1_hsa.miR.1179, 1_hsa.miR.296.5p, 1_hsa.miR.3065.5p, 1_hsa.miR.30b.5p, 1_hsa.miR.676.3p, 1_hsa.miR.92b.3p, 1_hsa.miR.516a.5p]
(0.829205078007345, 0.31622776601683794) 9 features: [0_age_at_initial_pathologic_diagnosis, 0_ajcc_pathologic_tumor_stage_Stage IV, 1_hsa.miR.1179, 1_hsa.miR.296.5p, 1_hsa.miR.3065.5p, 1_hsa.miR.30b.5p, 1_hsa.miR.676.3p, 1_hsa.miR.92b.3p, 1_hsa.miR.516a.5p]
(0.8260186578533312, 0.3333333333333333) 8 features: [0_age_at_initial_pathologic_diagnosis, 0_ajcc_pathologic_tumor_stage_Stage IV, 1_hsa.miR.1179, 1_hsa.miR.296.5p, 1_hsa.miR.3065.5p, 1_hsa.miR.30b.5p, 1_hsa.miR.92b.3p, 1_hsa.miR.516a.5p]
(0.8132865178304102, 0.3535533905932738) 7 features: [0_age_at_initial_pathologic_diagnosis, 0_ajcc_pathologic_tumor_stage_Stage IV, 1_hsa.miR.1179, 1_hsa.miR.18a.5p, 1_hsa.miR.296.5p, 1_hsa.miR.3065.5p, 1_hsa.miR.505.5p]
(0.8093411966610868, 0.3779644730092272) 6 features: [0_age_at_initial_pathologic_diagnosis, 0_ajcc_pathologic_tumor_stage_Stage IV, 1_hsa.miR.1179, 1_hsa.miR.296.5p, 1_hsa.miR.3065.5p, 1_hsa.miR.92b.3p]
(0.8023681739277985, 0.408248290463863) 5 features: [0_age_at_initial_pathologic_diagnosis, 0_ajcc_pathologic_tumor_stage_Stage IV, 1_hsa.miR.21.5p, 1_hsa.miR.296.5p, 1_hsa.miR.3065.5p]
(0.7925053427727935, 0.4472135954999579) 4 features: [0_ajcc_pathologic_tumor_stage_Stage IV, 1_hsa.miR.21.5p, 1_hsa.miR.296.5p, 1_hsa.miR.3065.5p]
(0.77849563776013, 0.5) [0_ajcc_pathologic_tumor_stage_Stage IV, 1_hsa.miR.21.5p, 1_hsa.miR.3065.5p]
(0.7609387799200493, 0.5773502691896257) [0_ajcc_pathologic_tumor_stage_Stage IV, 1_hsa.miR.139.3p]
(0.675481908534016, 0.7071067811865476) [1_hsa.miR.130b.3p]
(0.5, 1.0) []
Features in hall of fame by prevalence:
19 features: [0_ajcc_pathologic_tumor_stage_Stage IV, 1_hsa.miR.3065.5p, 1_hsa.miR.296.5p, 0_age_at_initial_pathologic_diagnosis, 1_hsa.miR.1179, 1_hsa.miR.92b.3p, 1_hsa.miR.30b.5p, 1_hsa.miR.516a.5p, 1_hsa.miR.21.5p, 1_hsa.miR.18a.5p, 1_hsa.miR.676.3p, 0_ajcc_pathologic_tumor_stage_Stage I, 1_hsa.let.7b.3p, 1_hsa.miR.130b.3p, 1_hsa.miR.139.3p, 1_hsa.miR.194.3p, 1_hsa.miR.27b.5p, 1_hsa.miR.425.5p, 1_hsa.miR.505.5p]

LAST POPULATION
Number of solutions = 500
Features in hall of fame by prevalence:
93 features: [0_ajcc_pathologic_tumor_stage_Stage IV, 1_hsa.miR.3065.5p, 1_hsa.miR.296.5p, 1_hsa.miR.1179, 0_age_at_initial_pathologic_diagnosis, 1_hsa.miR.92b.3p, 1_hsa.miR.18a.5p, 0_ajcc_pathologic_tumor_stage_Stage I, 1_hsa.miR.516a.5p, 1_hsa.miR.30b.5p, 1_hsa.miR.1248, 1_hsa.miR.425.5p, 1_hsa.miR.27b.5p, 1_hsa.miR.676.3p, 1_hsa.miR.99b.3p, 1_hsa.miR.202.5p, 1_hsa.miR.505.5p, 1_hsa.miR.520a.3p, 1_hsa.miR.27b.3p, 1_hsa.miR.3614.5p, 1_hsa.miR.2355.5p, 1_hsa.miR.194.3p, 1_hsa.miR.24.1.5p, 1_hsa.miR.301b, 1_hsa.miR.182.5p, 1_hsa.miR.7704, 1_hsa.miR.139.5p, 1_hsa.miR.29a.3p, 1_hsa.miR.425.3p, 1_hsa.miR.21.5p, 1_hsa.miR.138.5p, 1_hsa.miR.223.3p, 1_hsa.miR.454.3p, 1_hsa.miR.3922.3p, 1_hsa.miR.10a.5p, 1_hsa.miR.6718.5p, 1_hsa.miR.139.3p, 1_hsa.miR.192.3p, 1_hsa.miR.221.5p, 1_hsa.miR.502.3p, 1_hsa.miR.183.5p, 1_hsa.miR.22.5p, 1_hsa.miR.296.3p, 1_hsa.miR.365a.3p, 1_hsa.miR.6720.3p, 1_hsa.miR.149.5p, 1_hsa.miR.34c.5p, 1_hsa.miR.659.5p, 1_hsa.let.7b.3p, 1_hsa.miR.10b.3p, 1_hsa.miR.130b.3p, 1_hsa.miR.181a.2.3p, 1_hsa.miR.9.5p, 1_hsa.miR.10b.5p, 1_hsa.miR.1258, 1_hsa.miR.126.3p, 1_hsa.miR.192.5p, 1_hsa.miR.193b.3p, 1_hsa.miR.29b.3p, 1_hsa.miR.494.3p, 1_hsa.miR.590.3p, 1_hsa.miR.106b.5p, 1_hsa.miR.143.3p, 1_hsa.miR.151b, 1_hsa.miR.15b.5p, 1_hsa.miR.30a.3p, 1_hsa.miR.31.5p, 1_hsa.miR.331.5p, 1_hsa.miR.34c.3p, 1_hsa.miR.3613.3p, 1_hsa.miR.363.3p, 1_hsa.miR.376b.3p, 1_hsa.miR.616.3p, 1_hsa.miR.671.5p, 1_hsa.miR.7.5p, 1_hsa.miR.1293, 1_hsa.miR.146b.3p, 1_hsa.miR.184, 1_hsa.miR.191.5p, 1_hsa.miR.204.3p, 1_hsa.miR.221.3p, 1_hsa.miR.222.3p, 1_hsa.miR.23b.3p, 1_hsa.miR.34b.3p, 1_hsa.miR.3615, 1_hsa.miR.3923, 1_hsa.miR.4677.3p, 1_hsa.miR.550a.3p, 1_hsa.miR.590.5p, 1_hsa.miR.625.5p, 1_hsa.miR.628.3p, 1_hsa.miR.6715b.3p, 1_hsa.miR.99b.5p]

BEST SUMS WITH SIZE 50
Number of solutions = 50
Features in hall of fame by prevalence:
34 features: [0_ajcc_pathologic_tumor_stage_Stage IV, 0_ajcc_pathologic_tumor_stage_Stage I, 1_hsa.miR.18a.5p, 0_age_at_initial_pathologic_diagnosis, 1_hsa.miR.1248, 1_hsa.miR.139.3p, 1_hsa.miR.139.5p, 1_hsa.miR.193b.3p, 1_hsa.miR.194.3p, 1_hsa.miR.21.5p, 1_hsa.miR.22.5p, 1_hsa.miR.296.3p, 1_hsa.miR.296.5p, 1_hsa.miR.425.3p, 1_hsa.miR.590.3p, 1_hsa.miR.92b.3p, 1_hsa.miR.10b.3p, 1_hsa.miR.10b.5p, 1_hsa.miR.126.3p, 1_hsa.miR.130a.3p, 1_hsa.miR.130b.3p, 1_hsa.miR.130b.5p, 1_hsa.miR.146b.5p, 1_hsa.miR.149.5p, 1_hsa.miR.221.3p, 1_hsa.miR.223.3p, 1_hsa.miR.23b.3p, 1_hsa.miR.24.1.5p, 1_hsa.miR.27b.5p, 1_hsa.miR.301b, 1_hsa.miR.34c.5p, 1_hsa.miR.3922.3p, 1_hsa.miR.671.5p, 1_hsa.miR.96.5p]

BEST SUMS WITH SIZE 100
Number of solutions = 100
Features in hall of fame by prevalence:
38 features: [0_ajcc_pathologic_tumor_stage_Stage IV, 0_ajcc_pathologic_tumor_stage_Stage I, 1_hsa.miR.18a.5p, 1_hsa.miR.1248, 1_hsa.miR.130b.3p, 1_hsa.miR.139.5p, 1_hsa.miR.21.5p, 1_hsa.miR.296.5p, 1_hsa.miR.425.3p, 0_age_at_initial_pathologic_diagnosis, 1_hsa.miR.10b.3p, 1_hsa.miR.126.3p, 1_hsa.miR.139.3p, 1_hsa.miR.149.5p, 1_hsa.miR.193b.3p, 1_hsa.miR.194.3p, 1_hsa.miR.221.3p, 1_hsa.miR.223.3p, 1_hsa.miR.22.5p, 1_hsa.miR.27b.5p, 1_hsa.miR.296.3p, 1_hsa.miR.301b, 1_hsa.miR.34c.5p, 1_hsa.miR.3922.3p, 1_hsa.miR.590.3p, 1_hsa.miR.92b.3p, 1_hsa.miR.10b.5p, 1_hsa.miR.130a.3p, 1_hsa.miR.130b.5p, 1_hsa.miR.146b.5p, 1_hsa.miR.24.1.5p, 1_hsa.miR.30e.3p, 1_hsa.miR.671.5p, 1_hsa.miR.96.5p, 1_hsa.miR.23b.3p, 1_hsa.miR.27a.5p, 1_hsa.miR.3065.5p, 1_hsa.miR.505.5p]
Optimization on fold finished in 00-09:01:20

FEATURE SETS SELECTED

PARETO FRONT
Number of solutions = 12
(0.832036763623209, 0.2672612419124244) 13 features: [0_age_at_initial_pathologic_diagnosis, 0_ajcc_pathologic_tumor_stage_Stage I, 0_ajcc_pathologic_tumor_stage_Stage IV, 1_hsa.miR.1179, 1_hsa.miR.18a.5p, 1_hsa.miR.194.3p, 1_hsa.miR.27b.5p, 1_hsa.miR.296.5p, 1_hsa.miR.3065.5p, 1_hsa.miR.30b.5p, 1_hsa.miR.425.5p, 1_hsa.miR.92b.3p, 1_hsa.miR.516a.5p]
(0.8305437643302919, 0.30151134457776363) 10 features: [0_age_at_initial_pathologic_diagnosis, 0_ajcc_pathologic_tumor_stage_Stage IV, 1_hsa.let.7b.3p, 1_hsa.miR.1179, 1_hsa.miR.296.5p, 1_hsa.miR.3065.5p, 1_hsa.miR.30b.5p, 1_hsa.miR.676.3p, 1_hsa.miR.92b.3p, 1_hsa.miR.516a.5p]
(0.829205078007345, 0.31622776601683794) 9 features: [0_age_at_initial_pathologic_diagnosis, 0_ajcc_pathologic_tumor_stage_Stage IV, 1_hsa.miR.1179, 1_hsa.miR.296.5p, 1_hsa.miR.3065.5p, 1_hsa.miR.30b.5p, 1_hsa.miR.676.3p, 1_hsa.miR.92b.3p, 1_hsa.miR.516a.5p]
(0.8260186578533312, 0.3333333333333333) 8 features: [0_age_at_initial_pathologic_diagnosis, 0_ajcc_pathologic_tumor_stage_Stage IV, 1_hsa.miR.1179, 1_hsa.miR.296.5p, 1_hsa.miR.3065.5p, 1_hsa.miR.30b.5p, 1_hsa.miR.92b.3p, 1_hsa.miR.516a.5p]
(0.8132865178304102, 0.3535533905932738) 7 features: [0_age_at_initial_pathologic_diagnosis, 0_ajcc_pathologic_tumor_stage_Stage IV, 1_hsa.miR.1179, 1_hsa.miR.18a.5p, 1_hsa.miR.296.5p, 1_hsa.miR.3065.5p, 1_hsa.miR.505.5p]
(0.8093411966610868, 0.3779644730092272) 6 features: [0_age_at_initial_pathologic_diagnosis, 0_ajcc_pathologic_tumor_stage_Stage IV, 1_hsa.miR.1179, 1_hsa.miR.296.5p, 1_hsa.miR.3065.5p, 1_hsa.miR.92b.3p]
(0.8023681739277985, 0.408248290463863) 5 features: [0_age_at_initial_pathologic_diagnosis, 0_ajcc_pathologic_tumor_stage_Stage IV, 1_hsa.miR.21.5p, 1_hsa.miR.296.5p, 1_hsa.miR.3065.5p]
(0.7925053427727935, 0.4472135954999579) 4 features: [0_ajcc_pathologic_tumor_stage_Stage IV, 1_hsa.miR.21.5p, 1_hsa.miR.296.5p, 1_hsa.miR.3065.5p]
(0.77849563776013, 0.5) [0_ajcc_pathologic_tumor_stage_Stage IV, 1_hsa.miR.21.5p, 1_hsa.miR.3065.5p]
(0.7609387799200493, 0.5773502691896257) [0_ajcc_pathologic_tumor_stage_Stage IV, 1_hsa.miR.139.3p]
(0.675481908534016, 0.7071067811865476) [1_hsa.miR.130b.3p]
(0.5, 1.0) []
Features in hall of fame by prevalence:
19 features: [0_ajcc_pathologic_tumor_stage_Stage IV, 1_hsa.miR.3065.5p, 1_hsa.miR.296.5p, 0_age_at_initial_pathologic_diagnosis, 1_hsa.miR.1179, 1_hsa.miR.92b.3p, 1_hsa.miR.30b.5p, 1_hsa.miR.516a.5p, 1_hsa.miR.21.5p, 1_hsa.miR.18a.5p, 1_hsa.miR.676.3p, 0_ajcc_pathologic_tumor_stage_Stage I, 1_hsa.let.7b.3p, 1_hsa.miR.130b.3p, 1_hsa.miR.139.3p, 1_hsa.miR.194.3p, 1_hsa.miR.27b.5p, 1_hsa.miR.425.5p, 1_hsa.miR.505.5p]

LAST POPULATION
Number of solutions = 500
Features in hall of fame by prevalence:
93 features: [0_ajcc_pathologic_tumor_stage_Stage IV, 1_hsa.miR.3065.5p, 1_hsa.miR.296.5p, 1_hsa.miR.1179, 0_age_at_initial_pathologic_diagnosis, 1_hsa.miR.92b.3p, 1_hsa.miR.18a.5p, 0_ajcc_pathologic_tumor_stage_Stage I, 1_hsa.miR.516a.5p, 1_hsa.miR.30b.5p, 1_hsa.miR.1248, 1_hsa.miR.425.5p, 1_hsa.miR.27b.5p, 1_hsa.miR.676.3p, 1_hsa.miR.99b.3p, 1_hsa.miR.202.5p, 1_hsa.miR.505.5p, 1_hsa.miR.520a.3p, 1_hsa.miR.27b.3p, 1_hsa.miR.3614.5p, 1_hsa.miR.2355.5p, 1_hsa.miR.194.3p, 1_hsa.miR.24.1.5p, 1_hsa.miR.301b, 1_hsa.miR.182.5p, 1_hsa.miR.7704, 1_hsa.miR.139.5p, 1_hsa.miR.29a.3p, 1_hsa.miR.425.3p, 1_hsa.miR.21.5p, 1_hsa.miR.138.5p, 1_hsa.miR.223.3p, 1_hsa.miR.454.3p, 1_hsa.miR.3922.3p, 1_hsa.miR.10a.5p, 1_hsa.miR.6718.5p, 1_hsa.miR.139.3p, 1_hsa.miR.192.3p, 1_hsa.miR.221.5p, 1_hsa.miR.502.3p, 1_hsa.miR.183.5p, 1_hsa.miR.22.5p, 1_hsa.miR.296.3p, 1_hsa.miR.365a.3p, 1_hsa.miR.6720.3p, 1_hsa.miR.149.5p, 1_hsa.miR.34c.5p, 1_hsa.miR.659.5p, 1_hsa.let.7b.3p, 1_hsa.miR.10b.3p, 1_hsa.miR.130b.3p, 1_hsa.miR.181a.2.3p, 1_hsa.miR.9.5p, 1_hsa.miR.10b.5p, 1_hsa.miR.1258, 1_hsa.miR.126.3p, 1_hsa.miR.192.5p, 1_hsa.miR.193b.3p, 1_hsa.miR.29b.3p, 1_hsa.miR.494.3p, 1_hsa.miR.590.3p, 1_hsa.miR.106b.5p, 1_hsa.miR.143.3p, 1_hsa.miR.151b, 1_hsa.miR.15b.5p, 1_hsa.miR.30a.3p, 1_hsa.miR.31.5p, 1_hsa.miR.331.5p, 1_hsa.miR.34c.3p, 1_hsa.miR.3613.3p, 1_hsa.miR.363.3p, 1_hsa.miR.376b.3p, 1_hsa.miR.616.3p, 1_hsa.miR.671.5p, 1_hsa.miR.7.5p, 1_hsa.miR.1293, 1_hsa.miR.146b.3p, 1_hsa.miR.184, 1_hsa.miR.191.5p, 1_hsa.miR.204.3p, 1_hsa.miR.221.3p, 1_hsa.miR.222.3p, 1_hsa.miR.23b.3p, 1_hsa.miR.34b.3p, 1_hsa.miR.3615, 1_hsa.miR.3923, 1_hsa.miR.4677.3p, 1_hsa.miR.550a.3p, 1_hsa.miR.590.5p, 1_hsa.miR.625.5p, 1_hsa.miR.628.3p, 1_hsa.miR.6715b.3p, 1_hsa.miR.99b.5p]

BEST SUMS WITH SIZE 50
Number of solutions = 50
Features in hall of fame by prevalence:
34 features: [0_ajcc_pathologic_tumor_stage_Stage IV, 0_ajcc_pathologic_tumor_stage_Stage I, 1_hsa.miR.18a.5p, 0_age_at_initial_pathologic_diagnosis, 1_hsa.miR.1248, 1_hsa.miR.139.3p, 1_hsa.miR.139.5p, 1_hsa.miR.193b.3p, 1_hsa.miR.194.3p, 1_hsa.miR.21.5p, 1_hsa.miR.22.5p, 1_hsa.miR.296.3p, 1_hsa.miR.296.5p, 1_hsa.miR.425.3p, 1_hsa.miR.590.3p, 1_hsa.miR.92b.3p, 1_hsa.miR.10b.3p, 1_hsa.miR.10b.5p, 1_hsa.miR.126.3p, 1_hsa.miR.130a.3p, 1_hsa.miR.130b.3p, 1_hsa.miR.130b.5p, 1_hsa.miR.146b.5p, 1_hsa.miR.149.5p, 1_hsa.miR.221.3p, 1_hsa.miR.223.3p, 1_hsa.miR.23b.3p, 1_hsa.miR.24.1.5p, 1_hsa.miR.27b.5p, 1_hsa.miR.301b, 1_hsa.miR.34c.5p, 1_hsa.miR.3922.3p, 1_hsa.miR.671.5p, 1_hsa.miR.96.5p]

BEST SUMS WITH SIZE 100
Number of solutions = 100
Features in hall of fame by prevalence:
38 features: [0_ajcc_pathologic_tumor_stage_Stage IV, 0_ajcc_pathologic_tumor_stage_Stage I, 1_hsa.miR.18a.5p, 1_hsa.miR.1248, 1_hsa.miR.130b.3p, 1_hsa.miR.139.5p, 1_hsa.miR.21.5p, 1_hsa.miR.296.5p, 1_hsa.miR.425.3p, 0_age_at_initial_pathologic_diagnosis, 1_hsa.miR.10b.3p, 1_hsa.miR.126.3p, 1_hsa.miR.139.3p, 1_hsa.miR.149.5p, 1_hsa.miR.193b.3p, 1_hsa.miR.194.3p, 1_hsa.miR.221.3p, 1_hsa.miR.223.3p, 1_hsa.miR.22.5p, 1_hsa.miR.27b.5p, 1_hsa.miR.296.3p, 1_hsa.miR.301b, 1_hsa.miR.34c.5p, 1_hsa.miR.3922.3p, 1_hsa.miR.590.3p, 1_hsa.miR.92b.3p, 1_hsa.miR.10b.5p, 1_hsa.miR.130a.3p, 1_hsa.miR.130b.5p, 1_hsa.miR.146b.5p, 1_hsa.miR.24.1.5p, 1_hsa.miR.30e.3p, 1_hsa.miR.671.5p, 1_hsa.miR.96.5p, 1_hsa.miR.23b.3p, 1_hsa.miR.27a.5p, 1_hsa.miR.3065.5p, 1_hsa.miR.505.5p]
