
OPTIMIZING ON FOLD NUMBER 3
Number of workers = 80

COMPUTING LOCAL ACTIVE FEATURES
Computing active features for view clinic
Existing features: 12
Applying union strategy for feature selection using composite feature selector with
categorical: feature selector any na and anova
survival: feature selector Cox

Computing active features for outcome survival
Features selected for this outcome: 3
Features active in total: 3
Computing active features for view log_mirna
Existing features: 732
Applying union strategy for feature selection using composite feature selector with
categorical: feature selector any na and anova
survival: feature selector Cox

Computing active features for outcome survival
Features selected for this outcome: 191
Features active in total: 191
Computing feature importance
Running optimizer

STARTING 2-STEPS GENETIC ALGORITHM

CREATING INNER FOLDS

ASSIGNING STRATA FOR MULTI-OUTCOME DATA KIRC_MV
Assigning strata for outcome named survival of type survival
Counts:
censored 0: 57
censored 1: 122
deceased 0: 36
deceased 1: 35

STARTING SWEEP NUMBER 1
folds_creator_seed = 4107908117

ASSIGNING STRATA FOR MULTI-OUTCOME DATA KIRC_MV
Assigning strata for outcome named survival of type survival
Counts:
censored 0: 57
censored 1: 122
deceased 0: 36
deceased 1: 35
ga_runner_seed = 3091794638
VIEW: CLINIC
   	     	         	        	   survival SKSurv Cox model concordance index   	             root leanness              
   	     	         	        	-------------------------------------------------	----------------------------------------
gen	evals	gen_feats	explored	min	avg     	max     	std                  	min	avg     	max	std     
0  	500  	3        	3       	0.5	0.656744	0.751595	0.0990167            	0.5	0.688263	1  	0.19051 
1  	312  	3        	3       	0.5	0.666741	0.751595	0.0782937            	0.5	0.669387	1  	0.145216
2  	337  	3        	3       	0.5	0.666741	0.751595	0.0782937            	0.5	0.669387	1  	0.145216
3  	324  	3        	3       	0.5	0.666741	0.751595	0.0782937            	0.5	0.669387	1  	0.145216
4  	357  	3        	3       	0.5	0.666741	0.751595	0.0782937            	0.5	0.669387	1  	0.145216
5  	349  	3        	3       	0.5	0.666741	0.751595	0.0782937            	0.5	0.669387	1  	0.145216
6  	331  	3        	3       	0.5	0.666741	0.751595	0.0782937            	0.5	0.669387	1  	0.145216
7  	340  	3        	3       	0.5	0.666741	0.751595	0.0782937            	0.5	0.669387	1  	0.145216
8  	337  	3        	3       	0.5	0.666741	0.751595	0.0782937            	0.5	0.669387	1  	0.145216
9  	319  	3        	3       	0.5	0.666741	0.751595	0.0782937            	0.5	0.669387	1  	0.145216
10 	329  	3        	3       	0.5	0.666741	0.751595	0.0782937            	0.5	0.669387	1  	0.145216
11 	340  	3        	3       	0.5	0.666741	0.751595	0.0782937            	0.5	0.669387	1  	0.145216
12 	352  	3        	3       	0.5	0.666741	0.751595	0.0782937            	0.5	0.669387	1  	0.145216
13 	358  	3        	3       	0.5	0.666741	0.751595	0.0782937            	0.5	0.669387	1  	0.145216
14 	346  	3        	3       	0.5	0.666741	0.751595	0.0782937            	0.5	0.669387	1  	0.145216
15 	346  	3        	3       	0.5	0.666741	0.751595	0.0782937            	0.5	0.669387	1  	0.145216
16 	328  	3        	3       	0.5	0.666741	0.751595	0.0782937            	0.5	0.669387	1  	0.145216
17 	321  	3        	3       	0.5	0.666741	0.751595	0.0782937            	0.5	0.669387	1  	0.145216
18 	349  	3        	3       	0.5	0.666741	0.751595	0.0782937            	0.5	0.669387	1  	0.145216
19 	331  	3        	3       	0.5	0.666741	0.751595	0.0782937            	0.5	0.669387	1  	0.145216
20 	335  	3        	3       	0.5	0.666741	0.751595	0.0782937            	0.5	0.669387	1  	0.145216
21 	346  	3        	3       	0.5	0.666741	0.751595	0.0782937            	0.5	0.669387	1  	0.145216
22 	332  	3        	3       	0.5	0.666741	0.751595	0.0782937            	0.5	0.669387	1  	0.145216
23 	337  	3        	3       	0.5	0.666741	0.751595	0.0782937            	0.5	0.669387	1  	0.145216
24 	344  	3        	3       	0.5	0.666741	0.751595	0.0782937            	0.5	0.669387	1  	0.145216
25 	341  	3        	3       	0.5	0.666741	0.751595	0.0782937            	0.5	0.669387	1  	0.145216
26 	342  	3        	3       	0.5	0.666741	0.751595	0.0782937            	0.5	0.669387	1  	0.145216
27 	328  	3        	3       	0.5	0.666741	0.751595	0.0782937            	0.5	0.669387	1  	0.145216
28 	319  	3        	3       	0.5	0.666741	0.751595	0.0782937            	0.5	0.669387	1  	0.145216
29 	346  	3        	3       	0.5	0.666741	0.751595	0.0782937            	0.5	0.669387	1  	0.145216
30 	352  	3        	3       	0.5	0.666741	0.751595	0.0782937            	0.5	0.669387	1  	0.145216
31 	341  	3        	3       	0.5	0.666741	0.751595	0.0782937            	0.5	0.669387	1  	0.145216
32 	337  	3        	3       	0.5	0.666741	0.751595	0.0782937            	0.5	0.669387	1  	0.145216
33 	344  	3        	3       	0.5	0.666741	0.751595	0.0782937            	0.5	0.669387	1  	0.145216
34 	349  	3        	3       	0.5	0.666741	0.751595	0.0782937            	0.5	0.669387	1  	0.145216
35 	325  	3        	3       	0.5	0.666741	0.751595	0.0782937            	0.5	0.669387	1  	0.145216
36 	330  	3        	3       	0.5	0.666741	0.751595	0.0782937            	0.5	0.669387	1  	0.145216
37 	340  	3        	3       	0.5	0.666741	0.751595	0.0782937            	0.5	0.669387	1  	0.145216
38 	347  	3        	3       	0.5	0.666741	0.751595	0.0782937            	0.5	0.669387	1  	0.145216
39 	349  	3        	3       	0.5	0.666741	0.751595	0.0782937            	0.5	0.669387	1  	0.145216
40 	336  	3        	3       	0.5	0.666741	0.751595	0.0782937            	0.5	0.669387	1  	0.145216
41 	349  	3        	3       	0.5	0.666741	0.751595	0.0782937            	0.5	0.669387	1  	0.145216
42 	360  	3        	3       	0.5	0.666741	0.751595	0.0782937            	0.5	0.669387	1  	0.145216
43 	360  	3        	3       	0.5	0.666741	0.751595	0.0782937            	0.5	0.669387	1  	0.145216
44 	346  	3        	3       	0.5	0.666741	0.751595	0.0782937            	0.5	0.669387	1  	0.145216
45 	339  	3        	3       	0.5	0.666741	0.751595	0.0782937            	0.5	0.669387	1  	0.145216
46 	342  	3        	3       	0.5	0.666741	0.751595	0.0782937            	0.5	0.669387	1  	0.145216
47 	348  	3        	3       	0.5	0.666741	0.751595	0.0782937            	0.5	0.669387	1  	0.145216
48 	355  	3        	3       	0.5	0.666741	0.751595	0.0782937            	0.5	0.669387	1  	0.145216
49 	340  	3        	3       	0.5	0.666741	0.751595	0.0782937            	0.5	0.669387	1  	0.145216

ASSIGNING STRATA FOR MULTI-OUTCOME DATA KIRC_MV
Assigning strata for outcome named survival of type survival
Counts:
censored 0: 57
censored 1: 122
deceased 0: 36
deceased 1: 35
VIEW: LOG_MIRNA
   	     	         	        	       survival SKSurv Cox model concordance index       	                 root leanness                  
   	     	         	        	---------------------------------------------------------	------------------------------------------------
gen	evals	gen_feats	explored	min     	avg     	max     	std             	min     	avg     	max	std     
0  	500  	12       	12      	0.5     	0.672927	0.758896	0.0360221       	0.27735 	0.3172  	1  	0.11474 
1  	340  	158      	158     	0.440854	0.647985	0.758896	0.0790663       	0.242536	0.346652	1  	0.135112
2  	377  	174      	182     	0.482077	0.664328	0.762431	0.0731557       	0.25    	0.357439	1  	0.104192
3  	357  	175      	187     	0.494496	0.705622	0.762431	0.0544989       	0.25    	0.389677	1  	0.105555
4  	389  	177      	190     	0.5     	0.720307	0.774018	0.0444552       	0.258199	0.405673	1  	0.109937
5  	381  	181      	191     	0.5     	0.724273	0.774018	0.0437403       	0.258199	0.410571	1  	0.114336
6  	382  	177      	191     	0.5     	0.724911	0.774018	0.0463079       	0.25    	0.415063	1  	0.118612
7  	379  	176      	191     	0.5     	0.726123	0.775716	0.0476294       	0.242536	0.418529	1  	0.120907
8  	361  	171      	191     	0.5     	0.725998	0.775716	0.0517306       	0.242536	0.420762	1  	0.1256  
9  	370  	169      	191     	0.5     	0.725162	0.775716	0.0550769       	0.242536	0.422597	1  	0.129138
10 	393  	170      	191     	0.5     	0.726336	0.777625	0.0544923       	0.25    	0.424929	1  	0.129356
11 	379  	167      	191     	0.5     	0.728832	0.777625	0.0514968       	0.25    	0.42254 	1  	0.129206
12 	383  	173      	191     	0.5     	0.73026 	0.777625	0.0510195       	0.25    	0.422942	1  	0.128751
13 	392  	172      	191     	0.5     	0.729917	0.781008	0.0515943       	0.258199	0.428675	1  	0.128176
14 	368  	166      	191     	0.5     	0.731539	0.781008	0.0505065       	0.258199	0.427519	1  	0.128281
15 	360  	170      	191     	0.5     	0.732258	0.781008	0.0504067       	0.25    	0.4273  	1  	0.128512
16 	382  	161      	191     	0.5     	0.734769	0.781008	0.0488601       	0.25    	0.42258 	1  	0.128761
17 	368  	175      	191     	0.5     	0.736015	0.781008	0.0483947       	0.25    	0.419947	1  	0.129081
18 	373  	175      	191     	0.5     	0.737289	0.789889	0.0480484       	0.25    	0.420499	1  	0.128598
19 	372  	166      	191     	0.5     	0.737526	0.789889	0.0484908       	0.258199	0.422243	1  	0.128707
20 	373  	175      	191     	0.5     	0.738231	0.789889	0.0484608       	0.258199	0.422044	1  	0.128907
21 	376  	165      	191     	0.5     	0.738934	0.789889	0.0485941       	0.258199	0.422098	1  	0.128957
22 	364  	166      	191     	0.5     	0.740209	0.789889	0.0481462       	0.258199	0.419928	1  	0.128973
23 	367  	168      	191     	0.5     	0.7416  	0.789889	0.0472885       	0.258199	0.417121	1  	0.129245
24 	388  	171      	191     	0.5     	0.742283	0.789889	0.0475461       	0.258199	0.416785	1  	0.129516
25 	381  	171      	191     	0.5     	0.742872	0.789889	0.0476266       	0.258199	0.417089	1  	0.129228
26 	364  	165      	191     	0.5     	0.74295 	0.789889	0.0483947       	0.258199	0.418781	1  	0.129262
27 	373  	171      	191     	0.5     	0.742916	0.789889	0.0484956       	0.258199	0.420587	1  	0.12848 
28 	375  	161      	191     	0.5     	0.744299	0.791034	0.0479698       	0.258199	0.418016	1  	0.128639
29 	361  	171      	191     	0.5     	0.744934	0.797821	0.048266        	0.242536	0.416249	1  	0.129735
30 	385  	171      	191     	0.5     	0.746094	0.797821	0.047513        	0.242536	0.414449	1  	0.129162
31 	369  	170      	191     	0.5     	0.747443	0.797821	0.0473862       	0.242536	0.411356	1  	0.129431
32 	376  	174      	191     	0.5     	0.747897	0.797821	0.0475906       	0.242536	0.410543	1  	0.13007 
33 	377  	175      	191     	0.5     	0.749967	0.797821	0.0468794       	0.242536	0.404852	1  	0.130016
34 	383  	171      	191     	0.5     	0.750512	0.797821	0.0470965       	0.242536	0.404227	1  	0.130443
35 	389  	171      	191     	0.5     	0.751891	0.8071  	0.0468618       	0.242536	0.401554	1  	0.130249
36 	392  	173      	191     	0.5     	0.753169	0.8071  	0.0466436       	0.229416	0.398208	1  	0.130466
37 	396  	173      	191     	0.5     	0.754509	0.8071  	0.0464361       	0.229416	0.393866	1  	0.131329
38 	387  	177      	191     	0.5     	0.754999	0.8071  	0.0467561       	0.229416	0.394349	1  	0.131063
39 	356  	164      	191     	0.5     	0.755337	0.8071  	0.0469603       	0.223607	0.39422 	1  	0.131127
40 	350  	174      	191     	0.5     	0.756588	0.8071  	0.0466705       	0.223607	0.391262	1  	0.130791
41 	375  	175      	191     	0.5     	0.75609 	0.8071  	0.0475234       	0.223607	0.39464 	1  	0.130739
42 	361  	176      	191     	0.5     	0.75661 	0.8071  	0.0477939       	0.223607	0.394337	1  	0.130945
43 	372  	174      	191     	0.5     	0.758082	0.8071  	0.0475339       	0.223607	0.391026	1  	0.130875
44 	367  	168      	191     	0.5     	0.758629	0.8071  	0.0478417       	0.223607	0.39053 	1  	0.131167
45 	367  	170      	191     	0.5     	0.759998	0.808216	0.0473531       	0.223607	0.387645	1  	0.130957
46 	382  	169      	191     	0.5     	0.760258	0.808216	0.0477261       	0.223607	0.388418	1  	0.131099
47 	379  	168      	191     	0.5     	0.761018	0.81237 	0.04773         	0.223607	0.387295	1  	0.131153
48 	383  	175      	191     	0.5     	0.760775	0.81237 	0.0485539       	0.223607	0.38905 	1  	0.131911
49 	381  	173      	191     	0.5     	0.761715	0.81237 	0.0481727       	0.218218	0.3877  	1  	0.130962

STARTING MASTER RUNNER RESAMPLING
Generations completed = 6
Generations completed = 15
Generations completed = 24
Generations completed = 33
Generations completed = 42
MASTER
   	     	         	        	       survival SKSurv Cox model concordance index       	                      root leanness                      
   	     	         	        	---------------------------------------------------------	---------------------------------------------------------
gen	evals	gen_feats	explored	min     	avg     	max     	std             	min     	avg     	max     	std      
0  	500  	114      	114     	0.563006	0.738992	0.820986	0.0533204       	0.218218	0.341892	0.707107	0.0961847
1  	398  	120      	126     	0.614863	0.768001	0.828079	0.0341657       	0.213201	0.355352	0.707107	0.103343 
2  	401  	119      	130     	0.60175 	0.773005	0.828079	0.0355668       	0.213201	0.364423	0.707107	0.109908 
3  	387  	116      	132     	0.60175 	0.776933	0.828079	0.0358666       	0.213201	0.366465	0.707107	0.113854 
4  	396  	119      	133     	0.595951	0.779155	0.828079	0.0361428       	0.213201	0.368   	0.707107	0.112944 
5  	404  	118      	134     	0.595951	0.779398	0.828079	0.0384269       	0.213201	0.371489	0.707107	0.116479 
6  	411  	116      	134     	0.595951	0.780076	0.828079	0.0397785       	0.213201	0.371939	0.707107	0.119446 
7  	411  	122      	135     	0.595951	0.780351	0.828079	0.0406901       	0.213201	0.373679	0.707107	0.121306 
8  	394  	111      	135     	0.595951	0.781193	0.828079	0.0407462       	0.213201	0.372654	0.707107	0.121438 
9  	410  	115      	135     	0.595951	0.781387	0.828079	0.0410062       	0.213201	0.372769	0.707107	0.121982 
10 	419  	117      	135     	0.595951	0.781101	0.828079	0.0417659       	0.213201	0.375178	0.707107	0.123009 
11 	400  	119      	135     	0.5     	0.779672	0.828079	0.0457846       	0.213201	0.378471	1       	0.12953  
12 	401  	115      	135     	0.5     	0.78014 	0.828079	0.0458022       	0.213201	0.378889	1       	0.128892 
13 	417  	114      	135     	0.5     	0.780161	0.828079	0.0461857       	0.213201	0.37933 	1       	0.129576 
14 	399  	113      	135     	0.5     	0.780389	0.828079	0.046221        	0.213201	0.379775	1       	0.129275 
15 	418  	114      	135     	0.5     	0.780233	0.828079	0.0465644       	0.213201	0.380623	1       	0.130017 
16 	415  	112      	135     	0.5     	0.780135	0.828079	0.047067        	0.213201	0.380807	1       	0.131096 
17 	418  	121      	135     	0.5     	0.779964	0.828079	0.0478419       	0.213201	0.381626	1       	0.132338 
18 	403  	110      	135     	0.5     	0.779857	0.828079	0.0479686       	0.213201	0.382029	1       	0.132704 
19 	406  	113      	135     	0.5     	0.778794	0.828079	0.0497596       	0.213201	0.384569	1       	0.135145 
20 	421  	110      	135     	0.5     	0.778806	0.828079	0.0497655       	0.213201	0.384632	1       	0.135083 
21 	400  	106      	135     	0.5     	0.778842	0.828079	0.0497695       	0.213201	0.38471 	1       	0.135032 
22 	403  	114      	135     	0.5     	0.778842	0.828079	0.0497695       	0.213201	0.38471 	1       	0.135032 
23 	413  	116      	135     	0.5     	0.778842	0.828079	0.0497695       	0.213201	0.38471 	1       	0.135032 
24 	413  	118      	135     	0.5     	0.778501	0.828079	0.0502662       	0.213201	0.385284	1       	0.135891 
25 	414  	117      	135     	0.5     	0.778527	0.828079	0.050245        	0.213201	0.385417	1       	0.135791 
26 	397  	113      	135     	0.5     	0.778532	0.828079	0.050247        	0.213201	0.385419	1       	0.13579  
27 	425  	116      	135     	0.5     	0.778548	0.828079	0.0502213       	0.213201	0.385589	1       	0.135695 
28 	401  	110      	135     	0.5     	0.778625	0.828079	0.050267        	0.213201	0.385727	1       	0.135567 
29 	402  	117      	135     	0.5     	0.778625	0.828079	0.0502625       	0.213201	0.385745	1       	0.13555  
30 	406  	122      	135     	0.5     	0.778659	0.828079	0.0502563       	0.213201	0.38566 	1       	0.13563  
31 	398  	120      	135     	0.5     	0.778659	0.828079	0.0502563       	0.213201	0.38566 	1       	0.13563  
32 	403  	113      	135     	0.5     	0.778666	0.828079	0.050259        	0.213201	0.385487	1       	0.135726 
33 	418  	117      	135     	0.5     	0.778655	0.828079	0.0502553       	0.213201	0.385746	1       	0.135562 
34 	416  	121      	135     	0.5     	0.77865 	0.828079	0.0502533       	0.213201	0.385789	1       	0.135528 
35 	407  	113      	135     	0.5     	0.778658	0.828079	0.0502494       	0.213201	0.385789	1       	0.135528 
36 	403  	117      	135     	0.5     	0.778661	0.828079	0.0502506       	0.213201	0.385789	1       	0.135528 
37 	399  	117      	135     	0.5     	0.778661	0.828079	0.0502506       	0.213201	0.385789	1       	0.135528 
38 	406  	114      	135     	0.5     	0.778666	0.828079	0.0502525       	0.213201	0.385712	1       	0.135595 
39 	408  	115      	135     	0.5     	0.778672	0.828079	0.0502513       	0.213201	0.385712	1       	0.135595 
40 	396  	113      	135     	0.5     	0.778672	0.828079	0.0502513       	0.213201	0.385746	1       	0.135562 
41 	408  	116      	135     	0.5     	0.778667	0.828079	0.0502493       	0.213201	0.385789	1       	0.135528 
42 	400  	119      	135     	0.5     	0.778667	0.828079	0.0502493       	0.213201	0.385789	1       	0.135528 
43 	399  	120      	135     	0.5     	0.778667	0.828079	0.0502493       	0.213201	0.385789	1       	0.135528 
44 	412  	117      	135     	0.5     	0.778675	0.828079	0.0502524       	0.213201	0.385616	1       	0.135624 
45 	410  	119      	135     	0.5     	0.778662	0.828079	0.0502479       	0.213201	0.385789	1       	0.135528 
46 	408  	113      	135     	0.5     	0.778675	0.828079	0.0502477       	0.213201	0.385789	1       	0.135528 
47 	411  	117      	135     	0.5     	0.778675	0.828079	0.0502477       	0.213201	0.385789	1       	0.135528 
48 	403  	114      	135     	0.5     	0.778675	0.828079	0.0502477       	0.213201	0.385789	1       	0.135528 
49 	414  	116      	135     	0.5     	0.778675	0.828079	0.0502477       	0.213201	0.385789	1       	0.135528 

CURRENT HALLS OF FAME

PARETO FRONT
Number of solutions = 12
(0.828079097340809, 0.2773500981126146) 12 features: [0_age_at_initial_pathologic_diagnosis, 0_ajcc_pathologic_tumor_stage_Stage IV, 1_hsa.miR.107, 1_hsa.miR.1248, 1_hsa.miR.1254, 1_hsa.miR.149.5p, 1_hsa.miR.222.3p, 1_hsa.miR.34c.3p, 1_hsa.miR.3615, 1_hsa.miR.7704, 1_hsa.miR.92b.3p, 1_hsa.miR.372.3p]
(0.8255693722717048, 0.30151134457776363) 10 features: [0_age_at_initial_pathologic_diagnosis, 0_ajcc_pathologic_tumor_stage_Stage I, 0_ajcc_pathologic_tumor_stage_Stage IV, 1_hsa.miR.107, 1_hsa.miR.149.5p, 1_hsa.miR.31.5p, 1_hsa.miR.34c.3p, 1_hsa.miR.6503.5p, 1_hsa.miR.7704, 1_hsa.miR.92b.3p]
(0.8226132675437242, 0.31622776601683794) 9 features: [0_age_at_initial_pathologic_diagnosis, 0_ajcc_pathologic_tumor_stage_Stage IV, 1_hsa.miR.107, 1_hsa.miR.149.5p, 1_hsa.miR.31.5p, 1_hsa.miR.34c.3p, 1_hsa.miR.6503.5p, 1_hsa.miR.7704, 1_hsa.miR.92b.3p]
(0.8168611462396939, 0.3333333333333333) 8 features: [0_age_at_initial_pathologic_diagnosis, 0_ajcc_pathologic_tumor_stage_Stage I, 0_ajcc_pathologic_tumor_stage_Stage IV, 1_hsa.miR.107, 1_hsa.miR.149.5p, 1_hsa.miR.3614.5p, 1_hsa.miR.425.3p, 1_hsa.miR.7704]
(0.8162863873675303, 0.3535533905932738) 7 features: [0_age_at_initial_pathologic_diagnosis, 0_ajcc_pathologic_tumor_stage_Stage IV, 1_hsa.miR.107, 1_hsa.miR.149.5p, 1_hsa.miR.3614.5p, 1_hsa.miR.425.3p, 1_hsa.miR.7704]
(0.8091223615996287, 0.3779644730092272) 6 features: [0_age_at_initial_pathologic_diagnosis, 0_ajcc_pathologic_tumor_stage_Stage IV, 1_hsa.miR.107, 1_hsa.miR.34c.3p, 1_hsa.miR.7704, 1_hsa.miR.92b.3p]
(0.8001762193670379, 0.408248290463863) 5 features: [0_age_at_initial_pathologic_diagnosis, 0_ajcc_pathologic_tumor_stage_Stage IV, 1_hsa.miR.107, 1_hsa.miR.149.5p, 1_hsa.miR.7704]
(0.7820298522383586, 0.4472135954999579) 4 features: [0_ajcc_pathologic_tumor_stage_Stage IV, 1_hsa.miR.107, 1_hsa.miR.7704, 1_hsa.miR.92b.3p]
(0.7733782689749714, 0.5) [0_ajcc_pathologic_tumor_stage_Stage IV, 1_hsa.miR.6503.5p, 1_hsa.miR.92b.3p]
(0.7515874906637231, 0.5773502691896257) [0_ajcc_pathologic_tumor_stage_Stage IV, 1_hsa.miR.92b.3p]
(0.6769244253508093, 0.7071067811865476) [1_hsa.miR.92b.3p]
(0.5, 1.0) []
Features in hall of fame by prevalence:
17 features: [0_ajcc_pathologic_tumor_stage_Stage IV, 1_hsa.miR.107, 1_hsa.miR.7704, 1_hsa.miR.92b.3p, 0_age_at_initial_pathologic_diagnosis, 1_hsa.miR.149.5p, 1_hsa.miR.34c.3p, 1_hsa.miR.6503.5p, 0_ajcc_pathologic_tumor_stage_Stage I, 1_hsa.miR.31.5p, 1_hsa.miR.3614.5p, 1_hsa.miR.425.3p, 1_hsa.miR.1248, 1_hsa.miR.1254, 1_hsa.miR.222.3p, 1_hsa.miR.3615, 1_hsa.miR.372.3p]

LAST POPULATION
Number of solutions = 500
Features in hall of fame by prevalence:
106 features: [0_ajcc_pathologic_tumor_stage_Stage IV, 1_hsa.miR.7704, 1_hsa.miR.92b.3p, 1_hsa.miR.107, 0_age_at_initial_pathologic_diagnosis, 1_hsa.miR.34c.3p, 0_ajcc_pathologic_tumor_stage_Stage I, 1_hsa.miR.10b.3p, 1_hsa.miR.149.5p, 1_hsa.miR.184, 1_hsa.miR.204.5p, 1_hsa.miR.1248, 1_hsa.miR.3614.5p, 1_hsa.miR.194.3p, 1_hsa.miR.296.5p, 1_hsa.miR.27b.3p, 1_hsa.miR.302b.3p, 1_hsa.miR.144.5p, 1_hsa.miR.425.3p, 1_hsa.miR.3615, 1_hsa.miR.101.3p, 1_hsa.miR.671.5p, 1_hsa.miR.10b.5p, 1_hsa.miR.130a.5p, 1_hsa.miR.487a.3p, 1_hsa.miR.183.5p, 1_hsa.miR.151a.3p, 1_hsa.miR.222.3p, 1_hsa.miR.505.5p, 1_hsa.miR.6503.5p, 1_hsa.miR.95.3p, 1_hsa.miR.1254, 1_hsa.miR.138.1.3p, 1_hsa.miR.3648, 1_hsa.miR.365b.3p, 1_hsa.miR.21.5p, 1_hsa.miR.4461, 1_hsa.let.7b.3p, 1_hsa.miR.1269b, 1_hsa.miR.31.5p, 1_hsa.miR.6720.3p, 1_hsa.miR.199b.5p, 1_hsa.miR.30e.3p, 1_hsa.miR.34c.5p, 1_hsa.miR.766.3p, 1_hsa.miR.885.5p, 1_hsa.miR.99b.5p, 1_hsa.miR.372.3p, 1_hsa.miR.1179, 1_hsa.miR.130b.3p, 1_hsa.miR.135b.5p, 1_hsa.miR.144.3p, 1_hsa.miR.192.3p, 1_hsa.miR.377.3p, 1_hsa.miR.380.3p, 1_hsa.miR.4662a.5p, 1_hsa.let.7b.5p, 1_hsa.miR.130b.5p, 1_hsa.miR.194.5p, 1_hsa.miR.202.5p, 1_hsa.miR.411.3p, 1_hsa.miR.4326, 1_hsa.miR.9.5p, 1_hsa.miR.99b.3p, 1_hsa.miR.139.5p, 1_hsa.miR.154.3p, 1_hsa.miR.18a.5p, 1_hsa.miR.362.3p, 1_hsa.miR.590.3p, 1_hsa.miR.130a.3p, 1_hsa.miR.1468.5p, 1_hsa.miR.146b.5p, 1_hsa.miR.192.5p, 1_hsa.miR.193b.3p, 1_hsa.miR.193b.5p, 1_hsa.miR.338.5p, 1_hsa.miR.34b.5p, 1_hsa.miR.451a, 1_hsa.miR.486.5p, 1_hsa.miR.7.5p, 1_hsa.miR.9.3p, 1_hsa.miR.96.5p, 1_hsa.miR.143.5p, 1_hsa.miR.146b.3p, 1_hsa.miR.181b.3p, 1_hsa.miR.190a.5p, 1_hsa.miR.191.5p, 1_hsa.miR.21.3p, 1_hsa.miR.2355.5p, 1_hsa.miR.296.3p, 1_hsa.miR.31.3p, 1_hsa.miR.3651, 1_hsa.miR.3678.5p, 1_hsa.miR.376b.3p, 1_hsa.miR.376c.3p, 1_hsa.miR.550a.3p, 1_hsa.miR.101.5p, 1_hsa.miR.1228.3p, 1_hsa.miR.1293, 1_hsa.miR.204.3p, 1_hsa.miR.223.3p, 1_hsa.miR.23b.3p, 1_hsa.miR.24.1.5p, 1_hsa.miR.335.3p, 1_hsa.miR.487b.3p, 1_hsa.miR.502.3p]

BEST SUMS WITH SIZE 50
Number of solutions = 50
Features in hall of fame by prevalence:
37 features: [0_ajcc_pathologic_tumor_stage_Stage IV, 0_age_at_initial_pathologic_diagnosis, 1_hsa.miR.107, 1_hsa.miR.10b.3p, 1_hsa.miR.1248, 1_hsa.miR.146b.5p, 1_hsa.miR.194.3p, 1_hsa.miR.21.3p, 1_hsa.miR.21.5p, 1_hsa.miR.296.5p, 1_hsa.miR.34c.5p, 1_hsa.miR.7704, 1_hsa.miR.92b.3p, 0_ajcc_pathologic_tumor_stage_Stage I, 1_hsa.miR.101.3p, 1_hsa.miR.10b.5p, 1_hsa.miR.130b.3p, 1_hsa.miR.139.5p, 1_hsa.miR.144.3p, 1_hsa.miR.144.5p, 1_hsa.miR.149.5p, 1_hsa.miR.183.5p, 1_hsa.miR.190a.5p, 1_hsa.miR.192.5p, 1_hsa.miR.194.5p, 1_hsa.miR.204.3p, 1_hsa.miR.222.3p, 1_hsa.miR.23b.3p, 1_hsa.miR.24.1.5p, 1_hsa.miR.296.3p, 1_hsa.miR.30e.3p, 1_hsa.miR.34c.3p, 1_hsa.miR.425.3p, 1_hsa.miR.451a, 1_hsa.miR.486.5p, 1_hsa.miR.671.5p, 1_hsa.miR.96.5p]

BEST SUMS WITH SIZE 100
Number of solutions = 100
Features in hall of fame by prevalence:
39 features: [0_ajcc_pathologic_tumor_stage_Stage IV, 0_ajcc_pathologic_tumor_stage_Stage I, 1_hsa.miR.144.5p, 1_hsa.miR.10b.3p, 1_hsa.miR.21.5p, 1_hsa.miR.101.3p, 1_hsa.miR.107, 1_hsa.miR.10b.5p, 1_hsa.miR.1248, 1_hsa.miR.144.3p, 1_hsa.miR.149.5p, 1_hsa.miR.192.5p, 1_hsa.miR.194.3p, 1_hsa.miR.194.5p, 1_hsa.miR.222.3p, 1_hsa.miR.23b.3p, 1_hsa.miR.296.5p, 1_hsa.miR.30e.3p, 1_hsa.miR.34c.3p, 1_hsa.miR.34c.5p, 1_hsa.miR.451a, 1_hsa.miR.486.5p, 1_hsa.miR.671.5p, 1_hsa.miR.7704, 1_hsa.miR.92b.3p, 0_age_at_initial_pathologic_diagnosis, 1_hsa.miR.130b.3p, 1_hsa.miR.139.5p, 1_hsa.miR.1468.5p, 1_hsa.miR.146b.5p, 1_hsa.miR.183.5p, 1_hsa.miR.190a.5p, 1_hsa.miR.21.3p, 1_hsa.miR.296.3p, 1_hsa.miR.425.3p, 1_hsa.miR.96.5p, 1_hsa.miR.181a.2.3p, 1_hsa.miR.204.3p, 1_hsa.miR.24.1.5p]

STARTING SWEEP NUMBER 2
folds_creator_seed = 1596608633

ASSIGNING STRATA FOR MULTI-OUTCOME DATA KIRC_MV
Assigning strata for outcome named survival of type survival
Counts:
censored 0: 57
censored 1: 122
deceased 0: 36
deceased 1: 35
ga_runner_seed = 1075542206
VIEW: CLINIC
   	     	         	        	   survival SKSurv Cox model concordance index   	             root leanness              
   	     	         	        	-------------------------------------------------	----------------------------------------
gen	evals	gen_feats	explored	min	avg     	max     	std                  	min	avg     	max	std     
0  	0    	3        	3       	0.5	0.707514	0.751595	0.0664745            	0.5	0.614752	1  	0.128113
1  	323  	3        	3       	0.5	0.666787	0.751595	0.0820434            	0.5	0.667645	1  	0.153024
2  	346  	3        	3       	0.5	0.663384	0.751595	0.0785549            	0.5	0.669387	1  	0.145216
3  	337  	3        	3       	0.5	0.663384	0.751595	0.0785549            	0.5	0.669387	1  	0.145216
4  	342  	3        	3       	0.5	0.663384	0.751595	0.0785549            	0.5	0.669387	1  	0.145216
5  	351  	3        	3       	0.5	0.663384	0.751595	0.0785549            	0.5	0.669387	1  	0.145216
6  	355  	3        	3       	0.5	0.663384	0.751595	0.0785549            	0.5	0.669387	1  	0.145216
7  	345  	3        	3       	0.5	0.663384	0.751595	0.0785549            	0.5	0.669387	1  	0.145216
8  	335  	3        	3       	0.5	0.663384	0.751595	0.0785549            	0.5	0.669387	1  	0.145216
9  	329  	3        	3       	0.5	0.663384	0.751595	0.0785549            	0.5	0.669387	1  	0.145216
10 	329  	3        	3       	0.5	0.663384	0.751595	0.0785549            	0.5	0.669387	1  	0.145216
11 	333  	3        	3       	0.5	0.663384	0.751595	0.0785549            	0.5	0.669387	1  	0.145216
12 	335  	3        	3       	0.5	0.663384	0.751595	0.0785549            	0.5	0.669387	1  	0.145216
13 	342  	3        	3       	0.5	0.663384	0.751595	0.0785549            	0.5	0.669387	1  	0.145216
14 	347  	3        	3       	0.5	0.663384	0.751595	0.0785549            	0.5	0.669387	1  	0.145216
15 	353  	3        	3       	0.5	0.663384	0.751595	0.0785549            	0.5	0.669387	1  	0.145216
16 	337  	3        	3       	0.5	0.663384	0.751595	0.0785549            	0.5	0.669387	1  	0.145216
17 	345  	3        	3       	0.5	0.663384	0.751595	0.0785549            	0.5	0.669387	1  	0.145216
18 	345  	3        	3       	0.5	0.663384	0.751595	0.0785549            	0.5	0.669387	1  	0.145216
19 	325  	3        	3       	0.5	0.663384	0.751595	0.0785549            	0.5	0.669387	1  	0.145216
20 	340  	3        	3       	0.5	0.663384	0.751595	0.0785549            	0.5	0.669387	1  	0.145216
21 	324  	3        	3       	0.5	0.663384	0.751595	0.0785549            	0.5	0.669387	1  	0.145216
22 	338  	3        	3       	0.5	0.663384	0.751595	0.0785549            	0.5	0.669387	1  	0.145216
23 	348  	3        	3       	0.5	0.663384	0.751595	0.0785549            	0.5	0.669387	1  	0.145216
24 	341  	3        	3       	0.5	0.663384	0.751595	0.0785549            	0.5	0.669387	1  	0.145216
25 	348  	3        	3       	0.5	0.663384	0.751595	0.0785549            	0.5	0.669387	1  	0.145216
26 	357  	3        	3       	0.5	0.663384	0.751595	0.0785549            	0.5	0.669387	1  	0.145216
27 	338  	3        	3       	0.5	0.663384	0.751595	0.0785549            	0.5	0.669387	1  	0.145216
28 	334  	3        	3       	0.5	0.663384	0.751595	0.0785549            	0.5	0.669387	1  	0.145216
29 	328  	3        	3       	0.5	0.663384	0.751595	0.0785549            	0.5	0.669387	1  	0.145216
30 	339  	3        	3       	0.5	0.663384	0.751595	0.0785549            	0.5	0.669387	1  	0.145216
31 	327  	3        	3       	0.5	0.663384	0.751595	0.0785549            	0.5	0.669387	1  	0.145216
32 	329  	3        	3       	0.5	0.663384	0.751595	0.0785549            	0.5	0.669387	1  	0.145216
33 	349  	3        	3       	0.5	0.663384	0.751595	0.0785549            	0.5	0.669387	1  	0.145216
34 	342  	3        	3       	0.5	0.663384	0.751595	0.0785549            	0.5	0.669387	1  	0.145216
35 	344  	3        	3       	0.5	0.663384	0.751595	0.0785549            	0.5	0.669387	1  	0.145216
36 	313  	3        	3       	0.5	0.663384	0.751595	0.0785549            	0.5	0.669387	1  	0.145216
37 	326  	3        	3       	0.5	0.663384	0.751595	0.0785549            	0.5	0.669387	1  	0.145216
38 	356  	3        	3       	0.5	0.663384	0.751595	0.0785549            	0.5	0.669387	1  	0.145216
39 	333  	3        	3       	0.5	0.663384	0.751595	0.0785549            	0.5	0.669387	1  	0.145216
40 	338  	3        	3       	0.5	0.663384	0.751595	0.0785549            	0.5	0.669387	1  	0.145216
41 	348  	3        	3       	0.5	0.663384	0.751595	0.0785549            	0.5	0.669387	1  	0.145216
42 	340  	3        	3       	0.5	0.663384	0.751595	0.0785549            	0.5	0.669387	1  	0.145216
43 	336  	3        	3       	0.5	0.663384	0.751595	0.0785549            	0.5	0.669387	1  	0.145216
44 	340  	3        	3       	0.5	0.663384	0.751595	0.0785549            	0.5	0.669387	1  	0.145216
45 	326  	3        	3       	0.5	0.663384	0.751595	0.0785549            	0.5	0.669387	1  	0.145216
46 	337  	3        	3       	0.5	0.663384	0.751595	0.0785549            	0.5	0.669387	1  	0.145216
47 	351  	3        	3       	0.5	0.663384	0.751595	0.0785549            	0.5	0.669387	1  	0.145216
48 	329  	3        	3       	0.5	0.663384	0.751595	0.0785549            	0.5	0.669387	1  	0.145216
49 	342  	3        	3       	0.5	0.663384	0.751595	0.0785549            	0.5	0.669387	1  	0.145216

ASSIGNING STRATA FOR MULTI-OUTCOME DATA KIRC_MV
Assigning strata for outcome named survival of type survival
Counts:
censored 0: 57
censored 1: 122
deceased 0: 36
deceased 1: 35
VIEW: LOG_MIRNA
   	     	         	        	       survival SKSurv Cox model concordance index       	                 root leanness                  
   	     	         	        	---------------------------------------------------------	------------------------------------------------
gen	evals	gen_feats	explored	min     	avg     	max     	std             	min     	avg     	max	std     
0  	0    	103      	103     	0.5     	0.73836 	0.81237 	0.0657062       	0.229416	0.451837	1  	0.169767
1  	381  	168      	171     	0.404004	0.725859	0.81237 	0.0615786       	0.229416	0.415834	1  	0.139008
2  	388  	166      	184     	0.5     	0.741484	0.81237 	0.0496264       	0.229416	0.399906	1  	0.133278
3  	389  	177      	190     	0.5     	0.746067	0.81237 	0.0489988       	0.229416	0.397023	1  	0.13318 
4  	379  	179      	191     	0.5     	0.749093	0.81237 	0.0486681       	0.229416	0.394233	1  	0.133257
5  	376  	177      	191     	0.5     	0.751001	0.81237 	0.0482113       	0.229416	0.392621	1  	0.1324  
6  	364  	165      	191     	0.5     	0.753056	0.81237 	0.0477814       	0.223607	0.390094	1  	0.132065
7  	365  	168      	191     	0.5     	0.754519	0.81237 	0.0475006       	0.223607	0.388513	1  	0.131491
8  	369  	173      	191     	0.5     	0.755561	0.81237 	0.0474535       	0.223607	0.387616	1  	0.131236
9  	405  	177      	191     	0.5     	0.756498	0.81237 	0.0475675       	0.223607	0.387184	1  	0.131384
10 	375  	172      	191     	0.5     	0.757849	0.81237 	0.0472183       	0.223607	0.384479	1  	0.131178
11 	389  	174      	191     	0.5     	0.757833	0.81237 	0.0480414       	0.223607	0.385813	1  	0.132059
12 	386  	178      	191     	0.5     	0.758077	0.81237 	0.0481719       	0.229416	0.386786	1  	0.131453
13 	377  	168      	191     	0.5     	0.758482	0.81237 	0.0483903       	0.229416	0.387527	1  	0.130996
14 	366  	175      	191     	0.5     	0.758799	0.81237 	0.0485236       	0.229416	0.38781 	1  	0.130798
15 	387  	167      	191     	0.5     	0.759222	0.81237 	0.0485622       	0.229416	0.387405	1  	0.131065
16 	370  	170      	191     	0.5     	0.759484	0.81237 	0.0486591       	0.229416	0.387787	1  	0.130784
17 	373  	173      	191     	0.5     	0.758983	0.81237 	0.0493229       	0.229416	0.389903	1  	0.13101 
18 	366  	166      	191     	0.5     	0.759079	0.81237 	0.0494532       	0.229416	0.390043	1  	0.131202
19 	382  	165      	191     	0.5     	0.760071	0.81237 	0.0489563       	0.223607	0.388104	1  	0.130566
20 	366  	162      	191     	0.5     	0.760497	0.81237 	0.0491617       	0.223607	0.387947	1  	0.130742
21 	380  	170      	191     	0.5     	0.760725	0.81237 	0.0493024       	0.213201	0.387963	1  	0.130755
22 	373  	166      	191     	0.5     	0.761444	0.81237 	0.0496104       	0.213201	0.386384	1  	0.131613
23 	377  	160      	191     	0.5     	0.762627	0.81292 	0.0492629       	0.213201	0.38375 	1  	0.131275
24 	376  	168      	191     	0.5     	0.763072	0.81292 	0.049404        	0.213201	0.382995	1  	0.131543
25 	370  	179      	191     	0.5     	0.763314	0.81292 	0.0495274       	0.213201	0.383059	1  	0.131473
26 	367  	158      	191     	0.5     	0.763269	0.81292 	0.0496498       	0.213201	0.384166	1  	0.130982
27 	361  	173      	191     	0.5     	0.763445	0.81292 	0.0497185       	0.213201	0.383835	1  	0.131296
28 	367  	168      	191     	0.5     	0.763752	0.816434	0.0498693       	0.213201	0.383399	1  	0.131605
29 	376  	167      	191     	0.5     	0.764513	0.816434	0.0498911       	0.213201	0.381854	1  	0.131566
30 	376  	168      	191     	0.5     	0.764819	0.821274	0.0500765       	0.213201	0.381936	1  	0.131487
31 	395  	169      	191     	0.5     	0.765555	0.821274	0.0497412       	0.213201	0.380412	1  	0.131074
32 	381  	163      	191     	0.5     	0.766199	0.821274	0.049955        	0.213201	0.378757	1  	0.131951
33 	369  	162      	191     	0.5     	0.766603	0.821274	0.0498487       	0.213201	0.378242	1  	0.131375
34 	379  	169      	191     	0.5     	0.767072	0.821274	0.0496674       	0.218218	0.377656	1  	0.130954
35 	365  	163      	191     	0.5     	0.766469	0.821274	0.0505269       	0.218218	0.379852	1  	0.131351
36 	375  	169      	191     	0.5     	0.767581	0.821274	0.0500387       	0.218218	0.377637	1  	0.130959
37 	386  	166      	191     	0.5     	0.767858	0.821274	0.0501111       	0.218218	0.377419	1  	0.13082 
38 	375  	170      	191     	0.5     	0.768207	0.821274	0.0501721       	0.218218	0.376889	1  	0.130858
39 	385  	177      	191     	0.5     	0.76835 	0.821274	0.0502475       	0.218218	0.376716	1  	0.130978
40 	383  	180      	191     	0.5     	0.768539	0.821274	0.0503776       	0.218218	0.376918	1  	0.130795
41 	395  	175      	191     	0.5     	0.767793	0.821274	0.0512499       	0.218218	0.379531	1  	0.131489
42 	388  	171      	191     	0.5     	0.768225	0.821274	0.0513449       	0.218218	0.37887 	1  	0.131786
43 	386  	168      	191     	0.5     	0.769346	0.821274	0.0508632       	0.218218	0.376438	1  	0.131183
44 	362  	169      	191     	0.5     	0.769566	0.821274	0.0509473       	0.218218	0.376785	1  	0.130908
45 	373  	168      	191     	0.5     	0.769799	0.825546	0.0511076       	0.223607	0.377092	1  	0.1306  
46 	392  	167      	191     	0.5     	0.770063	0.825546	0.0512338       	0.223607	0.377189	1  	0.130508
47 	386  	169      	191     	0.5     	0.770247	0.825546	0.0513588       	0.223607	0.377128	1  	0.130557
48 	361  	168      	191     	0.5     	0.770456	0.825546	0.0514908       	0.223607	0.376714	1  	0.1309  
49 	377  	160      	191     	0.5     	0.7712  	0.825546	0.051213        	0.213201	0.3753  	1  	0.130427

STARTING MASTER RUNNER RESAMPLING
Generations completed = 7
Generations completed = 17
Generations completed = 27
Generations completed = 37
Generations completed = 47
MASTER
   	     	         	        	       survival SKSurv Cox model concordance index       	                      root leanness                      
   	     	         	        	---------------------------------------------------------	---------------------------------------------------------
gen	evals	gen_feats	explored	min     	avg     	max     	std             	min     	avg     	max     	std      
0  	500  	108      	108     	0.419774	0.718222	0.834372	0.0682904       	0.208514	0.329595	0.707107	0.0910897
1  	390  	106      	114     	0.613374	0.756839	0.834372	0.0414657       	0.218218	0.365121	0.707107	0.0998147
2  	411  	94       	119     	0.613374	0.77029 	0.834372	0.0404655       	0.218218	0.383853	0.707107	0.107858 
3  	414  	95       	119     	0.614863	0.776676	0.834372	0.0405885       	0.218218	0.383206	0.707107	0.113797 
4  	402  	94       	121     	0.5     	0.779131	0.834372	0.0443013       	0.218218	0.382512	1       	0.121989 
5  	402  	103      	123     	0.5     	0.782163	0.842063	0.0441739       	0.218218	0.37847 	1       	0.12312  
6  	413  	103      	123     	0.5     	0.782547	0.842063	0.0457129       	0.213201	0.377747	1       	0.126579 
7  	408  	98       	123     	0.5     	0.783463	0.842063	0.0460046       	0.213201	0.376887	1       	0.127351 
8  	407  	93       	123     	0.5     	0.783451	0.842063	0.0478311       	0.213201	0.377208	1       	0.129856 
9  	398  	99       	123     	0.5     	0.783609	0.842063	0.0484231       	0.213201	0.377201	1       	0.131215 
10 	401  	97       	123     	0.5     	0.784071	0.842063	0.0485331       	0.213201	0.377326	1       	0.131147 
11 	407  	99       	123     	0.5     	0.784875	0.842063	0.0484681       	0.213201	0.374908	1       	0.131473 
12 	400  	90       	123     	0.5     	0.784788	0.842063	0.0492541       	0.213201	0.375611	1       	0.132376 
13 	418  	108      	123     	0.5     	0.785177	0.842063	0.0493334       	0.213201	0.375269	1       	0.132683 
14 	399  	97       	123     	0.5     	0.784973	0.842063	0.049761        	0.213201	0.375834	1       	0.133624 
15 	410  	98       	123     	0.5     	0.785292	0.842063	0.0498734       	0.213201	0.374866	1       	0.134148 
16 	395  	94       	123     	0.5     	0.785482	0.842063	0.0498796       	0.213201	0.374509	1       	0.134323 
17 	400  	105      	123     	0.5     	0.785453	0.842063	0.0498915       	0.213201	0.374734	1       	0.134278 
18 	391  	96       	123     	0.5     	0.785555	0.842063	0.049917        	0.213201	0.374843	1       	0.134232 
19 	410  	98       	123     	0.5     	0.785698	0.842063	0.0499522       	0.213201	0.374419	1       	0.134383 
20 	426  	93       	123     	0.5     	0.785809	0.842063	0.0499949       	0.213201	0.373866	1       	0.134588 
21 	408  	107      	123     	0.5     	0.785568	0.842063	0.0505318       	0.213201	0.37428 	1       	0.135292 
22 	413  	97       	123     	0.5     	0.785877	0.842063	0.0504108       	0.213201	0.374023	1       	0.134839 
23 	399  	94       	123     	0.5     	0.785917	0.842063	0.0504184       	0.213201	0.37398 	1       	0.13487  
24 	395  	97       	123     	0.5     	0.785917	0.842063	0.0504185       	0.213201	0.374105	1       	0.13478  
25 	414  	100      	123     	0.5     	0.785972	0.842063	0.050382        	0.213201	0.374082	1       	0.134796 
26 	398  	96       	123     	0.5     	0.786007	0.842063	0.0503799       	0.213201	0.374082	1       	0.134796 
27 	404  	100      	123     	0.5     	0.786039	0.842063	0.0503837       	0.213201	0.374125	1       	0.134765 
28 	400  	95       	123     	0.5     	0.786039	0.842063	0.0503837       	0.213201	0.374125	1       	0.134765 
29 	396  	92       	123     	0.5     	0.786044	0.842063	0.0503805       	0.213201	0.374125	1       	0.134765 
30 	407  	99       	123     	0.5     	0.786051	0.842063	0.0503808       	0.213201	0.374105	1       	0.13478  
31 	398  	98       	123     	0.5     	0.786049	0.842063	0.0503801       	0.213201	0.374203	1       	0.134721 
32 	392  	97       	123     	0.5     	0.786049	0.842063	0.0503801       	0.213201	0.374203	1       	0.134721 
33 	422  	97       	123     	0.5     	0.785747	0.842063	0.0507175       	0.213201	0.37504 	1       	0.135484 
34 	405  	98       	123     	0.5     	0.785747	0.842063	0.0507175       	0.213201	0.37504 	1       	0.135484 
35 	421  	101      	123     	0.5     	0.78577 	0.842063	0.0506979       	0.213201	0.37504 	1       	0.135484 
36 	405  	94       	123     	0.5     	0.785779	0.842063	0.0507017       	0.213201	0.375063	1       	0.135469 
37 	408  	99       	123     	0.5     	0.785779	0.842063	0.0507017       	0.213201	0.375063	1       	0.135469 
38 	404  	95       	123     	0.5     	0.785781	0.842063	0.0507026       	0.213201	0.374985	1       	0.135529 
39 	407  	93       	123     	0.5     	0.785781	0.842063	0.0507026       	0.213201	0.374985	1       	0.135529 
40 	410  	95       	123     	0.5     	0.785781	0.842063	0.0507026       	0.213201	0.374985	1       	0.135529 
41 	423  	98       	123     	0.5     	0.7858  	0.842063	0.0507125       	0.213201	0.375063	1       	0.135469 
42 	408  	94       	123     	0.5     	0.785799	0.842063	0.0507121       	0.213201	0.375171	1       	0.135379 
43 	421  	103      	123     	0.5     	0.785804	0.842063	0.050714        	0.213201	0.375094	1       	0.13544  
44 	399  	101      	123     	0.5     	0.785804	0.842063	0.050714        	0.213201	0.375094	1       	0.13544  
45 	417  	101      	123     	0.5     	0.785803	0.842063	0.0507139       	0.213201	0.375085	1       	0.13544  
46 	399  	88       	123     	0.5     	0.7858  	0.842063	0.0507128       	0.213201	0.375171	1       	0.135379 
47 	408  	96       	123     	0.5     	0.7858  	0.842063	0.0507128       	0.213201	0.375171	1       	0.135379 
48 	410  	105      	123     	0.5     	0.785801	0.842063	0.0507129       	0.213201	0.375149	1       	0.135395 
49 	413  	98       	123     	0.5     	0.785801	0.842063	0.0507129       	0.213201	0.375149	1       	0.135395 

CURRENT HALLS OF FAME

PARETO FRONT
Number of solutions = 15
(0.8420629376039978, 0.24253562503633297) 16 features: [0_age_at_initial_pathologic_diagnosis, 0_ajcc_pathologic_tumor_stage_Stage I, 0_ajcc_pathologic_tumor_stage_Stage IV, 1_hsa.miR.107, 1_hsa.miR.144.5p, 1_hsa.miR.183.5p, 1_hsa.miR.184, 1_hsa.miR.194.3p, 1_hsa.miR.204.5p, 1_hsa.miR.296.5p, 1_hsa.miR.34c.3p, 1_hsa.miR.411.3p, 1_hsa.miR.6720.3p, 1_hsa.miR.7704, 1_hsa.miR.92b.3p, 1_hsa.miR.302b.3p]
(0.8343723976683282, 0.25) 15 features: [0_age_at_initial_pathologic_diagnosis, 0_ajcc_pathologic_tumor_stage_Stage IV, 1_hsa.miR.107, 1_hsa.miR.144.5p, 1_hsa.miR.183.5p, 1_hsa.miR.184, 1_hsa.miR.194.3p, 1_hsa.miR.204.5p, 1_hsa.miR.296.5p, 1_hsa.miR.34c.3p, 1_hsa.miR.411.3p, 1_hsa.miR.6720.3p, 1_hsa.miR.7704, 1_hsa.miR.92b.3p, 1_hsa.miR.302b.3p]
(0.8315456296911093, 0.2581988897471611) 14 features: [0_ajcc_pathologic_tumor_stage_Stage IV, 1_hsa.miR.107, 1_hsa.miR.144.5p, 1_hsa.miR.183.5p, 1_hsa.miR.184, 1_hsa.miR.194.3p, 1_hsa.miR.204.5p, 1_hsa.miR.296.5p, 1_hsa.miR.34c.3p, 1_hsa.miR.411.3p, 1_hsa.miR.6720.3p, 1_hsa.miR.7704, 1_hsa.miR.92b.3p, 1_hsa.miR.302b.3p]
(0.828079097340809, 0.2773500981126146) 12 features: [0_age_at_initial_pathologic_diagnosis, 0_ajcc_pathologic_tumor_stage_Stage IV, 1_hsa.miR.107, 1_hsa.miR.1248, 1_hsa.miR.1254, 1_hsa.miR.149.5p, 1_hsa.miR.222.3p, 1_hsa.miR.34c.3p, 1_hsa.miR.3615, 1_hsa.miR.7704, 1_hsa.miR.92b.3p, 1_hsa.miR.372.3p]
(0.8255693722717048, 0.30151134457776363) 10 features: [0_age_at_initial_pathologic_diagnosis, 0_ajcc_pathologic_tumor_stage_Stage I, 0_ajcc_pathologic_tumor_stage_Stage IV, 1_hsa.miR.107, 1_hsa.miR.149.5p, 1_hsa.miR.31.5p, 1_hsa.miR.34c.3p, 1_hsa.miR.6503.5p, 1_hsa.miR.7704, 1_hsa.miR.92b.3p]
(0.8226132675437242, 0.31622776601683794) 9 features: [0_age_at_initial_pathologic_diagnosis, 0_ajcc_pathologic_tumor_stage_Stage IV, 1_hsa.miR.107, 1_hsa.miR.149.5p, 1_hsa.miR.31.5p, 1_hsa.miR.34c.3p, 1_hsa.miR.6503.5p, 1_hsa.miR.7704, 1_hsa.miR.92b.3p]
(0.8168611462396939, 0.3333333333333333) 8 features: [0_age_at_initial_pathologic_diagnosis, 0_ajcc_pathologic_tumor_stage_Stage I, 0_ajcc_pathologic_tumor_stage_Stage IV, 1_hsa.miR.107, 1_hsa.miR.149.5p, 1_hsa.miR.3614.5p, 1_hsa.miR.425.3p, 1_hsa.miR.7704]
(0.8162863873675303, 0.3535533905932738) 7 features: [0_age_at_initial_pathologic_diagnosis, 0_ajcc_pathologic_tumor_stage_Stage IV, 1_hsa.miR.107, 1_hsa.miR.149.5p, 1_hsa.miR.3614.5p, 1_hsa.miR.425.3p, 1_hsa.miR.7704]
(0.8091223615996287, 0.3779644730092272) 6 features: [0_age_at_initial_pathologic_diagnosis, 0_ajcc_pathologic_tumor_stage_Stage IV, 1_hsa.miR.107, 1_hsa.miR.34c.3p, 1_hsa.miR.7704, 1_hsa.miR.92b.3p]
(0.8001762193670379, 0.408248290463863) 5 features: [0_age_at_initial_pathologic_diagnosis, 0_ajcc_pathologic_tumor_stage_Stage IV, 1_hsa.miR.107, 1_hsa.miR.149.5p, 1_hsa.miR.7704]
(0.790839760842538, 0.4472135954999579) 4 features: [0_ajcc_pathologic_tumor_stage_Stage IV, 1_hsa.miR.107, 1_hsa.miR.10b.5p, 1_hsa.miR.7704]
(0.7733782689749714, 0.5) [0_ajcc_pathologic_tumor_stage_Stage IV, 1_hsa.miR.6503.5p, 1_hsa.miR.92b.3p]
(0.7515874906637231, 0.5773502691896257) [0_ajcc_pathologic_tumor_stage_Stage IV, 1_hsa.miR.92b.3p]
(0.6769244253508093, 0.7071067811865476) [1_hsa.miR.92b.3p]
(0.5, 1.0) []
Features in hall of fame by prevalence:
27 features: [0_ajcc_pathologic_tumor_stage_Stage IV, 1_hsa.miR.107, 1_hsa.miR.7704, 1_hsa.miR.92b.3p, 0_age_at_initial_pathologic_diagnosis, 1_hsa.miR.34c.3p, 1_hsa.miR.149.5p, 0_ajcc_pathologic_tumor_stage_Stage I, 1_hsa.miR.144.5p, 1_hsa.miR.183.5p, 1_hsa.miR.184, 1_hsa.miR.194.3p, 1_hsa.miR.204.5p, 1_hsa.miR.296.5p, 1_hsa.miR.411.3p, 1_hsa.miR.6503.5p, 1_hsa.miR.6720.3p, 1_hsa.miR.302b.3p, 1_hsa.miR.31.5p, 1_hsa.miR.3614.5p, 1_hsa.miR.425.3p, 1_hsa.miR.10b.5p, 1_hsa.miR.1248, 1_hsa.miR.1254, 1_hsa.miR.222.3p, 1_hsa.miR.3615, 1_hsa.miR.372.3p]

LAST POPULATION
Number of solutions = 500
Features in hall of fame by prevalence:
88 features: [0_ajcc_pathologic_tumor_stage_Stage IV, 1_hsa.miR.107, 1_hsa.miR.7704, 0_age_at_initial_pathologic_diagnosis, 1_hsa.miR.34c.3p, 1_hsa.miR.92b.3p, 1_hsa.miR.184, 0_ajcc_pathologic_tumor_stage_Stage I, 1_hsa.miR.1248, 1_hsa.miR.149.5p, 1_hsa.miR.204.5p, 1_hsa.miR.10b.3p, 1_hsa.miR.3614.5p, 1_hsa.miR.10b.5p, 1_hsa.miR.302b.3p, 1_hsa.miR.144.5p, 1_hsa.miR.296.5p, 1_hsa.miR.27b.3p, 1_hsa.miR.2355.5p, 1_hsa.miR.6720.3p, 1_hsa.miR.99b.5p, 1_hsa.miR.194.3p, 1_hsa.miR.425.3p, 1_hsa.miR.766.3p, 1_hsa.miR.1179, 1_hsa.miR.191.5p, 1_hsa.miR.194.5p, 1_hsa.miR.21.5p, 1_hsa.miR.372.3p, 1_hsa.miR.183.5p, 1_hsa.miR.24.1.5p, 1_hsa.miR.101.3p, 1_hsa.miR.411.3p, 1_hsa.miR.130a.5p, 1_hsa.miR.34c.5p, 1_hsa.miR.676.3p, 1_hsa.miR.671.5p, 1_hsa.miR.138.1.3p, 1_hsa.miR.3648, 1_hsa.miR.505.5p, 1_hsa.let.7b.3p, 1_hsa.miR.27b.5p, 1_hsa.miR.3130.5p, 1_hsa.miR.6503.5p, 1_hsa.miR.192.5p, 1_hsa.miR.296.3p, 1_hsa.miR.3615, 1_hsa.miR.451a, 1_hsa.miR.513c.3p, 1_hsa.miR.1228.3p, 1_hsa.miR.130b.3p, 1_hsa.miR.21.3p, 1_hsa.miR.215.5p, 1_hsa.miR.31.5p, 1_hsa.miR.331.5p, 1_hsa.miR.4662a.5p, 1_hsa.miR.4461, 1_hsa.miR.486.5p, 1_hsa.miR.144.3p, 1_hsa.miR.146b.5p, 1_hsa.miR.149.3p, 1_hsa.miR.18a.5p, 1_hsa.miR.190a.5p, 1_hsa.miR.193b.3p, 1_hsa.miR.222.3p, 1_hsa.miR.30e.3p, 1_hsa.miR.3651, 1_hsa.miR.377.3p, 1_hsa.miR.4677.3p, 1_hsa.miR.1293, 1_hsa.miR.135b.5p, 1_hsa.miR.139.5p, 1_hsa.miR.181a.2.3p, 1_hsa.miR.193b.5p, 1_hsa.miR.223.3p, 1_hsa.miR.23b.3p, 1_hsa.miR.34b.3p, 1_hsa.miR.3607.3p, 1_hsa.miR.362.3p, 1_hsa.miR.365b.3p, 1_hsa.miR.376b.5p, 1_hsa.miR.425.5p, 1_hsa.miR.539.3p, 1_hsa.miR.5586.5p, 1_hsa.miR.590.3p, 1_hsa.miR.627.5p, 1_hsa.miR.95.3p, 1_hsa.miR.96.5p]

BEST SUMS WITH SIZE 50
Number of solutions = 50
Features in hall of fame by prevalence:
39 features: [0_ajcc_pathologic_tumor_stage_Stage IV, 0_age_at_initial_pathologic_diagnosis, 1_hsa.miR.107, 1_hsa.miR.10b.3p, 1_hsa.miR.194.3p, 1_hsa.miR.21.3p, 1_hsa.miR.21.5p, 1_hsa.miR.296.5p, 1_hsa.miR.34c.5p, 1_hsa.miR.7704, 1_hsa.miR.92b.3p, 0_ajcc_pathologic_tumor_stage_Stage I, 1_hsa.miR.101.3p, 1_hsa.miR.10b.5p, 1_hsa.miR.1248, 1_hsa.miR.130b.3p, 1_hsa.miR.139.5p, 1_hsa.miR.144.3p, 1_hsa.miR.144.5p, 1_hsa.miR.146b.5p, 1_hsa.miR.149.5p, 1_hsa.miR.183.5p, 1_hsa.miR.190a.5p, 1_hsa.miR.192.5p, 1_hsa.miR.194.5p, 1_hsa.miR.204.3p, 1_hsa.miR.215.5p, 1_hsa.miR.222.3p, 1_hsa.miR.2355.5p, 1_hsa.miR.23b.3p, 1_hsa.miR.24.1.5p, 1_hsa.miR.296.3p, 1_hsa.miR.30e.3p, 1_hsa.miR.34c.3p, 1_hsa.miR.425.3p, 1_hsa.miR.451a, 1_hsa.miR.486.5p, 1_hsa.miR.671.5p, 1_hsa.miR.96.5p]

BEST SUMS WITH SIZE 100
Number of solutions = 100
Features in hall of fame by prevalence:
41 features: [0_ajcc_pathologic_tumor_stage_Stage IV, 0_ajcc_pathologic_tumor_stage_Stage I, 1_hsa.miR.144.5p, 1_hsa.miR.107, 1_hsa.miR.10b.3p, 1_hsa.miR.10b.5p, 1_hsa.miR.21.5p, 1_hsa.miR.101.3p, 1_hsa.miR.1248, 1_hsa.miR.144.3p, 1_hsa.miR.149.5p, 1_hsa.miR.192.5p, 1_hsa.miR.194.3p, 1_hsa.miR.194.5p, 1_hsa.miR.215.5p, 1_hsa.miR.222.3p, 1_hsa.miR.2355.5p, 1_hsa.miR.296.5p, 1_hsa.miR.30e.3p, 1_hsa.miR.34c.5p, 1_hsa.miR.486.5p, 1_hsa.miR.671.5p, 1_hsa.miR.7704, 1_hsa.miR.92b.3p, 0_age_at_initial_pathologic_diagnosis, 1_hsa.miR.130b.3p, 1_hsa.miR.139.5p, 1_hsa.miR.1468.5p, 1_hsa.miR.146b.5p, 1_hsa.miR.190a.5p, 1_hsa.miR.21.3p, 1_hsa.miR.34c.3p, 1_hsa.miR.425.3p, 1_hsa.miR.451a, 1_hsa.miR.181a.2.3p, 1_hsa.miR.183.5p, 1_hsa.miR.204.3p, 1_hsa.miR.23b.3p, 1_hsa.miR.24.1.5p, 1_hsa.miR.296.3p, 1_hsa.miR.96.5p]

STARTING SWEEP NUMBER 3
folds_creator_seed = 34315467

ASSIGNING STRATA FOR MULTI-OUTCOME DATA KIRC_MV
Assigning strata for outcome named survival of type survival
Counts:
censored 0: 57
censored 1: 122
deceased 0: 36
deceased 1: 35
ga_runner_seed = 2034722393
VIEW: CLINIC
   	     	         	        	   survival SKSurv Cox model concordance index   	             root leanness              
   	     	         	        	-------------------------------------------------	----------------------------------------
gen	evals	gen_feats	explored	min	avg     	max     	std                  	min	avg     	max	std     
0  	0    	3        	3       	0.5	0.707977	0.751595	0.0654426            	0.5	0.615906	1  	0.125138
1  	329  	3        	3       	0.5	0.670785	0.751595	0.0832692            	0.5	0.666929	1  	0.156648
2  	343  	3        	3       	0.5	0.665867	0.751595	0.0785957            	0.5	0.669387	1  	0.145216
3  	352  	3        	3       	0.5	0.665867	0.751595	0.0785957            	0.5	0.669387	1  	0.145216
4  	358  	3        	3       	0.5	0.665867	0.751595	0.0785957            	0.5	0.669387	1  	0.145216
5  	367  	3        	3       	0.5	0.665867	0.751595	0.0785957            	0.5	0.669387	1  	0.145216
6  	333  	3        	3       	0.5	0.665867	0.751595	0.0785957            	0.5	0.669387	1  	0.145216
7  	334  	3        	3       	0.5	0.665867	0.751595	0.0785957            	0.5	0.669387	1  	0.145216
8  	344  	3        	3       	0.5	0.665867	0.751595	0.0785957            	0.5	0.669387	1  	0.145216
9  	340  	3        	3       	0.5	0.665867	0.751595	0.0785957            	0.5	0.669387	1  	0.145216
10 	340  	3        	3       	0.5	0.665867	0.751595	0.0785957            	0.5	0.669387	1  	0.145216
11 	343  	3        	3       	0.5	0.665867	0.751595	0.0785957            	0.5	0.669387	1  	0.145216
12 	338  	3        	3       	0.5	0.665867	0.751595	0.0785957            	0.5	0.669387	1  	0.145216
13 	332  	3        	3       	0.5	0.665867	0.751595	0.0785957            	0.5	0.669387	1  	0.145216
14 	323  	3        	3       	0.5	0.665867	0.751595	0.0785957            	0.5	0.669387	1  	0.145216
15 	345  	3        	3       	0.5	0.665867	0.751595	0.0785957            	0.5	0.669387	1  	0.145216
16 	319  	3        	3       	0.5	0.665867	0.751595	0.0785957            	0.5	0.669387	1  	0.145216
17 	361  	3        	3       	0.5	0.665867	0.751595	0.0785957            	0.5	0.669387	1  	0.145216
18 	359  	3        	3       	0.5	0.665867	0.751595	0.0785957            	0.5	0.669387	1  	0.145216
19 	334  	3        	3       	0.5	0.665867	0.751595	0.0785957            	0.5	0.669387	1  	0.145216
20 	331  	3        	3       	0.5	0.665867	0.751595	0.0785957            	0.5	0.669387	1  	0.145216
21 	343  	3        	3       	0.5	0.665867	0.751595	0.0785957            	0.5	0.669387	1  	0.145216
22 	331  	3        	3       	0.5	0.665867	0.751595	0.0785957            	0.5	0.669387	1  	0.145216
23 	340  	3        	3       	0.5	0.665867	0.751595	0.0785957            	0.5	0.669387	1  	0.145216
24 	335  	3        	3       	0.5	0.665867	0.751595	0.0785957            	0.5	0.669387	1  	0.145216
25 	358  	3        	3       	0.5	0.665867	0.751595	0.0785957            	0.5	0.669387	1  	0.145216
26 	360  	3        	3       	0.5	0.665867	0.751595	0.0785957            	0.5	0.669387	1  	0.145216
27 	341  	3        	3       	0.5	0.665867	0.751595	0.0785957            	0.5	0.669387	1  	0.145216
28 	338  	3        	3       	0.5	0.665867	0.751595	0.0785957            	0.5	0.669387	1  	0.145216
29 	341  	3        	3       	0.5	0.665867	0.751595	0.0785957            	0.5	0.669387	1  	0.145216
30 	333  	3        	3       	0.5	0.665867	0.751595	0.0785957            	0.5	0.669387	1  	0.145216
31 	339  	3        	3       	0.5	0.665867	0.751595	0.0785957            	0.5	0.669387	1  	0.145216
32 	339  	3        	3       	0.5	0.665867	0.751595	0.0785957            	0.5	0.669387	1  	0.145216
33 	341  	3        	3       	0.5	0.665867	0.751595	0.0785957            	0.5	0.669387	1  	0.145216
34 	329  	3        	3       	0.5	0.665867	0.751595	0.0785957            	0.5	0.669387	1  	0.145216
35 	318  	3        	3       	0.5	0.665867	0.751595	0.0785957            	0.5	0.669387	1  	0.145216
36 	334  	3        	3       	0.5	0.665867	0.751595	0.0785957            	0.5	0.669387	1  	0.145216
37 	343  	3        	3       	0.5	0.665867	0.751595	0.0785957            	0.5	0.669387	1  	0.145216
38 	327  	3        	3       	0.5	0.665867	0.751595	0.0785957            	0.5	0.669387	1  	0.145216
39 	348  	3        	3       	0.5	0.665867	0.751595	0.0785957            	0.5	0.669387	1  	0.145216
40 	345  	3        	3       	0.5	0.665867	0.751595	0.0785957            	0.5	0.669387	1  	0.145216
41 	318  	3        	3       	0.5	0.665867	0.751595	0.0785957            	0.5	0.669387	1  	0.145216
42 	355  	3        	3       	0.5	0.665867	0.751595	0.0785957            	0.5	0.669387	1  	0.145216
43 	355  	3        	3       	0.5	0.665867	0.751595	0.0785957            	0.5	0.669387	1  	0.145216
44 	340  	3        	3       	0.5	0.665867	0.751595	0.0785957            	0.5	0.669387	1  	0.145216
45 	350  	3        	3       	0.5	0.665867	0.751595	0.0785957            	0.5	0.669387	1  	0.145216
46 	328  	3        	3       	0.5	0.665867	0.751595	0.0785957            	0.5	0.669387	1  	0.145216
47 	338  	3        	3       	0.5	0.665867	0.751595	0.0785957            	0.5	0.669387	1  	0.145216
48 	329  	3        	3       	0.5	0.665867	0.751595	0.0785957            	0.5	0.669387	1  	0.145216
49 	323  	3        	3       	0.5	0.665867	0.751595	0.0785957            	0.5	0.669387	1  	0.145216

ASSIGNING STRATA FOR MULTI-OUTCOME DATA KIRC_MV
Assigning strata for outcome named survival of type survival
Counts:
censored 0: 57
censored 1: 122
deceased 0: 36
deceased 1: 35
VIEW: LOG_MIRNA
   	     	         	        	   survival SKSurv Cox model concordance index   	                 root leanness                  
   	     	         	        	-------------------------------------------------	------------------------------------------------
gen	evals	gen_feats	explored	min	avg     	max     	std                  	min     	avg     	max	std     
0  	0    	85       	85      	0.5	0.74795 	0.823034	0.0678058            	0.229416	0.435071	1  	0.168987
1  	366  	157      	163     	0.5	0.732316	0.823034	0.0635398            	0.229416	0.400078	1  	0.135968
2  	357  	161      	180     	0.5	0.747401	0.823034	0.051817             	0.229416	0.386624	1  	0.136225
3  	369  	169      	190     	0.5	0.752053	0.823034	0.0497858            	0.213201	0.382718	1  	0.134491
4  	370  	175      	191     	0.5	0.754556	0.823034	0.0487404            	0.213201	0.381479	1  	0.132836
5  	392  	167      	191     	0.5	0.756087	0.823034	0.0490512            	0.223607	0.380937	1  	0.132892
6  	378  	172      	191     	0.5	0.757167	0.823034	0.0494558            	0.218218	0.381932	1  	0.13234 
7  	377  	167      	191     	0.5	0.757785	0.823034	0.0494327            	0.218218	0.382883	1  	0.13188 
8  	374  	169      	191     	0.5	0.758552	0.823382	0.0493096            	0.218218	0.382828	1  	0.131954
9  	401  	179      	191     	0.5	0.760231	0.823382	0.0488379            	0.218218	0.379699	1  	0.13166 
10 	381  	166      	191     	0.5	0.761034	0.823382	0.0491046            	0.218218	0.379289	1  	0.131964
11 	369  	169      	191     	0.5	0.761925	0.823382	0.0488269            	0.208514	0.377873	1  	0.131652
12 	362  	164      	191     	0.5	0.763507	0.823382	0.049148             	0.208514	0.374947	1  	0.132528
13 	399  	172      	191     	0.5	0.764614	0.823382	0.0489964            	0.208514	0.373014	1  	0.132589
14 	366  	163      	191     	0.5	0.765547	0.824172	0.0489918            	0.208514	0.3711  	1  	0.132626
15 	382  	170      	191     	0.5	0.76645 	0.824172	0.0492273            	0.208514	0.36997 	1  	0.133035
16 	383  	166      	191     	0.5	0.769512	0.826962	0.0486634            	0.2     	0.362437	1  	0.13313 
17 	367  	169      	191     	0.5	0.770344	0.826962	0.0488847            	0.2     	0.360772	1  	0.134281
18 	381  	174      	191     	0.5	0.771957	0.832009	0.048643             	0.2     	0.357582	1  	0.133652
19 	388  	166      	191     	0.5	0.773086	0.832009	0.0488843            	0.2     	0.355058	1  	0.134546
20 	369  	164      	191     	0.5	0.775377	0.832009	0.0479858            	0.196116	0.349348	1  	0.133502
21 	398  	177      	191     	0.5	0.776314	0.832009	0.0483059            	0.196116	0.347746	1  	0.134023
22 	393  	170      	191     	0.5	0.777358	0.832009	0.0486946            	0.196116	0.346427	1  	0.13431 
23 	393  	172      	191     	0.5	0.778529	0.833759	0.0482065            	0.196116	0.344419	1  	0.13289 
24 	383  	175      	191     	0.5	0.777785	0.833759	0.0492916            	0.196116	0.34795 	1  	0.13359 
25 	376  	173      	191     	0.5	0.778443	0.833759	0.049474             	0.2     	0.347161	1  	0.133691
26 	375  	176      	191     	0.5	0.779639	0.833759	0.0488861            	0.2     	0.344827	1  	0.132538
27 	390  	169      	191     	0.5	0.779871	0.833759	0.049044             	0.2     	0.344912	1  	0.132459
28 	375  	166      	191     	0.5	0.78018 	0.833759	0.0491632            	0.2     	0.344761	1  	0.132356
29 	361  	168      	191     	0.5	0.78096 	0.835558	0.0493918            	0.2     	0.343741	1  	0.132654
30 	369  	177      	191     	0.5	0.780985	0.835558	0.0494975            	0.2     	0.34434 	1  	0.132537
31 	378  	171      	191     	0.5	0.781378	0.835558	0.0496232            	0.2     	0.344254	1  	0.132469
32 	368  	169      	191     	0.5	0.781723	0.835558	0.0495933            	0.2     	0.343849	1  	0.132065
33 	365  	176      	191     	0.5	0.782514	0.838311	0.049384             	0.2     	0.342329	1  	0.131571
34 	364  	176      	191     	0.5	0.783246	0.838311	0.0493325            	0.2     	0.341234	1  	0.131331
35 	379  	173      	191     	0.5	0.783511	0.838311	0.0494546            	0.2     	0.341201	1  	0.131361
36 	392  	172      	191     	0.5	0.783809	0.838311	0.0496303            	0.204124	0.340951	1  	0.13154 
37 	354  	170      	191     	0.5	0.784091	0.838311	0.0497312            	0.204124	0.340542	1  	0.131664
38 	400  	174      	191     	0.5	0.784626	0.838311	0.0498144            	0.204124	0.339778	1  	0.131912
39 	384  	176      	191     	0.5	0.785358	0.838311	0.0492479            	0.2     	0.33827 	1  	0.130513
40 	375  	170      	191     	0.5	0.785212	0.838311	0.0500254            	0.204124	0.339197	1  	0.131674
41 	381  	172      	191     	0.5	0.784857	0.838311	0.050195             	0.204124	0.340551	1  	0.131761
42 	379  	172      	191     	0.5	0.785078	0.838311	0.0502787            	0.204124	0.340838	1  	0.131651
43 	368  	180      	191     	0.5	0.78607 	0.842851	0.0503033            	0.204124	0.338761	1  	0.131556
44 	384  	166      	191     	0.5	0.786328	0.842851	0.0505314            	0.204124	0.338501	1  	0.131808
45 	377  	169      	191     	0.5	0.786069	0.842851	0.0504858            	0.204124	0.339533	1  	0.131605
46 	363  	171      	191     	0.5	0.786275	0.844499	0.0507333            	0.204124	0.339493	1  	0.131976
47 	372  	165      	191     	0.5	0.786738	0.844499	0.0508575            	0.204124	0.338759	1  	0.131973
48 	358  	175      	191     	0.5	0.787799	0.844499	0.0503835            	0.2     	0.336388	1  	0.131117
49 	372  	172      	191     	0.5	0.788051	0.844499	0.0505278            	0.204124	0.336216	1  	0.131222

STARTING MASTER RUNNER RESAMPLING
Generations completed = 7
Generations completed = 16
Generations completed = 25
Generations completed = 34
Generations completed = 43
MASTER
   	     	         	        	   survival SKSurv Cox model concordance index   	                 root leanness                  
   	     	         	        	-------------------------------------------------	------------------------------------------------
gen	evals	gen_feats	explored	min	avg     	max     	std                  	min     	avg     	max	std     
0  	500  	128      	128     	0.5	0.751538	0.841575	0.0577826            	0.19245 	0.309745	1  	0.100815
1  	404  	119      	134     	0.5	0.780989	0.841575	0.0417275            	0.196116	0.340271	1  	0.10807 
2  	414  	115      	137     	0.5	0.791607	0.841575	0.0422081            	0.196116	0.334011	1  	0.117648
3  	410  	121      	140     	0.5	0.79562 	0.842401	0.0422297            	0.196116	0.334695	1  	0.121035
4  	402  	113      	141     	0.5	0.797366	0.847126	0.0428044            	0.196116	0.334142	1  	0.122656
5  	389  	117      	141     	0.5	0.797562	0.847126	0.0429899            	0.2     	0.337853	1  	0.122022
6  	413  	115      	141     	0.5	0.798694	0.847126	0.0433025            	0.2     	0.337226	1  	0.12291 
7  	402  	128      	141     	0.5	0.798742	0.847126	0.0436609            	0.2     	0.339448	1  	0.123719
8  	415  	118      	141     	0.5	0.79882 	0.847126	0.0444357            	0.2     	0.340107	1  	0.125083
9  	410  	122      	141     	0.5	0.799236	0.847126	0.0444582            	0.2     	0.33957 	1  	0.125337
10 	406  	115      	141     	0.5	0.798904	0.847126	0.0453028            	0.2     	0.341276	1  	0.12722 
11 	406  	116      	141     	0.5	0.799195	0.847126	0.0459328            	0.2     	0.340731	1  	0.127628
12 	397  	121      	141     	0.5	0.799032	0.847126	0.0464251            	0.2     	0.341613	1  	0.128653
13 	417  	120      	141     	0.5	0.798683	0.847126	0.0467759            	0.2     	0.343064	1  	0.129245
14 	411  	116      	141     	0.5	0.798409	0.847126	0.0472386            	0.2     	0.343901	1  	0.130241
15 	407  	114      	141     	0.5	0.798472	0.847126	0.04725              	0.2     	0.343939	1  	0.130204
16 	398  	118      	141     	0.5	0.798574	0.847126	0.0472785            	0.2     	0.343853	1  	0.130247
17 	410  	119      	141     	0.5	0.798322	0.847126	0.0480293            	0.2     	0.344639	1  	0.131249
18 	395  	116      	141     	0.5	0.79848 	0.847126	0.0480918            	0.2     	0.344355	1  	0.13143 
19 	392  	121      	141     	0.5	0.798498	0.847126	0.0480859            	0.2     	0.344479	1  	0.131381
20 	398  	121      	141     	0.5	0.798632	0.847126	0.0480907            	0.2     	0.344386	1  	0.131442
21 	402  	123      	141     	0.5	0.798686	0.847126	0.0481143            	0.2     	0.344352	1  	0.131465
22 	423  	116      	141     	0.5	0.798381	0.847126	0.0487084            	0.2     	0.345125	1  	0.132489
23 	413  	121      	141     	0.5	0.798459	0.847126	0.0487453            	0.2     	0.344885	1  	0.132619
24 	400  	114      	141     	0.5	0.79845 	0.847126	0.0487395            	0.2     	0.345038	1  	0.132532
25 	404  	122      	141     	0.5	0.798613	0.847126	0.0487088            	0.2     	0.344641	1  	0.1326  
26 	402  	117      	141     	0.5	0.798801	0.847126	0.0485724            	0.2     	0.344144	1  	0.132225
27 	413  	110      	141     	0.5	0.798619	0.847126	0.0487245            	0.2     	0.344681	1  	0.132642
28 	415  	116      	141     	0.5	0.798442	0.847126	0.0492573            	0.2     	0.344891	1  	0.133215
29 	399  	116      	141     	0.5	0.798367	0.847126	0.0493813            	0.2     	0.345077	1  	0.133417
30 	405  	118      	141     	0.5	0.798338	0.847126	0.049406             	0.2     	0.345183	1  	0.133519
31 	410  	120      	141     	0.5	0.798554	0.847126	0.0492963            	0.2     	0.344533	1  	0.133292
32 	405  	113      	141     	0.5	0.798569	0.847126	0.0493017            	0.2     	0.344582	1  	0.1333  
33 	411  	119      	141     	0.5	0.798433	0.847126	0.0496104            	0.2     	0.344879	1  	0.134036
34 	412  	125      	141     	0.5	0.798805	0.847126	0.0488368            	0.2     	0.344337	1  	0.13312 
35 	415  	124      	141     	0.5	0.798721	0.847126	0.0489791            	0.2     	0.344488	1  	0.133418
36 	392  	122      	141     	0.5	0.798745	0.847126	0.0488738            	0.2     	0.34452 	1  	0.133271
37 	415  	118      	141     	0.5	0.798745	0.847126	0.0488738            	0.2     	0.34452 	1  	0.133271
38 	395  	114      	141     	0.5	0.798673	0.847126	0.0490055            	0.2     	0.344597	1  	0.133448
39 	406  	120      	141     	0.5	0.79884 	0.847126	0.048834             	0.2     	0.344228	1  	0.13309 
40 	397  	119      	141     	0.5	0.798927	0.847126	0.0488755            	0.2     	0.343968	1  	0.133199
41 	412  	118      	141     	0.5	0.798703	0.847126	0.0488663            	0.2     	0.344851	1  	0.133094
42 	394  	116      	141     	0.5	0.798703	0.847126	0.0488663            	0.2     	0.344851	1  	0.133094
43 	412  	114      	141     	0.5	0.798219	0.847126	0.0488988            	0.208514	0.346599	1  	0.132924
44 	421  	124      	141     	0.5	0.798279	0.847126	0.0489236            	0.208514	0.346426	1  	0.13302 
45 	418  	115      	141     	0.5	0.79828 	0.847126	0.0489241            	0.208514	0.346426	1  	0.13302 
46 	404  	117      	141     	0.5	0.797814	0.847126	0.0496905            	0.208514	0.347381	1  	0.133889
47 	415  	119      	141     	0.5	0.797814	0.847126	0.0496905            	0.208514	0.347381	1  	0.133889
48 	417  	116      	141     	0.5	0.797714	0.847126	0.0496543            	0.208514	0.347694	1  	0.133731
49 	416  	113      	141     	0.5	0.797766	0.847126	0.0496668            	0.208514	0.347542	1  	0.133803

CURRENT HALLS OF FAME

PARETO FRONT
Number of solutions = 18
(0.8471258893447651, 0.22941573387056177) 18 features: [0_age_at_initial_pathologic_diagnosis, 0_ajcc_pathologic_tumor_stage_Stage IV, 1_hsa.miR.107, 1_hsa.miR.10b.3p, 1_hsa.miR.1248, 1_hsa.miR.144.5p, 1_hsa.miR.149.5p, 1_hsa.miR.184, 1_hsa.miR.191.5p, 1_hsa.miR.204.5p, 1_hsa.miR.2355.5p, 1_hsa.miR.296.5p, 1_hsa.miR.34c.3p, 1_hsa.miR.365a.3p, 1_hsa.miR.6720.3p, 1_hsa.miR.7704, 1_hsa.miR.92b.3p, 1_hsa.miR.302b.3p]
(0.8449209427964784, 0.23570226039551584) 17 features: [0_ajcc_pathologic_tumor_stage_Stage IV, 1_hsa.miR.107, 1_hsa.miR.10b.3p, 1_hsa.miR.1248, 1_hsa.miR.139.5p, 1_hsa.miR.144.5p, 1_hsa.miR.149.5p, 1_hsa.miR.184, 1_hsa.miR.204.5p, 1_hsa.miR.2355.5p, 1_hsa.miR.296.5p, 1_hsa.miR.34c.3p, 1_hsa.miR.365a.3p, 1_hsa.miR.6720.3p, 1_hsa.miR.7704, 1_hsa.miR.92b.3p, 1_hsa.miR.302b.3p]
(0.8420629376039978, 0.24253562503633297) 16 features: [0_age_at_initial_pathologic_diagnosis, 0_ajcc_pathologic_tumor_stage_Stage I, 0_ajcc_pathologic_tumor_stage_Stage IV, 1_hsa.miR.107, 1_hsa.miR.144.5p, 1_hsa.miR.183.5p, 1_hsa.miR.184, 1_hsa.miR.194.3p, 1_hsa.miR.204.5p, 1_hsa.miR.296.5p, 1_hsa.miR.34c.3p, 1_hsa.miR.411.3p, 1_hsa.miR.6720.3p, 1_hsa.miR.7704, 1_hsa.miR.92b.3p, 1_hsa.miR.302b.3p]
(0.8395406873642739, 0.25) 15 features: [0_ajcc_pathologic_tumor_stage_Stage IV, 1_hsa.miR.107, 1_hsa.miR.10b.3p, 1_hsa.miR.144.5p, 1_hsa.miR.149.5p, 1_hsa.miR.184, 1_hsa.miR.204.5p, 1_hsa.miR.2355.5p, 1_hsa.miR.296.5p, 1_hsa.miR.34c.3p, 1_hsa.miR.365a.3p, 1_hsa.miR.6720.3p, 1_hsa.miR.7704, 1_hsa.miR.92b.3p, 1_hsa.miR.302b.3p]
(0.8323456489912625, 0.2581988897471611) 14 features: [0_age_at_initial_pathologic_diagnosis, 0_ajcc_pathologic_tumor_stage_Stage IV, 1_hsa.miR.107, 1_hsa.miR.144.5p, 1_hsa.miR.184, 1_hsa.miR.204.5p, 1_hsa.miR.2355.5p, 1_hsa.miR.34c.3p, 1_hsa.miR.365a.3p, 1_hsa.miR.6720.3p, 1_hsa.miR.7704, 1_hsa.miR.92b.3p, 1_hsa.miR.302b.3p, 1_hsa.miR.372.3p]
(0.8291978275107965, 0.2672612419124244) 13 features: [0_ajcc_pathologic_tumor_stage_Stage IV, 1_hsa.miR.107, 1_hsa.miR.144.5p, 1_hsa.miR.184, 1_hsa.miR.204.5p, 1_hsa.miR.2355.5p, 1_hsa.miR.34c.3p, 1_hsa.miR.365a.3p, 1_hsa.miR.6720.3p, 1_hsa.miR.7704, 1_hsa.miR.92b.3p, 1_hsa.miR.302b.3p, 1_hsa.miR.372.3p]
(0.828079097340809, 0.2773500981126146) 12 features: [0_age_at_initial_pathologic_diagnosis, 0_ajcc_pathologic_tumor_stage_Stage IV, 1_hsa.miR.107, 1_hsa.miR.1248, 1_hsa.miR.1254, 1_hsa.miR.149.5p, 1_hsa.miR.222.3p, 1_hsa.miR.34c.3p, 1_hsa.miR.3615, 1_hsa.miR.7704, 1_hsa.miR.92b.3p, 1_hsa.miR.372.3p]
(0.8255693722717048, 0.30151134457776363) 10 features: [0_age_at_initial_pathologic_diagnosis, 0_ajcc_pathologic_tumor_stage_Stage I, 0_ajcc_pathologic_tumor_stage_Stage IV, 1_hsa.miR.107, 1_hsa.miR.149.5p, 1_hsa.miR.31.5p, 1_hsa.miR.34c.3p, 1_hsa.miR.6503.5p, 1_hsa.miR.7704, 1_hsa.miR.92b.3p]
(0.8226132675437242, 0.31622776601683794) 9 features: [0_age_at_initial_pathologic_diagnosis, 0_ajcc_pathologic_tumor_stage_Stage IV, 1_hsa.miR.107, 1_hsa.miR.149.5p, 1_hsa.miR.31.5p, 1_hsa.miR.34c.3p, 1_hsa.miR.6503.5p, 1_hsa.miR.7704, 1_hsa.miR.92b.3p]
(0.8168611462396939, 0.3333333333333333) 8 features: [0_age_at_initial_pathologic_diagnosis, 0_ajcc_pathologic_tumor_stage_Stage I, 0_ajcc_pathologic_tumor_stage_Stage IV, 1_hsa.miR.107, 1_hsa.miR.149.5p, 1_hsa.miR.3614.5p, 1_hsa.miR.425.3p, 1_hsa.miR.7704]
(0.8162863873675303, 0.3535533905932738) 7 features: [0_age_at_initial_pathologic_diagnosis, 0_ajcc_pathologic_tumor_stage_Stage IV, 1_hsa.miR.107, 1_hsa.miR.149.5p, 1_hsa.miR.3614.5p, 1_hsa.miR.425.3p, 1_hsa.miR.7704]
(0.8091223615996287, 0.3779644730092272) 6 features: [0_age_at_initial_pathologic_diagnosis, 0_ajcc_pathologic_tumor_stage_Stage IV, 1_hsa.miR.107, 1_hsa.miR.34c.3p, 1_hsa.miR.7704, 1_hsa.miR.92b.3p]
(0.8001762193670379, 0.408248290463863) 5 features: [0_age_at_initial_pathologic_diagnosis, 0_ajcc_pathologic_tumor_stage_Stage IV, 1_hsa.miR.107, 1_hsa.miR.149.5p, 1_hsa.miR.7704]
(0.790839760842538, 0.4472135954999579) 4 features: [0_ajcc_pathologic_tumor_stage_Stage IV, 1_hsa.miR.107, 1_hsa.miR.10b.5p, 1_hsa.miR.7704]
(0.7733782689749714, 0.5) [0_ajcc_pathologic_tumor_stage_Stage IV, 1_hsa.miR.6503.5p, 1_hsa.miR.92b.3p]
(0.7515874906637231, 0.5773502691896257) [0_ajcc_pathologic_tumor_stage_Stage IV, 1_hsa.miR.92b.3p]
(0.6769244253508093, 0.7071067811865476) [1_hsa.miR.92b.3p]
(0.5, 1.0) []
Features in hall of fame by prevalence:
32 features: [0_ajcc_pathologic_tumor_stage_Stage IV, 1_hsa.miR.107, 1_hsa.miR.7704, 1_hsa.miR.92b.3p, 0_age_at_initial_pathologic_diagnosis, 1_hsa.miR.34c.3p, 1_hsa.miR.149.5p, 1_hsa.miR.144.5p, 1_hsa.miR.184, 1_hsa.miR.204.5p, 1_hsa.miR.6720.3p, 1_hsa.miR.302b.3p, 1_hsa.miR.2355.5p, 1_hsa.miR.365a.3p, 1_hsa.miR.296.5p, 0_ajcc_pathologic_tumor_stage_Stage I, 1_hsa.miR.10b.3p, 1_hsa.miR.1248, 1_hsa.miR.6503.5p, 1_hsa.miR.372.3p, 1_hsa.miR.31.5p, 1_hsa.miR.3614.5p, 1_hsa.miR.425.3p, 1_hsa.miR.10b.5p, 1_hsa.miR.1254, 1_hsa.miR.139.5p, 1_hsa.miR.183.5p, 1_hsa.miR.191.5p, 1_hsa.miR.194.3p, 1_hsa.miR.222.3p, 1_hsa.miR.3615, 1_hsa.miR.411.3p]

LAST POPULATION
Number of solutions = 500
Features in hall of fame by prevalence:
98 features: [0_ajcc_pathologic_tumor_stage_Stage IV, 1_hsa.miR.7704, 1_hsa.miR.107, 1_hsa.miR.92b.3p, 1_hsa.miR.34c.3p, 0_age_at_initial_pathologic_diagnosis, 1_hsa.miR.184, 1_hsa.miR.204.5p, 1_hsa.miR.10b.3p, 1_hsa.miR.149.5p, 1_hsa.miR.302b.3p, 1_hsa.miR.144.5p, 0_ajcc_pathologic_tumor_stage_Stage I, 1_hsa.miR.2355.5p, 1_hsa.miR.6720.3p, 1_hsa.miR.365a.3p, 1_hsa.miR.296.5p, 1_hsa.miR.1248, 1_hsa.miR.3614.5p, 1_hsa.miR.10b.5p, 1_hsa.miR.6503.5p, 1_hsa.miR.139.5p, 1_hsa.miR.194.3p, 1_hsa.miR.191.5p, 1_hsa.miR.425.3p, 1_hsa.miR.27b.3p, 1_hsa.miR.95.3p, 1_hsa.miR.671.5p, 1_hsa.miR.372.3p, 1_hsa.miR.183.5p, 1_hsa.miR.3607.3p, 1_hsa.miR.132.5p, 1_hsa.miR.1179, 1_hsa.miR.143.5p, 1_hsa.let.7b.3p, 1_hsa.miR.1254, 1_hsa.miR.34b.5p, 1_hsa.miR.99b.5p, 1_hsa.miR.101.3p, 1_hsa.miR.1269a, 1_hsa.miR.21.5p, 1_hsa.miR.215.5p, 1_hsa.miR.202.5p, 1_hsa.miR.486.5p, 1_hsa.miR.34c.5p, 1_hsa.miR.1251.5p, 1_hsa.miR.193b.5p, 1_hsa.miR.24.1.5p, 1_hsa.miR.505.5p, 1_hsa.miR.96.5p, 1_hsa.miR.3648, 1_hsa.miR.451a, 1_hsa.miR.130b.5p, 1_hsa.miR.18a.5p, 1_hsa.miR.27b.5p, 1_hsa.miR.3615, 1_hsa.miR.502.3p, 1_hsa.miR.625.3p, 1_hsa.miR.656.3p, 1_hsa.miR.513c.3p, 1_hsa.miR.130a.5p, 1_hsa.miR.182.5p, 1_hsa.miR.192.5p, 1_hsa.miR.31.5p, 1_hsa.miR.338.5p, 1_hsa.miR.130b.3p, 1_hsa.miR.144.3p, 1_hsa.miR.149.3p, 1_hsa.miR.190a.5p, 1_hsa.miR.193b.3p, 1_hsa.miR.222.3p, 1_hsa.miR.223.3p, 1_hsa.miR.23b.3p, 1_hsa.miR.30e.3p, 1_hsa.miR.362.3p, 1_hsa.miR.376b.5p, 1_hsa.miR.425.5p, 1_hsa.miR.4662a.5p, 1_hsa.miR.485.5p, 1_hsa.miR.655.3p, 1_hsa.let.7b.5p, 1_hsa.miR.101.5p, 1_hsa.miR.1197, 1_hsa.miR.1293, 1_hsa.miR.135b.5p, 1_hsa.miR.181a.2.3p, 1_hsa.miR.21.3p, 1_hsa.miR.221.3p, 1_hsa.miR.3130.5p, 1_hsa.miR.331.5p, 1_hsa.miR.4326, 1_hsa.miR.4461, 1_hsa.miR.485.3p, 1_hsa.miR.539.3p, 1_hsa.miR.590.3p, 1_hsa.miR.7.5p, 1_hsa.miR.99b.3p, 1_hsa.miR.519a.5p]

BEST SUMS WITH SIZE 50
Number of solutions = 50
Features in hall of fame by prevalence:
40 features: [0_ajcc_pathologic_tumor_stage_Stage IV, 0_age_at_initial_pathologic_diagnosis, 1_hsa.miR.107, 1_hsa.miR.10b.3p, 1_hsa.miR.194.3p, 1_hsa.miR.21.3p, 1_hsa.miR.21.5p, 1_hsa.miR.296.5p, 1_hsa.miR.7704, 1_hsa.miR.92b.3p, 0_ajcc_pathologic_tumor_stage_Stage I, 1_hsa.miR.101.3p, 1_hsa.miR.10b.5p, 1_hsa.miR.1248, 1_hsa.miR.130b.3p, 1_hsa.miR.139.5p, 1_hsa.miR.144.3p, 1_hsa.miR.144.5p, 1_hsa.miR.146b.5p, 1_hsa.miR.149.5p, 1_hsa.miR.183.5p, 1_hsa.miR.190a.5p, 1_hsa.miR.192.5p, 1_hsa.miR.194.5p, 1_hsa.miR.204.3p, 1_hsa.miR.215.5p, 1_hsa.miR.221.3p, 1_hsa.miR.222.3p, 1_hsa.miR.2355.5p, 1_hsa.miR.23b.3p, 1_hsa.miR.24.1.5p, 1_hsa.miR.296.3p, 1_hsa.miR.30e.3p, 1_hsa.miR.34c.3p, 1_hsa.miR.34c.5p, 1_hsa.miR.425.3p, 1_hsa.miR.451a, 1_hsa.miR.486.5p, 1_hsa.miR.671.5p, 1_hsa.miR.96.5p]

BEST SUMS WITH SIZE 100
Number of solutions = 100
Features in hall of fame by prevalence:
42 features: [0_ajcc_pathologic_tumor_stage_Stage IV, 0_ajcc_pathologic_tumor_stage_Stage I, 1_hsa.miR.144.5p, 1_hsa.miR.107, 1_hsa.miR.10b.3p, 1_hsa.miR.10b.5p, 1_hsa.miR.21.5p, 1_hsa.miR.101.3p, 1_hsa.miR.1248, 1_hsa.miR.144.3p, 1_hsa.miR.149.5p, 1_hsa.miR.192.5p, 1_hsa.miR.194.3p, 1_hsa.miR.194.5p, 1_hsa.miR.215.5p, 1_hsa.miR.2355.5p, 1_hsa.miR.296.5p, 1_hsa.miR.30e.3p, 1_hsa.miR.34c.5p, 1_hsa.miR.486.5p, 1_hsa.miR.671.5p, 1_hsa.miR.7704, 1_hsa.miR.92b.3p, 0_age_at_initial_pathologic_diagnosis, 1_hsa.miR.130b.3p, 1_hsa.miR.139.5p, 1_hsa.miR.1468.5p, 1_hsa.miR.146b.5p, 1_hsa.miR.190a.5p, 1_hsa.miR.21.3p, 1_hsa.miR.222.3p, 1_hsa.miR.34c.3p, 1_hsa.miR.425.3p, 1_hsa.miR.451a, 1_hsa.miR.181a.2.3p, 1_hsa.miR.183.5p, 1_hsa.miR.204.3p, 1_hsa.miR.221.3p, 1_hsa.miR.23b.3p, 1_hsa.miR.24.1.5p, 1_hsa.miR.296.3p, 1_hsa.miR.96.5p]
Optimization on fold finished in 00-09:33:58

FEATURE SETS SELECTED

PARETO FRONT
Number of solutions = 18
(0.8471258893447651, 0.22941573387056177) 18 features: [0_age_at_initial_pathologic_diagnosis, 0_ajcc_pathologic_tumor_stage_Stage IV, 1_hsa.miR.107, 1_hsa.miR.10b.3p, 1_hsa.miR.1248, 1_hsa.miR.144.5p, 1_hsa.miR.149.5p, 1_hsa.miR.184, 1_hsa.miR.191.5p, 1_hsa.miR.204.5p, 1_hsa.miR.2355.5p, 1_hsa.miR.296.5p, 1_hsa.miR.34c.3p, 1_hsa.miR.365a.3p, 1_hsa.miR.6720.3p, 1_hsa.miR.7704, 1_hsa.miR.92b.3p, 1_hsa.miR.302b.3p]
(0.8449209427964784, 0.23570226039551584) 17 features: [0_ajcc_pathologic_tumor_stage_Stage IV, 1_hsa.miR.107, 1_hsa.miR.10b.3p, 1_hsa.miR.1248, 1_hsa.miR.139.5p, 1_hsa.miR.144.5p, 1_hsa.miR.149.5p, 1_hsa.miR.184, 1_hsa.miR.204.5p, 1_hsa.miR.2355.5p, 1_hsa.miR.296.5p, 1_hsa.miR.34c.3p, 1_hsa.miR.365a.3p, 1_hsa.miR.6720.3p, 1_hsa.miR.7704, 1_hsa.miR.92b.3p, 1_hsa.miR.302b.3p]
(0.8420629376039978, 0.24253562503633297) 16 features: [0_age_at_initial_pathologic_diagnosis, 0_ajcc_pathologic_tumor_stage_Stage I, 0_ajcc_pathologic_tumor_stage_Stage IV, 1_hsa.miR.107, 1_hsa.miR.144.5p, 1_hsa.miR.183.5p, 1_hsa.miR.184, 1_hsa.miR.194.3p, 1_hsa.miR.204.5p, 1_hsa.miR.296.5p, 1_hsa.miR.34c.3p, 1_hsa.miR.411.3p, 1_hsa.miR.6720.3p, 1_hsa.miR.7704, 1_hsa.miR.92b.3p, 1_hsa.miR.302b.3p]
(0.8395406873642739, 0.25) 15 features: [0_ajcc_pathologic_tumor_stage_Stage IV, 1_hsa.miR.107, 1_hsa.miR.10b.3p, 1_hsa.miR.144.5p, 1_hsa.miR.149.5p, 1_hsa.miR.184, 1_hsa.miR.204.5p, 1_hsa.miR.2355.5p, 1_hsa.miR.296.5p, 1_hsa.miR.34c.3p, 1_hsa.miR.365a.3p, 1_hsa.miR.6720.3p, 1_hsa.miR.7704, 1_hsa.miR.92b.3p, 1_hsa.miR.302b.3p]
(0.8323456489912625, 0.2581988897471611) 14 features: [0_age_at_initial_pathologic_diagnosis, 0_ajcc_pathologic_tumor_stage_Stage IV, 1_hsa.miR.107, 1_hsa.miR.144.5p, 1_hsa.miR.184, 1_hsa.miR.204.5p, 1_hsa.miR.2355.5p, 1_hsa.miR.34c.3p, 1_hsa.miR.365a.3p, 1_hsa.miR.6720.3p, 1_hsa.miR.7704, 1_hsa.miR.92b.3p, 1_hsa.miR.302b.3p, 1_hsa.miR.372.3p]
(0.8291978275107965, 0.2672612419124244) 13 features: [0_ajcc_pathologic_tumor_stage_Stage IV, 1_hsa.miR.107, 1_hsa.miR.144.5p, 1_hsa.miR.184, 1_hsa.miR.204.5p, 1_hsa.miR.2355.5p, 1_hsa.miR.34c.3p, 1_hsa.miR.365a.3p, 1_hsa.miR.6720.3p, 1_hsa.miR.7704, 1_hsa.miR.92b.3p, 1_hsa.miR.302b.3p, 1_hsa.miR.372.3p]
(0.828079097340809, 0.2773500981126146) 12 features: [0_age_at_initial_pathologic_diagnosis, 0_ajcc_pathologic_tumor_stage_Stage IV, 1_hsa.miR.107, 1_hsa.miR.1248, 1_hsa.miR.1254, 1_hsa.miR.149.5p, 1_hsa.miR.222.3p, 1_hsa.miR.34c.3p, 1_hsa.miR.3615, 1_hsa.miR.7704, 1_hsa.miR.92b.3p, 1_hsa.miR.372.3p]
(0.8255693722717048, 0.30151134457776363) 10 features: [0_age_at_initial_pathologic_diagnosis, 0_ajcc_pathologic_tumor_stage_Stage I, 0_ajcc_pathologic_tumor_stage_Stage IV, 1_hsa.miR.107, 1_hsa.miR.149.5p, 1_hsa.miR.31.5p, 1_hsa.miR.34c.3p, 1_hsa.miR.6503.5p, 1_hsa.miR.7704, 1_hsa.miR.92b.3p]
(0.8226132675437242, 0.31622776601683794) 9 features: [0_age_at_initial_pathologic_diagnosis, 0_ajcc_pathologic_tumor_stage_Stage IV, 1_hsa.miR.107, 1_hsa.miR.149.5p, 1_hsa.miR.31.5p, 1_hsa.miR.34c.3p, 1_hsa.miR.6503.5p, 1_hsa.miR.7704, 1_hsa.miR.92b.3p]
(0.8168611462396939, 0.3333333333333333) 8 features: [0_age_at_initial_pathologic_diagnosis, 0_ajcc_pathologic_tumor_stage_Stage I, 0_ajcc_pathologic_tumor_stage_Stage IV, 1_hsa.miR.107, 1_hsa.miR.149.5p, 1_hsa.miR.3614.5p, 1_hsa.miR.425.3p, 1_hsa.miR.7704]
(0.8162863873675303, 0.3535533905932738) 7 features: [0_age_at_initial_pathologic_diagnosis, 0_ajcc_pathologic_tumor_stage_Stage IV, 1_hsa.miR.107, 1_hsa.miR.149.5p, 1_hsa.miR.3614.5p, 1_hsa.miR.425.3p, 1_hsa.miR.7704]
(0.8091223615996287, 0.3779644730092272) 6 features: [0_age_at_initial_pathologic_diagnosis, 0_ajcc_pathologic_tumor_stage_Stage IV, 1_hsa.miR.107, 1_hsa.miR.34c.3p, 1_hsa.miR.7704, 1_hsa.miR.92b.3p]
(0.8001762193670379, 0.408248290463863) 5 features: [0_age_at_initial_pathologic_diagnosis, 0_ajcc_pathologic_tumor_stage_Stage IV, 1_hsa.miR.107, 1_hsa.miR.149.5p, 1_hsa.miR.7704]
(0.790839760842538, 0.4472135954999579) 4 features: [0_ajcc_pathologic_tumor_stage_Stage IV, 1_hsa.miR.107, 1_hsa.miR.10b.5p, 1_hsa.miR.7704]
(0.7733782689749714, 0.5) [0_ajcc_pathologic_tumor_stage_Stage IV, 1_hsa.miR.6503.5p, 1_hsa.miR.92b.3p]
(0.7515874906637231, 0.5773502691896257) [0_ajcc_pathologic_tumor_stage_Stage IV, 1_hsa.miR.92b.3p]
(0.6769244253508093, 0.7071067811865476) [1_hsa.miR.92b.3p]
(0.5, 1.0) []
Features in hall of fame by prevalence:
32 features: [0_ajcc_pathologic_tumor_stage_Stage IV, 1_hsa.miR.107, 1_hsa.miR.7704, 1_hsa.miR.92b.3p, 0_age_at_initial_pathologic_diagnosis, 1_hsa.miR.34c.3p, 1_hsa.miR.149.5p, 1_hsa.miR.144.5p, 1_hsa.miR.184, 1_hsa.miR.204.5p, 1_hsa.miR.6720.3p, 1_hsa.miR.302b.3p, 1_hsa.miR.2355.5p, 1_hsa.miR.365a.3p, 1_hsa.miR.296.5p, 0_ajcc_pathologic_tumor_stage_Stage I, 1_hsa.miR.10b.3p, 1_hsa.miR.1248, 1_hsa.miR.6503.5p, 1_hsa.miR.372.3p, 1_hsa.miR.31.5p, 1_hsa.miR.3614.5p, 1_hsa.miR.425.3p, 1_hsa.miR.10b.5p, 1_hsa.miR.1254, 1_hsa.miR.139.5p, 1_hsa.miR.183.5p, 1_hsa.miR.191.5p, 1_hsa.miR.194.3p, 1_hsa.miR.222.3p, 1_hsa.miR.3615, 1_hsa.miR.411.3p]

LAST POPULATION
Number of solutions = 500
Features in hall of fame by prevalence:
98 features: [0_ajcc_pathologic_tumor_stage_Stage IV, 1_hsa.miR.7704, 1_hsa.miR.107, 1_hsa.miR.92b.3p, 1_hsa.miR.34c.3p, 0_age_at_initial_pathologic_diagnosis, 1_hsa.miR.184, 1_hsa.miR.204.5p, 1_hsa.miR.10b.3p, 1_hsa.miR.149.5p, 1_hsa.miR.302b.3p, 1_hsa.miR.144.5p, 0_ajcc_pathologic_tumor_stage_Stage I, 1_hsa.miR.2355.5p, 1_hsa.miR.6720.3p, 1_hsa.miR.365a.3p, 1_hsa.miR.296.5p, 1_hsa.miR.1248, 1_hsa.miR.3614.5p, 1_hsa.miR.10b.5p, 1_hsa.miR.6503.5p, 1_hsa.miR.139.5p, 1_hsa.miR.194.3p, 1_hsa.miR.191.5p, 1_hsa.miR.425.3p, 1_hsa.miR.27b.3p, 1_hsa.miR.95.3p, 1_hsa.miR.671.5p, 1_hsa.miR.372.3p, 1_hsa.miR.183.5p, 1_hsa.miR.3607.3p, 1_hsa.miR.132.5p, 1_hsa.miR.1179, 1_hsa.miR.143.5p, 1_hsa.let.7b.3p, 1_hsa.miR.1254, 1_hsa.miR.34b.5p, 1_hsa.miR.99b.5p, 1_hsa.miR.101.3p, 1_hsa.miR.1269a, 1_hsa.miR.21.5p, 1_hsa.miR.215.5p, 1_hsa.miR.202.5p, 1_hsa.miR.486.5p, 1_hsa.miR.34c.5p, 1_hsa.miR.1251.5p, 1_hsa.miR.193b.5p, 1_hsa.miR.24.1.5p, 1_hsa.miR.505.5p, 1_hsa.miR.96.5p, 1_hsa.miR.3648, 1_hsa.miR.451a, 1_hsa.miR.130b.5p, 1_hsa.miR.18a.5p, 1_hsa.miR.27b.5p, 1_hsa.miR.3615, 1_hsa.miR.502.3p, 1_hsa.miR.625.3p, 1_hsa.miR.656.3p, 1_hsa.miR.513c.3p, 1_hsa.miR.130a.5p, 1_hsa.miR.182.5p, 1_hsa.miR.192.5p, 1_hsa.miR.31.5p, 1_hsa.miR.338.5p, 1_hsa.miR.130b.3p, 1_hsa.miR.144.3p, 1_hsa.miR.149.3p, 1_hsa.miR.190a.5p, 1_hsa.miR.193b.3p, 1_hsa.miR.222.3p, 1_hsa.miR.223.3p, 1_hsa.miR.23b.3p, 1_hsa.miR.30e.3p, 1_hsa.miR.362.3p, 1_hsa.miR.376b.5p, 1_hsa.miR.425.5p, 1_hsa.miR.4662a.5p, 1_hsa.miR.485.5p, 1_hsa.miR.655.3p, 1_hsa.let.7b.5p, 1_hsa.miR.101.5p, 1_hsa.miR.1197, 1_hsa.miR.1293, 1_hsa.miR.135b.5p, 1_hsa.miR.181a.2.3p, 1_hsa.miR.21.3p, 1_hsa.miR.221.3p, 1_hsa.miR.3130.5p, 1_hsa.miR.331.5p, 1_hsa.miR.4326, 1_hsa.miR.4461, 1_hsa.miR.485.3p, 1_hsa.miR.539.3p, 1_hsa.miR.590.3p, 1_hsa.miR.7.5p, 1_hsa.miR.99b.3p, 1_hsa.miR.519a.5p]

BEST SUMS WITH SIZE 50
Number of solutions = 50
Features in hall of fame by prevalence:
40 features: [0_ajcc_pathologic_tumor_stage_Stage IV, 0_age_at_initial_pathologic_diagnosis, 1_hsa.miR.107, 1_hsa.miR.10b.3p, 1_hsa.miR.194.3p, 1_hsa.miR.21.3p, 1_hsa.miR.21.5p, 1_hsa.miR.296.5p, 1_hsa.miR.7704, 1_hsa.miR.92b.3p, 0_ajcc_pathologic_tumor_stage_Stage I, 1_hsa.miR.101.3p, 1_hsa.miR.10b.5p, 1_hsa.miR.1248, 1_hsa.miR.130b.3p, 1_hsa.miR.139.5p, 1_hsa.miR.144.3p, 1_hsa.miR.144.5p, 1_hsa.miR.146b.5p, 1_hsa.miR.149.5p, 1_hsa.miR.183.5p, 1_hsa.miR.190a.5p, 1_hsa.miR.192.5p, 1_hsa.miR.194.5p, 1_hsa.miR.204.3p, 1_hsa.miR.215.5p, 1_hsa.miR.221.3p, 1_hsa.miR.222.3p, 1_hsa.miR.2355.5p, 1_hsa.miR.23b.3p, 1_hsa.miR.24.1.5p, 1_hsa.miR.296.3p, 1_hsa.miR.30e.3p, 1_hsa.miR.34c.3p, 1_hsa.miR.34c.5p, 1_hsa.miR.425.3p, 1_hsa.miR.451a, 1_hsa.miR.486.5p, 1_hsa.miR.671.5p, 1_hsa.miR.96.5p]

BEST SUMS WITH SIZE 100
Number of solutions = 100
Features in hall of fame by prevalence:
42 features: [0_ajcc_pathologic_tumor_stage_Stage IV, 0_ajcc_pathologic_tumor_stage_Stage I, 1_hsa.miR.144.5p, 1_hsa.miR.107, 1_hsa.miR.10b.3p, 1_hsa.miR.10b.5p, 1_hsa.miR.21.5p, 1_hsa.miR.101.3p, 1_hsa.miR.1248, 1_hsa.miR.144.3p, 1_hsa.miR.149.5p, 1_hsa.miR.192.5p, 1_hsa.miR.194.3p, 1_hsa.miR.194.5p, 1_hsa.miR.215.5p, 1_hsa.miR.2355.5p, 1_hsa.miR.296.5p, 1_hsa.miR.30e.3p, 1_hsa.miR.34c.5p, 1_hsa.miR.486.5p, 1_hsa.miR.671.5p, 1_hsa.miR.7704, 1_hsa.miR.92b.3p, 0_age_at_initial_pathologic_diagnosis, 1_hsa.miR.130b.3p, 1_hsa.miR.139.5p, 1_hsa.miR.1468.5p, 1_hsa.miR.146b.5p, 1_hsa.miR.190a.5p, 1_hsa.miR.21.3p, 1_hsa.miR.222.3p, 1_hsa.miR.34c.3p, 1_hsa.miR.425.3p, 1_hsa.miR.451a, 1_hsa.miR.181a.2.3p, 1_hsa.miR.183.5p, 1_hsa.miR.204.3p, 1_hsa.miR.221.3p, 1_hsa.miR.23b.3p, 1_hsa.miR.24.1.5p, 1_hsa.miR.296.3p, 1_hsa.miR.96.5p]
