
OPTIMIZING ON FOLD NUMBER 4
Number of workers = 80

COMPUTING LOCAL ACTIVE FEATURES
Computing active features for view clinic
Existing features: 12
Applying union strategy for feature selection using composite feature selector with
categorical: feature selector any na and anova
survival: feature selector Cox

Computing active features for outcome survival
Features selected for this outcome: 3
Features active in total: 3
Computing active features for view log_mirna
Existing features: 732
Applying union strategy for feature selection using composite feature selector with
categorical: feature selector any na and anova
survival: feature selector Cox

Computing active features for outcome survival
Features selected for this outcome: 209
Features active in total: 209
Computing feature importance
Running optimizer

STARTING 2-STEPS GENETIC ALGORITHM

CREATING INNER FOLDS

ASSIGNING STRATA FOR MULTI-OUTCOME DATA KIRC_MV
Assigning strata for outcome named survival of type survival
Counts:
censored 0: 54
censored 1: 126
deceased 0: 35
deceased 1: 35

STARTING SWEEP NUMBER 1
folds_creator_seed = 4107908117

ASSIGNING STRATA FOR MULTI-OUTCOME DATA KIRC_MV
Assigning strata for outcome named survival of type survival
Counts:
censored 0: 54
censored 1: 126
deceased 0: 35
deceased 1: 35
ga_runner_seed = 3091794638
VIEW: CLINIC
   	     	         	        	   survival SKSurv Cox model concordance index   	                 root leanness                  
   	     	         	        	-------------------------------------------------	------------------------------------------------
gen	evals	gen_feats	explored	min	avg     	max     	std                  	min     	avg     	max	std     
0  	500  	1        	1       	0.5	0.635162	0.677378	0.075538             	0.707107	0.776815	1  	0.124731
1  	322  	3        	3       	0.5	0.629985	0.764387	0.0925795            	0.5     	0.768836	1  	0.163474
2  	319  	3        	3       	0.5	0.672881	0.764387	0.081863             	0.5     	0.680191	1  	0.145511
3  	321  	3        	3       	0.5	0.677358	0.764387	0.0808732            	0.5     	0.669542	1  	0.145077
4  	364  	3        	3       	0.5	0.677421	0.764387	0.0809284            	0.5     	0.669387	1  	0.145216
5  	340  	3        	3       	0.5	0.677421	0.764387	0.0809284            	0.5     	0.669387	1  	0.145216
6  	338  	3        	3       	0.5	0.677358	0.764387	0.0808732            	0.5     	0.669542	1  	0.145077
7  	334  	3        	3       	0.5	0.677421	0.764387	0.0809284            	0.5     	0.669387	1  	0.145216
8  	348  	3        	3       	0.5	0.677358	0.764387	0.0808732            	0.5     	0.669542	1  	0.145077
9  	330  	3        	3       	0.5	0.677217	0.764387	0.0808391            	0.5     	0.669801	1  	0.145028
10 	334  	3        	3       	0.5	0.677421	0.764387	0.0809284            	0.5     	0.669387	1  	0.145216
11 	339  	3        	3       	0.5	0.677421	0.764387	0.0809284            	0.5     	0.669387	1  	0.145216
12 	337  	3        	3       	0.5	0.677217	0.764387	0.0808391            	0.5     	0.669801	1  	0.145028
13 	330  	3        	3       	0.5	0.677358	0.764387	0.0808732            	0.5     	0.669542	1  	0.145077
14 	344  	3        	3       	0.5	0.677217	0.764387	0.0808391            	0.5     	0.669801	1  	0.145028
15 	345  	3        	3       	0.5	0.677217	0.764387	0.0808391            	0.5     	0.669801	1  	0.145028
16 	362  	3        	3       	0.5	0.677421	0.764387	0.0809284            	0.5     	0.669387	1  	0.145216
17 	340  	3        	3       	0.5	0.677421	0.764387	0.0809284            	0.5     	0.669387	1  	0.145216
18 	353  	3        	3       	0.5	0.677421	0.764387	0.0809284            	0.5     	0.669387	1  	0.145216
19 	344  	3        	3       	0.5	0.677358	0.764387	0.0808732            	0.5     	0.669542	1  	0.145077
20 	331  	3        	3       	0.5	0.677358	0.764387	0.0808732            	0.5     	0.669542	1  	0.145077
21 	343  	3        	3       	0.5	0.677421	0.764387	0.0809284            	0.5     	0.669387	1  	0.145216
22 	324  	3        	3       	0.5	0.677358	0.764387	0.0808732            	0.5     	0.669542	1  	0.145077
23 	332  	3        	3       	0.5	0.677358	0.764387	0.0808732            	0.5     	0.669542	1  	0.145077
24 	322  	3        	3       	0.5	0.677421	0.764387	0.0809284            	0.5     	0.669387	1  	0.145216
25 	338  	3        	3       	0.5	0.677217	0.764387	0.0808391            	0.5     	0.669801	1  	0.145028
26 	332  	3        	3       	0.5	0.677421	0.764387	0.0809284            	0.5     	0.669387	1  	0.145216
27 	331  	3        	3       	0.5	0.677217	0.764387	0.0808391            	0.5     	0.669801	1  	0.145028
28 	351  	3        	3       	0.5	0.677217	0.764387	0.0808391            	0.5     	0.669801	1  	0.145028
29 	344  	3        	3       	0.5	0.677358	0.764387	0.0808732            	0.5     	0.669542	1  	0.145077
30 	343  	3        	3       	0.5	0.677217	0.764387	0.0808391            	0.5     	0.669801	1  	0.145028
31 	356  	3        	3       	0.5	0.677358	0.764387	0.0808732            	0.5     	0.669542	1  	0.145077
32 	330  	3        	3       	0.5	0.677217	0.764387	0.0808391            	0.5     	0.669801	1  	0.145028
33 	349  	3        	3       	0.5	0.677358	0.764387	0.0808732            	0.5     	0.669542	1  	0.145077
34 	349  	3        	3       	0.5	0.677421	0.764387	0.0809284            	0.5     	0.669387	1  	0.145216
35 	339  	3        	3       	0.5	0.677217	0.764387	0.0808391            	0.5     	0.669801	1  	0.145028
36 	342  	3        	3       	0.5	0.677358	0.764387	0.0808732            	0.5     	0.669542	1  	0.145077
37 	322  	3        	3       	0.5	0.677217	0.764387	0.0808391            	0.5     	0.669801	1  	0.145028
38 	340  	3        	3       	0.5	0.677217	0.764387	0.0808391            	0.5     	0.669801	1  	0.145028
39 	338  	3        	3       	0.5	0.677217	0.764387	0.0808391            	0.5     	0.669801	1  	0.145028
40 	351  	3        	3       	0.5	0.677358	0.764387	0.0808732            	0.5     	0.669542	1  	0.145077
41 	334  	3        	3       	0.5	0.677421	0.764387	0.0809284            	0.5     	0.669387	1  	0.145216
42 	348  	3        	3       	0.5	0.677217	0.764387	0.0808391            	0.5     	0.669801	1  	0.145028
43 	358  	3        	3       	0.5	0.677358	0.764387	0.0808732            	0.5     	0.669542	1  	0.145077
44 	358  	3        	3       	0.5	0.677421	0.764387	0.0809284            	0.5     	0.669387	1  	0.145216
45 	331  	3        	3       	0.5	0.677421	0.764387	0.0809284            	0.5     	0.669387	1  	0.145216
46 	369  	3        	3       	0.5	0.677421	0.764387	0.0809284            	0.5     	0.669387	1  	0.145216
47 	325  	3        	3       	0.5	0.677421	0.764387	0.0809284            	0.5     	0.669387	1  	0.145216
48 	350  	3        	3       	0.5	0.677217	0.764387	0.0808391            	0.5     	0.669801	1  	0.145028
49 	350  	3        	3       	0.5	0.677217	0.764387	0.0808391            	0.5     	0.669801	1  	0.145028

ASSIGNING STRATA FOR MULTI-OUTCOME DATA KIRC_MV
Assigning strata for outcome named survival of type survival
Counts:
censored 0: 54
censored 1: 126
deceased 0: 35
deceased 1: 35
VIEW: LOG_MIRNA
   	     	         	        	       survival SKSurv Cox model concordance index       	                 root leanness                  
   	     	         	        	---------------------------------------------------------	------------------------------------------------
gen	evals	gen_feats	explored	min     	avg     	max     	std             	min     	avg     	max	std     
0  	500  	18       	18      	0.5     	0.685254	0.751756	0.0363692       	0.229416	0.293204	1  	0.14998 
1  	350  	147      	147     	0.467956	0.695267	0.766252	0.0416298       	0.213201	0.319033	1  	0.126528
2  	356  	177      	191     	0.5     	0.706842	0.766252	0.0376324       	0.208514	0.350752	1  	0.114823
3  	379  	182      	203     	0.5     	0.715175	0.766252	0.0341503       	0.213201	0.382476	1  	0.11427 
4  	391  	177      	207     	0.5     	0.71838 	0.766252	0.0380227       	0.223607	0.396439	1  	0.122534
5  	382  	184      	209     	0.5     	0.723054	0.766252	0.0380588       	0.223607	0.397103	1  	0.123968
6  	367  	180      	209     	0.5     	0.724939	0.780704	0.0417939       	0.223607	0.400269	1  	0.127514
7  	379  	187      	209     	0.5     	0.725184	0.780704	0.0457249       	0.223607	0.407305	1  	0.130707
8  	388  	181      	209     	0.5     	0.72662 	0.780704	0.0475484       	0.218218	0.40979 	1  	0.133593
9  	382  	193      	209     	0.5     	0.730225	0.783572	0.044429        	0.218218	0.40664 	1  	0.134135
10 	384  	183      	209     	0.5     	0.733798	0.787451	0.0434513       	0.218218	0.401377	1  	0.133867
11 	390  	180      	209     	0.5     	0.73729 	0.790967	0.0419615       	0.218218	0.394497	1  	0.134031
12 	376  	192      	209     	0.5     	0.739704	0.790967	0.0414035       	0.218218	0.392075	1  	0.133115
13 	382  	186      	209     	0.5     	0.74141 	0.790967	0.0414228       	0.223607	0.391693	1  	0.133496
14 	382  	188      	209     	0.5     	0.742877	0.790967	0.0416078       	0.218218	0.392176	1  	0.133263
15 	381  	182      	209     	0.5     	0.74546 	0.790967	0.0402315       	0.218218	0.385672	1  	0.133599
16 	385  	186      	209     	0.5     	0.747349	0.800377	0.0404098       	0.218218	0.383543	1  	0.133156
17 	381  	189      	209     	0.5     	0.750469	0.800377	0.0386527       	0.218218	0.375832	1  	0.131749
18 	387  	183      	209     	0.5     	0.751988	0.800377	0.0388587       	0.218218	0.375568	1  	0.131801
19 	381  	184      	209     	0.5     	0.753049	0.800377	0.0393431       	0.223607	0.375807	1  	0.131879
20 	367  	179      	209     	0.5     	0.754249	0.800377	0.0393645       	0.218218	0.373794	1  	0.132736
21 	375  	186      	209     	0.5     	0.755821	0.800377	0.0390114       	0.218218	0.370716	1  	0.132456
22 	380  	184      	209     	0.5     	0.756026	0.800377	0.0400952       	0.223607	0.373543	1  	0.133339
23 	374  	179      	209     	0.5     	0.757644	0.800377	0.0397196       	0.218218	0.370874	1  	0.132561
24 	373  	185      	209     	0.5     	0.758235	0.800377	0.0399765       	0.218218	0.371072	1  	0.132381
25 	383  	186      	209     	0.5     	0.759051	0.800377	0.0403616       	0.218218	0.370917	1  	0.132497
26 	368  	185      	209     	0.5     	0.760259	0.800377	0.0406743       	0.218218	0.369257	1  	0.132976
27 	386  	187      	209     	0.5     	0.761658	0.800377	0.0403719       	0.213201	0.366964	1  	0.132218
28 	377  	181      	209     	0.5     	0.762365	0.802071	0.0406833       	0.213201	0.366928	1  	0.132272
29 	391  	182      	209     	0.5     	0.7632  	0.803212	0.041017        	0.213201	0.365925	1  	0.132854
30 	378  	181      	209     	0.5     	0.764602	0.809632	0.0406256       	0.208514	0.362749	1  	0.1323  
31 	396  	185      	209     	0.5     	0.764435	0.809632	0.0414304       	0.213201	0.365086	1  	0.133006
32 	377  	189      	209     	0.5     	0.765704	0.812897	0.0410791       	0.213201	0.363097	1  	0.132181
33 	360  	182      	209     	0.5     	0.765878	0.812897	0.042029        	0.213201	0.364441	1  	0.132714
34 	386  	182      	209     	0.5     	0.766292	0.815993	0.0423308       	0.213201	0.365134	1  	0.132737
35 	364  	166      	209     	0.5     	0.767442	0.815993	0.0419563       	0.213201	0.363664	1  	0.131795
36 	362  	179      	209     	0.5     	0.767692	0.815993	0.0421187       	0.213201	0.365017	1  	0.131499
37 	359  	180      	209     	0.5     	0.768117	0.815993	0.0424817       	0.218218	0.365194	1  	0.131821
38 	381  	183      	209     	0.5     	0.768901	0.815993	0.0425242       	0.208514	0.364001	1  	0.131583
39 	376  	179      	209     	0.5     	0.769327	0.815993	0.042534        	0.208514	0.364031	1  	0.131557
40 	361  	189      	209     	0.5     	0.769252	0.815993	0.0440524       	0.208514	0.365202	1  	0.132901
41 	374  	185      	209     	0.5     	0.770285	0.816422	0.0430698       	0.208514	0.363304	1  	0.132245
42 	382  	185      	209     	0.5     	0.771364	0.816422	0.0432468       	0.208514	0.360402	1  	0.132676
43 	390  	184      	209     	0.5     	0.77224 	0.816422	0.04296         	0.208514	0.359234	1  	0.132089
44 	388  	181      	209     	0.5     	0.772933	0.816422	0.0432245       	0.208514	0.358015	1  	0.132676
45 	376  	187      	209     	0.5     	0.773799	0.816422	0.0429315       	0.208514	0.356811	1  	0.132079
46 	380  	177      	209     	0.5     	0.774928	0.816422	0.0431168       	0.204124	0.354101	1  	0.13244 
47 	379  	189      	209     	0.5     	0.775519	0.821182	0.0432699       	0.2     	0.3528  	1  	0.132752
48 	374  	168      	209     	0.5     	0.776587	0.821182	0.0427636       	0.204124	0.350414	1  	0.131947
49 	384  	179      	209     	0.5     	0.776966	0.824748	0.0429698       	0.204124	0.350564	1  	0.131813

STARTING MASTER RUNNER RESAMPLING
Generations completed = 6
Generations completed = 15
Generations completed = 23
Generations completed = 31
Generations completed = 40
Generations completed = 48
MASTER
   	     	         	        	       survival SKSurv Cox model concordance index       	                      root leanness                      
   	     	         	        	---------------------------------------------------------	---------------------------------------------------------
gen	evals	gen_feats	explored	min     	avg     	max     	std             	min     	avg     	max     	std      
0  	500  	130      	130     	0.585597	0.777414	0.833168	0.0370396       	0.196116	0.308913	0.707107	0.0971594
1  	416  	116      	135     	0.616591	0.787727	0.837052	0.0356849       	0.2     	0.335901	0.707107	0.104836 
2  	412  	114      	136     	0.616591	0.795981	0.837052	0.0329893       	0.204124	0.336312	0.707107	0.106581 
3  	396  	110      	137     	0.616591	0.798168	0.850672	0.0349396       	0.204124	0.342254	0.707107	0.110426 
4  	403  	116      	137     	0.616591	0.800494	0.850672	0.0329996       	0.204124	0.342822	0.707107	0.111064 
5  	400  	109      	137     	0.612819	0.80147 	0.850672	0.0345598       	0.204124	0.344874	0.707107	0.113082 
6  	397  	116      	138     	0.612819	0.801705	0.850672	0.0349692       	0.204124	0.348093	0.707107	0.114446 
7  	409  	116      	138     	0.612819	0.801771	0.850672	0.036911        	0.204124	0.349967	0.707107	0.117817 
8  	392  	114      	138     	0.612819	0.801977	0.850672	0.038336        	0.204124	0.351734	0.707107	0.119593 
9  	414  	110      	138     	0.612819	0.802422	0.850991	0.0384412       	0.204124	0.352249	0.707107	0.119709 
10 	417  	112      	138     	0.612819	0.803008	0.850991	0.03834         	0.204124	0.351313	0.707107	0.119979 
11 	401  	113      	138     	0.612819	0.802998	0.850991	0.0390101       	0.204124	0.352693	0.707107	0.120805 
12 	396  	114      	138     	0.612819	0.802451	0.850991	0.0404715       	0.204124	0.354423	0.707107	0.122769 
13 	401  	115      	138     	0.5     	0.802155	0.850991	0.0426808       	0.204124	0.355675	1       	0.126127 
14 	403  	117      	138     	0.5     	0.801204	0.850991	0.0443016       	0.204124	0.358594	1       	0.128581 
15 	416  	116      	138     	0.5     	0.80141 	0.850991	0.0443439       	0.204124	0.358498	1       	0.12866  
16 	400  	105      	138     	0.5     	0.801163	0.850991	0.0451206       	0.204124	0.359009	1       	0.129762 
17 	401  	117      	138     	0.5     	0.801277	0.850991	0.0451418       	0.204124	0.359003	1       	0.129698 
18 	401  	116      	138     	0.5     	0.800877	0.850991	0.0458927       	0.204124	0.359888	1       	0.130523 
19 	419  	109      	138     	0.5     	0.801013	0.850991	0.0459284       	0.204124	0.359534	1       	0.130664 
20 	404  	119      	138     	0.5     	0.800934	0.850991	0.0464738       	0.204124	0.359772	1       	0.131899 
21 	400  	110      	138     	0.5     	0.801313	0.850991	0.0464109       	0.204124	0.358403	1       	0.131742 
22 	394  	107      	138     	0.5     	0.801457	0.850991	0.0464162       	0.204124	0.35824 	1       	0.131438 
23 	401  	109      	138     	0.5     	0.801467	0.850991	0.0464208       	0.204124	0.358279	1       	0.131412 
24 	412  	113      	138     	0.5     	0.80145 	0.850991	0.046416        	0.204124	0.358445	1       	0.131327 
25 	414  	114      	138     	0.5     	0.801459	0.850991	0.046417        	0.204124	0.358535	1       	0.131325 
26 	413  	110      	138     	0.5     	0.801471	0.850991	0.0464234       	0.204124	0.358614	1       	0.131252 
27 	414  	109      	138     	0.5     	0.80145 	0.850991	0.0464266       	0.204124	0.358797	1       	0.131154 
28 	401  	107      	138     	0.5     	0.801451	0.850991	0.0464266       	0.204124	0.358797	1       	0.131154 
29 	406  	112      	138     	0.5     	0.801451	0.850991	0.0464266       	0.204124	0.358797	1       	0.131154 
30 	400  	114      	138     	0.5     	0.801451	0.850991	0.0464266       	0.204124	0.358797	1       	0.131154 
31 	396  	113      	138     	0.5     	0.801451	0.850991	0.0464266       	0.204124	0.358797	1       	0.131154 
32 	393  	108      	138     	0.5     	0.801469	0.850991	0.0464272       	0.204124	0.358797	1       	0.131154 
33 	403  	105      	138     	0.5     	0.801469	0.850991	0.0464272       	0.204124	0.358797	1       	0.131154 
34 	404  	113      	138     	0.5     	0.801469	0.850991	0.0464272       	0.204124	0.358797	1       	0.131154 
35 	392  	111      	138     	0.5     	0.801471	0.850991	0.0464271       	0.204124	0.358797	1       	0.131154 
36 	403  	115      	138     	0.5     	0.801471	0.850991	0.0464271       	0.204124	0.358797	1       	0.131154 
37 	404  	114      	138     	0.5     	0.801471	0.850991	0.0464271       	0.204124	0.358797	1       	0.131154 
38 	389  	106      	138     	0.5     	0.801149	0.850991	0.0468553       	0.204124	0.359656	1       	0.132022 
39 	407  	109      	138     	0.5     	0.801149	0.850991	0.0468553       	0.204124	0.359656	1       	0.132022 
40 	406  	112      	138     	0.5     	0.801149	0.850991	0.0468553       	0.204124	0.359656	1       	0.132022 
41 	399  	103      	138     	0.5     	0.801149	0.850991	0.0468553       	0.204124	0.359656	1       	0.132022 
42 	409  	108      	138     	0.5     	0.801149	0.850991	0.0468553       	0.204124	0.359656	1       	0.132022 
43 	405  	111      	138     	0.5     	0.800775	0.850991	0.047589        	0.204124	0.360404	1       	0.132926 
44 	405  	109      	138     	0.5     	0.80084 	0.850991	0.0476062       	0.204124	0.360107	1       	0.133053 
45 	401  	107      	138     	0.5     	0.80084 	0.850991	0.0476062       	0.204124	0.360107	1       	0.133053 
46 	398  	112      	138     	0.5     	0.80084 	0.850991	0.0476062       	0.204124	0.360107	1       	0.133053 
47 	402  	113      	138     	0.5     	0.800885	0.850991	0.0475915       	0.204124	0.359863	1       	0.132908 
48 	410  	107      	138     	0.5     	0.800809	0.850991	0.0476139       	0.204124	0.36023 	1       	0.133041 
49 	390  	112      	138     	0.5     	0.800813	0.850991	0.0476118       	0.204124	0.36023 	1       	0.133041 

CURRENT HALLS OF FAME

PARETO FRONT
Number of solutions = 12
(0.8509909204406357, 0.22360679774997896) 19 features: [0_age_at_initial_pathologic_diagnosis, 0_ajcc_pathologic_tumor_stage_Stage I, 0_ajcc_pathologic_tumor_stage_Stage IV, 1_hsa.miR.106b.5p, 1_hsa.miR.1228.3p, 1_hsa.miR.126.3p, 1_hsa.miR.18a.5p, 1_hsa.miR.192.3p, 1_hsa.miR.204.5p, 1_hsa.miR.296.5p, 1_hsa.miR.30e.3p, 1_hsa.miR.335.3p, 1_hsa.miR.34c.3p, 1_hsa.miR.362.3p, 1_hsa.miR.3922.3p, 1_hsa.miR.425.5p, 1_hsa.miR.550a.3p, 1_hsa.miR.590.3p, 1_hsa.miR.6503.5p]
(0.8506720464025967, 0.22941573387056177) 18 features: [0_age_at_initial_pathologic_diagnosis, 0_ajcc_pathologic_tumor_stage_Stage I, 0_ajcc_pathologic_tumor_stage_Stage IV, 1_hsa.miR.106b.5p, 1_hsa.miR.1228.3p, 1_hsa.miR.126.3p, 1_hsa.miR.18a.5p, 1_hsa.miR.192.3p, 1_hsa.miR.204.5p, 1_hsa.miR.296.5p, 1_hsa.miR.30e.3p, 1_hsa.miR.335.3p, 1_hsa.miR.34c.3p, 1_hsa.miR.362.3p, 1_hsa.miR.3922.3p, 1_hsa.miR.550a.3p, 1_hsa.miR.590.3p, 1_hsa.miR.6503.5p]
(0.8409856183100964, 0.2773500981126146) 12 features: [0_age_at_initial_pathologic_diagnosis, 0_ajcc_pathologic_tumor_stage_Stage I, 0_ajcc_pathologic_tumor_stage_Stage IV, 1_hsa.miR.130b.3p, 1_hsa.miR.18a.5p, 1_hsa.miR.192.3p, 1_hsa.miR.204.5p, 1_hsa.miR.296.5p, 1_hsa.miR.34c.3p, 1_hsa.miR.3922.3p, 1_hsa.miR.502.3p, 1_hsa.miR.590.3p]
(0.8381642960390588, 0.31622776601683794) 9 features: [0_age_at_initial_pathologic_diagnosis, 0_ajcc_pathologic_tumor_stage_Stage I, 0_ajcc_pathologic_tumor_stage_Stage IV, 1_hsa.miR.18a.5p, 1_hsa.miR.192.3p, 1_hsa.miR.204.5p, 1_hsa.miR.34c.3p, 1_hsa.miR.3922.3p, 1_hsa.miR.502.3p]
(0.8306664756380128, 0.3333333333333333) 8 features: [0_age_at_initial_pathologic_diagnosis, 0_ajcc_pathologic_tumor_stage_Stage IV, 1_hsa.miR.18a.5p, 1_hsa.miR.192.3p, 1_hsa.miR.204.5p, 1_hsa.miR.34c.3p, 1_hsa.miR.3922.3p, 1_hsa.miR.502.3p]
(0.825287214566152, 0.3779644730092272) 6 features: [0_age_at_initial_pathologic_diagnosis, 0_ajcc_pathologic_tumor_stage_Stage I, 0_ajcc_pathologic_tumor_stage_Stage IV, 1_hsa.miR.18a.5p, 1_hsa.miR.192.3p, 1_hsa.miR.34c.3p]
(0.8198343640468878, 0.408248290463863) 5 features: [0_age_at_initial_pathologic_diagnosis, 0_ajcc_pathologic_tumor_stage_Stage I, 0_ajcc_pathologic_tumor_stage_Stage IV, 1_hsa.miR.18a.5p, 1_hsa.miR.192.3p]
(0.8085441771400026, 0.4472135954999579) 4 features: [0_age_at_initial_pathologic_diagnosis, 0_ajcc_pathologic_tumor_stage_Stage IV, 1_hsa.miR.18a.5p, 1_hsa.miR.194.3p]
(0.7916710285780494, 0.5) [0_age_at_initial_pathologic_diagnosis, 0_ajcc_pathologic_tumor_stage_Stage IV, 1_hsa.miR.194.3p]
(0.775922106709583, 0.5773502691896257) [0_ajcc_pathologic_tumor_stage_Stage IV, 1_hsa.miR.194.3p]
(0.692397473374703, 0.7071067811865476) [1_hsa.miR.194.3p]
(0.5, 1.0) []
Features in hall of fame by prevalence:
22 features: [0_ajcc_pathologic_tumor_stage_Stage IV, 0_age_at_initial_pathologic_diagnosis, 1_hsa.miR.18a.5p, 1_hsa.miR.192.3p, 0_ajcc_pathologic_tumor_stage_Stage I, 1_hsa.miR.34c.3p, 1_hsa.miR.204.5p, 1_hsa.miR.3922.3p, 1_hsa.miR.194.3p, 1_hsa.miR.296.5p, 1_hsa.miR.502.3p, 1_hsa.miR.590.3p, 1_hsa.miR.106b.5p, 1_hsa.miR.1228.3p, 1_hsa.miR.126.3p, 1_hsa.miR.30e.3p, 1_hsa.miR.335.3p, 1_hsa.miR.362.3p, 1_hsa.miR.550a.3p, 1_hsa.miR.6503.5p, 1_hsa.miR.130b.3p, 1_hsa.miR.425.5p]

LAST POPULATION
Number of solutions = 500
Features in hall of fame by prevalence:
86 features: [0_ajcc_pathologic_tumor_stage_Stage IV, 1_hsa.miR.18a.5p, 0_age_at_initial_pathologic_diagnosis, 1_hsa.miR.192.3p, 1_hsa.miR.204.5p, 0_ajcc_pathologic_tumor_stage_Stage I, 1_hsa.miR.34c.3p, 1_hsa.miR.3922.3p, 1_hsa.miR.4677.3p, 1_hsa.miR.362.3p, 1_hsa.miR.296.5p, 1_hsa.miR.30e.3p, 1_hsa.miR.194.3p, 1_hsa.miR.590.3p, 1_hsa.miR.3187.3p, 1_hsa.miR.502.3p, 1_hsa.miR.6503.5p, 1_hsa.miR.550a.3p, 1_hsa.miR.1248, 1_hsa.miR.130b.3p, 1_hsa.miR.126.3p, 1_hsa.miR.335.3p, 1_hsa.miR.138.5p, 1_hsa.miR.99b.5p, 1_hsa.miR.155.3p, 1_hsa.miR.106b.5p, 1_hsa.miR.1228.3p, 1_hsa.miR.130b.5p, 1_hsa.miR.758.3p, 1_hsa.miR.31.5p, 1_hsa.miR.27b.5p, 1_hsa.miR.6087, 1_hsa.let.7b.3p, 1_hsa.miR.3607.3p, 1_hsa.miR.377.3p, 1_hsa.miR.92b.3p, 1_hsa.miR.486.5p, 1_hsa.miR.425.5p, 1_hsa.miR.192.5p, 1_hsa.miR.24.1.5p, 1_hsa.miR.103a.3p, 1_hsa.miR.1468.5p, 1_hsa.miR.194.5p, 1_hsa.miR.221.3p, 1_hsa.miR.24.2.5p, 1_hsa.miR.342.3p, 1_hsa.miR.199b.5p, 1_hsa.miR.101.3p, 1_hsa.miR.139.5p, 1_hsa.miR.143.5p, 1_hsa.miR.215.5p, 1_hsa.miR.223.3p, 1_hsa.miR.31.3p, 1_hsa.miR.6718.5p, 1_hsa.let.7i.5p, 1_hsa.miR.21.3p, 1_hsa.miR.34c.5p, 1_hsa.miR.125a.5p, 1_hsa.miR.130a.5p, 1_hsa.miR.151b, 1_hsa.miR.204.3p, 1_hsa.miR.21.5p, 1_hsa.miR.222.3p, 1_hsa.miR.29b.3p, 1_hsa.miR.301a.3p, 1_hsa.miR.432.5p, 1_hsa.miR.493.5p, 1_hsa.miR.7704, 1_hsa.miR.519a.5p, 1_hsa.miR.105.5p, 1_hsa.miR.10b.3p, 1_hsa.miR.10b.5p, 1_hsa.miR.181b.3p, 1_hsa.miR.30d.3p, 1_hsa.miR.335.5p, 1_hsa.miR.3615, 1_hsa.miR.409.3p, 1_hsa.miR.411.5p, 1_hsa.miR.4326, 1_hsa.miR.487a.5p, 1_hsa.miR.495.3p, 1_hsa.miR.671.5p, 1_hsa.miR.7702, 1_hsa.miR.92a.3p, 1_hsa.miR.9.5p, 1_hsa.miR.96.5p]

BEST SUMS WITH SIZE 50
Number of solutions = 50
Features in hall of fame by prevalence:
29 features: [0_ajcc_pathologic_tumor_stage_Stage IV, 0_ajcc_pathologic_tumor_stage_Stage I, 1_hsa.miR.130b.3p, 1_hsa.miR.192.5p, 1_hsa.miR.194.3p, 1_hsa.miR.194.5p, 0_age_at_initial_pathologic_diagnosis, 1_hsa.miR.101.3p, 1_hsa.miR.18a.5p, 1_hsa.miR.192.3p, 1_hsa.miR.21.5p, 1_hsa.miR.296.5p, 1_hsa.miR.30e.3p, 1_hsa.miR.34c.3p, 1_hsa.miR.34c.5p, 1_hsa.miR.362.3p, 1_hsa.miR.502.3p, 1_hsa.miR.92b.3p, 1_hsa.miR.10b.3p, 1_hsa.miR.10b.5p, 1_hsa.miR.1248, 1_hsa.miR.151b, 1_hsa.miR.223.3p, 1_hsa.miR.301a.3p, 1_hsa.miR.335.3p, 1_hsa.miR.3615, 1_hsa.miR.4326, 1_hsa.miR.671.5p, 1_hsa.miR.7702]

BEST SUMS WITH SIZE 100
Number of solutions = 100
Features in hall of fame by prevalence:
35 features: [0_ajcc_pathologic_tumor_stage_Stage IV, 0_ajcc_pathologic_tumor_stage_Stage I, 1_hsa.miR.130b.3p, 1_hsa.miR.194.3p, 0_age_at_initial_pathologic_diagnosis, 1_hsa.miR.192.3p, 1_hsa.miR.192.5p, 1_hsa.miR.30e.3p, 1_hsa.miR.1248, 1_hsa.miR.18a.5p, 1_hsa.miR.362.3p, 1_hsa.miR.502.3p, 1_hsa.miR.101.3p, 1_hsa.miR.10b.3p, 1_hsa.miR.151b, 1_hsa.miR.194.5p, 1_hsa.miR.21.5p, 1_hsa.miR.223.3p, 1_hsa.miR.296.5p, 1_hsa.miR.301a.3p, 1_hsa.miR.335.3p, 1_hsa.miR.34c.3p, 1_hsa.miR.34c.5p, 1_hsa.miR.4326, 1_hsa.miR.7702, 1_hsa.miR.92b.3p, 1_hsa.miR.10b.5p, 1_hsa.miR.3922.3p, 1_hsa.miR.671.5p, 1_hsa.miR.106b.5p, 1_hsa.miR.126.3p, 1_hsa.miR.215.5p, 1_hsa.miR.3607.3p, 1_hsa.miR.3615, 1_hsa.miR.4677.3p]

STARTING SWEEP NUMBER 2
folds_creator_seed = 1422074785

ASSIGNING STRATA FOR MULTI-OUTCOME DATA KIRC_MV
Assigning strata for outcome named survival of type survival
Counts:
censored 0: 54
censored 1: 126
deceased 0: 35
deceased 1: 35
ga_runner_seed = 247176045
VIEW: CLINIC
   	     	         	        	   survival SKSurv Cox model concordance index   	             root leanness              
   	     	         	        	-------------------------------------------------	----------------------------------------
gen	evals	gen_feats	explored	min	avg     	max     	std                  	min	avg     	max	std     
0  	0    	3        	3       	0.5	0.727707	0.764387	0.0653567            	0.5	0.600711	1  	0.120333
1  	306  	3        	3       	0.5	0.683627	0.764387	0.0872444            	0.5	0.668072	1  	0.156566
2  	339  	3        	3       	0.5	0.678798	0.764387	0.081407             	0.5	0.669542	1  	0.145077
3  	345  	3        	3       	0.5	0.678892	0.779049	0.0814955            	0.5	0.669387	1  	0.145216
4  	339  	3        	3       	0.5	0.678892	0.779049	0.0814955            	0.5	0.669387	1  	0.145216
5  	338  	3        	3       	0.5	0.678892	0.779049	0.0814955            	0.5	0.669387	1  	0.145216
6  	338  	3        	3       	0.5	0.678892	0.779049	0.0814955            	0.5	0.669387	1  	0.145216
7  	334  	3        	3       	0.5	0.678892	0.779049	0.0814955            	0.5	0.669387	1  	0.145216
8  	357  	3        	3       	0.5	0.678892	0.779049	0.0814955            	0.5	0.669387	1  	0.145216
9  	348  	3        	3       	0.5	0.678892	0.779049	0.0814955            	0.5	0.669387	1  	0.145216
10 	333  	3        	3       	0.5	0.678892	0.779049	0.0814955            	0.5	0.669387	1  	0.145216
11 	328  	3        	3       	0.5	0.678892	0.779049	0.0814955            	0.5	0.669387	1  	0.145216
12 	338  	3        	3       	0.5	0.678892	0.779049	0.0814955            	0.5	0.669387	1  	0.145216
13 	347  	3        	3       	0.5	0.678892	0.779049	0.0814955            	0.5	0.669387	1  	0.145216
14 	352  	3        	3       	0.5	0.678892	0.779049	0.0814955            	0.5	0.669387	1  	0.145216
15 	328  	3        	3       	0.5	0.678892	0.779049	0.0814955            	0.5	0.669387	1  	0.145216
16 	347  	3        	3       	0.5	0.678892	0.779049	0.0814955            	0.5	0.669387	1  	0.145216
17 	352  	3        	3       	0.5	0.678892	0.779049	0.0814955            	0.5	0.669387	1  	0.145216
18 	332  	3        	3       	0.5	0.678892	0.779049	0.0814955            	0.5	0.669387	1  	0.145216
19 	350  	3        	3       	0.5	0.678892	0.779049	0.0814955            	0.5	0.669387	1  	0.145216
20 	331  	3        	3       	0.5	0.678892	0.779049	0.0814955            	0.5	0.669387	1  	0.145216
21 	357  	3        	3       	0.5	0.678892	0.779049	0.0814955            	0.5	0.669387	1  	0.145216
22 	337  	3        	3       	0.5	0.678892	0.779049	0.0814955            	0.5	0.669387	1  	0.145216
23 	330  	3        	3       	0.5	0.678892	0.779049	0.0814955            	0.5	0.669387	1  	0.145216
24 	346  	3        	3       	0.5	0.678892	0.779049	0.0814955            	0.5	0.669387	1  	0.145216
25 	347  	3        	3       	0.5	0.678892	0.779049	0.0814955            	0.5	0.669387	1  	0.145216
26 	330  	3        	3       	0.5	0.678892	0.779049	0.0814955            	0.5	0.669387	1  	0.145216
27 	312  	3        	3       	0.5	0.678892	0.779049	0.0814955            	0.5	0.669387	1  	0.145216
28 	344  	3        	3       	0.5	0.678892	0.779049	0.0814955            	0.5	0.669387	1  	0.145216
29 	339  	3        	3       	0.5	0.678892	0.779049	0.0814955            	0.5	0.669387	1  	0.145216
30 	334  	3        	3       	0.5	0.678892	0.779049	0.0814955            	0.5	0.669387	1  	0.145216
31 	339  	3        	3       	0.5	0.678892	0.779049	0.0814955            	0.5	0.669387	1  	0.145216
32 	348  	3        	3       	0.5	0.678892	0.779049	0.0814955            	0.5	0.669387	1  	0.145216
33 	357  	3        	3       	0.5	0.678892	0.779049	0.0814955            	0.5	0.669387	1  	0.145216
34 	335  	3        	3       	0.5	0.678892	0.779049	0.0814955            	0.5	0.669387	1  	0.145216
35 	335  	3        	3       	0.5	0.678892	0.779049	0.0814955            	0.5	0.669387	1  	0.145216
36 	338  	3        	3       	0.5	0.678892	0.779049	0.0814955            	0.5	0.669387	1  	0.145216
37 	338  	3        	3       	0.5	0.678892	0.779049	0.0814955            	0.5	0.669387	1  	0.145216
38 	349  	3        	3       	0.5	0.678892	0.779049	0.0814955            	0.5	0.669387	1  	0.145216
39 	343  	3        	3       	0.5	0.678892	0.779049	0.0814955            	0.5	0.669387	1  	0.145216
40 	349  	3        	3       	0.5	0.678892	0.779049	0.0814955            	0.5	0.669387	1  	0.145216
41 	325  	3        	3       	0.5	0.678892	0.779049	0.0814955            	0.5	0.669387	1  	0.145216
42 	348  	3        	3       	0.5	0.678892	0.779049	0.0814955            	0.5	0.669387	1  	0.145216
43 	340  	3        	3       	0.5	0.678892	0.779049	0.0814955            	0.5	0.669387	1  	0.145216
44 	354  	3        	3       	0.5	0.678892	0.779049	0.0814955            	0.5	0.669387	1  	0.145216
45 	333  	3        	3       	0.5	0.678892	0.779049	0.0814955            	0.5	0.669387	1  	0.145216
46 	336  	3        	3       	0.5	0.678892	0.779049	0.0814955            	0.5	0.669387	1  	0.145216
47 	325  	3        	3       	0.5	0.678892	0.779049	0.0814955            	0.5	0.669387	1  	0.145216
48 	336  	3        	3       	0.5	0.678892	0.779049	0.0814955            	0.5	0.669387	1  	0.145216
49 	340  	3        	3       	0.5	0.678892	0.779049	0.0814955            	0.5	0.669387	1  	0.145216

ASSIGNING STRATA FOR MULTI-OUTCOME DATA KIRC_MV
Assigning strata for outcome named survival of type survival
Counts:
censored 0: 54
censored 1: 126
deceased 0: 35
deceased 1: 35
VIEW: LOG_MIRNA
   	     	         	        	       survival SKSurv Cox model concordance index       	                 root leanness                  
   	     	         	        	---------------------------------------------------------	------------------------------------------------
gen	evals	gen_feats	explored	min     	avg     	max     	std             	min     	avg     	max	std     
0  	0    	83       	83      	0.5     	0.754578	0.824748	0.0605162       	0.218218	0.422564	1  	0.173081
1  	370  	167      	175     	0.405941	0.729893	0.824748	0.059296        	0.218218	0.397699	1  	0.135106
2  	383  	191      	203     	0.5     	0.74128 	0.824748	0.0504273       	0.218218	0.395583	1  	0.139344
3  	386  	181      	207     	0.5     	0.745096	0.824748	0.0485446       	0.218218	0.396426	1  	0.13927 
4  	372  	183      	209     	0.5     	0.747674	0.824748	0.0473771       	0.218218	0.396415	1  	0.136996
5  	378  	170      	209     	0.5     	0.750035	0.824748	0.0461848       	0.218218	0.395894	1  	0.135144
6  	396  	182      	209     	0.5     	0.751562	0.824748	0.0461735       	0.218218	0.395255	1  	0.134701
7  	390  	179      	209     	0.5     	0.753108	0.824748	0.0453466       	0.218218	0.394262	1  	0.13384 
8  	378  	184      	209     	0.5     	0.754131	0.824748	0.0453942       	0.218218	0.393408	1  	0.134267
9  	378  	187      	209     	0.5     	0.75536 	0.824748	0.0448918       	0.218218	0.391529	1  	0.133543
10 	373  	176      	209     	0.5     	0.755788	0.824748	0.0448958       	0.218218	0.392953	1  	0.132416
11 	379  	174      	209     	0.5     	0.756275	0.824748	0.044838        	0.218218	0.392886	1  	0.132478
12 	380  	175      	209     	0.5     	0.756928	0.824748	0.0447668       	0.218218	0.392442	1  	0.132776
13 	387  	179      	209     	0.5     	0.758265	0.824748	0.0442377       	0.218218	0.389409	1  	0.132486
14 	363  	180      	209     	0.5     	0.759029	0.824748	0.0438094       	0.218218	0.387563	1  	0.13225 
15 	364  	181      	209     	0.5     	0.759715	0.824748	0.0438571       	0.218218	0.386066	1  	0.132465
16 	377  	174      	209     	0.5     	0.760265	0.824748	0.0440556       	0.218218	0.385228	1  	0.13286 
17 	365  	186      	209     	0.5     	0.76059 	0.824748	0.0441892       	0.218218	0.385818	1  	0.132413
18 	372  	181      	209     	0.5     	0.761107	0.824748	0.0443037       	0.218218	0.385088	1  	0.132577
19 	376  	183      	209     	0.5     	0.761543	0.824748	0.0443679       	0.218218	0.384405	1  	0.132602
20 	387  	179      	209     	0.5     	0.762434	0.824748	0.043985        	0.218218	0.382273	1  	0.132411
21 	372  	177      	209     	0.5     	0.762951	0.824748	0.0440515       	0.218218	0.381243	1  	0.132883
22 	374  	177      	209     	0.5     	0.763921	0.824748	0.0434765       	0.218218	0.379104	1  	0.132088
23 	380  	186      	209     	0.5     	0.764968	0.824748	0.0430157       	0.218218	0.375964	1  	0.13159 
24 	370  	184      	209     	0.5     	0.764448	0.824748	0.0437373       	0.218218	0.379292	1  	0.131848
25 	377  	184      	209     	0.5     	0.765618	0.824748	0.0432798       	0.218218	0.376615	1  	0.131128
26 	377  	186      	209     	0.5     	0.765213	0.824748	0.0440849       	0.218218	0.378652	1  	0.131859
27 	385  	183      	209     	0.5     	0.765227	0.824748	0.0439223       	0.218218	0.379792	1  	0.131538
28 	377  	175      	209     	0.5     	0.765497	0.824748	0.0440291       	0.218218	0.379182	1  	0.131902
29 	365  	176      	209     	0.5     	0.765663	0.824748	0.0441241       	0.218218	0.379321	1  	0.131874
30 	397  	182      	209     	0.5     	0.766254	0.824748	0.0437367       	0.218218	0.377997	1  	0.131285
31 	386  	178      	209     	0.5     	0.766749	0.824748	0.0437039       	0.218218	0.376482	1  	0.131272
32 	380  	179      	209     	0.5     	0.767016	0.824748	0.0438193       	0.218218	0.37647 	1  	0.131285
33 	374  	188      	209     	0.5     	0.767282	0.824748	0.0439577       	0.218218	0.376289	1  	0.131471
34 	383  	174      	209     	0.5     	0.767407	0.824748	0.0440211       	0.218218	0.376285	1  	0.131472
35 	368  	176      	209     	0.5     	0.767547	0.824748	0.0440965       	0.218218	0.375945	1  	0.131736
36 	368  	186      	209     	0.5     	0.767216	0.824748	0.0441347       	0.218218	0.378178	1  	0.131415
37 	372  	180      	209     	0.5     	0.767487	0.824748	0.0440899       	0.218218	0.37754 	1  	0.131221
38 	370  	173      	209     	0.5     	0.7679  	0.824748	0.0441829       	0.218218	0.37635 	1  	0.131412
39 	390  	185      	209     	0.5     	0.768068	0.824748	0.0440965       	0.218218	0.376433	1  	0.131326
40 	377  	174      	209     	0.5     	0.768209	0.824748	0.0441642       	0.218218	0.376205	1  	0.131419
41 	384  	177      	209     	0.5     	0.768288	0.824748	0.0442171       	0.218218	0.376151	1  	0.13154 
42 	376  	178      	209     	0.5     	0.768383	0.824748	0.0442742       	0.218218	0.375961	1  	0.131693
43 	385  	177      	209     	0.5     	0.76879 	0.824748	0.0444407       	0.218218	0.374876	1  	0.13212 
44 	389  	177      	209     	0.5     	0.768915	0.824748	0.0444993       	0.218218	0.374611	1  	0.132269
45 	344  	175      	209     	0.5     	0.769737	0.824748	0.0440428       	0.218218	0.372218	1  	0.131633
46 	378  	169      	209     	0.5     	0.770007	0.824748	0.0441719       	0.218218	0.371628	1  	0.131966
47 	386  	176      	209     	0.5     	0.770146	0.824748	0.0442297       	0.218218	0.371383	1  	0.132115
48 	383  	180      	209     	0.5     	0.770281	0.824748	0.0441519       	0.218218	0.371142	1  	0.131679
49 	393  	183      	209     	0.5     	0.77009 	0.824748	0.0442762       	0.218218	0.37218 	1  	0.131636

STARTING MASTER RUNNER RESAMPLING
Generations completed = 7
Generations completed = 17
Generations completed = 27
Generations completed = 37
Generations completed = 47
MASTER
   	     	         	        	       survival SKSurv Cox model concordance index       	                      root leanness                      
   	     	         	        	---------------------------------------------------------	---------------------------------------------------------
gen	evals	gen_feats	explored	min     	avg     	max     	std             	min     	avg     	max     	std      
0  	500  	120      	120     	0.584058	0.787582	0.838366	0.0362967       	0.213201	0.324856	0.707107	0.0947355
1  	412  	115      	126     	0.6121  	0.79338 	0.844413	0.0401244       	0.208514	0.35003 	0.707107	0.105743 
2  	397  	116      	131     	0.6121  	0.796295	0.844413	0.0416156       	0.204124	0.362374	0.707107	0.110779 
3  	403  	115      	133     	0.6121  	0.80007 	0.850672	0.038872        	0.204124	0.36397 	0.707107	0.111265 
4  	399  	115      	134     	0.6121  	0.801776	0.850672	0.0397641       	0.204124	0.364519	0.707107	0.114186 
5  	410  	114      	134     	0.6121  	0.803389	0.850991	0.0403553       	0.204124	0.362363	0.707107	0.115968 
6  	406  	116      	134     	0.6121  	0.803879	0.850991	0.0412162       	0.204124	0.363198	0.707107	0.116979 
7  	405  	109      	134     	0.6121  	0.803942	0.850991	0.0423269       	0.204124	0.365324	0.707107	0.118485 
8  	403  	116      	134     	0.6121  	0.803736	0.850991	0.0435282       	0.204124	0.367194	0.707107	0.120166 
9  	394  	111      	135     	0.6121  	0.804402	0.850991	0.0439783       	0.204124	0.366537	0.707107	0.122028 
10 	391  	107      	135     	0.6121  	0.804766	0.850991	0.0438024       	0.204124	0.36659 	0.707107	0.121994 
11 	405  	108      	135     	0.6121  	0.80469 	0.850991	0.0444266       	0.218218	0.36779 	0.707107	0.122527 
12 	399  	114      	135     	0.6121  	0.804604	0.850991	0.0453034       	0.218218	0.368316	0.707107	0.123554 
13 	402  	110      	135     	0.6121  	0.804614	0.850991	0.0459527       	0.213201	0.367965	0.707107	0.124567 
14 	387  	103      	135     	0.6121  	0.804479	0.850991	0.0460848       	0.213201	0.369832	0.707107	0.123982 
15 	398  	106      	135     	0.6121  	0.80462 	0.850991	0.0460433       	0.213201	0.36972 	0.707107	0.124096 
16 	417  	100      	135     	0.6121  	0.804747	0.850991	0.0460658       	0.213201	0.369513	0.707107	0.12421  
17 	405  	110      	135     	0.6121  	0.804835	0.850991	0.0460456       	0.208514	0.369205	0.707107	0.124487 
18 	411  	110      	135     	0.6121  	0.804189	0.850991	0.0471565       	0.213201	0.371389	0.707107	0.125758 
19 	405  	111      	135     	0.5     	0.803581	0.850991	0.0490237       	0.213201	0.373057	1       	0.128655 
20 	394  	107      	135     	0.5     	0.803666	0.850991	0.0490433       	0.213201	0.372747	1       	0.128817 
21 	416  	121      	135     	0.5     	0.803384	0.850991	0.0495518       	0.213201	0.373275	1       	0.129772 
22 	415  	116      	135     	0.5     	0.803345	0.850991	0.0495518       	0.218218	0.373956	1       	0.129407 
23 	416  	102      	135     	0.5     	0.803409	0.850991	0.0495057       	0.218218	0.373977	1       	0.129391 
24 	415  	109      	135     	0.5     	0.803448	0.850991	0.0495092       	0.218218	0.374101	1       	0.129283 
25 	414  	110      	135     	0.5     	0.803508	0.850991	0.0495399       	0.218218	0.373957	1       	0.129404 
26 	407  	111      	135     	0.5     	0.803507	0.850991	0.0495394       	0.218218	0.374005	1       	0.129372 
27 	395  	111      	135     	0.5     	0.803523	0.850991	0.0495428       	0.218218	0.374005	1       	0.129372 
28 	399  	111      	135     	0.5     	0.803553	0.850991	0.0495568       	0.218218	0.373855	1       	0.129463 
29 	413  	118      	135     	0.5     	0.80278 	0.850991	0.0507749       	0.218218	0.375414	1       	0.131075 
30 	391  	115      	135     	0.5     	0.80278 	0.850991	0.0507749       	0.218218	0.375414	1       	0.131075 
31 	408  	114      	135     	0.5     	0.802786	0.850991	0.0507685       	0.218218	0.375414	1       	0.131075 
32 	411  	106      	135     	0.5     	0.802764	0.850991	0.0507675       	0.218218	0.375551	1       	0.13103  
33 	399  	115      	135     	0.5     	0.802338	0.850991	0.0513567       	0.218218	0.376452	1       	0.131778 
34 	399  	113      	135     	0.5     	0.802385	0.850991	0.0513683       	0.218218	0.376299	1       	0.13182  
35 	413  	114      	135     	0.5     	0.802341	0.850991	0.0513578       	0.218218	0.376452	1       	0.131778 
36 	425  	116      	135     	0.5     	0.802361	0.850991	0.0513655       	0.218218	0.376388	1       	0.131806 
37 	413  	109      	135     	0.5     	0.802354	0.850991	0.0513642       	0.218218	0.376452	1       	0.131778 
38 	398  	111      	135     	0.5     	0.802356	0.850991	0.0513648       	0.218218	0.376422	1       	0.131793 
39 	406  	113      	135     	0.5     	0.802351	0.850991	0.0513625       	0.218218	0.376452	1       	0.131778 
40 	399  	108      	135     	0.5     	0.802376	0.850991	0.0513705       	0.218218	0.376388	1       	0.131806 
41 	412  	110      	135     	0.5     	0.802362	0.850991	0.0513654       	0.218218	0.376452	1       	0.131778 
42 	416  	108      	135     	0.5     	0.802362	0.850991	0.0513654       	0.218218	0.376452	1       	0.131778 
43 	412  	112      	135     	0.5     	0.802471	0.850991	0.0513914       	0.218218	0.376037	1       	0.131887 
44 	406  	111      	135     	0.5     	0.802413	0.850991	0.0513815       	0.218218	0.37625 	1       	0.131852 
45 	415  	114      	135     	0.5     	0.802416	0.850991	0.0513813       	0.218218	0.37625 	1       	0.131852 
46 	411  	113      	135     	0.5     	0.802424	0.850991	0.0513809       	0.218218	0.37619 	1       	0.131844 
47 	401  	112      	135     	0.5     	0.80238 	0.850991	0.0513776       	0.218218	0.37634 	1       	0.131838 
48 	414  	107      	135     	0.5     	0.802413	0.850991	0.0513803       	0.218218	0.37625 	1       	0.131852 
49 	405  	110      	135     	0.5     	0.80207 	0.850991	0.0519781       	0.218218	0.376848	1       	0.132671 

CURRENT HALLS OF FAME

PARETO FRONT
Number of solutions = 13
(0.8509909204406357, 0.22360679774997896) 19 features: [0_age_at_initial_pathologic_diagnosis, 0_ajcc_pathologic_tumor_stage_Stage I, 0_ajcc_pathologic_tumor_stage_Stage IV, 1_hsa.miR.106b.5p, 1_hsa.miR.1228.3p, 1_hsa.miR.126.3p, 1_hsa.miR.18a.5p, 1_hsa.miR.192.3p, 1_hsa.miR.204.5p, 1_hsa.miR.296.5p, 1_hsa.miR.30e.3p, 1_hsa.miR.335.3p, 1_hsa.miR.34c.3p, 1_hsa.miR.362.3p, 1_hsa.miR.3922.3p, 1_hsa.miR.425.5p, 1_hsa.miR.550a.3p, 1_hsa.miR.590.3p, 1_hsa.miR.6503.5p]
(0.8506720464025967, 0.22941573387056177) 18 features: [0_age_at_initial_pathologic_diagnosis, 0_ajcc_pathologic_tumor_stage_Stage I, 0_ajcc_pathologic_tumor_stage_Stage IV, 1_hsa.miR.106b.5p, 1_hsa.miR.1228.3p, 1_hsa.miR.126.3p, 1_hsa.miR.18a.5p, 1_hsa.miR.192.3p, 1_hsa.miR.204.5p, 1_hsa.miR.296.5p, 1_hsa.miR.30e.3p, 1_hsa.miR.335.3p, 1_hsa.miR.34c.3p, 1_hsa.miR.362.3p, 1_hsa.miR.3922.3p, 1_hsa.miR.550a.3p, 1_hsa.miR.590.3p, 1_hsa.miR.6503.5p]
(0.8420842501487663, 0.28867513459481287) 11 features: [0_ajcc_pathologic_tumor_stage_Stage I, 0_ajcc_pathologic_tumor_stage_Stage IV, 1_hsa.miR.126.3p, 1_hsa.miR.18a.5p, 1_hsa.miR.192.3p, 1_hsa.miR.204.5p, 1_hsa.miR.30e.3p, 1_hsa.miR.34c.3p, 1_hsa.miR.362.3p, 1_hsa.miR.590.3p, 1_hsa.miR.6503.5p]
(0.8381642960390588, 0.31622776601683794) 9 features: [0_age_at_initial_pathologic_diagnosis, 0_ajcc_pathologic_tumor_stage_Stage I, 0_ajcc_pathologic_tumor_stage_Stage IV, 1_hsa.miR.18a.5p, 1_hsa.miR.192.3p, 1_hsa.miR.204.5p, 1_hsa.miR.34c.3p, 1_hsa.miR.3922.3p, 1_hsa.miR.502.3p]
(0.8321784647211592, 0.3333333333333333) 8 features: [0_ajcc_pathologic_tumor_stage_Stage I, 0_ajcc_pathologic_tumor_stage_Stage IV, 1_hsa.miR.18a.5p, 1_hsa.miR.192.3p, 1_hsa.miR.204.5p, 1_hsa.miR.30e.3p, 1_hsa.miR.34c.3p, 1_hsa.miR.4677.3p]
(0.8271495811344008, 0.3535533905932738) 7 features: [0_age_at_initial_pathologic_diagnosis, 0_ajcc_pathologic_tumor_stage_Stage I, 0_ajcc_pathologic_tumor_stage_Stage IV, 1_hsa.miR.18a.5p, 1_hsa.miR.192.3p, 1_hsa.miR.30e.3p, 1_hsa.miR.6503.5p]
(0.825287214566152, 0.3779644730092272) 6 features: [0_age_at_initial_pathologic_diagnosis, 0_ajcc_pathologic_tumor_stage_Stage I, 0_ajcc_pathologic_tumor_stage_Stage IV, 1_hsa.miR.18a.5p, 1_hsa.miR.192.3p, 1_hsa.miR.34c.3p]
(0.8198343640468878, 0.408248290463863) 5 features: [0_age_at_initial_pathologic_diagnosis, 0_ajcc_pathologic_tumor_stage_Stage I, 0_ajcc_pathologic_tumor_stage_Stage IV, 1_hsa.miR.18a.5p, 1_hsa.miR.192.3p]
(0.8085441771400026, 0.4472135954999579) 4 features: [0_age_at_initial_pathologic_diagnosis, 0_ajcc_pathologic_tumor_stage_Stage IV, 1_hsa.miR.18a.5p, 1_hsa.miR.194.3p]
(0.7916710285780494, 0.5) [0_age_at_initial_pathologic_diagnosis, 0_ajcc_pathologic_tumor_stage_Stage IV, 1_hsa.miR.194.3p]
(0.775922106709583, 0.5773502691896257) [0_ajcc_pathologic_tumor_stage_Stage IV, 1_hsa.miR.194.3p]
(0.692397473374703, 0.7071067811865476) [1_hsa.miR.194.3p]
(0.5, 1.0) []
Features in hall of fame by prevalence:
22 features: [0_ajcc_pathologic_tumor_stage_Stage IV, 1_hsa.miR.18a.5p, 0_age_at_initial_pathologic_diagnosis, 0_ajcc_pathologic_tumor_stage_Stage I, 1_hsa.miR.192.3p, 1_hsa.miR.34c.3p, 1_hsa.miR.204.5p, 1_hsa.miR.30e.3p, 1_hsa.miR.194.3p, 1_hsa.miR.6503.5p, 1_hsa.miR.126.3p, 1_hsa.miR.362.3p, 1_hsa.miR.3922.3p, 1_hsa.miR.590.3p, 1_hsa.miR.106b.5p, 1_hsa.miR.1228.3p, 1_hsa.miR.296.5p, 1_hsa.miR.335.3p, 1_hsa.miR.550a.3p, 1_hsa.miR.425.5p, 1_hsa.miR.4677.3p, 1_hsa.miR.502.3p]

LAST POPULATION
Number of solutions = 500
Features in hall of fame by prevalence:
88 features: [0_ajcc_pathologic_tumor_stage_Stage IV, 1_hsa.miR.18a.5p, 1_hsa.miR.192.3p, 0_age_at_initial_pathologic_diagnosis, 1_hsa.miR.30e.3p, 1_hsa.miR.34c.3p, 1_hsa.miR.6503.5p, 1_hsa.miR.204.5p, 0_ajcc_pathologic_tumor_stage_Stage I, 1_hsa.miR.126.3p, 1_hsa.miR.362.3p, 1_hsa.miR.3187.3p, 1_hsa.miR.590.3p, 1_hsa.miR.4677.3p, 1_hsa.miR.296.5p, 1_hsa.miR.194.3p, 1_hsa.miR.3922.3p, 1_hsa.miR.155.3p, 1_hsa.miR.502.3p, 1_hsa.miR.335.3p, 1_hsa.miR.130b.3p, 1_hsa.miR.138.5p, 1_hsa.miR.550a.3p, 1_hsa.miR.1248, 1_hsa.miR.130b.5p, 1_hsa.miR.758.3p, 1_hsa.miR.106b.5p, 1_hsa.miR.10a.5p, 1_hsa.miR.1228.3p, 1_hsa.miR.92b.3p, 1_hsa.miR.27b.5p, 1_hsa.miR.513c.3p, 1_hsa.miR.137, 1_hsa.miR.1468.5p, 1_hsa.miR.215.5p, 1_hsa.miR.24.1.5p, 1_hsa.miR.21.3p, 1_hsa.miR.99b.5p, 1_hsa.let.7b.3p, 1_hsa.miR.192.5p, 1_hsa.miR.486.5p, 1_hsa.miR.145.3p, 1_hsa.miR.194.5p, 1_hsa.miR.335.5p, 1_hsa.miR.34c.5p, 1_hsa.miR.425.5p, 1_hsa.miR.6087, 1_hsa.miR.103a.3p, 1_hsa.miR.877.5p, 1_hsa.miR.101.3p, 1_hsa.miR.10b.5p, 1_hsa.miR.143.5p, 1_hsa.miR.199b.5p, 1_hsa.miR.204.3p, 1_hsa.miR.24.2.5p, 1_hsa.miR.301a.3p, 1_hsa.miR.3648, 1_hsa.miR.454.3p, 1_hsa.miR.487a.5p, 1_hsa.miR.21.5p, 1_hsa.miR.31.3p, 1_hsa.miR.31.5p, 1_hsa.miR.3651, 1_hsa.miR.93.5p, 1_hsa.miR.153.3p, 1_hsa.miR.222.3p, 1_hsa.miR.485.3p, 1_hsa.miR.10b.3p, 1_hsa.miR.125a.5p, 1_hsa.miR.139.3p, 1_hsa.miR.146b.3p, 1_hsa.miR.151b, 1_hsa.miR.155.5p, 1_hsa.miR.15b.5p, 1_hsa.miR.183.5p, 1_hsa.miR.221.3p, 1_hsa.miR.223.3p, 1_hsa.miR.23b.3p, 1_hsa.miR.29c.5p, 1_hsa.miR.30a.3p, 1_hsa.miR.30d.3p, 1_hsa.miR.3607.3p, 1_hsa.miR.3615, 1_hsa.miR.485.5p, 1_hsa.miR.493.5p, 1_hsa.miR.655.3p, 1_hsa.miR.664a.5p, 1_hsa.miR.92a.3p]

BEST SUMS WITH SIZE 50
Number of solutions = 50
Features in hall of fame by prevalence:
34 features: [0_ajcc_pathologic_tumor_stage_Stage IV, 1_hsa.miR.194.3p, 0_age_at_initial_pathologic_diagnosis, 0_ajcc_pathologic_tumor_stage_Stage I, 1_hsa.miR.101.3p, 1_hsa.miR.130b.3p, 1_hsa.miR.192.3p, 1_hsa.miR.192.5p, 1_hsa.miR.194.5p, 1_hsa.miR.215.5p, 1_hsa.miR.30e.3p, 1_hsa.miR.34c.3p, 1_hsa.miR.34c.5p, 1_hsa.miR.362.3p, 1_hsa.miR.502.3p, 1_hsa.miR.92b.3p, 1_hsa.miR.10b.3p, 1_hsa.miR.10b.5p, 1_hsa.miR.1248, 1_hsa.miR.151b, 1_hsa.miR.18a.5p, 1_hsa.miR.21.3p, 1_hsa.miR.21.5p, 1_hsa.miR.222.3p, 1_hsa.miR.23b.3p, 1_hsa.miR.296.5p, 1_hsa.miR.301a.3p, 1_hsa.miR.335.3p, 1_hsa.miR.3615, 1_hsa.miR.3922.3p, 1_hsa.miR.425.5p, 1_hsa.miR.4326, 1_hsa.miR.671.5p, 1_hsa.miR.7702]

BEST SUMS WITH SIZE 100
Number of solutions = 100
Features in hall of fame by prevalence:
37 features: [0_ajcc_pathologic_tumor_stage_Stage IV, 0_ajcc_pathologic_tumor_stage_Stage I, 1_hsa.miR.130b.3p, 1_hsa.miR.194.3p, 1_hsa.miR.192.3p, 0_age_at_initial_pathologic_diagnosis, 1_hsa.miR.192.5p, 1_hsa.miR.30e.3p, 1_hsa.miR.502.3p, 1_hsa.miR.101.3p, 1_hsa.miR.10b.3p, 1_hsa.miR.1248, 1_hsa.miR.18a.5p, 1_hsa.miR.194.5p, 1_hsa.miR.215.5p, 1_hsa.miR.21.5p, 1_hsa.miR.222.3p, 1_hsa.miR.223.3p, 1_hsa.miR.296.5p, 1_hsa.miR.335.3p, 1_hsa.miR.34c.3p, 1_hsa.miR.34c.5p, 1_hsa.miR.362.3p, 1_hsa.miR.7702, 1_hsa.miR.92b.3p, 1_hsa.miR.10b.5p, 1_hsa.miR.151b, 1_hsa.miR.155.5p, 1_hsa.miR.21.3p, 1_hsa.miR.23b.3p, 1_hsa.miR.301a.3p, 1_hsa.miR.425.5p, 1_hsa.miR.4326, 1_hsa.miR.671.5p, 1_hsa.miR.3615, 1_hsa.miR.3922.3p, 1_hsa.miR.4677.3p]

STARTING SWEEP NUMBER 3
folds_creator_seed = 226766481

ASSIGNING STRATA FOR MULTI-OUTCOME DATA KIRC_MV
Assigning strata for outcome named survival of type survival
Counts:
censored 0: 54
censored 1: 126
deceased 0: 35
deceased 1: 35
ga_runner_seed = 893766570
VIEW: CLINIC
   	     	         	        	   survival SKSurv Cox model concordance index   	             root leanness              
   	     	         	        	-------------------------------------------------	----------------------------------------
gen	evals	gen_feats	explored	min	avg     	max     	std                  	min	avg     	max	std     
0  	0    	3        	3       	0.5	0.72294 	0.779049	0.0684556            	0.5	0.613404	1  	0.124105
1  	319  	3        	3       	0.5	0.684977	0.779049	0.0860328            	0.5	0.665315	1  	0.153914
2  	323  	3        	3       	0.5	0.679318	0.779049	0.0813158            	0.5	0.669542	1  	0.145077
3  	351  	3        	3       	0.5	0.679318	0.779049	0.0813158            	0.5	0.669542	1  	0.145077
4  	350  	3        	3       	0.5	0.679397	0.779049	0.0813863            	0.5	0.669387	1  	0.145216
5  	341  	3        	3       	0.5	0.679397	0.779049	0.0813863            	0.5	0.669387	1  	0.145216
6  	343  	3        	3       	0.5	0.679397	0.779049	0.0813863            	0.5	0.669387	1  	0.145216
7  	315  	3        	3       	0.5	0.679397	0.779049	0.0813863            	0.5	0.669387	1  	0.145216
8  	349  	3        	3       	0.5	0.679397	0.779049	0.0813863            	0.5	0.669387	1  	0.145216
9  	337  	3        	3       	0.5	0.679397	0.779049	0.0813863            	0.5	0.669387	1  	0.145216
10 	347  	3        	3       	0.5	0.679397	0.779049	0.0813863            	0.5	0.669387	1  	0.145216
11 	356  	3        	3       	0.5	0.679397	0.779049	0.0813863            	0.5	0.669387	1  	0.145216
12 	338  	3        	3       	0.5	0.679397	0.779049	0.0813863            	0.5	0.669387	1  	0.145216
13 	337  	3        	3       	0.5	0.679397	0.779049	0.0813863            	0.5	0.669387	1  	0.145216
14 	339  	3        	3       	0.5	0.679397	0.779049	0.0813863            	0.5	0.669387	1  	0.145216
15 	327  	3        	3       	0.5	0.679397	0.779049	0.0813863            	0.5	0.669387	1  	0.145216
16 	348  	3        	3       	0.5	0.679397	0.779049	0.0813863            	0.5	0.669387	1  	0.145216
17 	350  	3        	3       	0.5	0.679397	0.779049	0.0813863            	0.5	0.669387	1  	0.145216
18 	334  	3        	3       	0.5	0.679397	0.779049	0.0813863            	0.5	0.669387	1  	0.145216
19 	334  	3        	3       	0.5	0.679397	0.779049	0.0813863            	0.5	0.669387	1  	0.145216
20 	339  	3        	3       	0.5	0.679397	0.779049	0.0813863            	0.5	0.669387	1  	0.145216
21 	338  	3        	3       	0.5	0.679397	0.779049	0.0813863            	0.5	0.669387	1  	0.145216
22 	335  	3        	3       	0.5	0.679397	0.779049	0.0813863            	0.5	0.669387	1  	0.145216
23 	323  	3        	3       	0.5	0.679397	0.779049	0.0813863            	0.5	0.669387	1  	0.145216
24 	332  	3        	3       	0.5	0.679397	0.779049	0.0813863            	0.5	0.669387	1  	0.145216
25 	341  	3        	3       	0.5	0.679397	0.779049	0.0813863            	0.5	0.669387	1  	0.145216
26 	325  	3        	3       	0.5	0.679397	0.779049	0.0813863            	0.5	0.669387	1  	0.145216
27 	317  	3        	3       	0.5	0.679397	0.779049	0.0813863            	0.5	0.669387	1  	0.145216
28 	332  	3        	3       	0.5	0.679397	0.779049	0.0813863            	0.5	0.669387	1  	0.145216
29 	319  	3        	3       	0.5	0.679397	0.779049	0.0813863            	0.5	0.669387	1  	0.145216
30 	343  	3        	3       	0.5	0.679397	0.779049	0.0813863            	0.5	0.669387	1  	0.145216
31 	337  	3        	3       	0.5	0.679397	0.779049	0.0813863            	0.5	0.669387	1  	0.145216
32 	326  	3        	3       	0.5	0.679397	0.779049	0.0813863            	0.5	0.669387	1  	0.145216
33 	333  	3        	3       	0.5	0.679397	0.779049	0.0813863            	0.5	0.669387	1  	0.145216
34 	324  	3        	3       	0.5	0.679397	0.779049	0.0813863            	0.5	0.669387	1  	0.145216
35 	336  	3        	3       	0.5	0.679397	0.779049	0.0813863            	0.5	0.669387	1  	0.145216
36 	332  	3        	3       	0.5	0.679397	0.779049	0.0813863            	0.5	0.669387	1  	0.145216
37 	349  	3        	3       	0.5	0.679397	0.779049	0.0813863            	0.5	0.669387	1  	0.145216
38 	330  	3        	3       	0.5	0.679397	0.779049	0.0813863            	0.5	0.669387	1  	0.145216
39 	315  	3        	3       	0.5	0.679397	0.779049	0.0813863            	0.5	0.669387	1  	0.145216
40 	323  	3        	3       	0.5	0.679397	0.779049	0.0813863            	0.5	0.669387	1  	0.145216
41 	332  	3        	3       	0.5	0.679397	0.779049	0.0813863            	0.5	0.669387	1  	0.145216
42 	316  	3        	3       	0.5	0.679397	0.779049	0.0813863            	0.5	0.669387	1  	0.145216
43 	338  	3        	3       	0.5	0.679397	0.779049	0.0813863            	0.5	0.669387	1  	0.145216
44 	316  	3        	3       	0.5	0.679397	0.779049	0.0813863            	0.5	0.669387	1  	0.145216
45 	359  	3        	3       	0.5	0.679397	0.779049	0.0813863            	0.5	0.669387	1  	0.145216
46 	350  	3        	3       	0.5	0.679397	0.779049	0.0813863            	0.5	0.669387	1  	0.145216
47 	345  	3        	3       	0.5	0.679397	0.779049	0.0813863            	0.5	0.669387	1  	0.145216
48 	339  	3        	3       	0.5	0.679397	0.779049	0.0813863            	0.5	0.669387	1  	0.145216
49 	319  	3        	3       	0.5	0.679397	0.779049	0.0813863            	0.5	0.669387	1  	0.145216

ASSIGNING STRATA FOR MULTI-OUTCOME DATA KIRC_MV
Assigning strata for outcome named survival of type survival
Counts:
censored 0: 54
censored 1: 126
deceased 0: 35
deceased 1: 35
VIEW: LOG_MIRNA
   	     	         	        	   survival SKSurv Cox model concordance index   	                 root leanness                  
   	     	         	        	-------------------------------------------------	------------------------------------------------
gen	evals	gen_feats	explored	min	avg     	max     	std                  	min     	avg     	max	std     
0  	0    	85       	85      	0.5	0.747451	0.813319	0.0608323            	0.229416	0.442014	1  	0.170388
1  	394  	168      	173     	0.5	0.735005	0.813319	0.0561594            	0.229416	0.404689	1  	0.135384
2  	386  	184      	201     	0.5	0.746525	0.813319	0.0477273            	0.229416	0.399383	1  	0.132034
3  	386  	181      	206     	0.5	0.751215	0.813319	0.0461874            	0.229416	0.396817	1  	0.131717
4  	379  	179      	207     	0.5	0.753726	0.813319	0.0458152            	0.229416	0.395722	1  	0.132555
5  	366  	188      	208     	0.5	0.755749	0.813319	0.0450623            	0.229416	0.393786	1  	0.131585
6  	382  	173      	209     	0.5	0.757287	0.813319	0.0451066            	0.229416	0.393176	1  	0.131926
7  	377  	175      	209     	0.5	0.758976	0.813319	0.0447517            	0.229416	0.389922	1  	0.13191 
8  	367  	179      	209     	0.5	0.760932	0.813319	0.0444819            	0.229416	0.385657	1  	0.132203
9  	379  	186      	209     	0.5	0.762083	0.813319	0.0439985            	0.229416	0.383822	1  	0.13127 
10 	368  	176      	209     	0.5	0.762888	0.813319	0.0441985            	0.223607	0.3833  	1  	0.131687
11 	387  	180      	209     	0.5	0.764156	0.813319	0.0438066            	0.223607	0.379835	1  	0.131609
12 	373  	177      	209     	0.5	0.764544	0.813319	0.0439414            	0.223607	0.380118	1  	0.131342
13 	371  	182      	209     	0.5	0.765157	0.813319	0.0441746            	0.223607	0.379769	1  	0.131624
14 	373  	187      	209     	0.5	0.765781	0.813319	0.0443647            	0.223607	0.378988	1  	0.131837
15 	375  	176      	209     	0.5	0.766766	0.815704	0.0440891            	0.223607	0.377362	1  	0.131224
16 	376  	181      	209     	0.5	0.767365	0.815704	0.0442132            	0.223607	0.376451	1  	0.131281
17 	375  	185      	209     	0.5	0.767917	0.815704	0.0443677            	0.218218	0.375269	1  	0.131719
18 	386  	179      	209     	0.5	0.768959	0.815704	0.0440256            	0.223607	0.372642	1  	0.131202
19 	374  	181      	209     	0.5	0.769185	0.815704	0.0441409            	0.223607	0.372604	1  	0.131245
20 	372  	174      	209     	0.5	0.769584	0.815704	0.0443605            	0.223607	0.372057	1  	0.131555
21 	395  	176      	209     	0.5	0.769748	0.815704	0.0444752            	0.223607	0.372759	1  	0.131076
22 	388  	187      	209     	0.5	0.770046	0.815704	0.0446083            	0.223607	0.372416	1  	0.131383
23 	368  	178      	209     	0.5	0.770217	0.815704	0.0446941            	0.223607	0.372654	1  	0.131178
24 	369  	172      	209     	0.5	0.77043 	0.815704	0.044819             	0.213201	0.372509	1  	0.131258
25 	372  	189      	209     	0.5	0.770932	0.815704	0.0448892            	0.213201	0.371321	1  	0.131298
26 	371  	181      	209     	0.5	0.77133 	0.815704	0.0449064            	0.213201	0.370554	1  	0.131521
27 	382  	188      	209     	0.5	0.771656	0.817194	0.0445982            	0.223607	0.370609	1  	0.130694
28 	382  	173      	209     	0.5	0.772215	0.817194	0.0446032            	0.223607	0.369202	1  	0.130678
29 	383  	181      	209     	0.5	0.772512	0.817194	0.0447294            	0.229416	0.36909 	1  	0.130756
30 	387  	179      	209     	0.5	0.772677	0.817194	0.0447761            	0.229416	0.369024	1  	0.130812
31 	370  	174      	209     	0.5	0.772986	0.817194	0.0448818            	0.223607	0.368907	1  	0.130923
32 	388  	187      	209     	0.5	0.773218	0.818101	0.0450129            	0.223607	0.368689	1  	0.131063
33 	398  	182      	209     	0.5	0.773393	0.818101	0.0450931            	0.223607	0.369197	1  	0.13068 
34 	366  	184      	209     	0.5	0.77361 	0.818101	0.0452145            	0.223607	0.368698	1  	0.131041
35 	381  	183      	209     	0.5	0.77398 	0.818101	0.0452405            	0.223607	0.368039	1  	0.130816
36 	382  	175      	209     	0.5	0.774286	0.818101	0.0454583            	0.218218	0.367459	1  	0.131528
37 	378  	183      	209     	0.5	0.774595	0.822839	0.0455288            	0.218218	0.366983	1  	0.131502
38 	383  	169      	209     	0.5	0.775579	0.822839	0.0451896            	0.218218	0.364351	1  	0.131255
39 	389  	178      	209     	0.5	0.775794	0.822839	0.045354             	0.213201	0.364241	1  	0.131422
40 	369  	174      	209     	0.5	0.776687	0.822839	0.0454912            	0.213201	0.361998	1  	0.131573
41 	375  	174      	209     	0.5	0.777462	0.822839	0.0451473            	0.213201	0.360504	1  	0.130969
42 	364  	177      	209     	0.5	0.777681	0.822839	0.0452307            	0.213201	0.360576	1  	0.130905
43 	376  	170      	209     	0.5	0.777896	0.825757	0.0453775            	0.213201	0.360391	1  	0.131059
44 	377  	183      	209     	0.5	0.778286	0.825757	0.0456083            	0.213201	0.359895	1  	0.131391
45 	398  	185      	209     	0.5	0.779063	0.825757	0.0457351            	0.213201	0.358042	1  	0.131786
46 	378  	185      	209     	0.5	0.778969	0.825757	0.045779             	0.208514	0.358891	1  	0.131619
47 	360  	176      	209     	0.5	0.778919	0.825757	0.0459007            	0.208514	0.359861	1  	0.131513
48 	384  	175      	209     	0.5	0.779011	0.825757	0.0459441            	0.208514	0.3602  	1  	0.131232
49 	377  	186      	209     	0.5	0.779173	0.825757	0.0460406            	0.208514	0.360626	1  	0.131058

STARTING MASTER RUNNER RESAMPLING
Generations completed = 7
Generations completed = 17
Generations completed = 27
Generations completed = 37
Generations completed = 47
MASTER
   	     	         	        	       survival SKSurv Cox model concordance index       	                      root leanness                      
   	     	         	        	---------------------------------------------------------	---------------------------------------------------------
gen	evals	gen_feats	explored	min     	avg     	max     	std             	min     	avg     	max     	std      
0  	500  	115      	115     	0.618679	0.784763	0.846202	0.0357721       	0.2     	0.323526	0.707107	0.0960151
1  	414  	104      	119     	0.612819	0.794276	0.846202	0.0384006       	0.2     	0.342693	0.707107	0.106127 
2  	419  	108      	120     	0.612819	0.799159	0.846202	0.0393999       	0.2     	0.350788	0.707107	0.110024 
3  	400  	98       	121     	0.612819	0.801075	0.846202	0.0403408       	0.204124	0.35647 	0.707107	0.113044 
4  	407  	110      	123     	0.5     	0.802711	0.846202	0.0418277       	0.204124	0.358381	1       	0.116619 
5  	393  	102      	125     	0.5     	0.80433 	0.846202	0.0413272       	0.204124	0.357488	1       	0.117369 
6  	430  	106      	125     	0.5     	0.804706	0.846202	0.0425599       	0.204124	0.359361	1       	0.119111 
7  	417  	107      	125     	0.5     	0.804816	0.846202	0.044357        	0.204124	0.360667	1       	0.122672 
8  	411  	106      	125     	0.5     	0.805242	0.846202	0.0451351       	0.204124	0.360963	1       	0.123941 
9  	397  	101      	125     	0.5     	0.805239	0.846202	0.0455688       	0.204124	0.362371	1       	0.124557 
10 	404  	106      	125     	0.5     	0.805588	0.846202	0.0454161       	0.204124	0.363184	1       	0.124011 
11 	392  	100      	125     	0.5     	0.805774	0.846202	0.0453845       	0.204124	0.363515	1       	0.123721 
12 	409  	99       	125     	0.5     	0.806062	0.846202	0.045474        	0.204124	0.363084	1       	0.123951 
13 	403  	101      	125     	0.5     	0.805537	0.846202	0.0470904       	0.204124	0.36399 	1       	0.126261 
14 	409  	107      	125     	0.5     	0.805512	0.846202	0.0474097       	0.204124	0.364686	1       	0.127242 
15 	406  	102      	125     	0.5     	0.805407	0.846202	0.0480791       	0.204124	0.364748	1       	0.128534 
16 	404  	103      	125     	0.5     	0.805457	0.846202	0.0480907       	0.204124	0.364805	1       	0.12849  
17 	425  	108      	125     	0.5     	0.805404	0.846202	0.0484926       	0.204124	0.365311	1       	0.129454 
18 	397  	104      	125     	0.5     	0.80544 	0.846202	0.0484998       	0.204124	0.365311	1       	0.129454 
19 	411  	108      	125     	0.5     	0.805151	0.846202	0.0491294       	0.204124	0.365725	1       	0.130213 
20 	412  	96       	125     	0.5     	0.805481	0.846202	0.0490241       	0.204124	0.364833	1       	0.129885 
21 	418  	104      	125     	0.5     	0.80511 	0.846202	0.0495471       	0.204124	0.365813	1       	0.130615 
22 	393  	98       	125     	0.5     	0.805141	0.846202	0.0495235       	0.204124	0.365813	1       	0.130615 
23 	415  	105      	125     	0.5     	0.804844	0.846202	0.0500677       	0.204124	0.366542	1       	0.131551 
24 	409  	107      	125     	0.5     	0.804854	0.846202	0.0500741       	0.204124	0.366672	1       	0.131441 
25 	415  	102      	125     	0.5     	0.804424	0.846202	0.0507889       	0.204124	0.367587	1       	0.132214 
26 	413  	105      	125     	0.5     	0.804424	0.846202	0.0507889       	0.204124	0.367587	1       	0.132214 
27 	411  	105      	125     	0.5     	0.804459	0.846202	0.0508061       	0.204124	0.367587	1       	0.132214 
28 	414  	109      	125     	0.5     	0.804459	0.846202	0.0508061       	0.204124	0.367587	1       	0.132214 
29 	394  	103      	125     	0.5     	0.804459	0.846202	0.0508061       	0.204124	0.367587	1       	0.132214 
30 	408  	97       	125     	0.5     	0.804459	0.846202	0.0508061       	0.204124	0.367587	1       	0.132214 
31 	386  	107      	125     	0.5     	0.804459	0.846202	0.0508061       	0.204124	0.367587	1       	0.132214 
32 	406  	105      	125     	0.5     	0.804459	0.846202	0.0508061       	0.204124	0.367587	1       	0.132214 
33 	391  	100      	125     	0.5     	0.804459	0.846202	0.0508061       	0.204124	0.367587	1       	0.132214 
34 	413  	107      	125     	0.5     	0.804467	0.846202	0.0508105       	0.204124	0.367587	1       	0.132214 
35 	399  	105      	125     	0.5     	0.804467	0.846202	0.0508105       	0.204124	0.367587	1       	0.132214 
36 	427  	102      	125     	0.5     	0.804467	0.846202	0.0508105       	0.204124	0.367587	1       	0.132214 
37 	419  	100      	125     	0.5     	0.804467	0.846202	0.0508105       	0.204124	0.367587	1       	0.132214 
38 	405  	105      	125     	0.5     	0.804467	0.846202	0.0508109       	0.204124	0.367587	1       	0.132214 
39 	417  	102      	125     	0.5     	0.804467	0.846202	0.0508109       	0.204124	0.367587	1       	0.132214 
40 	401  	100      	125     	0.5     	0.804467	0.846202	0.0508109       	0.204124	0.367587	1       	0.132214 
41 	421  	102      	125     	0.5     	0.804467	0.846202	0.0508109       	0.204124	0.367587	1       	0.132214 
42 	400  	102      	125     	0.5     	0.804467	0.846202	0.0508109       	0.204124	0.367587	1       	0.132214 
43 	406  	103      	125     	0.5     	0.804467	0.846202	0.0508109       	0.204124	0.367587	1       	0.132214 
44 	410  	102      	125     	0.5     	0.804472	0.846202	0.0508131       	0.204124	0.367568	1       	0.132229 
45 	403  	99       	125     	0.5     	0.804472	0.846202	0.0508131       	0.204124	0.367568	1       	0.132229 
46 	406  	106      	125     	0.5     	0.804472	0.846202	0.0508131       	0.204124	0.367568	1       	0.132229 
47 	422  	112      	125     	0.5     	0.804477	0.846202	0.050814        	0.204124	0.367568	1       	0.132229 
48 	399  	108      	125     	0.5     	0.804503	0.846202	0.0506936       	0.204124	0.367587	1       	0.132214 
49 	417  	101      	125     	0.5     	0.804503	0.846202	0.0506936       	0.204124	0.367587	1       	0.132214 

CURRENT HALLS OF FAME

PARETO FRONT
Number of solutions = 16
(0.8509909204406357, 0.22360679774997896) 19 features: [0_age_at_initial_pathologic_diagnosis, 0_ajcc_pathologic_tumor_stage_Stage I, 0_ajcc_pathologic_tumor_stage_Stage IV, 1_hsa.miR.106b.5p, 1_hsa.miR.1228.3p, 1_hsa.miR.126.3p, 1_hsa.miR.18a.5p, 1_hsa.miR.192.3p, 1_hsa.miR.204.5p, 1_hsa.miR.296.5p, 1_hsa.miR.30e.3p, 1_hsa.miR.335.3p, 1_hsa.miR.34c.3p, 1_hsa.miR.362.3p, 1_hsa.miR.3922.3p, 1_hsa.miR.425.5p, 1_hsa.miR.550a.3p, 1_hsa.miR.590.3p, 1_hsa.miR.6503.5p]
(0.8506720464025967, 0.22941573387056177) 18 features: [0_age_at_initial_pathologic_diagnosis, 0_ajcc_pathologic_tumor_stage_Stage I, 0_ajcc_pathologic_tumor_stage_Stage IV, 1_hsa.miR.106b.5p, 1_hsa.miR.1228.3p, 1_hsa.miR.126.3p, 1_hsa.miR.18a.5p, 1_hsa.miR.192.3p, 1_hsa.miR.204.5p, 1_hsa.miR.296.5p, 1_hsa.miR.30e.3p, 1_hsa.miR.335.3p, 1_hsa.miR.34c.3p, 1_hsa.miR.362.3p, 1_hsa.miR.3922.3p, 1_hsa.miR.550a.3p, 1_hsa.miR.590.3p, 1_hsa.miR.6503.5p]
(0.8449129123702179, 0.23570226039551584) 17 features: [0_age_at_initial_pathologic_diagnosis, 0_ajcc_pathologic_tumor_stage_Stage I, 0_ajcc_pathologic_tumor_stage_Stage IV, 1_hsa.miR.10a.5p, 1_hsa.miR.126.3p, 1_hsa.miR.138.5p, 1_hsa.miR.143.3p, 1_hsa.miR.155.3p, 1_hsa.miR.18a.5p, 1_hsa.miR.192.3p, 1_hsa.miR.204.5p, 1_hsa.miR.30e.3p, 1_hsa.miR.3187.3p, 1_hsa.miR.34c.3p, 1_hsa.miR.502.3p, 1_hsa.miR.590.3p, 1_hsa.miR.6503.5p]
(0.8432272880090718, 0.2773500981126146) 12 features: [0_age_at_initial_pathologic_diagnosis, 0_ajcc_pathologic_tumor_stage_Stage IV, 1_hsa.miR.18a.5p, 1_hsa.miR.192.3p, 1_hsa.miR.204.5p, 1_hsa.miR.30e.3p, 1_hsa.miR.3187.3p, 1_hsa.miR.34c.3p, 1_hsa.miR.4677.3p, 1_hsa.miR.502.3p, 1_hsa.miR.6503.5p, 1_hsa.miR.664a.5p]
(0.8420842501487663, 0.28867513459481287) 11 features: [0_ajcc_pathologic_tumor_stage_Stage I, 0_ajcc_pathologic_tumor_stage_Stage IV, 1_hsa.miR.126.3p, 1_hsa.miR.18a.5p, 1_hsa.miR.192.3p, 1_hsa.miR.204.5p, 1_hsa.miR.30e.3p, 1_hsa.miR.34c.3p, 1_hsa.miR.362.3p, 1_hsa.miR.590.3p, 1_hsa.miR.6503.5p]
(0.8401186087144342, 0.30151134457776363) 10 features: [0_age_at_initial_pathologic_diagnosis, 0_ajcc_pathologic_tumor_stage_Stage IV, 1_hsa.miR.10a.5p, 1_hsa.miR.18a.5p, 1_hsa.miR.192.3p, 1_hsa.miR.204.5p, 1_hsa.miR.3187.3p, 1_hsa.miR.34c.3p, 1_hsa.miR.502.3p, 1_hsa.miR.6503.5p]
(0.8381642960390588, 0.31622776601683794) 9 features: [0_age_at_initial_pathologic_diagnosis, 0_ajcc_pathologic_tumor_stage_Stage I, 0_ajcc_pathologic_tumor_stage_Stage IV, 1_hsa.miR.18a.5p, 1_hsa.miR.192.3p, 1_hsa.miR.204.5p, 1_hsa.miR.34c.3p, 1_hsa.miR.3922.3p, 1_hsa.miR.502.3p]
(0.8321784647211592, 0.3333333333333333) 8 features: [0_ajcc_pathologic_tumor_stage_Stage I, 0_ajcc_pathologic_tumor_stage_Stage IV, 1_hsa.miR.18a.5p, 1_hsa.miR.192.3p, 1_hsa.miR.204.5p, 1_hsa.miR.30e.3p, 1_hsa.miR.34c.3p, 1_hsa.miR.4677.3p]
(0.8271495811344008, 0.3535533905932738) 7 features: [0_age_at_initial_pathologic_diagnosis, 0_ajcc_pathologic_tumor_stage_Stage I, 0_ajcc_pathologic_tumor_stage_Stage IV, 1_hsa.miR.18a.5p, 1_hsa.miR.192.3p, 1_hsa.miR.30e.3p, 1_hsa.miR.6503.5p]
(0.825287214566152, 0.3779644730092272) 6 features: [0_age_at_initial_pathologic_diagnosis, 0_ajcc_pathologic_tumor_stage_Stage I, 0_ajcc_pathologic_tumor_stage_Stage IV, 1_hsa.miR.18a.5p, 1_hsa.miR.192.3p, 1_hsa.miR.34c.3p]
(0.8198343640468878, 0.408248290463863) 5 features: [0_age_at_initial_pathologic_diagnosis, 0_ajcc_pathologic_tumor_stage_Stage I, 0_ajcc_pathologic_tumor_stage_Stage IV, 1_hsa.miR.18a.5p, 1_hsa.miR.192.3p]
(0.8085441771400026, 0.4472135954999579) 4 features: [0_age_at_initial_pathologic_diagnosis, 0_ajcc_pathologic_tumor_stage_Stage IV, 1_hsa.miR.18a.5p, 1_hsa.miR.194.3p]
(0.7916710285780494, 0.5) [0_age_at_initial_pathologic_diagnosis, 0_ajcc_pathologic_tumor_stage_Stage IV, 1_hsa.miR.194.3p]
(0.775922106709583, 0.5773502691896257) [0_ajcc_pathologic_tumor_stage_Stage IV, 1_hsa.miR.194.3p]
(0.692397473374703, 0.7071067811865476) [1_hsa.miR.194.3p]
(0.5, 1.0) []
Features in hall of fame by prevalence:
28 features: [0_ajcc_pathologic_tumor_stage_Stage IV, 1_hsa.miR.18a.5p, 0_age_at_initial_pathologic_diagnosis, 1_hsa.miR.192.3p, 0_ajcc_pathologic_tumor_stage_Stage I, 1_hsa.miR.34c.3p, 1_hsa.miR.204.5p, 1_hsa.miR.30e.3p, 1_hsa.miR.6503.5p, 1_hsa.miR.126.3p, 1_hsa.miR.194.3p, 1_hsa.miR.502.3p, 1_hsa.miR.590.3p, 1_hsa.miR.3187.3p, 1_hsa.miR.362.3p, 1_hsa.miR.3922.3p, 1_hsa.miR.106b.5p, 1_hsa.miR.10a.5p, 1_hsa.miR.1228.3p, 1_hsa.miR.296.5p, 1_hsa.miR.335.3p, 1_hsa.miR.4677.3p, 1_hsa.miR.550a.3p, 1_hsa.miR.138.5p, 1_hsa.miR.143.3p, 1_hsa.miR.155.3p, 1_hsa.miR.425.5p, 1_hsa.miR.664a.5p]

LAST POPULATION
Number of solutions = 500
Features in hall of fame by prevalence:
89 features: [0_ajcc_pathologic_tumor_stage_Stage IV, 1_hsa.miR.192.3p, 1_hsa.miR.18a.5p, 1_hsa.miR.6503.5p, 0_age_at_initial_pathologic_diagnosis, 1_hsa.miR.34c.3p, 1_hsa.miR.30e.3p, 1_hsa.miR.204.5p, 1_hsa.miR.3187.3p, 1_hsa.miR.502.3p, 0_ajcc_pathologic_tumor_stage_Stage I, 1_hsa.miR.155.3p, 1_hsa.miR.590.3p, 1_hsa.miR.10a.5p, 1_hsa.miR.138.5p, 1_hsa.miR.126.3p, 1_hsa.miR.4677.3p, 1_hsa.miR.194.3p, 1_hsa.miR.3922.3p, 1_hsa.miR.130b.3p, 1_hsa.miR.92b.3p, 1_hsa.miR.1248, 1_hsa.miR.362.3p, 1_hsa.miR.296.5p, 1_hsa.miR.513c.3p, 1_hsa.miR.1293, 1_hsa.miR.143.3p, 1_hsa.miR.3648, 1_hsa.miR.183.5p, 1_hsa.miR.1251.5p, 1_hsa.miR.215.5p, 1_hsa.miR.10b.5p, 1_hsa.miR.486.5p, 1_hsa.miR.191.5p, 1_hsa.miR.27b.5p, 1_hsa.miR.550a.3p, 1_hsa.miR.664a.5p, 1_hsa.miR.758.3p, 1_hsa.miR.194.5p, 1_hsa.miR.335.3p, 1_hsa.miR.655.3p, 1_hsa.miR.192.5p, 1_hsa.miR.204.3p, 1_hsa.miR.222.3p, 1_hsa.miR.24.1.5p, 1_hsa.miR.24.2.5p, 1_hsa.miR.495.3p, 1_hsa.miR.93.5p, 1_hsa.miR.101.3p, 1_hsa.miR.103a.3p, 1_hsa.miR.126.5p, 1_hsa.miR.153.3p, 1_hsa.miR.190b, 1_hsa.miR.518c.3p, 1_hsa.miR.106b.5p, 1_hsa.miR.21.5p, 1_hsa.miR.30d.3p, 1_hsa.miR.539.5p, 1_hsa.miR.6087, 1_hsa.let.7b.3p, 1_hsa.miR.146b.5p, 1_hsa.miR.199b.5p, 1_hsa.miR.29c.5p, 1_hsa.miR.301a.3p, 1_hsa.miR.34c.5p, 1_hsa.miR.381.3p, 1_hsa.miR.382.5p, 1_hsa.miR.425.5p, 1_hsa.miR.485.3p, 1_hsa.miR.654.5p, 1_hsa.miR.99b.5p, 1_hsa.miR.10b.3p, 1_hsa.miR.139.3p, 1_hsa.miR.151b, 1_hsa.miR.21.3p, 1_hsa.miR.223.3p, 1_hsa.miR.296.3p, 1_hsa.miR.30b.3p, 1_hsa.miR.31.3p, 1_hsa.miR.31.5p, 1_hsa.miR.3615, 1_hsa.miR.365b.3p, 1_hsa.miR.369.5p, 1_hsa.miR.376a.5p, 1_hsa.miR.4326, 1_hsa.miR.493.5p, 1_hsa.miR.627.5p, 1_hsa.miR.671.5p, 1_hsa.miR.7702]

BEST SUMS WITH SIZE 50
Number of solutions = 50
Features in hall of fame by prevalence:
34 features: [0_ajcc_pathologic_tumor_stage_Stage IV, 1_hsa.miR.194.3p, 0_age_at_initial_pathologic_diagnosis, 0_ajcc_pathologic_tumor_stage_Stage I, 1_hsa.miR.101.3p, 1_hsa.miR.130b.3p, 1_hsa.miR.192.3p, 1_hsa.miR.192.5p, 1_hsa.miR.194.5p, 1_hsa.miR.215.5p, 1_hsa.miR.30e.3p, 1_hsa.miR.34c.3p, 1_hsa.miR.34c.5p, 1_hsa.miR.362.3p, 1_hsa.miR.502.3p, 1_hsa.miR.92b.3p, 1_hsa.miR.10b.3p, 1_hsa.miR.10b.5p, 1_hsa.miR.1248, 1_hsa.miR.151b, 1_hsa.miR.18a.5p, 1_hsa.miR.21.3p, 1_hsa.miR.21.5p, 1_hsa.miR.222.3p, 1_hsa.miR.23b.3p, 1_hsa.miR.296.5p, 1_hsa.miR.301a.3p, 1_hsa.miR.335.3p, 1_hsa.miR.3615, 1_hsa.miR.3922.3p, 1_hsa.miR.425.5p, 1_hsa.miR.4326, 1_hsa.miR.671.5p, 1_hsa.miR.7702]

BEST SUMS WITH SIZE 100
Number of solutions = 100
Features in hall of fame by prevalence:
39 features: [0_ajcc_pathologic_tumor_stage_Stage IV, 0_ajcc_pathologic_tumor_stage_Stage I, 1_hsa.miR.130b.3p, 1_hsa.miR.194.3p, 1_hsa.miR.192.3p, 0_age_at_initial_pathologic_diagnosis, 1_hsa.miR.30e.3p, 1_hsa.miR.502.3p, 1_hsa.miR.101.3p, 1_hsa.miR.1248, 1_hsa.miR.18a.5p, 1_hsa.miR.192.5p, 1_hsa.miR.194.5p, 1_hsa.miR.215.5p, 1_hsa.miR.21.5p, 1_hsa.miR.222.3p, 1_hsa.miR.223.3p, 1_hsa.miR.296.5p, 1_hsa.miR.335.3p, 1_hsa.miR.34c.5p, 1_hsa.miR.362.3p, 1_hsa.miR.7702, 1_hsa.miR.92b.3p, 1_hsa.miR.10b.3p, 1_hsa.miR.146b.5p, 1_hsa.miR.151b, 1_hsa.miR.155.5p, 1_hsa.miR.21.3p, 1_hsa.miR.23b.3p, 1_hsa.miR.24.1.5p, 1_hsa.miR.301a.3p, 1_hsa.miR.34c.3p, 1_hsa.miR.425.5p, 1_hsa.miR.4326, 1_hsa.miR.671.5p, 1_hsa.miR.10b.5p, 1_hsa.miR.3615, 1_hsa.miR.3922.3p, 1_hsa.miR.4677.3p]
Optimization on fold finished in 00-09:23:21

FEATURE SETS SELECTED

PARETO FRONT
Number of solutions = 16
(0.8509909204406357, 0.22360679774997896) 19 features: [0_age_at_initial_pathologic_diagnosis, 0_ajcc_pathologic_tumor_stage_Stage I, 0_ajcc_pathologic_tumor_stage_Stage IV, 1_hsa.miR.106b.5p, 1_hsa.miR.1228.3p, 1_hsa.miR.126.3p, 1_hsa.miR.18a.5p, 1_hsa.miR.192.3p, 1_hsa.miR.204.5p, 1_hsa.miR.296.5p, 1_hsa.miR.30e.3p, 1_hsa.miR.335.3p, 1_hsa.miR.34c.3p, 1_hsa.miR.362.3p, 1_hsa.miR.3922.3p, 1_hsa.miR.425.5p, 1_hsa.miR.550a.3p, 1_hsa.miR.590.3p, 1_hsa.miR.6503.5p]
(0.8506720464025967, 0.22941573387056177) 18 features: [0_age_at_initial_pathologic_diagnosis, 0_ajcc_pathologic_tumor_stage_Stage I, 0_ajcc_pathologic_tumor_stage_Stage IV, 1_hsa.miR.106b.5p, 1_hsa.miR.1228.3p, 1_hsa.miR.126.3p, 1_hsa.miR.18a.5p, 1_hsa.miR.192.3p, 1_hsa.miR.204.5p, 1_hsa.miR.296.5p, 1_hsa.miR.30e.3p, 1_hsa.miR.335.3p, 1_hsa.miR.34c.3p, 1_hsa.miR.362.3p, 1_hsa.miR.3922.3p, 1_hsa.miR.550a.3p, 1_hsa.miR.590.3p, 1_hsa.miR.6503.5p]
(0.8449129123702179, 0.23570226039551584) 17 features: [0_age_at_initial_pathologic_diagnosis, 0_ajcc_pathologic_tumor_stage_Stage I, 0_ajcc_pathologic_tumor_stage_Stage IV, 1_hsa.miR.10a.5p, 1_hsa.miR.126.3p, 1_hsa.miR.138.5p, 1_hsa.miR.143.3p, 1_hsa.miR.155.3p, 1_hsa.miR.18a.5p, 1_hsa.miR.192.3p, 1_hsa.miR.204.5p, 1_hsa.miR.30e.3p, 1_hsa.miR.3187.3p, 1_hsa.miR.34c.3p, 1_hsa.miR.502.3p, 1_hsa.miR.590.3p, 1_hsa.miR.6503.5p]
(0.8432272880090718, 0.2773500981126146) 12 features: [0_age_at_initial_pathologic_diagnosis, 0_ajcc_pathologic_tumor_stage_Stage IV, 1_hsa.miR.18a.5p, 1_hsa.miR.192.3p, 1_hsa.miR.204.5p, 1_hsa.miR.30e.3p, 1_hsa.miR.3187.3p, 1_hsa.miR.34c.3p, 1_hsa.miR.4677.3p, 1_hsa.miR.502.3p, 1_hsa.miR.6503.5p, 1_hsa.miR.664a.5p]
(0.8420842501487663, 0.28867513459481287) 11 features: [0_ajcc_pathologic_tumor_stage_Stage I, 0_ajcc_pathologic_tumor_stage_Stage IV, 1_hsa.miR.126.3p, 1_hsa.miR.18a.5p, 1_hsa.miR.192.3p, 1_hsa.miR.204.5p, 1_hsa.miR.30e.3p, 1_hsa.miR.34c.3p, 1_hsa.miR.362.3p, 1_hsa.miR.590.3p, 1_hsa.miR.6503.5p]
(0.8401186087144342, 0.30151134457776363) 10 features: [0_age_at_initial_pathologic_diagnosis, 0_ajcc_pathologic_tumor_stage_Stage IV, 1_hsa.miR.10a.5p, 1_hsa.miR.18a.5p, 1_hsa.miR.192.3p, 1_hsa.miR.204.5p, 1_hsa.miR.3187.3p, 1_hsa.miR.34c.3p, 1_hsa.miR.502.3p, 1_hsa.miR.6503.5p]
(0.8381642960390588, 0.31622776601683794) 9 features: [0_age_at_initial_pathologic_diagnosis, 0_ajcc_pathologic_tumor_stage_Stage I, 0_ajcc_pathologic_tumor_stage_Stage IV, 1_hsa.miR.18a.5p, 1_hsa.miR.192.3p, 1_hsa.miR.204.5p, 1_hsa.miR.34c.3p, 1_hsa.miR.3922.3p, 1_hsa.miR.502.3p]
(0.8321784647211592, 0.3333333333333333) 8 features: [0_ajcc_pathologic_tumor_stage_Stage I, 0_ajcc_pathologic_tumor_stage_Stage IV, 1_hsa.miR.18a.5p, 1_hsa.miR.192.3p, 1_hsa.miR.204.5p, 1_hsa.miR.30e.3p, 1_hsa.miR.34c.3p, 1_hsa.miR.4677.3p]
(0.8271495811344008, 0.3535533905932738) 7 features: [0_age_at_initial_pathologic_diagnosis, 0_ajcc_pathologic_tumor_stage_Stage I, 0_ajcc_pathologic_tumor_stage_Stage IV, 1_hsa.miR.18a.5p, 1_hsa.miR.192.3p, 1_hsa.miR.30e.3p, 1_hsa.miR.6503.5p]
(0.825287214566152, 0.3779644730092272) 6 features: [0_age_at_initial_pathologic_diagnosis, 0_ajcc_pathologic_tumor_stage_Stage I, 0_ajcc_pathologic_tumor_stage_Stage IV, 1_hsa.miR.18a.5p, 1_hsa.miR.192.3p, 1_hsa.miR.34c.3p]
(0.8198343640468878, 0.408248290463863) 5 features: [0_age_at_initial_pathologic_diagnosis, 0_ajcc_pathologic_tumor_stage_Stage I, 0_ajcc_pathologic_tumor_stage_Stage IV, 1_hsa.miR.18a.5p, 1_hsa.miR.192.3p]
(0.8085441771400026, 0.4472135954999579) 4 features: [0_age_at_initial_pathologic_diagnosis, 0_ajcc_pathologic_tumor_stage_Stage IV, 1_hsa.miR.18a.5p, 1_hsa.miR.194.3p]
(0.7916710285780494, 0.5) [0_age_at_initial_pathologic_diagnosis, 0_ajcc_pathologic_tumor_stage_Stage IV, 1_hsa.miR.194.3p]
(0.775922106709583, 0.5773502691896257) [0_ajcc_pathologic_tumor_stage_Stage IV, 1_hsa.miR.194.3p]
(0.692397473374703, 0.7071067811865476) [1_hsa.miR.194.3p]
(0.5, 1.0) []
Features in hall of fame by prevalence:
28 features: [0_ajcc_pathologic_tumor_stage_Stage IV, 1_hsa.miR.18a.5p, 0_age_at_initial_pathologic_diagnosis, 1_hsa.miR.192.3p, 0_ajcc_pathologic_tumor_stage_Stage I, 1_hsa.miR.34c.3p, 1_hsa.miR.204.5p, 1_hsa.miR.30e.3p, 1_hsa.miR.6503.5p, 1_hsa.miR.126.3p, 1_hsa.miR.194.3p, 1_hsa.miR.502.3p, 1_hsa.miR.590.3p, 1_hsa.miR.3187.3p, 1_hsa.miR.362.3p, 1_hsa.miR.3922.3p, 1_hsa.miR.106b.5p, 1_hsa.miR.10a.5p, 1_hsa.miR.1228.3p, 1_hsa.miR.296.5p, 1_hsa.miR.335.3p, 1_hsa.miR.4677.3p, 1_hsa.miR.550a.3p, 1_hsa.miR.138.5p, 1_hsa.miR.143.3p, 1_hsa.miR.155.3p, 1_hsa.miR.425.5p, 1_hsa.miR.664a.5p]

LAST POPULATION
Number of solutions = 500
Features in hall of fame by prevalence:
89 features: [0_ajcc_pathologic_tumor_stage_Stage IV, 1_hsa.miR.192.3p, 1_hsa.miR.18a.5p, 1_hsa.miR.6503.5p, 0_age_at_initial_pathologic_diagnosis, 1_hsa.miR.34c.3p, 1_hsa.miR.30e.3p, 1_hsa.miR.204.5p, 1_hsa.miR.3187.3p, 1_hsa.miR.502.3p, 0_ajcc_pathologic_tumor_stage_Stage I, 1_hsa.miR.155.3p, 1_hsa.miR.590.3p, 1_hsa.miR.10a.5p, 1_hsa.miR.138.5p, 1_hsa.miR.126.3p, 1_hsa.miR.4677.3p, 1_hsa.miR.194.3p, 1_hsa.miR.3922.3p, 1_hsa.miR.130b.3p, 1_hsa.miR.92b.3p, 1_hsa.miR.1248, 1_hsa.miR.362.3p, 1_hsa.miR.296.5p, 1_hsa.miR.513c.3p, 1_hsa.miR.1293, 1_hsa.miR.143.3p, 1_hsa.miR.3648, 1_hsa.miR.183.5p, 1_hsa.miR.1251.5p, 1_hsa.miR.215.5p, 1_hsa.miR.10b.5p, 1_hsa.miR.486.5p, 1_hsa.miR.191.5p, 1_hsa.miR.27b.5p, 1_hsa.miR.550a.3p, 1_hsa.miR.664a.5p, 1_hsa.miR.758.3p, 1_hsa.miR.194.5p, 1_hsa.miR.335.3p, 1_hsa.miR.655.3p, 1_hsa.miR.192.5p, 1_hsa.miR.204.3p, 1_hsa.miR.222.3p, 1_hsa.miR.24.1.5p, 1_hsa.miR.24.2.5p, 1_hsa.miR.495.3p, 1_hsa.miR.93.5p, 1_hsa.miR.101.3p, 1_hsa.miR.103a.3p, 1_hsa.miR.126.5p, 1_hsa.miR.153.3p, 1_hsa.miR.190b, 1_hsa.miR.518c.3p, 1_hsa.miR.106b.5p, 1_hsa.miR.21.5p, 1_hsa.miR.30d.3p, 1_hsa.miR.539.5p, 1_hsa.miR.6087, 1_hsa.let.7b.3p, 1_hsa.miR.146b.5p, 1_hsa.miR.199b.5p, 1_hsa.miR.29c.5p, 1_hsa.miR.301a.3p, 1_hsa.miR.34c.5p, 1_hsa.miR.381.3p, 1_hsa.miR.382.5p, 1_hsa.miR.425.5p, 1_hsa.miR.485.3p, 1_hsa.miR.654.5p, 1_hsa.miR.99b.5p, 1_hsa.miR.10b.3p, 1_hsa.miR.139.3p, 1_hsa.miR.151b, 1_hsa.miR.21.3p, 1_hsa.miR.223.3p, 1_hsa.miR.296.3p, 1_hsa.miR.30b.3p, 1_hsa.miR.31.3p, 1_hsa.miR.31.5p, 1_hsa.miR.3615, 1_hsa.miR.365b.3p, 1_hsa.miR.369.5p, 1_hsa.miR.376a.5p, 1_hsa.miR.4326, 1_hsa.miR.493.5p, 1_hsa.miR.627.5p, 1_hsa.miR.671.5p, 1_hsa.miR.7702]

BEST SUMS WITH SIZE 50
Number of solutions = 50
Features in hall of fame by prevalence:
34 features: [0_ajcc_pathologic_tumor_stage_Stage IV, 1_hsa.miR.194.3p, 0_age_at_initial_pathologic_diagnosis, 0_ajcc_pathologic_tumor_stage_Stage I, 1_hsa.miR.101.3p, 1_hsa.miR.130b.3p, 1_hsa.miR.192.3p, 1_hsa.miR.192.5p, 1_hsa.miR.194.5p, 1_hsa.miR.215.5p, 1_hsa.miR.30e.3p, 1_hsa.miR.34c.3p, 1_hsa.miR.34c.5p, 1_hsa.miR.362.3p, 1_hsa.miR.502.3p, 1_hsa.miR.92b.3p, 1_hsa.miR.10b.3p, 1_hsa.miR.10b.5p, 1_hsa.miR.1248, 1_hsa.miR.151b, 1_hsa.miR.18a.5p, 1_hsa.miR.21.3p, 1_hsa.miR.21.5p, 1_hsa.miR.222.3p, 1_hsa.miR.23b.3p, 1_hsa.miR.296.5p, 1_hsa.miR.301a.3p, 1_hsa.miR.335.3p, 1_hsa.miR.3615, 1_hsa.miR.3922.3p, 1_hsa.miR.425.5p, 1_hsa.miR.4326, 1_hsa.miR.671.5p, 1_hsa.miR.7702]

BEST SUMS WITH SIZE 100
Number of solutions = 100
Features in hall of fame by prevalence:
39 features: [0_ajcc_pathologic_tumor_stage_Stage IV, 0_ajcc_pathologic_tumor_stage_Stage I, 1_hsa.miR.130b.3p, 1_hsa.miR.194.3p, 1_hsa.miR.192.3p, 0_age_at_initial_pathologic_diagnosis, 1_hsa.miR.30e.3p, 1_hsa.miR.502.3p, 1_hsa.miR.101.3p, 1_hsa.miR.1248, 1_hsa.miR.18a.5p, 1_hsa.miR.192.5p, 1_hsa.miR.194.5p, 1_hsa.miR.215.5p, 1_hsa.miR.21.5p, 1_hsa.miR.222.3p, 1_hsa.miR.223.3p, 1_hsa.miR.296.5p, 1_hsa.miR.335.3p, 1_hsa.miR.34c.5p, 1_hsa.miR.362.3p, 1_hsa.miR.7702, 1_hsa.miR.92b.3p, 1_hsa.miR.10b.3p, 1_hsa.miR.146b.5p, 1_hsa.miR.151b, 1_hsa.miR.155.5p, 1_hsa.miR.21.3p, 1_hsa.miR.23b.3p, 1_hsa.miR.24.1.5p, 1_hsa.miR.301a.3p, 1_hsa.miR.34c.3p, 1_hsa.miR.425.5p, 1_hsa.miR.4326, 1_hsa.miR.671.5p, 1_hsa.miR.10b.5p, 1_hsa.miR.3615, 1_hsa.miR.3922.3p, 1_hsa.miR.4677.3p]
