
OPTIMIZING FINAL MODEL ON WHOLE DATASET

COMPUTING LOCAL ACTIVE FEATURES
Computing active features for view clinic
Existing features: 12
Applying union strategy for feature selection using composite feature selector with
categorical: feature selector any na and anova
survival: feature selector Cox

Computing active features for outcome survival
Features selected for this outcome: 3
Features active in total: 3
Computing active features for view log_mirna
Existing features: 732
Applying union strategy for feature selection using composite feature selector with
categorical: feature selector any na and anova
survival: feature selector Cox

Computing active features for outcome survival
Features selected for this outcome: 234
Features active in total: 234
Computing feature importance
Running optimizer

STARTING 2-STEPS GENETIC ALGORITHM

CREATING INNER FOLDS

ASSIGNING STRATA FOR MULTI-OUTCOME DATA KIRC_MV
Assigning strata for outcome named survival of type survival
Counts:
censored 0: 69
censored 1: 155
deceased 0: 44
deceased 1: 44

STARTING SWEEP NUMBER 1
folds_creator_seed = 3352141340

ASSIGNING STRATA FOR MULTI-OUTCOME DATA KIRC_MV
Assigning strata for outcome named survival of type survival
Counts:
censored 0: 69
censored 1: 155
deceased 0: 44
deceased 1: 44
ga_runner_seed = 1933366472
VIEW: CLINIC
   	     	         	        	   survival SKSurv Cox model concordance index   	             root leanness              
   	     	         	        	-------------------------------------------------	----------------------------------------
gen	evals	gen_feats	explored	min	avg     	max     	std                  	min	avg     	max	std     
0  	500  	3        	3       	0.5	0.660409	0.761901	0.105382             	0.5	0.699326	1  	0.193501
1  	320  	3        	3       	0.5	0.674208	0.761901	0.0814269            	0.5	0.668173	1  	0.147348
2  	345  	3        	3       	0.5	0.673812	0.761901	0.0801752            	0.5	0.669387	1  	0.145216
3  	338  	3        	3       	0.5	0.673812	0.761901	0.0801752            	0.5	0.669387	1  	0.145216
4  	328  	3        	3       	0.5	0.673812	0.761901	0.0801752            	0.5	0.669387	1  	0.145216
5  	328  	3        	3       	0.5	0.673812	0.761901	0.0801752            	0.5	0.669387	1  	0.145216
6  	330  	3        	3       	0.5	0.673812	0.761901	0.0801752            	0.5	0.669387	1  	0.145216
7  	337  	3        	3       	0.5	0.673812	0.761901	0.0801752            	0.5	0.669387	1  	0.145216
8  	341  	3        	3       	0.5	0.673812	0.761901	0.0801752            	0.5	0.669387	1  	0.145216
9  	334  	3        	3       	0.5	0.673812	0.761901	0.0801752            	0.5	0.669387	1  	0.145216
10 	324  	3        	3       	0.5	0.673812	0.761901	0.0801752            	0.5	0.669387	1  	0.145216
11 	328  	3        	3       	0.5	0.673812	0.761901	0.0801752            	0.5	0.669387	1  	0.145216
12 	339  	3        	3       	0.5	0.673812	0.761901	0.0801752            	0.5	0.669387	1  	0.145216
13 	329  	3        	3       	0.5	0.673812	0.761901	0.0801752            	0.5	0.669387	1  	0.145216
14 	340  	3        	3       	0.5	0.673812	0.761901	0.0801752            	0.5	0.669387	1  	0.145216
15 	356  	3        	3       	0.5	0.673812	0.761901	0.0801752            	0.5	0.669387	1  	0.145216
16 	329  	3        	3       	0.5	0.673812	0.761901	0.0801752            	0.5	0.669387	1  	0.145216
17 	341  	3        	3       	0.5	0.673812	0.761901	0.0801752            	0.5	0.669387	1  	0.145216
18 	353  	3        	3       	0.5	0.673812	0.761901	0.0801752            	0.5	0.669387	1  	0.145216
19 	340  	3        	3       	0.5	0.673812	0.761901	0.0801752            	0.5	0.669387	1  	0.145216
20 	343  	3        	3       	0.5	0.673812	0.761901	0.0801752            	0.5	0.669387	1  	0.145216
21 	323  	3        	3       	0.5	0.673812	0.761901	0.0801752            	0.5	0.669387	1  	0.145216
22 	334  	3        	3       	0.5	0.673812	0.761901	0.0801752            	0.5	0.669387	1  	0.145216
23 	312  	3        	3       	0.5	0.673812	0.761901	0.0801752            	0.5	0.669387	1  	0.145216
24 	323  	3        	3       	0.5	0.673812	0.761901	0.0801752            	0.5	0.669387	1  	0.145216
25 	336  	3        	3       	0.5	0.673812	0.761901	0.0801752            	0.5	0.669387	1  	0.145216
26 	322  	3        	3       	0.5	0.673812	0.761901	0.0801752            	0.5	0.669387	1  	0.145216
27 	336  	3        	3       	0.5	0.673812	0.761901	0.0801752            	0.5	0.669387	1  	0.145216
28 	352  	3        	3       	0.5	0.673812	0.761901	0.0801752            	0.5	0.669387	1  	0.145216
29 	334  	3        	3       	0.5	0.673812	0.761901	0.0801752            	0.5	0.669387	1  	0.145216
30 	344  	3        	3       	0.5	0.673812	0.761901	0.0801752            	0.5	0.669387	1  	0.145216
31 	318  	3        	3       	0.5	0.673812	0.761901	0.0801752            	0.5	0.669387	1  	0.145216
32 	343  	3        	3       	0.5	0.673812	0.761901	0.0801752            	0.5	0.669387	1  	0.145216
33 	348  	3        	3       	0.5	0.673812	0.761901	0.0801752            	0.5	0.669387	1  	0.145216
34 	340  	3        	3       	0.5	0.673812	0.761901	0.0801752            	0.5	0.669387	1  	0.145216
35 	335  	3        	3       	0.5	0.673812	0.761901	0.0801752            	0.5	0.669387	1  	0.145216
36 	335  	3        	3       	0.5	0.673812	0.761901	0.0801752            	0.5	0.669387	1  	0.145216
37 	343  	3        	3       	0.5	0.673812	0.761901	0.0801752            	0.5	0.669387	1  	0.145216
38 	326  	3        	3       	0.5	0.673812	0.761901	0.0801752            	0.5	0.669387	1  	0.145216
39 	340  	3        	3       	0.5	0.673812	0.761901	0.0801752            	0.5	0.669387	1  	0.145216
40 	346  	3        	3       	0.5	0.673812	0.761901	0.0801752            	0.5	0.669387	1  	0.145216
41 	353  	3        	3       	0.5	0.673812	0.761901	0.0801752            	0.5	0.669387	1  	0.145216
42 	331  	3        	3       	0.5	0.673812	0.761901	0.0801752            	0.5	0.669387	1  	0.145216
43 	336  	3        	3       	0.5	0.673812	0.761901	0.0801752            	0.5	0.669387	1  	0.145216
44 	344  	3        	3       	0.5	0.673812	0.761901	0.0801752            	0.5	0.669387	1  	0.145216
45 	340  	3        	3       	0.5	0.673812	0.761901	0.0801752            	0.5	0.669387	1  	0.145216
46 	356  	3        	3       	0.5	0.673812	0.761901	0.0801752            	0.5	0.669387	1  	0.145216
47 	328  	3        	3       	0.5	0.673812	0.761901	0.0801752            	0.5	0.669387	1  	0.145216
48 	363  	3        	3       	0.5	0.673812	0.761901	0.0801752            	0.5	0.669387	1  	0.145216
49 	329  	3        	3       	0.5	0.673812	0.761901	0.0801752            	0.5	0.669387	1  	0.145216

ASSIGNING STRATA FOR MULTI-OUTCOME DATA KIRC_MV
Assigning strata for outcome named survival of type survival
Counts:
censored 0: 69
censored 1: 155
deceased 0: 44
deceased 1: 44
VIEW: LOG_MIRNA
   	     	         	        	       survival SKSurv Cox model concordance index       	                 root leanness                  
   	     	         	        	---------------------------------------------------------	------------------------------------------------
gen	evals	gen_feats	explored	min     	avg     	max     	std             	min     	avg     	max	std     
0  	500  	22       	22      	0.490933	0.621061	0.770033	0.0560316       	0.208514	0.273879	1  	0.14013 
1  	360  	161      	161     	0.456309	0.637091	0.770033	0.0781174       	0.196116	0.295279	1  	0.119553
2  	360  	197      	207     	0.477738	0.685565	0.770033	0.0666993       	0.196116	0.329734	1  	0.108592
3  	358  	195      	224     	0.5     	0.71504 	0.770033	0.0393943       	0.218218	0.362109	1  	0.114034
4  	381  	207      	233     	0.5     	0.722241	0.770033	0.0351986       	0.218218	0.366651	1  	0.116845
5  	373  	187      	234     	0.5     	0.723926	0.770033	0.0382844       	0.218218	0.373644	1  	0.121933
6  	391  	193      	234     	0.5     	0.725379	0.770033	0.0405747       	0.218218	0.37901 	1  	0.124203
7  	374  	183      	234     	0.5     	0.726482	0.770033	0.0413617       	0.218218	0.382377	1  	0.12442 
8  	373  	192      	234     	0.5     	0.727261	0.770033	0.0438578       	0.218218	0.385924	1  	0.128557
9  	372  	194      	234     	0.5     	0.727335	0.779407	0.0471065       	0.218218	0.389364	1  	0.131538
10 	381  	183      	234     	0.5     	0.72907 	0.782769	0.0459531       	0.223607	0.391628	1  	0.132158
11 	398  	199      	234     	0.5     	0.730623	0.782769	0.0448273       	0.229416	0.393815	1  	0.131481
12 	381  	186      	234     	0.5     	0.734263	0.782769	0.0424234       	0.229416	0.387516	1  	0.131068
13 	373  	203      	234     	0.5     	0.735395	0.782769	0.0425146       	0.229416	0.387884	1  	0.130722
14 	381  	193      	234     	0.5     	0.735895	0.782769	0.0425655       	0.229416	0.389304	1  	0.130991
15 	376  	192      	234     	0.5     	0.735865	0.782769	0.0435793       	0.229416	0.393939	1  	0.130963
16 	376  	173      	234     	0.5     	0.737573	0.782769	0.0429795       	0.229416	0.391181	1  	0.130782
17 	361  	184      	234     	0.5     	0.738325	0.782769	0.043292        	0.229416	0.391013	1  	0.13098 
18 	378  	188      	234     	0.5     	0.738469	0.782769	0.0440165       	0.218218	0.392866	1  	0.13155 
19 	371  	192      	234     	0.5     	0.739792	0.782769	0.0435882       	0.218218	0.391062	1  	0.1311  
20 	371  	190      	234     	0.5     	0.740414	0.782769	0.0438742       	0.218218	0.390756	1  	0.131384
21 	369  	189      	234     	0.5     	0.741087	0.783321	0.0442211       	0.204124	0.390562	1  	0.131624
22 	384  	184      	234     	0.5     	0.74227 	0.783321	0.0442911       	0.218218	0.387789	1  	0.132474
23 	390  	191      	234     	0.5     	0.743191	0.787013	0.0438817       	0.218218	0.387106	1  	0.132222
24 	383  	194      	234     	0.5     	0.744687	0.787013	0.0435296       	0.218218	0.382597	1  	0.132519
25 	383  	193      	234     	0.5     	0.745246	0.787013	0.0438069       	0.218218	0.382332	1  	0.132689
26 	380  	192      	234     	0.5     	0.745851	0.787013	0.0436809       	0.218218	0.382511	1  	0.132407
27 	385  	189      	234     	0.5     	0.746469	0.787013	0.043958        	0.218218	0.381961	1  	0.132418
28 	389  	203      	234     	0.5     	0.746896	0.787991	0.0442206       	0.218218	0.382433	1  	0.13203 
29 	366  	196      	234     	0.5     	0.747145	0.787991	0.044348        	0.223607	0.382925	1  	0.131863
30 	374  	190      	234     	0.5     	0.747627	0.787991	0.0445026       	0.223607	0.382745	1  	0.131869
31 	365  	185      	234     	0.5     	0.748835	0.787991	0.0440091       	0.223607	0.380371	1  	0.131063
32 	367  	198      	234     	0.5     	0.749307	0.789665	0.0438278       	0.223607	0.380638	1  	0.130846
33 	380  	183      	234     	0.5     	0.748769	0.789665	0.0441079       	0.223607	0.384309	1  	0.130833
34 	396  	190      	234     	0.5     	0.749089	0.789665	0.044251        	0.223607	0.384319	1  	0.130829
35 	383  	201      	234     	0.5     	0.749445	0.790577	0.0444792       	0.223607	0.384242	1  	0.130916
36 	375  	186      	234     	0.5     	0.74985 	0.790577	0.0442539       	0.223607	0.384333	1  	0.130822
37 	390  	195      	234     	0.5     	0.749241	0.790577	0.0451418       	0.223607	0.38672 	1  	0.131445
38 	380  	192      	234     	0.5     	0.750986	0.790577	0.044433        	0.218218	0.381768	1  	0.131807
39 	393  	190      	234     	0.5     	0.751804	0.790577	0.0441187       	0.218218	0.37972 	1  	0.131701
40 	375  	196      	234     	0.5     	0.752012	0.790911	0.0442028       	0.218218	0.380153	1  	0.131321
41 	391  	203      	234     	0.5     	0.752345	0.791797	0.044256        	0.218218	0.380113	1  	0.131364
42 	371  	187      	234     	0.5     	0.752802	0.791797	0.0443005       	0.213201	0.378838	1  	0.131692
43 	357  	178      	234     	0.5     	0.753795	0.791797	0.0440137       	0.213201	0.375798	1  	0.131884
44 	375  	184      	234     	0.5     	0.754134	0.793071	0.044005        	0.213201	0.376129	1  	0.131626
45 	386  	197      	234     	0.5     	0.75453 	0.79368 	0.0442013       	0.213201	0.375246	1  	0.132146
46 	372  	181      	234     	0.5     	0.755834	0.793988	0.0439582       	0.213201	0.370757	1  	0.132807
47 	379  	189      	234     	0.5     	0.757101	0.793988	0.0435666       	0.213201	0.366596	1  	0.132736
48 	373  	193      	234     	0.5     	0.758143	0.793988	0.0430554       	0.213201	0.363498	1  	0.132342
49 	374  	199      	234     	0.5     	0.758424	0.796208	0.0431848       	0.213201	0.363509	1  	0.13212 

STARTING MASTER RUNNER RESAMPLING
Generations completed = 7
Generations completed = 16
Generations completed = 25
Generations completed = 34
Generations completed = 43
MASTER
   	     	         	        	       survival SKSurv Cox model concordance index       	                      root leanness                      
   	     	         	        	---------------------------------------------------------	---------------------------------------------------------
gen	evals	gen_feats	explored	min     	avg     	max     	std             	min     	avg     	max     	std      
0  	500  	128      	128     	0.610822	0.774094	0.837878	0.0340004       	0.204124	0.316866	0.707107	0.0898531
1  	426  	120      	135     	0.610908	0.783825	0.837878	0.0313054       	0.204124	0.336573	0.707107	0.0969752
2  	418  	120      	142     	0.610908	0.786236	0.837878	0.034505        	0.204124	0.345443	0.707107	0.104837 
3  	396  	117      	143     	0.610908	0.789987	0.837878	0.0333837       	0.204124	0.344661	0.707107	0.10888  
4  	404  	121      	147     	0.610908	0.792157	0.837878	0.0338834       	0.204124	0.344037	0.707107	0.110258 
5  	408  	121      	148     	0.610908	0.793959	0.837878	0.0328742       	0.204124	0.342094	0.707107	0.109807 
6  	406  	126      	148     	0.610908	0.794413	0.837878	0.0351628       	0.2     	0.342793	0.707107	0.114203 
7  	421  	119      	148     	0.610908	0.795542	0.837878	0.0348526       	0.2     	0.341439	0.707107	0.113557 
8  	410  	124      	148     	0.60703 	0.794424	0.837878	0.0379665       	0.2     	0.345271	0.707107	0.117582 
9  	414  	125      	148     	0.60703 	0.793902	0.837878	0.0393961       	0.2     	0.34718 	0.707107	0.120746 
10 	393  	118      	148     	0.60703 	0.79416 	0.837878	0.0393767       	0.2     	0.346726	0.707107	0.120718 
11 	412  	118      	148     	0.60703 	0.794653	0.837878	0.0392838       	0.2     	0.345514	0.707107	0.120476 
12 	421  	119      	148     	0.60703 	0.794377	0.837878	0.0399559       	0.2     	0.346478	0.707107	0.121441 
13 	413  	127      	148     	0.5     	0.793969	0.837878	0.0419745       	0.2     	0.347783	1       	0.124957 
14 	401  	126      	148     	0.5     	0.793453	0.837878	0.0439802       	0.2     	0.347857	1       	0.127739 
15 	416  	120      	148     	0.5     	0.793319	0.837878	0.0442802       	0.2     	0.348842	1       	0.128684 
16 	398  	123      	148     	0.5     	0.792772	0.837878	0.0452455       	0.2     	0.35032 	1       	0.130721 
17 	401  	117      	148     	0.5     	0.792709	0.837878	0.0456358       	0.2     	0.350223	1       	0.13167  
18 	403  	120      	148     	0.5     	0.79234 	0.837878	0.0463141       	0.2     	0.351036	1       	0.132729 
19 	414  	119      	148     	0.5     	0.792221	0.837878	0.0468011       	0.2     	0.351011	1       	0.133392 
20 	396  	122      	148     	0.5     	0.792284	0.837878	0.0468137       	0.2     	0.351052	1       	0.133357 
21 	398  	122      	148     	0.5     	0.792738	0.837878	0.0460712       	0.2     	0.350017	1       	0.13239  
22 	401  	122      	148     	0.5     	0.792852	0.837878	0.0460564       	0.2     	0.349623	1       	0.132394 
23 	402  	121      	148     	0.5     	0.792852	0.837878	0.0460564       	0.2     	0.349623	1       	0.132394 
24 	422  	116      	148     	0.5     	0.792865	0.837878	0.0460495       	0.2     	0.349623	1       	0.132394 
25 	399  	120      	148     	0.5     	0.792795	0.837878	0.0460641       	0.2     	0.350106	1       	0.132501 
26 	408  	111      	148     	0.5     	0.79272 	0.837878	0.0461569       	0.2     	0.350261	1       	0.132721 
27 	412  	124      	148     	0.5     	0.79274 	0.837878	0.046166        	0.2     	0.350261	1       	0.132721 
28 	417  	125      	148     	0.5     	0.792868	0.837878	0.0457471       	0.2     	0.350261	1       	0.132721 
29 	413  	124      	148     	0.5     	0.793051	0.837878	0.0454832       	0.2     	0.350023	1       	0.132391 
30 	395  	115      	148     	0.5     	0.792963	0.837878	0.0455617       	0.2     	0.350284	1       	0.132709 
31 	407  	121      	148     	0.5     	0.792963	0.837878	0.0455617       	0.2     	0.350284	1       	0.132709 
32 	407  	122      	148     	0.5     	0.792963	0.837878	0.0455617       	0.2     	0.350284	1       	0.132709 
33 	394  	124      	148     	0.5     	0.793068	0.837878	0.0454534       	0.2     	0.350023	1       	0.132391 
34 	387  	123      	148     	0.5     	0.793045	0.837878	0.0454708       	0.2     	0.350129	1       	0.132489 
35 	409  	126      	148     	0.5     	0.793067	0.837878	0.0453947       	0.2     	0.350129	1       	0.132489 
36 	398  	109      	148     	0.5     	0.793067	0.837878	0.0453947       	0.2     	0.350129	1       	0.132489 
37 	423  	119      	148     	0.5     	0.793067	0.837878	0.0453947       	0.2     	0.350129	1       	0.132489 
38 	404  	121      	148     	0.5     	0.793067	0.837878	0.0453947       	0.2     	0.350129	1       	0.132489 
39 	417  	116      	148     	0.5     	0.793067	0.837878	0.0453947       	0.2     	0.350129	1       	0.132489 
40 	398  	117      	148     	0.5     	0.792982	0.837878	0.0454963       	0.2     	0.350284	1       	0.132709 
41 	402  	116      	148     	0.5     	0.79306 	0.837878	0.0453996       	0.2     	0.350129	1       	0.132489 
42 	415  	117      	148     	0.5     	0.793067	0.837878	0.0453947       	0.2     	0.350129	1       	0.132489 
43 	411  	118      	148     	0.5     	0.793067	0.837878	0.0453947       	0.2     	0.350129	1       	0.132489 
44 	399  	118      	148     	0.5     	0.792965	0.837878	0.0455263       	0.2     	0.350284	1       	0.132709 
45 	420  	120      	148     	0.5     	0.793123	0.837878	0.0453705       	0.2     	0.349945	1       	0.132345 
46 	416  	121      	148     	0.5     	0.792986	0.837878	0.0454902       	0.2     	0.350284	1       	0.132709 
47 	404  	121      	148     	0.5     	0.792986	0.837878	0.0454902       	0.2     	0.350284	1       	0.132709 
48 	387  	114      	148     	0.5     	0.792987	0.837878	0.0454899       	0.2     	0.350284	1       	0.132709 
49 	411  	117      	148     	0.5     	0.793066	0.837878	0.0453959       	0.2     	0.350129	1       	0.132489 

CURRENT HALLS OF FAME

PARETO FRONT
Number of solutions = 17
(0.8378784726869247, 0.22360679774997896) 19 features: [0_age_at_initial_pathologic_diagnosis, 0_ajcc_pathologic_tumor_stage_Stage I, 0_ajcc_pathologic_tumor_stage_Stage IV, 1_hsa.miR.144.5p, 1_hsa.miR.18a.5p, 1_hsa.miR.204.5p, 1_hsa.miR.215.5p, 1_hsa.miR.23b.3p, 1_hsa.miR.296.5p, 1_hsa.miR.30a.3p, 1_hsa.miR.34c.3p, 1_hsa.miR.3607.3p, 1_hsa.miR.3614.5p, 1_hsa.miR.3922.3p, 1_hsa.miR.502.3p, 1_hsa.miR.514a.5p, 1_hsa.miR.590.3p, 1_hsa.miR.7704, 1_hsa.miR.520a.3p]
(0.836123970703807, 0.22941573387056177) 18 features: [0_age_at_initial_pathologic_diagnosis, 0_ajcc_pathologic_tumor_stage_Stage I, 0_ajcc_pathologic_tumor_stage_Stage IV, 1_hsa.miR.144.5p, 1_hsa.miR.18a.5p, 1_hsa.miR.194.3p, 1_hsa.miR.204.5p, 1_hsa.miR.215.5p, 1_hsa.miR.296.5p, 1_hsa.miR.30a.3p, 1_hsa.miR.34c.3p, 1_hsa.miR.3614.5p, 1_hsa.miR.3922.3p, 1_hsa.miR.502.3p, 1_hsa.miR.514a.5p, 1_hsa.miR.590.3p, 1_hsa.miR.7704, 1_hsa.miR.520a.3p]
(0.8337441058014644, 0.23570226039551584) 17 features: [0_age_at_initial_pathologic_diagnosis, 0_ajcc_pathologic_tumor_stage_Stage I, 0_ajcc_pathologic_tumor_stage_Stage IV, 1_hsa.miR.144.5p, 1_hsa.miR.18a.5p, 1_hsa.miR.194.3p, 1_hsa.miR.204.5p, 1_hsa.miR.215.5p, 1_hsa.miR.296.5p, 1_hsa.miR.30a.3p, 1_hsa.miR.34c.3p, 1_hsa.miR.3614.5p, 1_hsa.miR.3922.3p, 1_hsa.miR.502.3p, 1_hsa.miR.590.3p, 1_hsa.miR.7704, 1_hsa.miR.520a.3p]
(0.8283469978256335, 0.24253562503633297) 16 features: [0_age_at_initial_pathologic_diagnosis, 0_ajcc_pathologic_tumor_stage_Stage IV, 1_hsa.miR.144.5p, 1_hsa.miR.18a.5p, 1_hsa.miR.194.3p, 1_hsa.miR.204.5p, 1_hsa.miR.215.5p, 1_hsa.miR.296.5p, 1_hsa.miR.30a.3p, 1_hsa.miR.34c.3p, 1_hsa.miR.3614.5p, 1_hsa.miR.3922.3p, 1_hsa.miR.502.3p, 1_hsa.miR.590.3p, 1_hsa.miR.7704, 1_hsa.miR.520a.3p]
(0.8250966492600315, 0.25) 15 features: [0_age_at_initial_pathologic_diagnosis, 0_ajcc_pathologic_tumor_stage_Stage I, 0_ajcc_pathologic_tumor_stage_Stage IV, 1_hsa.miR.10b.3p, 1_hsa.miR.144.5p, 1_hsa.miR.194.3p, 1_hsa.miR.204.5p, 1_hsa.miR.296.5p, 1_hsa.miR.3607.3p, 1_hsa.miR.3922.3p, 1_hsa.miR.574.3p, 1_hsa.miR.590.3p, 1_hsa.miR.6715b.3p, 1_hsa.miR.7704, 1_hsa.miR.302b.3p]
(0.8245533510529773, 0.2581988897471611) 14 features: [0_age_at_initial_pathologic_diagnosis, 0_ajcc_pathologic_tumor_stage_Stage IV, 1_hsa.miR.10b.3p, 1_hsa.miR.144.5p, 1_hsa.miR.194.3p, 1_hsa.miR.204.5p, 1_hsa.miR.296.5p, 1_hsa.miR.3607.3p, 1_hsa.miR.3922.3p, 1_hsa.miR.574.3p, 1_hsa.miR.590.3p, 1_hsa.miR.6715b.3p, 1_hsa.miR.7704, 1_hsa.miR.302b.3p]
(0.8212765104866477, 0.2672612419124244) 13 features: [0_age_at_initial_pathologic_diagnosis, 0_ajcc_pathologic_tumor_stage_Stage IV, 1_hsa.miR.10b.3p, 1_hsa.miR.144.5p, 1_hsa.miR.18a.5p, 1_hsa.miR.194.3p, 1_hsa.miR.204.5p, 1_hsa.miR.296.5p, 1_hsa.miR.3922.3p, 1_hsa.miR.502.3p, 1_hsa.miR.590.3p, 1_hsa.miR.6503.5p, 1_hsa.miR.302b.3p]
(0.8185217252423566, 0.2773500981126146) 12 features: [0_age_at_initial_pathologic_diagnosis, 0_ajcc_pathologic_tumor_stage_Stage IV, 1_hsa.miR.10b.3p, 1_hsa.miR.144.5p, 1_hsa.miR.18a.5p, 1_hsa.miR.194.3p, 1_hsa.miR.204.5p, 1_hsa.miR.296.5p, 1_hsa.miR.3607.3p, 1_hsa.miR.590.3p, 1_hsa.miR.302b.3p, 1_hsa.miR.520a.3p]
(0.8182225329695999, 0.30151134457776363) 10 features: [0_age_at_initial_pathologic_diagnosis, 0_ajcc_pathologic_tumor_stage_Stage IV, 1_hsa.miR.10b.3p, 1_hsa.miR.144.5p, 1_hsa.miR.194.3p, 1_hsa.miR.204.5p, 1_hsa.miR.296.5p, 1_hsa.miR.590.3p, 1_hsa.miR.7704, 1_hsa.miR.302b.3p]
(0.8163392496042787, 0.3535533905932738) 7 features: [0_age_at_initial_pathologic_diagnosis, 0_ajcc_pathologic_tumor_stage_Stage I, 0_ajcc_pathologic_tumor_stage_Stage IV, 1_hsa.miR.10b.3p, 1_hsa.miR.215.5p, 1_hsa.miR.296.5p, 1_hsa.miR.590.3p]
(0.8135413222589065, 0.3779644730092272) 6 features: [0_age_at_initial_pathologic_diagnosis, 0_ajcc_pathologic_tumor_stage_Stage I, 0_ajcc_pathologic_tumor_stage_Stage IV, 1_hsa.miR.215.5p, 1_hsa.miR.296.5p, 1_hsa.miR.590.3p]
(0.8093054950058657, 0.408248290463863) 5 features: [0_age_at_initial_pathologic_diagnosis, 0_ajcc_pathologic_tumor_stage_Stage IV, 1_hsa.miR.215.5p, 1_hsa.miR.296.5p, 1_hsa.miR.590.3p]
(0.7934469351782046, 0.4472135954999579) 4 features: [0_age_at_initial_pathologic_diagnosis, 0_ajcc_pathologic_tumor_stage_Stage IV, 1_hsa.miR.130b.3p, 1_hsa.miR.192.5p]
(0.7792688817127758, 0.5) [0_age_at_initial_pathologic_diagnosis, 0_ajcc_pathologic_tumor_stage_Stage IV, 1_hsa.miR.130b.3p]
(0.7541420497393759, 0.5773502691896257) [0_age_at_initial_pathologic_diagnosis, 0_ajcc_pathologic_tumor_stage_Stage IV]
(0.6751602149392569, 0.7071067811865476) [1_hsa.miR.130b.3p]
(0.5, 1.0) []
Features in hall of fame by prevalence:
27 features: [0_age_at_initial_pathologic_diagnosis, 0_ajcc_pathologic_tumor_stage_Stage IV, 1_hsa.miR.296.5p, 1_hsa.miR.590.3p, 1_hsa.miR.144.5p, 1_hsa.miR.204.5p, 1_hsa.miR.194.3p, 1_hsa.miR.215.5p, 1_hsa.miR.3922.3p, 1_hsa.miR.7704, 0_ajcc_pathologic_tumor_stage_Stage I, 1_hsa.miR.10b.3p, 1_hsa.miR.18a.5p, 1_hsa.miR.502.3p, 1_hsa.miR.302b.3p, 1_hsa.miR.520a.3p, 1_hsa.miR.30a.3p, 1_hsa.miR.34c.3p, 1_hsa.miR.3607.3p, 1_hsa.miR.3614.5p, 1_hsa.miR.130b.3p, 1_hsa.miR.514a.5p, 1_hsa.miR.574.3p, 1_hsa.miR.6715b.3p, 1_hsa.miR.192.5p, 1_hsa.miR.23b.3p, 1_hsa.miR.6503.5p]

LAST POPULATION
Number of solutions = 500
Features in hall of fame by prevalence:
103 features: [0_ajcc_pathologic_tumor_stage_Stage IV, 0_age_at_initial_pathologic_diagnosis, 1_hsa.miR.296.5p, 1_hsa.miR.194.3p, 1_hsa.miR.144.5p, 1_hsa.miR.590.3p, 1_hsa.miR.18a.5p, 1_hsa.miR.204.5p, 1_hsa.miR.10b.3p, 1_hsa.miR.520a.3p, 0_ajcc_pathologic_tumor_stage_Stage I, 1_hsa.miR.7704, 1_hsa.miR.3922.3p, 1_hsa.miR.302b.3p, 1_hsa.miR.502.3p, 1_hsa.miR.3607.3p, 1_hsa.miR.3614.5p, 1_hsa.miR.34c.3p, 1_hsa.miR.2355.5p, 1_hsa.miR.215.5p, 1_hsa.miR.1248, 1_hsa.miR.24.1.5p, 1_hsa.miR.6715b.3p, 1_hsa.miR.30a.3p, 1_hsa.miR.514a.5p, 1_hsa.miR.130b.3p, 1_hsa.miR.589.3p, 1_hsa.miR.6503.5p, 1_hsa.miR.192.5p, 1_hsa.miR.221.3p, 1_hsa.miR.34c.5p, 1_hsa.miR.146b.3p, 1_hsa.miR.192.3p, 1_hsa.miR.485.5p, 1_hsa.miR.616.5p, 1_hsa.miR.10a.5p, 1_hsa.miR.1269a, 1_hsa.miR.493.5p, 1_hsa.miR.548f.3p, 1_hsa.miR.656.3p, 1_hsa.miR.574.3p, 1_hsa.miR.222.3p, 1_hsa.miR.106b.5p, 1_hsa.miR.155.5p, 1_hsa.miR.3648, 1_hsa.miR.425.3p, 1_hsa.miR.92b.3p, 1_hsa.miR.1228.3p, 1_hsa.miR.1291, 1_hsa.miR.23b.3p, 1_hsa.miR.134.3p, 1_hsa.miR.139.5p, 1_hsa.miR.17.5p, 1_hsa.miR.21.5p, 1_hsa.miR.539.5p, 1_hsa.miR.518c.3p, 1_hsa.miR.194.5p, 1_hsa.miR.30e.3p, 1_hsa.miR.3615, 1_hsa.miR.4677.3p, 1_hsa.miR.625.3p, 1_hsa.miR.885.5p, 1_hsa.miR.99b.5p, 1_hsa.miR.519a.5p, 1_hsa.miR.101.3p, 1_hsa.miR.106a.5p, 1_hsa.miR.130b.5p, 1_hsa.miR.139.3p, 1_hsa.miR.19b.3p, 1_hsa.miR.204.3p, 1_hsa.miR.223.3p, 1_hsa.miR.301b, 1_hsa.miR.425.5p, 1_hsa.miR.671.5p, 1_hsa.miR.10b.5p, 1_hsa.miR.1197, 1_hsa.miR.126.3p, 1_hsa.miR.1307.3p, 1_hsa.miR.130a.3p, 1_hsa.miR.135b.3p, 1_hsa.miR.137, 1_hsa.miR.143.5p, 1_hsa.miR.149.5p, 1_hsa.miR.154.3p, 1_hsa.miR.191.5p, 1_hsa.miR.27b.5p, 1_hsa.miR.30c.1.3p, 1_hsa.miR.369.3p, 1_hsa.miR.486.5p, 1_hsa.miR.487b.3p, 1_hsa.miR.543, 1_hsa.miR.6718.5p, 1_hsa.let.7b.5p, 1_hsa.miR.182.5p, 1_hsa.miR.22.5p, 1_hsa.miR.296.3p, 1_hsa.miR.380.3p, 1_hsa.miR.423.3p, 1_hsa.miR.484, 1_hsa.miR.616.3p, 1_hsa.miR.676.3p, 1_hsa.miR.766.3p, 1_hsa.miR.95.3p]

BEST SUMS WITH SIZE 50
Number of solutions = 50
Features in hall of fame by prevalence:
32 features: [0_ajcc_pathologic_tumor_stage_Stage IV, 0_ajcc_pathologic_tumor_stage_Stage I, 1_hsa.miR.194.3p, 1_hsa.miR.21.5p, 0_age_at_initial_pathologic_diagnosis, 1_hsa.miR.1248, 1_hsa.miR.130b.3p, 1_hsa.miR.139.3p, 1_hsa.miR.18a.5p, 1_hsa.miR.192.5p, 1_hsa.miR.194.5p, 1_hsa.miR.222.3p, 1_hsa.miR.296.5p, 1_hsa.miR.34c.3p, 1_hsa.miR.34c.5p, 1_hsa.miR.616.5p, 1_hsa.miR.92b.3p, 1_hsa.miR.101.3p, 1_hsa.miR.10b.3p, 1_hsa.miR.10b.5p, 1_hsa.miR.130a.3p, 1_hsa.miR.130b.5p, 1_hsa.miR.144.5p, 1_hsa.miR.215.5p, 1_hsa.miR.221.3p, 1_hsa.miR.223.3p, 1_hsa.miR.23b.3p, 1_hsa.miR.24.1.5p, 1_hsa.miR.296.3p, 1_hsa.miR.301b, 1_hsa.miR.671.5p, 1_hsa.miR.96.5p]

BEST SUMS WITH SIZE 100
Number of solutions = 100
Features in hall of fame by prevalence:
35 features: [0_ajcc_pathologic_tumor_stage_Stage IV, 0_ajcc_pathologic_tumor_stage_Stage I, 0_age_at_initial_pathologic_diagnosis, 1_hsa.miR.10b.3p, 1_hsa.miR.194.3p, 1_hsa.miR.130b.3p, 1_hsa.miR.18a.5p, 1_hsa.miR.215.5p, 1_hsa.miR.296.5p, 1_hsa.miR.34c.5p, 1_hsa.miR.92b.3p, 1_hsa.miR.101.3p, 1_hsa.miR.10b.5p, 1_hsa.miR.1248, 1_hsa.miR.130b.5p, 1_hsa.miR.144.5p, 1_hsa.miR.192.5p, 1_hsa.miR.194.5p, 1_hsa.miR.21.5p, 1_hsa.miR.221.3p, 1_hsa.miR.222.3p, 1_hsa.miR.223.3p, 1_hsa.miR.23b.3p, 1_hsa.miR.301b, 1_hsa.miR.34c.3p, 1_hsa.miR.616.5p, 1_hsa.miR.671.5p, 1_hsa.miR.130a.3p, 1_hsa.miR.139.3p, 1_hsa.miR.24.1.5p, 1_hsa.miR.296.3p, 1_hsa.miR.425.3p, 1_hsa.miR.96.5p, 1_hsa.miR.1307.3p, 1_hsa.miR.7704]

STARTING SWEEP NUMBER 2
folds_creator_seed = 4017313057

ASSIGNING STRATA FOR MULTI-OUTCOME DATA KIRC_MV
Assigning strata for outcome named survival of type survival
Counts:
censored 0: 69
censored 1: 155
deceased 0: 44
deceased 1: 44
ga_runner_seed = 3668784853
VIEW: CLINIC
   	     	         	        	   survival SKSurv Cox model concordance index   	             root leanness              
   	     	         	        	-------------------------------------------------	----------------------------------------
gen	evals	gen_feats	explored	min	avg     	max     	std                  	min	avg     	max	std     
0  	0    	3        	3       	0.5	0.733026	0.761901	0.0625445            	0.5	0.590704	1  	0.113588
1  	312  	3        	3       	0.5	0.681383	0.761901	0.0845049            	0.5	0.663691	1  	0.153344
2  	320  	3        	3       	0.5	0.675585	0.761901	0.0801354            	0.5	0.669387	1  	0.145216
3  	343  	3        	3       	0.5	0.675585	0.761901	0.0801354            	0.5	0.669387	1  	0.145216
4  	338  	3        	3       	0.5	0.675585	0.761901	0.0801354            	0.5	0.669387	1  	0.145216
5  	336  	3        	3       	0.5	0.675585	0.761901	0.0801354            	0.5	0.669387	1  	0.145216
6  	335  	3        	3       	0.5	0.675585	0.761901	0.0801354            	0.5	0.669387	1  	0.145216
7  	344  	3        	3       	0.5	0.675585	0.761901	0.0801354            	0.5	0.669387	1  	0.145216
8  	346  	3        	3       	0.5	0.675585	0.761901	0.0801354            	0.5	0.669387	1  	0.145216
9  	339  	3        	3       	0.5	0.675585	0.761901	0.0801354            	0.5	0.669387	1  	0.145216
10 	340  	3        	3       	0.5	0.675585	0.761901	0.0801354            	0.5	0.669387	1  	0.145216
11 	342  	3        	3       	0.5	0.675585	0.761901	0.0801354            	0.5	0.669387	1  	0.145216
12 	324  	3        	3       	0.5	0.675585	0.761901	0.0801354            	0.5	0.669387	1  	0.145216
13 	348  	3        	3       	0.5	0.675585	0.761901	0.0801354            	0.5	0.669387	1  	0.145216
14 	346  	3        	3       	0.5	0.675585	0.761901	0.0801354            	0.5	0.669387	1  	0.145216
15 	348  	3        	3       	0.5	0.675585	0.761901	0.0801354            	0.5	0.669387	1  	0.145216
16 	352  	3        	3       	0.5	0.675585	0.761901	0.0801354            	0.5	0.669387	1  	0.145216
17 	345  	3        	3       	0.5	0.675585	0.761901	0.0801354            	0.5	0.669387	1  	0.145216
18 	328  	3        	3       	0.5	0.675585	0.761901	0.0801354            	0.5	0.669387	1  	0.145216
19 	341  	3        	3       	0.5	0.675585	0.761901	0.0801354            	0.5	0.669387	1  	0.145216
20 	322  	3        	3       	0.5	0.675585	0.761901	0.0801354            	0.5	0.669387	1  	0.145216
21 	354  	3        	3       	0.5	0.675585	0.761901	0.0801354            	0.5	0.669387	1  	0.145216
22 	339  	3        	3       	0.5	0.675585	0.761901	0.0801354            	0.5	0.669387	1  	0.145216
23 	320  	3        	3       	0.5	0.675585	0.761901	0.0801354            	0.5	0.669387	1  	0.145216
24 	344  	3        	3       	0.5	0.675585	0.761901	0.0801354            	0.5	0.669387	1  	0.145216
25 	330  	3        	3       	0.5	0.675585	0.761901	0.0801354            	0.5	0.669387	1  	0.145216
26 	327  	3        	3       	0.5	0.675585	0.761901	0.0801354            	0.5	0.669387	1  	0.145216
27 	359  	3        	3       	0.5	0.675585	0.761901	0.0801354            	0.5	0.669387	1  	0.145216
28 	335  	3        	3       	0.5	0.675585	0.761901	0.0801354            	0.5	0.669387	1  	0.145216
29 	346  	3        	3       	0.5	0.675585	0.761901	0.0801354            	0.5	0.669387	1  	0.145216
30 	336  	3        	3       	0.5	0.675585	0.761901	0.0801354            	0.5	0.669387	1  	0.145216
31 	331  	3        	3       	0.5	0.675585	0.761901	0.0801354            	0.5	0.669387	1  	0.145216
32 	347  	3        	3       	0.5	0.675585	0.761901	0.0801354            	0.5	0.669387	1  	0.145216
33 	333  	3        	3       	0.5	0.675585	0.761901	0.0801354            	0.5	0.669387	1  	0.145216
34 	350  	3        	3       	0.5	0.675585	0.761901	0.0801354            	0.5	0.669387	1  	0.145216
35 	340  	3        	3       	0.5	0.675585	0.761901	0.0801354            	0.5	0.669387	1  	0.145216
36 	335  	3        	3       	0.5	0.675585	0.761901	0.0801354            	0.5	0.669387	1  	0.145216
37 	339  	3        	3       	0.5	0.675585	0.761901	0.0801354            	0.5	0.669387	1  	0.145216
38 	337  	3        	3       	0.5	0.675585	0.761901	0.0801354            	0.5	0.669387	1  	0.145216
39 	344  	3        	3       	0.5	0.675585	0.761901	0.0801354            	0.5	0.669387	1  	0.145216
40 	342  	3        	3       	0.5	0.675585	0.761901	0.0801354            	0.5	0.669387	1  	0.145216
41 	342  	3        	3       	0.5	0.675585	0.761901	0.0801354            	0.5	0.669387	1  	0.145216
42 	331  	3        	3       	0.5	0.675585	0.761901	0.0801354            	0.5	0.669387	1  	0.145216
43 	330  	3        	3       	0.5	0.675585	0.761901	0.0801354            	0.5	0.669387	1  	0.145216
44 	353  	3        	3       	0.5	0.675585	0.761901	0.0801354            	0.5	0.669387	1  	0.145216
45 	349  	3        	3       	0.5	0.675585	0.761901	0.0801354            	0.5	0.669387	1  	0.145216
46 	360  	3        	3       	0.5	0.675585	0.761901	0.0801354            	0.5	0.669387	1  	0.145216
47 	340  	3        	3       	0.5	0.675585	0.761901	0.0801354            	0.5	0.669387	1  	0.145216
48 	357  	3        	3       	0.5	0.675585	0.761901	0.0801354            	0.5	0.669387	1  	0.145216
49 	349  	3        	3       	0.5	0.675585	0.761901	0.0801354            	0.5	0.669387	1  	0.145216

ASSIGNING STRATA FOR MULTI-OUTCOME DATA KIRC_MV
Assigning strata for outcome named survival of type survival
Counts:
censored 0: 69
censored 1: 155
deceased 0: 44
deceased 1: 44
VIEW: LOG_MIRNA
   	     	         	        	   survival SKSurv Cox model concordance index   	                 root leanness                  
   	     	         	        	-------------------------------------------------	------------------------------------------------
gen	evals	gen_feats	explored	min	avg     	max     	std                  	min     	avg     	max	std     
0  	0    	100      	100     	0.5	0.744197	0.796208	0.0574914            	0.213201	0.407332	1  	0.16878 
1  	373  	188      	198     	0.5	0.733429	0.796208	0.0509952            	0.208514	0.389919	1  	0.139005
2  	402  	204      	223     	0.5	0.741827	0.796208	0.0453642            	0.208514	0.379593	1  	0.136845
3  	374  	199      	234     	0.5	0.745729	0.796208	0.0439459            	0.208514	0.373219	1  	0.136073
4  	368  	193      	234     	0.5	0.747852	0.796208	0.0434776            	0.19245 	0.370638	1  	0.135412
5  	377  	199      	234     	0.5	0.749737	0.796208	0.0430071            	0.188982	0.36762 	1  	0.13488 
6  	377  	200      	234     	0.5	0.751332	0.796208	0.0431147            	0.188982	0.365085	1  	0.135289
7  	371  	200      	234     	0.5	0.752994	0.796912	0.0427414            	0.188982	0.361494	1  	0.135038
8  	370  	198      	234     	0.5	0.754294	0.796912	0.0425183            	0.188982	0.359465	1  	0.134903
9  	374  	198      	234     	0.5	0.75578 	0.801767	0.0421747            	0.188982	0.356988	1  	0.133998
10 	377  	196      	234     	0.5	0.755735	0.801767	0.0428492            	0.19245 	0.358263	1  	0.134512
11 	359  	187      	234     	0.5	0.755889	0.801767	0.0429125            	0.196116	0.358902	1  	0.134332
12 	385  	193      	234     	0.5	0.756855	0.801767	0.0424462            	0.196116	0.357198	1  	0.133404
13 	376  	192      	234     	0.5	0.757115	0.801767	0.0425075            	0.196116	0.357186	1  	0.133424
14 	383  	198      	234     	0.5	0.757346	0.801767	0.0426105            	0.196116	0.357951	1  	0.132868
15 	384  	192      	234     	0.5	0.757672	0.801767	0.0426948            	0.196116	0.357854	1  	0.132886
16 	385  	187      	234     	0.5	0.75906 	0.801767	0.0423028            	0.196116	0.354526	1  	0.132238
17 	362  	196      	234     	0.5	0.758461	0.801767	0.0431633            	0.196116	0.356964	1  	0.133328
18 	370  	194      	234     	0.5	0.758613	0.801767	0.0430524            	0.196116	0.357786	1  	0.133   
19 	378  	197      	234     	0.5	0.760139	0.801767	0.0427056            	0.19245 	0.354277	1  	0.132444
20 	393  	185      	234     	0.5	0.760413	0.801767	0.0428877            	0.188982	0.354264	1  	0.132507
21 	377  	197      	234     	0.5	0.760739	0.801767	0.042912             	0.188982	0.354018	1  	0.132698
22 	370  	181      	234     	0.5	0.7622  	0.801767	0.0426116            	0.188982	0.350356	1  	0.132385
23 	391  	195      	234     	0.5	0.763084	0.801767	0.0428909            	0.188982	0.348101	1  	0.133483
24 	375  	189      	234     	0.5	0.763625	0.806629	0.0429917            	0.188982	0.346885	1  	0.133586
25 	389  	188      	234     	0.5	0.764385	0.806629	0.0426398            	0.188982	0.345299	1  	0.132897
26 	369  	190      	234     	0.5	0.764823	0.806629	0.0426233            	0.188982	0.344778	1  	0.132408
27 	365  	187      	234     	0.5	0.764956	0.806629	0.0426803            	0.19245 	0.345206	1  	0.132078
28 	391  	211      	234     	0.5	0.76513 	0.806629	0.0427767            	0.19245 	0.345151	1  	0.132097
29 	388  	190      	234     	0.5	0.765273	0.806629	0.042861             	0.19245 	0.345239	1  	0.132026
30 	349  	192      	234     	0.5	0.765425	0.807622	0.0429479            	0.19245 	0.345067	1  	0.13217 
31 	363  	196      	234     	0.5	0.765879	0.807622	0.0430959            	0.19245 	0.344016	1  	0.132437
32 	379  	200      	234     	0.5	0.766106	0.807622	0.0432933            	0.19245 	0.343634	1  	0.132661
33 	374  	191      	234     	0.5	0.76672 	0.807622	0.0430902            	0.196116	0.342242	1  	0.132254
34 	369  	193      	234     	0.5	0.767169	0.807622	0.0426222            	0.196116	0.341511	1  	0.131231
35 	384  	193      	234     	0.5	0.767439	0.807622	0.0427948            	0.196116	0.34108 	1  	0.131556
36 	374  	199      	234     	0.5	0.768359	0.812881	0.0428479            	0.19245 	0.33803 	1  	0.131996
37 	383  	200      	234     	0.5	0.768589	0.812881	0.0427372            	0.19245 	0.337824	1  	0.131862
38 	369  	187      	234     	0.5	0.769351	0.812881	0.0426134            	0.196116	0.336126	1  	0.131406
39 	360  	197      	234     	0.5	0.769625	0.812881	0.0427956            	0.196116	0.33591 	1  	0.131579
40 	381  	209      	234     	0.5	0.769784	0.812881	0.0428917            	0.196116	0.335919	1  	0.13157 
41 	379  	199      	234     	0.5	0.770046	0.812881	0.0430512            	0.196116	0.335743	1  	0.131702
42 	385  	195      	234     	0.5	0.77021 	0.812881	0.0431517            	0.196116	0.335887	1  	0.131598
43 	379  	201      	234     	0.5	0.770366	0.812881	0.0432424            	0.196116	0.335931	1  	0.131539
44 	373  	186      	234     	0.5	0.770768	0.812881	0.0433832            	0.196116	0.33529 	1  	0.131772
45 	386  	189      	234     	0.5	0.770724	0.812881	0.0434225            	0.196116	0.33587 	1  	0.131577
46 	402  	200      	234     	0.5	0.770847	0.812881	0.0434853            	0.19245 	0.335771	1  	0.131666
47 	390  	196      	234     	0.5	0.770966	0.812881	0.0435623            	0.19245 	0.335832	1  	0.131626
48 	389  	198      	234     	0.5	0.771061	0.812881	0.0436409            	0.19245 	0.335937	1  	0.131584
49 	382  	196      	234     	0.5	0.771312	0.812881	0.0437627            	0.19245 	0.335648	1  	0.131788

STARTING MASTER RUNNER RESAMPLING
Generations completed = 7
Generations completed = 17
Generations completed = 27
Generations completed = 37
Generations completed = 47
MASTER
   	     	         	        	       survival SKSurv Cox model concordance index       	                      root leanness                      
   	     	         	        	---------------------------------------------------------	---------------------------------------------------------
gen	evals	gen_feats	explored	min     	avg     	max     	std             	min     	avg     	max     	std      
0  	500  	132      	132     	0.618615	0.782614	0.840937	0.0359784       	0.185695	0.302818	0.707107	0.0958571
1  	413  	128      	141     	0.618615	0.792121	0.841901	0.0334859       	0.185695	0.316081	0.707107	0.100578 
2  	421  	126      	144     	0.618056	0.795385	0.841902	0.0357008       	0.185695	0.321513	0.707107	0.107526 
3  	397  	120      	148     	0.618056	0.798453	0.841902	0.0360951       	0.185695	0.321262	0.707107	0.109456 
4  	404  	120      	150     	0.618056	0.800727	0.844774	0.0346051       	0.19245 	0.323176	0.707107	0.11022  
5  	410  	118      	151     	0.615468	0.801033	0.844774	0.0361766       	0.19245 	0.326113	0.707107	0.113741 
6  	398  	111      	151     	0.615468	0.801056	0.844774	0.0375256       	0.19245 	0.329302	0.707107	0.117025 
7  	407  	115      	151     	0.615468	0.801795	0.845751	0.037704        	0.19245 	0.329519	0.707107	0.11812  
8  	389  	121      	151     	0.615468	0.803023	0.845751	0.0373633       	0.19245 	0.327626	0.707107	0.117719 
9  	390  	123      	151     	0.615468	0.802929	0.845751	0.0379193       	0.19245 	0.328639	0.707107	0.118832 
10 	403  	115      	151     	0.615468	0.802807	0.845751	0.0386123       	0.19245 	0.329617	0.707107	0.119909 
11 	416  	122      	151     	0.615468	0.802505	0.845751	0.0393053       	0.19245 	0.330721	0.707107	0.120893 
12 	392  	124      	151     	0.615468	0.802616	0.845751	0.0400452       	0.19245 	0.33048 	0.707107	0.121808 
13 	395  	114      	151     	0.615468	0.802143	0.845751	0.0406889       	0.19245 	0.332694	0.707107	0.122968 
14 	417  	115      	151     	0.615468	0.801822	0.845751	0.0413446       	0.19245 	0.333977	0.707107	0.123819 
15 	400  	119      	151     	0.615468	0.801491	0.845751	0.0420953       	0.19245 	0.334891	0.707107	0.124878 
16 	393  	120      	151     	0.5     	0.800582	0.845751	0.0447823       	0.19245 	0.337056	1       	0.129456 
17 	409  	116      	151     	0.5     	0.800628	0.845751	0.0447606       	0.19245 	0.337056	1       	0.129456 
18 	386  	108      	151     	0.5     	0.800351	0.845751	0.0454784       	0.19245 	0.337455	1       	0.130693 
19 	416  	124      	151     	0.5     	0.800428	0.845751	0.0454892       	0.188982	0.337348	1       	0.130793 
20 	410  	119      	151     	0.5     	0.800503	0.845751	0.0455099       	0.188982	0.337077	1       	0.130848 
21 	388  	122      	151     	0.5     	0.800387	0.845751	0.0454716       	0.188982	0.337815	1       	0.130606 
22 	403  	116      	151     	0.5     	0.799862	0.845751	0.0468406       	0.188982	0.338563	1       	0.132728 
23 	417  	113      	151     	0.5     	0.799996	0.845751	0.0466412       	0.188982	0.338495	1       	0.132786 
24 	398  	126      	151     	0.5     	0.800313	0.845751	0.0459397       	0.188982	0.337976	1       	0.131847 
25 	419  	122      	151     	0.5     	0.800002	0.845751	0.0466462       	0.188982	0.338573	1       	0.132838 
26 	399  	122      	151     	0.5     	0.800018	0.845751	0.0466502       	0.188982	0.338573	1       	0.132838 
27 	400  	122      	151     	0.5     	0.800152	0.845751	0.0465158       	0.188982	0.338235	1       	0.132445 
28 	402  	119      	151     	0.5     	0.800359	0.845751	0.0459379       	0.188982	0.337976	1       	0.131847 
29 	411  	117      	151     	0.5     	0.800448	0.845751	0.0459527       	0.188982	0.337567	1       	0.131945 
30 	398  	125      	151     	0.5     	0.800448	0.845751	0.0459527       	0.188982	0.337567	1       	0.131945 
31 	423  	123      	151     	0.5     	0.800585	0.845751	0.045813        	0.188982	0.337229	1       	0.131546 
32 	413  	127      	151     	0.5     	0.800502	0.845751	0.0458706       	0.188982	0.337567	1       	0.131945 
33 	416  	120      	151     	0.5     	0.800598	0.845751	0.045867        	0.188982	0.337384	1       	0.131783 
34 	404  	119      	151     	0.5     	0.800564	0.845751	0.0459125       	0.188982	0.337489	1       	0.131892 
35 	390  	113      	151     	0.5     	0.800562	0.845751	0.0459093       	0.188982	0.337567	1       	0.131945 
36 	391  	116      	151     	0.5     	0.800615	0.845751	0.0458761       	0.188982	0.337384	1       	0.131783 
37 	407  	115      	151     	0.5     	0.800418	0.845751	0.0465055       	0.188982	0.337583	1       	0.132356 
38 	401  	118      	151     	0.5     	0.80034 	0.845751	0.0465476       	0.188982	0.337827	1       	0.132543 
39 	404  	116      	151     	0.5     	0.800228	0.845751	0.0466749       	0.188982	0.338087	1       	0.132885 
40 	406  	121      	151     	0.5     	0.800298	0.845751	0.0466067       	0.188982	0.337904	1       	0.132724 
41 	412  	118      	151     	0.5     	0.800366	0.845751	0.0465139       	0.188982	0.337749	1       	0.13249  
42 	421  	120      	151     	0.5     	0.800411	0.845751	0.0464791       	0.188982	0.337643	1       	0.132382 
43 	420  	121      	151     	0.5     	0.800294	0.845751	0.046615        	0.188982	0.337904	1       	0.132724 
44 	419  	121      	151     	0.5     	0.800402	0.845751	0.046484        	0.188982	0.337643	1       	0.132382 
45 	390  	114      	151     	0.5     	0.800369	0.845751	0.0465106       	0.188982	0.337749	1       	0.13249  
46 	391  	124      	151     	0.5     	0.800343	0.845751	0.0465191       	0.188982	0.337827	1       	0.132543 
47 	415  	112      	151     	0.5     	0.800217	0.845751	0.046687        	0.188982	0.338087	1       	0.132885 
48 	430  	124      	151     	0.5     	0.800616	0.845751	0.0458813       	0.188982	0.337384	1       	0.131783 
49 	415  	117      	151     	0.5     	0.800696	0.845751	0.0457746       	0.188982	0.337229	1       	0.131546 

CURRENT HALLS OF FAME

PARETO FRONT
Number of solutions = 15
(0.845750656823213, 0.22941573387056177) 18 features: [0_age_at_initial_pathologic_diagnosis, 0_ajcc_pathologic_tumor_stage_Stage I, 0_ajcc_pathologic_tumor_stage_Stage IV, 1_hsa.miR.10b.3p, 1_hsa.miR.144.5p, 1_hsa.miR.18a.5p, 1_hsa.miR.204.5p, 1_hsa.miR.2355.5p, 1_hsa.miR.296.5p, 1_hsa.miR.34c.3p, 1_hsa.miR.3614.5p, 1_hsa.miR.3922.3p, 1_hsa.miR.502.3p, 1_hsa.miR.514a.5p, 1_hsa.miR.590.3p, 1_hsa.miR.625.3p, 1_hsa.miR.6715b.3p, 1_hsa.miR.7704]
(0.8447744478326386, 0.23570226039551584) 17 features: [0_age_at_initial_pathologic_diagnosis, 0_ajcc_pathologic_tumor_stage_Stage IV, 1_hsa.miR.10b.3p, 1_hsa.miR.144.5p, 1_hsa.miR.18a.5p, 1_hsa.miR.204.5p, 1_hsa.miR.2355.5p, 1_hsa.miR.296.5p, 1_hsa.miR.34c.3p, 1_hsa.miR.3614.5p, 1_hsa.miR.3922.3p, 1_hsa.miR.502.3p, 1_hsa.miR.514a.5p, 1_hsa.miR.590.3p, 1_hsa.miR.625.3p, 1_hsa.miR.6715b.3p, 1_hsa.miR.7704]
(0.8445344466070331, 0.25) 15 features: [0_age_at_initial_pathologic_diagnosis, 0_ajcc_pathologic_tumor_stage_Stage IV, 1_hsa.miR.144.5p, 1_hsa.miR.18a.5p, 1_hsa.miR.192.3p, 1_hsa.miR.204.5p, 1_hsa.miR.2355.5p, 1_hsa.miR.296.5p, 1_hsa.miR.34c.3p, 1_hsa.miR.3614.5p, 1_hsa.miR.3922.3p, 1_hsa.miR.502.3p, 1_hsa.miR.514a.5p, 1_hsa.miR.590.3p, 1_hsa.miR.7704]
(0.8368977436292173, 0.2581988897471611) 14 features: [0_age_at_initial_pathologic_diagnosis, 0_ajcc_pathologic_tumor_stage_Stage IV, 1_hsa.miR.144.5p, 1_hsa.miR.18a.5p, 1_hsa.miR.204.5p, 1_hsa.miR.2355.5p, 1_hsa.miR.296.5p, 1_hsa.miR.34c.3p, 1_hsa.miR.3614.5p, 1_hsa.miR.3922.3p, 1_hsa.miR.502.3p, 1_hsa.miR.514a.5p, 1_hsa.miR.590.3p, 1_hsa.miR.7704]
(0.82927125414346, 0.2672612419124244) 13 features: [0_age_at_initial_pathologic_diagnosis, 0_ajcc_pathologic_tumor_stage_Stage IV, 1_hsa.miR.144.5p, 1_hsa.miR.18a.5p, 1_hsa.miR.204.5p, 1_hsa.miR.2355.5p, 1_hsa.miR.296.5p, 1_hsa.miR.34c.3p, 1_hsa.miR.3614.5p, 1_hsa.miR.3922.3p, 1_hsa.miR.502.3p, 1_hsa.miR.590.3p, 1_hsa.miR.7704]
(0.8208290246919915, 0.2773500981126146) 12 features: [0_ajcc_pathologic_tumor_stage_Stage IV, 1_hsa.miR.144.5p, 1_hsa.miR.18a.5p, 1_hsa.miR.204.5p, 1_hsa.miR.2355.5p, 1_hsa.miR.296.5p, 1_hsa.miR.34c.3p, 1_hsa.miR.3614.5p, 1_hsa.miR.3922.3p, 1_hsa.miR.502.3p, 1_hsa.miR.590.3p, 1_hsa.miR.7704]
(0.8182225329695999, 0.30151134457776363) 10 features: [0_age_at_initial_pathologic_diagnosis, 0_ajcc_pathologic_tumor_stage_Stage IV, 1_hsa.miR.10b.3p, 1_hsa.miR.144.5p, 1_hsa.miR.194.3p, 1_hsa.miR.204.5p, 1_hsa.miR.296.5p, 1_hsa.miR.590.3p, 1_hsa.miR.7704, 1_hsa.miR.302b.3p]
(0.8163392496042787, 0.3535533905932738) 7 features: [0_age_at_initial_pathologic_diagnosis, 0_ajcc_pathologic_tumor_stage_Stage I, 0_ajcc_pathologic_tumor_stage_Stage IV, 1_hsa.miR.10b.3p, 1_hsa.miR.215.5p, 1_hsa.miR.296.5p, 1_hsa.miR.590.3p]
(0.8135413222589065, 0.3779644730092272) 6 features: [0_age_at_initial_pathologic_diagnosis, 0_ajcc_pathologic_tumor_stage_Stage I, 0_ajcc_pathologic_tumor_stage_Stage IV, 1_hsa.miR.215.5p, 1_hsa.miR.296.5p, 1_hsa.miR.590.3p]
(0.8093054950058657, 0.408248290463863) 5 features: [0_age_at_initial_pathologic_diagnosis, 0_ajcc_pathologic_tumor_stage_Stage IV, 1_hsa.miR.215.5p, 1_hsa.miR.296.5p, 1_hsa.miR.590.3p]
(0.7934469351782046, 0.4472135954999579) 4 features: [0_age_at_initial_pathologic_diagnosis, 0_ajcc_pathologic_tumor_stage_Stage IV, 1_hsa.miR.130b.3p, 1_hsa.miR.192.5p]
(0.7792688817127758, 0.5) [0_age_at_initial_pathologic_diagnosis, 0_ajcc_pathologic_tumor_stage_Stage IV, 1_hsa.miR.130b.3p]
(0.7541420497393759, 0.5773502691896257) [0_age_at_initial_pathologic_diagnosis, 0_ajcc_pathologic_tumor_stage_Stage IV]
(0.6751602149392569, 0.7071067811865476) [1_hsa.miR.130b.3p]
(0.5, 1.0) []
Features in hall of fame by prevalence:
24 features: [0_ajcc_pathologic_tumor_stage_Stage IV, 0_age_at_initial_pathologic_diagnosis, 1_hsa.miR.296.5p, 1_hsa.miR.590.3p, 1_hsa.miR.144.5p, 1_hsa.miR.204.5p, 1_hsa.miR.7704, 1_hsa.miR.18a.5p, 1_hsa.miR.2355.5p, 1_hsa.miR.34c.3p, 1_hsa.miR.3614.5p, 1_hsa.miR.3922.3p, 1_hsa.miR.502.3p, 1_hsa.miR.10b.3p, 1_hsa.miR.514a.5p, 0_ajcc_pathologic_tumor_stage_Stage I, 1_hsa.miR.130b.3p, 1_hsa.miR.215.5p, 1_hsa.miR.625.3p, 1_hsa.miR.6715b.3p, 1_hsa.miR.192.3p, 1_hsa.miR.192.5p, 1_hsa.miR.194.3p, 1_hsa.miR.302b.3p]

LAST POPULATION
Number of solutions = 500
Features in hall of fame by prevalence:
95 features: [0_ajcc_pathologic_tumor_stage_Stage IV, 0_age_at_initial_pathologic_diagnosis, 1_hsa.miR.296.5p, 1_hsa.miR.144.5p, 1_hsa.miR.18a.5p, 1_hsa.miR.590.3p, 1_hsa.miR.34c.3p, 1_hsa.miR.2355.5p, 1_hsa.miR.3614.5p, 1_hsa.miR.7704, 1_hsa.miR.204.5p, 1_hsa.miR.502.3p, 1_hsa.miR.514a.5p, 1_hsa.miR.3922.3p, 1_hsa.miR.520a.3p, 0_ajcc_pathologic_tumor_stage_Stage I, 1_hsa.miR.10b.3p, 1_hsa.miR.194.3p, 1_hsa.miR.1248, 1_hsa.miR.6715b.3p, 1_hsa.miR.656.3p, 1_hsa.miR.625.3p, 1_hsa.miR.3607.3p, 1_hsa.miR.215.5p, 1_hsa.miR.302b.3p, 1_hsa.miR.30a.3p, 1_hsa.miR.766.3p, 1_hsa.miR.130b.3p, 1_hsa.miR.192.3p, 1_hsa.miR.589.3p, 1_hsa.miR.221.3p, 1_hsa.miR.493.5p, 1_hsa.miR.362.3p, 1_hsa.miR.376b.3p, 1_hsa.miR.485.3p, 1_hsa.miR.616.5p, 1_hsa.miR.6503.5p, 1_hsa.miR.10b.5p, 1_hsa.miR.3651, 1_hsa.miR.92b.3p, 1_hsa.miR.155.5p, 1_hsa.miR.21.5p, 1_hsa.miR.24.1.5p, 1_hsa.miR.3615, 1_hsa.miR.485.5p, 1_hsa.miR.519a.5p, 1_hsa.miR.1293, 1_hsa.miR.4677.3p, 1_hsa.miR.543, 1_hsa.miR.146b.3p, 1_hsa.miR.10a.5p, 1_hsa.miR.138.1.3p, 1_hsa.miR.15b.5p, 1_hsa.miR.192.5p, 1_hsa.miR.194.5p, 1_hsa.miR.223.3p, 1_hsa.miR.296.3p, 1_hsa.miR.301a.3p, 1_hsa.miR.34c.5p, 1_hsa.miR.4326, 1_hsa.miR.101.3p, 1_hsa.miR.19b.3p, 1_hsa.miR.222.3p, 1_hsa.miR.369.5p, 1_hsa.miR.4449, 1_hsa.miR.511.5p, 1_hsa.miR.574.3p, 1_hsa.miR.654.5p, 1_hsa.miR.671.5p, 1_hsa.miR.1291, 1_hsa.miR.135b.3p, 1_hsa.miR.139.3p, 1_hsa.miR.139.5p, 1_hsa.miR.145.5p, 1_hsa.miR.146b.5p, 1_hsa.miR.193b.3p, 1_hsa.miR.21.3p, 1_hsa.miR.23b.3p, 1_hsa.miR.550a.3p, 1_hsa.miR.106b.5p, 1_hsa.miR.1228.3p, 1_hsa.miR.126.3p, 1_hsa.miR.1269a, 1_hsa.miR.1307.3p, 1_hsa.miR.130a.3p, 1_hsa.miR.143.5p, 1_hsa.miR.19a.3p, 1_hsa.miR.22.5p, 1_hsa.miR.339.5p, 1_hsa.miR.425.3p, 1_hsa.miR.539.5p, 1_hsa.miR.95.3p, 1_hsa.miR.99b.5p, 1_hsa.miR.1251.3p, 1_hsa.miR.518c.3p]

BEST SUMS WITH SIZE 50
Number of solutions = 50
Features in hall of fame by prevalence:
34 features: [0_ajcc_pathologic_tumor_stage_Stage IV, 1_hsa.miR.194.3p, 0_age_at_initial_pathologic_diagnosis, 0_ajcc_pathologic_tumor_stage_Stage I, 1_hsa.miR.1248, 1_hsa.miR.130b.3p, 1_hsa.miR.139.3p, 1_hsa.miR.146b.5p, 1_hsa.miR.18a.5p, 1_hsa.miR.194.5p, 1_hsa.miR.21.5p, 1_hsa.miR.296.5p, 1_hsa.miR.34c.3p, 1_hsa.miR.34c.5p, 1_hsa.miR.616.5p, 1_hsa.miR.92b.3p, 1_hsa.miR.101.3p, 1_hsa.miR.10b.3p, 1_hsa.miR.10b.5p, 1_hsa.miR.130a.3p, 1_hsa.miR.130b.5p, 1_hsa.miR.144.5p, 1_hsa.miR.192.5p, 1_hsa.miR.215.5p, 1_hsa.miR.221.3p, 1_hsa.miR.222.3p, 1_hsa.miR.223.3p, 1_hsa.miR.23b.3p, 1_hsa.miR.24.1.5p, 1_hsa.miR.296.3p, 1_hsa.miR.301b, 1_hsa.miR.425.3p, 1_hsa.miR.671.5p, 1_hsa.miR.96.5p]

BEST SUMS WITH SIZE 100
Number of solutions = 100
Features in hall of fame by prevalence:
36 features: [0_ajcc_pathologic_tumor_stage_Stage IV, 0_ajcc_pathologic_tumor_stage_Stage I, 1_hsa.miR.10b.3p, 1_hsa.miR.130b.3p, 1_hsa.miR.194.3p, 0_age_at_initial_pathologic_diagnosis, 1_hsa.miR.18a.5p, 1_hsa.miR.223.3p, 1_hsa.miR.296.5p, 1_hsa.miR.92b.3p, 1_hsa.miR.101.3p, 1_hsa.miR.10b.5p, 1_hsa.miR.1248, 1_hsa.miR.144.5p, 1_hsa.miR.146b.5p, 1_hsa.miR.192.5p, 1_hsa.miR.194.5p, 1_hsa.miR.215.5p, 1_hsa.miR.21.5p, 1_hsa.miR.221.3p, 1_hsa.miR.222.3p, 1_hsa.miR.23b.3p, 1_hsa.miR.301b, 1_hsa.miR.34c.3p, 1_hsa.miR.34c.5p, 1_hsa.miR.616.5p, 1_hsa.miR.671.5p, 1_hsa.miR.130a.3p, 1_hsa.miR.130b.5p, 1_hsa.miR.139.3p, 1_hsa.miR.24.1.5p, 1_hsa.miR.296.3p, 1_hsa.miR.425.3p, 1_hsa.miR.96.5p, 1_hsa.miR.1307.3p, 1_hsa.miR.7704]

STARTING SWEEP NUMBER 3
folds_creator_seed = 1093763604

ASSIGNING STRATA FOR MULTI-OUTCOME DATA KIRC_MV
Assigning strata for outcome named survival of type survival
Counts:
censored 0: 69
censored 1: 155
deceased 0: 44
deceased 1: 44
ga_runner_seed = 1870587555
VIEW: CLINIC
   	     	         	        	   survival SKSurv Cox model concordance index   	             root leanness              
   	     	         	        	-------------------------------------------------	----------------------------------------
gen	evals	gen_feats	explored	min	avg     	max     	std                  	min	avg     	max	std     
0  	0    	3        	3       	0.5	0.733656	0.761901	0.0600063            	0.5	0.593538	1  	0.107454
1  	320  	3        	3       	0.5	0.687605	0.761901	0.0785132            	0.5	0.650083	1  	0.1428  
2  	337  	3        	3       	0.5	0.674013	0.761901	0.079875             	0.5	0.669387	1  	0.145216
3  	325  	3        	3       	0.5	0.674013	0.761901	0.079875             	0.5	0.669387	1  	0.145216
4  	362  	3        	3       	0.5	0.674013	0.761901	0.079875             	0.5	0.669387	1  	0.145216
5  	335  	3        	3       	0.5	0.674013	0.761901	0.079875             	0.5	0.669387	1  	0.145216
6  	347  	3        	3       	0.5	0.674013	0.761901	0.079875             	0.5	0.669387	1  	0.145216
7  	345  	3        	3       	0.5	0.674013	0.761901	0.079875             	0.5	0.669387	1  	0.145216
8  	305  	3        	3       	0.5	0.674013	0.761901	0.079875             	0.5	0.669387	1  	0.145216
9  	343  	3        	3       	0.5	0.674013	0.761901	0.079875             	0.5	0.669387	1  	0.145216
10 	342  	3        	3       	0.5	0.674013	0.761901	0.079875             	0.5	0.669387	1  	0.145216
11 	351  	3        	3       	0.5	0.674013	0.761901	0.079875             	0.5	0.669387	1  	0.145216
12 	346  	3        	3       	0.5	0.674013	0.761901	0.079875             	0.5	0.669387	1  	0.145216
13 	346  	3        	3       	0.5	0.674013	0.761901	0.079875             	0.5	0.669387	1  	0.145216
14 	343  	3        	3       	0.5	0.674013	0.761901	0.079875             	0.5	0.669387	1  	0.145216
15 	341  	3        	3       	0.5	0.674013	0.761901	0.079875             	0.5	0.669387	1  	0.145216
16 	328  	3        	3       	0.5	0.674013	0.761901	0.079875             	0.5	0.669387	1  	0.145216
17 	326  	3        	3       	0.5	0.674013	0.761901	0.079875             	0.5	0.669387	1  	0.145216
18 	357  	3        	3       	0.5	0.674013	0.761901	0.079875             	0.5	0.669387	1  	0.145216
19 	344  	3        	3       	0.5	0.674013	0.761901	0.079875             	0.5	0.669387	1  	0.145216
20 	326  	3        	3       	0.5	0.674013	0.761901	0.079875             	0.5	0.669387	1  	0.145216
21 	336  	3        	3       	0.5	0.674013	0.761901	0.079875             	0.5	0.669387	1  	0.145216
22 	353  	3        	3       	0.5	0.674013	0.761901	0.079875             	0.5	0.669387	1  	0.145216
23 	347  	3        	3       	0.5	0.674013	0.761901	0.079875             	0.5	0.669387	1  	0.145216
24 	343  	3        	3       	0.5	0.674013	0.761901	0.079875             	0.5	0.669387	1  	0.145216
25 	334  	3        	3       	0.5	0.674013	0.761901	0.079875             	0.5	0.669387	1  	0.145216
26 	350  	3        	3       	0.5	0.674013	0.761901	0.079875             	0.5	0.669387	1  	0.145216
27 	334  	3        	3       	0.5	0.674013	0.761901	0.079875             	0.5	0.669387	1  	0.145216
28 	345  	3        	3       	0.5	0.674013	0.761901	0.079875             	0.5	0.669387	1  	0.145216
29 	360  	3        	3       	0.5	0.674013	0.761901	0.079875             	0.5	0.669387	1  	0.145216
30 	351  	3        	3       	0.5	0.674013	0.761901	0.079875             	0.5	0.669387	1  	0.145216
31 	332  	3        	3       	0.5	0.674013	0.761901	0.079875             	0.5	0.669387	1  	0.145216
32 	314  	3        	3       	0.5	0.674013	0.761901	0.079875             	0.5	0.669387	1  	0.145216
33 	330  	3        	3       	0.5	0.674013	0.761901	0.079875             	0.5	0.669387	1  	0.145216
34 	343  	3        	3       	0.5	0.674013	0.761901	0.079875             	0.5	0.669387	1  	0.145216
35 	352  	3        	3       	0.5	0.674013	0.761901	0.079875             	0.5	0.669387	1  	0.145216
36 	339  	3        	3       	0.5	0.674013	0.761901	0.079875             	0.5	0.669387	1  	0.145216
37 	332  	3        	3       	0.5	0.674013	0.761901	0.079875             	0.5	0.669387	1  	0.145216
38 	331  	3        	3       	0.5	0.674013	0.761901	0.079875             	0.5	0.669387	1  	0.145216
39 	308  	3        	3       	0.5	0.674013	0.761901	0.079875             	0.5	0.669387	1  	0.145216
40 	330  	3        	3       	0.5	0.674013	0.761901	0.079875             	0.5	0.669387	1  	0.145216
41 	346  	3        	3       	0.5	0.674013	0.761901	0.079875             	0.5	0.669387	1  	0.145216
42 	330  	3        	3       	0.5	0.674013	0.761901	0.079875             	0.5	0.669387	1  	0.145216
43 	342  	3        	3       	0.5	0.674013	0.761901	0.079875             	0.5	0.669387	1  	0.145216
44 	330  	3        	3       	0.5	0.674013	0.761901	0.079875             	0.5	0.669387	1  	0.145216
45 	333  	3        	3       	0.5	0.674013	0.761901	0.079875             	0.5	0.669387	1  	0.145216
46 	333  	3        	3       	0.5	0.674013	0.761901	0.079875             	0.5	0.669387	1  	0.145216
47 	337  	3        	3       	0.5	0.674013	0.761901	0.079875             	0.5	0.669387	1  	0.145216
48 	352  	3        	3       	0.5	0.674013	0.761901	0.079875             	0.5	0.669387	1  	0.145216
49 	348  	3        	3       	0.5	0.674013	0.761901	0.079875             	0.5	0.669387	1  	0.145216

ASSIGNING STRATA FOR MULTI-OUTCOME DATA KIRC_MV
Assigning strata for outcome named survival of type survival
Counts:
censored 0: 69
censored 1: 155
deceased 0: 44
deceased 1: 44
VIEW: LOG_MIRNA
   	     	         	        	       survival SKSurv Cox model concordance index       	                 root leanness                  
   	     	         	        	---------------------------------------------------------	------------------------------------------------
gen	evals	gen_feats	explored	min     	avg     	max     	std             	min     	avg     	max	std     
0  	0    	92       	92      	0.5     	0.754214	0.811373	0.058301        	0.2     	0.388649	1  	0.168531
1  	376  	191      	193     	0.459555	0.751957	0.811373	0.0505949       	0.2     	0.362968	1  	0.135866
2  	362  	191      	217     	0.5     	0.758665	0.811373	0.0463366       	0.196116	0.356528	1  	0.133866
3  	357  	197      	227     	0.5     	0.759915	0.811373	0.0461031       	0.2     	0.357573	1  	0.133194
4  	383  	194      	233     	0.5     	0.762294	0.811373	0.0453048       	0.2     	0.354245	1  	0.132343
5  	372  	193      	234     	0.5     	0.763991	0.811373	0.0450587       	0.2     	0.35123 	1  	0.132238
6  	370  	195      	234     	0.5     	0.764969	0.811373	0.0450963       	0.2     	0.349763	1  	0.132091
7  	391  	204      	234     	0.5     	0.765489	0.811373	0.0452654       	0.2     	0.349818	1  	0.132101
8  	371  	182      	234     	0.5     	0.766342	0.811373	0.0453437       	0.2     	0.348435	1  	0.132105
9  	378  	190      	234     	0.5     	0.767434	0.813143	0.0448985       	0.2     	0.346221	1  	0.131362
10 	390  	196      	234     	0.5     	0.767312	0.816392	0.0453985       	0.2     	0.347216	1  	0.132203
11 	377  	198      	234     	0.5     	0.767183	0.816392	0.0456219       	0.2     	0.348704	1  	0.132228
12 	392  	188      	234     	0.5     	0.767055	0.816392	0.0455934       	0.2     	0.349947	1  	0.132062
13 	359  	185      	234     	0.5     	0.768309	0.816392	0.0451528       	0.2     	0.347211	1  	0.131412
14 	388  	202      	234     	0.5     	0.7688  	0.816392	0.0451021       	0.2     	0.346567	1  	0.131069
15 	387  	200      	234     	0.5     	0.76886 	0.816392	0.0451833       	0.2     	0.346844	1  	0.130991
16 	379  	198      	234     	0.5     	0.769214	0.816699	0.045349        	0.2     	0.346537	1  	0.131099
17 	378  	194      	234     	0.5     	0.769493	0.816699	0.0454568       	0.2     	0.346426	1  	0.131196
18 	369  	194      	234     	0.5     	0.769785	0.816699	0.0456214       	0.2     	0.345907	1  	0.131529
19 	389  	192      	234     	0.5     	0.770232	0.816699	0.0457332       	0.2     	0.345098	1  	0.131644
20 	370  	187      	234     	0.5     	0.769993	0.816699	0.0457508       	0.2     	0.346294	1  	0.131293
21 	378  	198      	234     	0.5     	0.770412	0.818601	0.0459488       	0.2     	0.345654	1  	0.131629
22 	378  	202      	234     	0.5     	0.771039	0.818601	0.0460015       	0.2     	0.344318	1  	0.131886
23 	379  	195      	234     	0.5     	0.771222	0.81904 	0.0456266       	0.2     	0.344386	1  	0.130847
24 	376  	186      	234     	0.5     	0.771834	0.81904 	0.0457757       	0.2     	0.343114	1  	0.131138
25 	376  	191      	234     	0.5     	0.772539	0.81904 	0.0457143       	0.2     	0.341628	1  	0.13115 
26 	371  	186      	234     	0.5     	0.772748	0.822492	0.0458526       	0.2     	0.34113 	1  	0.131535
27 	380  	201      	234     	0.5     	0.772873	0.822492	0.0459108       	0.2     	0.341167	1  	0.131453
28 	390  	198      	234     	0.5     	0.773849	0.823668	0.0460205       	0.2     	0.338654	1  	0.131723
29 	380  	185      	234     	0.5     	0.774757	0.823668	0.0457022       	0.2     	0.336482	1  	0.131149
30 	354  	184      	234     	0.5     	0.775018	0.823668	0.0458934       	0.196116	0.336205	1  	0.13141 
31 	373  	182      	234     	0.5     	0.77551 	0.823668	0.0462168       	0.196116	0.335361	1  	0.131987
32 	387  	197      	234     	0.5     	0.776105	0.823668	0.0461895       	0.19245 	0.333778	1  	0.131894
33 	387  	192      	234     	0.5     	0.776313	0.823668	0.0463804       	0.19245 	0.33362 	1  	0.132219
34 	382  	197      	234     	0.5     	0.776558	0.823668	0.046153        	0.19245 	0.333292	1  	0.131679
35 	397  	189      	234     	0.5     	0.776462	0.823668	0.0471148       	0.19245 	0.333577	1  	0.132903
36 	384  	185      	234     	0.5     	0.776855	0.823668	0.0469827       	0.19245 	0.332677	1  	0.133023
37 	366  	191      	234     	0.5     	0.777919	0.823668	0.0463193       	0.19245 	0.330035	1  	0.132113
38 	378  	189      	234     	0.5     	0.778054	0.823668	0.0463943       	0.19245 	0.330279	1  	0.131907
39 	360  	186      	234     	0.5     	0.778178	0.823668	0.0464636       	0.19245 	0.33035 	1  	0.131852
40 	382  	191      	234     	0.5     	0.778337	0.825316	0.0465767       	0.19245 	0.330194	1  	0.131963
41 	376  	189      	234     	0.5     	0.778534	0.825316	0.0466941       	0.19245 	0.329991	1  	0.132096
42 	348  	197      	234     	0.5     	0.780225	0.825316	0.0462646       	0.19245 	0.325596	1  	0.131284
43 	384  	184      	234     	0.5     	0.780532	0.825316	0.046408        	0.19245 	0.324974	1  	0.131604
44 	355  	184      	234     	0.5     	0.780793	0.831735	0.0465276       	0.19245 	0.324486	1  	0.131931
45 	377  	200      	234     	0.5     	0.781299	0.831735	0.0464772       	0.19245 	0.323416	1  	0.131529
46 	388  	192      	234     	0.5     	0.780962	0.831735	0.0466181       	0.19245 	0.324953	1  	0.131505
47 	386  	190      	234     	0.5     	0.782575	0.836471	0.0462456       	0.19245 	0.320779	1  	0.130814
48 	373  	189      	234     	0.5     	0.782845	0.836471	0.0462806       	0.19245 	0.320352	1  	0.13068 
49 	380  	191      	234     	0.5     	0.783072	0.836471	0.0463958       	0.19245 	0.320081	1  	0.130751

STARTING MASTER RUNNER RESAMPLING
Generations completed = 7
Generations completed = 17
Generations completed = 27
Generations completed = 37
Generations completed = 47
MASTER
   	     	         	        	       survival SKSurv Cox model concordance index       	                     root leanness                      
   	     	         	        	---------------------------------------------------------	--------------------------------------------------------
gen	evals	gen_feats	explored	min     	avg     	max     	std             	min     	avg     	max     	std     
0  	500  	115      	115     	0.596667	0.784397	0.838179	0.0356376       	0.182574	0.295007	0.707107	0.100194
1  	410  	116      	128     	0.633282	0.79086 	0.844749	0.0352969       	0.19245 	0.319304	0.707107	0.102774
2  	384  	116      	128     	0.633282	0.79645 	0.844749	0.0347241       	0.188982	0.319218	0.707107	0.104415
3  	408  	115      	130     	0.633282	0.799293	0.844749	0.0351128       	0.188982	0.320465	0.707107	0.10639 
4  	394  	107      	132     	0.630566	0.800072	0.844749	0.0370517       	0.188982	0.323915	0.707107	0.109654
5  	410  	107      	132     	0.5     	0.80129 	0.844749	0.0384468       	0.188982	0.324973	1       	0.114316
6  	402  	113      	134     	0.5     	0.801461	0.844749	0.0383418       	0.188982	0.327896	1       	0.115681
7  	398  	103      	134     	0.5     	0.801701	0.844749	0.0393122       	0.196116	0.330206	1       	0.117675
8  	398  	104      	134     	0.5     	0.802031	0.844749	0.0396233       	0.196116	0.331062	1       	0.118414
9  	408  	111      	134     	0.5     	0.802395	0.844749	0.0402561       	0.196116	0.331314	1       	0.120282
10 	406  	105      	134     	0.5     	0.801904	0.844749	0.041634        	0.196116	0.333817	1       	0.122919
11 	405  	106      	134     	0.5     	0.802422	0.844749	0.0414095       	0.196116	0.333462	1       	0.122406
12 	414  	108      	134     	0.5     	0.802351	0.844749	0.0419314       	0.196116	0.334443	1       	0.123367
13 	401  	104      	134     	0.5     	0.802529	0.844749	0.0419796       	0.196116	0.33438 	1       	0.123429
14 	408  	113      	134     	0.5     	0.802767	0.844749	0.0418416       	0.196116	0.334071	1       	0.123513
15 	409  	116      	134     	0.5     	0.80273 	0.844749	0.0423496       	0.196116	0.334275	1       	0.124572
16 	407  	108      	134     	0.5     	0.802444	0.844749	0.0429338       	0.196116	0.335128	1       	0.125313
17 	406  	113      	134     	0.5     	0.801834	0.844749	0.0442757       	0.196116	0.336692	1       	0.128072
18 	388  	108      	134     	0.5     	0.801448	0.844749	0.0449643       	0.196116	0.337689	1       	0.129025
19 	398  	111      	134     	0.5     	0.801536	0.844749	0.0449305       	0.196116	0.337558	1       	0.129096
20 	422  	115      	134     	0.5     	0.801064	0.844749	0.0456015       	0.196116	0.338755	1       	0.129896
21 	415  	109      	134     	0.5     	0.801079	0.844749	0.0455947       	0.196116	0.338818	1       	0.129854
22 	414  	113      	134     	0.5     	0.801087	0.844749	0.0455947       	0.196116	0.338818	1       	0.129854
23 	411  	108      	134     	0.5     	0.801105	0.844749	0.0455873       	0.196116	0.338818	1       	0.129854
24 	403  	103      	134     	0.5     	0.801142	0.844749	0.0456059       	0.196116	0.33872 	1       	0.129926
25 	411  	114      	134     	0.5     	0.801169	0.844749	0.0456068       	0.196116	0.338664	1       	0.129945
26 	407  	109      	134     	0.5     	0.801176	0.844749	0.0456107       	0.196116	0.338629	1       	0.129975
27 	404  	111      	134     	0.5     	0.801176	0.844749	0.0456111       	0.196116	0.338651	1       	0.129955
28 	407  	102      	134     	0.5     	0.801149	0.844749	0.0456036       	0.196116	0.338809	1       	0.129856
29 	408  	111      	134     	0.5     	0.80118 	0.844749	0.0456127       	0.196116	0.338706	1       	0.129906
30 	401  	109      	134     	0.5     	0.801157	0.844749	0.0456084       	0.196116	0.338745	1       	0.129914
31 	414  	112      	134     	0.5     	0.801219	0.844749	0.0456299       	0.196116	0.338607	1       	0.129979
32 	407  	106      	134     	0.5     	0.80079 	0.844749	0.0463375       	0.196116	0.339524	1       	0.130915
33 	394  	107      	134     	0.5     	0.800809	0.844749	0.0462666       	0.196116	0.339685	1       	0.130854
34 	419  	115      	134     	0.5     	0.800844	0.844749	0.0462001       	0.196116	0.339705	1       	0.130843
35 	405  	107      	134     	0.5     	0.800833	0.844749	0.0461953       	0.196116	0.33974 	1       	0.130822
36 	400  	98       	134     	0.5     	0.800859	0.844749	0.0462077       	0.196116	0.339664	1       	0.130875
37 	403  	95       	134     	0.5     	0.80088 	0.844749	0.0462131       	0.196116	0.339573	1       	0.130924
38 	404  	104      	134     	0.5     	0.800891	0.844749	0.0462176       	0.196116	0.339539	1       	0.130945
39 	397  	112      	134     	0.5     	0.800922	0.844749	0.0462268       	0.196116	0.339387	1       	0.131003
40 	410  	111      	134     	0.5     	0.800922	0.844749	0.0462268       	0.196116	0.339387	1       	0.131003
41 	413  	109      	134     	0.5     	0.800904	0.844749	0.0462241       	0.196116	0.339499	1       	0.130974
42 	400  	108      	134     	0.5     	0.800897	0.844749	0.0462221       	0.196116	0.339519	1       	0.130964
43 	398  	113      	134     	0.5     	0.800887	0.844749	0.0462192       	0.2     	0.339705	1       	0.130807
44 	416  	102      	134     	0.5     	0.800895	0.844749	0.046224        	0.2     	0.339676	1       	0.130828
45 	412  	113      	134     	0.5     	0.800855	0.844749	0.0462101       	0.2     	0.339808	1       	0.130757
46 	403  	104      	134     	0.5     	0.80084 	0.844749	0.0462016       	0.2     	0.339849	1       	0.130725
47 	407  	107      	134     	0.5     	0.80088 	0.844749	0.0462155       	0.2     	0.339717	1       	0.130797
48 	403  	108      	134     	0.5     	0.800885	0.844749	0.0462187       	0.2     	0.339705	1       	0.130807
49 	412  	113      	134     	0.5     	0.800873	0.844749	0.0462113       	0.2     	0.339731	1       	0.130786

CURRENT HALLS OF FAME

PARETO FRONT
Number of solutions = 16
(0.845750656823213, 0.22941573387056177) 18 features: [0_age_at_initial_pathologic_diagnosis, 0_ajcc_pathologic_tumor_stage_Stage I, 0_ajcc_pathologic_tumor_stage_Stage IV, 1_hsa.miR.10b.3p, 1_hsa.miR.144.5p, 1_hsa.miR.18a.5p, 1_hsa.miR.204.5p, 1_hsa.miR.2355.5p, 1_hsa.miR.296.5p, 1_hsa.miR.34c.3p, 1_hsa.miR.3614.5p, 1_hsa.miR.3922.3p, 1_hsa.miR.502.3p, 1_hsa.miR.514a.5p, 1_hsa.miR.590.3p, 1_hsa.miR.625.3p, 1_hsa.miR.6715b.3p, 1_hsa.miR.7704]
(0.8447744478326386, 0.23570226039551584) 17 features: [0_age_at_initial_pathologic_diagnosis, 0_ajcc_pathologic_tumor_stage_Stage IV, 1_hsa.miR.10b.3p, 1_hsa.miR.144.5p, 1_hsa.miR.18a.5p, 1_hsa.miR.204.5p, 1_hsa.miR.2355.5p, 1_hsa.miR.296.5p, 1_hsa.miR.34c.3p, 1_hsa.miR.3614.5p, 1_hsa.miR.3922.3p, 1_hsa.miR.502.3p, 1_hsa.miR.514a.5p, 1_hsa.miR.590.3p, 1_hsa.miR.625.3p, 1_hsa.miR.6715b.3p, 1_hsa.miR.7704]
(0.8445344466070331, 0.25) 15 features: [0_age_at_initial_pathologic_diagnosis, 0_ajcc_pathologic_tumor_stage_Stage IV, 1_hsa.miR.144.5p, 1_hsa.miR.18a.5p, 1_hsa.miR.192.3p, 1_hsa.miR.204.5p, 1_hsa.miR.2355.5p, 1_hsa.miR.296.5p, 1_hsa.miR.34c.3p, 1_hsa.miR.3614.5p, 1_hsa.miR.3922.3p, 1_hsa.miR.502.3p, 1_hsa.miR.514a.5p, 1_hsa.miR.590.3p, 1_hsa.miR.7704]
(0.8373382206120689, 0.2581988897471611) 14 features: [0_age_at_initial_pathologic_diagnosis, 0_ajcc_pathologic_tumor_stage_Stage IV, 1_hsa.miR.144.5p, 1_hsa.miR.18a.5p, 1_hsa.miR.204.5p, 1_hsa.miR.215.5p, 1_hsa.miR.2355.5p, 1_hsa.miR.296.5p, 1_hsa.miR.34b.3p, 1_hsa.miR.3614.5p, 1_hsa.miR.3922.3p, 1_hsa.miR.502.3p, 1_hsa.miR.590.3p, 1_hsa.miR.7704]
(0.82927125414346, 0.2672612419124244) 13 features: [0_age_at_initial_pathologic_diagnosis, 0_ajcc_pathologic_tumor_stage_Stage IV, 1_hsa.miR.144.5p, 1_hsa.miR.18a.5p, 1_hsa.miR.204.5p, 1_hsa.miR.2355.5p, 1_hsa.miR.296.5p, 1_hsa.miR.34c.3p, 1_hsa.miR.3614.5p, 1_hsa.miR.3922.3p, 1_hsa.miR.502.3p, 1_hsa.miR.590.3p, 1_hsa.miR.7704]
(0.8274864997948207, 0.2773500981126146) 12 features: [0_age_at_initial_pathologic_diagnosis, 0_ajcc_pathologic_tumor_stage_Stage IV, 1_hsa.miR.144.5p, 1_hsa.miR.18a.5p, 1_hsa.miR.204.5p, 1_hsa.miR.2355.5p, 1_hsa.miR.296.5p, 1_hsa.miR.34c.3p, 1_hsa.miR.3614.5p, 1_hsa.miR.3922.3p, 1_hsa.miR.502.3p, 1_hsa.miR.590.3p]
(0.8206885252290351, 0.28867513459481287) 11 features: [0_age_at_initial_pathologic_diagnosis, 0_ajcc_pathologic_tumor_stage_Stage IV, 1_hsa.miR.144.5p, 1_hsa.miR.18a.5p, 1_hsa.miR.204.5p, 1_hsa.miR.2355.5p, 1_hsa.miR.34c.3p, 1_hsa.miR.3614.5p, 1_hsa.miR.3922.3p, 1_hsa.miR.502.3p, 1_hsa.miR.590.3p]
(0.8182225329695999, 0.30151134457776363) 10 features: [0_age_at_initial_pathologic_diagnosis, 0_ajcc_pathologic_tumor_stage_Stage IV, 1_hsa.miR.10b.3p, 1_hsa.miR.144.5p, 1_hsa.miR.194.3p, 1_hsa.miR.204.5p, 1_hsa.miR.296.5p, 1_hsa.miR.590.3p, 1_hsa.miR.7704, 1_hsa.miR.302b.3p]
(0.8163392496042787, 0.3535533905932738) 7 features: [0_age_at_initial_pathologic_diagnosis, 0_ajcc_pathologic_tumor_stage_Stage I, 0_ajcc_pathologic_tumor_stage_Stage IV, 1_hsa.miR.10b.3p, 1_hsa.miR.215.5p, 1_hsa.miR.296.5p, 1_hsa.miR.590.3p]
(0.8135413222589065, 0.3779644730092272) 6 features: [0_age_at_initial_pathologic_diagnosis, 0_ajcc_pathologic_tumor_stage_Stage I, 0_ajcc_pathologic_tumor_stage_Stage IV, 1_hsa.miR.215.5p, 1_hsa.miR.296.5p, 1_hsa.miR.590.3p]
(0.8093054950058657, 0.408248290463863) 5 features: [0_age_at_initial_pathologic_diagnosis, 0_ajcc_pathologic_tumor_stage_Stage IV, 1_hsa.miR.215.5p, 1_hsa.miR.296.5p, 1_hsa.miR.590.3p]
(0.7934469351782046, 0.4472135954999579) 4 features: [0_age_at_initial_pathologic_diagnosis, 0_ajcc_pathologic_tumor_stage_Stage IV, 1_hsa.miR.130b.3p, 1_hsa.miR.192.5p]
(0.7792688817127758, 0.5) [0_age_at_initial_pathologic_diagnosis, 0_ajcc_pathologic_tumor_stage_Stage IV, 1_hsa.miR.130b.3p]
(0.7541420497393759, 0.5773502691896257) [0_age_at_initial_pathologic_diagnosis, 0_ajcc_pathologic_tumor_stage_Stage IV]
(0.6751602149392569, 0.7071067811865476) [1_hsa.miR.130b.3p]
(0.5, 1.0) []
Features in hall of fame by prevalence:
25 features: [0_age_at_initial_pathologic_diagnosis, 0_ajcc_pathologic_tumor_stage_Stage IV, 1_hsa.miR.590.3p, 1_hsa.miR.296.5p, 1_hsa.miR.144.5p, 1_hsa.miR.204.5p, 1_hsa.miR.18a.5p, 1_hsa.miR.2355.5p, 1_hsa.miR.3614.5p, 1_hsa.miR.3922.3p, 1_hsa.miR.502.3p, 1_hsa.miR.34c.3p, 1_hsa.miR.7704, 1_hsa.miR.10b.3p, 1_hsa.miR.215.5p, 0_ajcc_pathologic_tumor_stage_Stage I, 1_hsa.miR.130b.3p, 1_hsa.miR.514a.5p, 1_hsa.miR.625.3p, 1_hsa.miR.6715b.3p, 1_hsa.miR.192.3p, 1_hsa.miR.192.5p, 1_hsa.miR.194.3p, 1_hsa.miR.34b.3p, 1_hsa.miR.302b.3p]

LAST POPULATION
Number of solutions = 500
Features in hall of fame by prevalence:
86 features: [0_ajcc_pathologic_tumor_stage_Stage IV, 0_age_at_initial_pathologic_diagnosis, 1_hsa.miR.144.5p, 1_hsa.miR.18a.5p, 1_hsa.miR.590.3p, 1_hsa.miR.2355.5p, 1_hsa.miR.3614.5p, 1_hsa.miR.34c.3p, 1_hsa.miR.204.5p, 1_hsa.miR.7704, 1_hsa.miR.3922.3p, 1_hsa.miR.296.5p, 1_hsa.miR.502.3p, 0_ajcc_pathologic_tumor_stage_Stage I, 1_hsa.miR.514a.5p, 1_hsa.miR.656.3p, 1_hsa.miR.766.3p, 1_hsa.miR.10b.3p, 1_hsa.miR.511.5p, 1_hsa.miR.194.3p, 1_hsa.miR.520a.3p, 1_hsa.miR.6715b.3p, 1_hsa.miR.138.5p, 1_hsa.miR.3607.3p, 1_hsa.miR.1248, 1_hsa.miR.6503.5p, 1_hsa.miR.34b.3p, 1_hsa.miR.130b.3p, 1_hsa.miR.625.3p, 1_hsa.miR.215.5p, 1_hsa.miR.4677.3p, 1_hsa.miR.149.5p, 1_hsa.miR.302b.3p, 1_hsa.miR.21.3p, 1_hsa.miR.1228.3p, 1_hsa.miR.10a.5p, 1_hsa.miR.21.5p, 1_hsa.miR.485.3p, 1_hsa.miR.1269a, 1_hsa.miR.214.3p, 1_hsa.miR.192.3p, 1_hsa.miR.616.5p, 1_hsa.miR.376a.3p, 1_hsa.miR.381.3p, 1_hsa.miR.194.5p, 1_hsa.miR.34c.5p, 1_hsa.miR.10b.5p, 1_hsa.miR.191.5p, 1_hsa.miR.222.3p, 1_hsa.miR.223.3p, 1_hsa.miR.376a.5p, 1_hsa.miR.376b.3p, 1_hsa.miR.92b.3p, 1_hsa.miR.101.3p, 1_hsa.miR.135b.3p, 1_hsa.miR.146b.5p, 1_hsa.miR.192.5p, 1_hsa.miR.30e.3p, 1_hsa.miR.3648, 1_hsa.miR.616.3p, 1_hsa.miR.671.5p, 1_hsa.let.7b.5p, 1_hsa.miR.151b, 1_hsa.miR.24.1.5p, 1_hsa.miR.362.3p, 1_hsa.miR.93.5p, 1_hsa.miR.9.5p, 1_hsa.miR.106b.5p, 1_hsa.miR.1197, 1_hsa.miR.1254, 1_hsa.miR.1307.3p, 1_hsa.miR.130b.5p, 1_hsa.miR.145.5p, 1_hsa.miR.15b.5p, 1_hsa.miR.22.5p, 1_hsa.miR.23b.3p, 1_hsa.miR.34b.5p, 1_hsa.miR.3651, 1_hsa.miR.423.3p, 1_hsa.miR.454.3p, 1_hsa.miR.494.3p, 1_hsa.miR.548f.3p, 1_hsa.miR.550a.5p, 1_hsa.miR.574.3p, 1_hsa.miR.590.5p, 1_hsa.miR.7.5p]

BEST SUMS WITH SIZE 50
Number of solutions = 50
Features in hall of fame by prevalence:
36 features: [0_ajcc_pathologic_tumor_stage_Stage IV, 0_age_at_initial_pathologic_diagnosis, 1_hsa.miR.1248, 1_hsa.miR.130b.3p, 1_hsa.miR.139.3p, 1_hsa.miR.146b.5p, 1_hsa.miR.18a.5p, 1_hsa.miR.194.3p, 1_hsa.miR.194.5p, 1_hsa.miR.21.5p, 1_hsa.miR.296.5p, 1_hsa.miR.34c.3p, 1_hsa.miR.34c.5p, 1_hsa.miR.92b.3p, 0_ajcc_pathologic_tumor_stage_Stage I, 1_hsa.miR.101.3p, 1_hsa.miR.10b.3p, 1_hsa.miR.10b.5p, 1_hsa.miR.130a.3p, 1_hsa.miR.130b.5p, 1_hsa.miR.144.5p, 1_hsa.miR.149.5p, 1_hsa.miR.192.5p, 1_hsa.miR.215.5p, 1_hsa.miR.221.3p, 1_hsa.miR.222.3p, 1_hsa.miR.223.3p, 1_hsa.miR.23b.3p, 1_hsa.miR.24.1.5p, 1_hsa.miR.296.3p, 1_hsa.miR.301b, 1_hsa.miR.30e.3p, 1_hsa.miR.425.3p, 1_hsa.miR.616.5p, 1_hsa.miR.671.5p, 1_hsa.miR.96.5p]

BEST SUMS WITH SIZE 100
Number of solutions = 100
Features in hall of fame by prevalence:
37 features: [0_ajcc_pathologic_tumor_stage_Stage IV, 0_ajcc_pathologic_tumor_stage_Stage I, 1_hsa.miR.130b.3p, 0_age_at_initial_pathologic_diagnosis, 1_hsa.miR.10b.3p, 1_hsa.miR.194.3p, 1_hsa.miR.223.3p, 1_hsa.miR.101.3p, 1_hsa.miR.10b.5p, 1_hsa.miR.1248, 1_hsa.miR.146b.5p, 1_hsa.miR.149.5p, 1_hsa.miR.18a.5p, 1_hsa.miR.192.5p, 1_hsa.miR.194.5p, 1_hsa.miR.215.5p, 1_hsa.miR.21.5p, 1_hsa.miR.221.3p, 1_hsa.miR.222.3p, 1_hsa.miR.296.5p, 1_hsa.miR.301b, 1_hsa.miR.30e.3p, 1_hsa.miR.34c.3p, 1_hsa.miR.34c.5p, 1_hsa.miR.671.5p, 1_hsa.miR.92b.3p, 1_hsa.miR.130a.3p, 1_hsa.miR.130b.5p, 1_hsa.miR.139.3p, 1_hsa.miR.144.5p, 1_hsa.miR.23b.3p, 1_hsa.miR.24.1.5p, 1_hsa.miR.296.3p, 1_hsa.miR.425.3p, 1_hsa.miR.616.5p, 1_hsa.miR.96.5p, 1_hsa.miR.1307.3p]
Sweeping genetic algorithm multi-view multi-objective optimizer with resampling (MO-3-folds creator, pop 500, uniform(0, 50), gen [50,50,50], sort NSGA3CICR, crossover 0.33, mutation 1.0 symmetric flip) with (multi-view lasso FI, multi-view Cox FI) final optimization execution time = 00-09:23:39

FEATURE SETS SELECTED ON WHOLE DATASET

PARETO FRONT
Number of solutions = 16
(0.845750656823213, 0.22941573387056177) 18 features: [0_age_at_initial_pathologic_diagnosis, 0_ajcc_pathologic_tumor_stage_Stage I, 0_ajcc_pathologic_tumor_stage_Stage IV, 1_hsa.miR.10b.3p, 1_hsa.miR.144.5p, 1_hsa.miR.18a.5p, 1_hsa.miR.204.5p, 1_hsa.miR.2355.5p, 1_hsa.miR.296.5p, 1_hsa.miR.34c.3p, 1_hsa.miR.3614.5p, 1_hsa.miR.3922.3p, 1_hsa.miR.502.3p, 1_hsa.miR.514a.5p, 1_hsa.miR.590.3p, 1_hsa.miR.625.3p, 1_hsa.miR.6715b.3p, 1_hsa.miR.7704]
(0.8447744478326386, 0.23570226039551584) 17 features: [0_age_at_initial_pathologic_diagnosis, 0_ajcc_pathologic_tumor_stage_Stage IV, 1_hsa.miR.10b.3p, 1_hsa.miR.144.5p, 1_hsa.miR.18a.5p, 1_hsa.miR.204.5p, 1_hsa.miR.2355.5p, 1_hsa.miR.296.5p, 1_hsa.miR.34c.3p, 1_hsa.miR.3614.5p, 1_hsa.miR.3922.3p, 1_hsa.miR.502.3p, 1_hsa.miR.514a.5p, 1_hsa.miR.590.3p, 1_hsa.miR.625.3p, 1_hsa.miR.6715b.3p, 1_hsa.miR.7704]
(0.8445344466070331, 0.25) 15 features: [0_age_at_initial_pathologic_diagnosis, 0_ajcc_pathologic_tumor_stage_Stage IV, 1_hsa.miR.144.5p, 1_hsa.miR.18a.5p, 1_hsa.miR.192.3p, 1_hsa.miR.204.5p, 1_hsa.miR.2355.5p, 1_hsa.miR.296.5p, 1_hsa.miR.34c.3p, 1_hsa.miR.3614.5p, 1_hsa.miR.3922.3p, 1_hsa.miR.502.3p, 1_hsa.miR.514a.5p, 1_hsa.miR.590.3p, 1_hsa.miR.7704]
(0.8373382206120689, 0.2581988897471611) 14 features: [0_age_at_initial_pathologic_diagnosis, 0_ajcc_pathologic_tumor_stage_Stage IV, 1_hsa.miR.144.5p, 1_hsa.miR.18a.5p, 1_hsa.miR.204.5p, 1_hsa.miR.215.5p, 1_hsa.miR.2355.5p, 1_hsa.miR.296.5p, 1_hsa.miR.34b.3p, 1_hsa.miR.3614.5p, 1_hsa.miR.3922.3p, 1_hsa.miR.502.3p, 1_hsa.miR.590.3p, 1_hsa.miR.7704]
(0.82927125414346, 0.2672612419124244) 13 features: [0_age_at_initial_pathologic_diagnosis, 0_ajcc_pathologic_tumor_stage_Stage IV, 1_hsa.miR.144.5p, 1_hsa.miR.18a.5p, 1_hsa.miR.204.5p, 1_hsa.miR.2355.5p, 1_hsa.miR.296.5p, 1_hsa.miR.34c.3p, 1_hsa.miR.3614.5p, 1_hsa.miR.3922.3p, 1_hsa.miR.502.3p, 1_hsa.miR.590.3p, 1_hsa.miR.7704]
(0.8274864997948207, 0.2773500981126146) 12 features: [0_age_at_initial_pathologic_diagnosis, 0_ajcc_pathologic_tumor_stage_Stage IV, 1_hsa.miR.144.5p, 1_hsa.miR.18a.5p, 1_hsa.miR.204.5p, 1_hsa.miR.2355.5p, 1_hsa.miR.296.5p, 1_hsa.miR.34c.3p, 1_hsa.miR.3614.5p, 1_hsa.miR.3922.3p, 1_hsa.miR.502.3p, 1_hsa.miR.590.3p]
(0.8206885252290351, 0.28867513459481287) 11 features: [0_age_at_initial_pathologic_diagnosis, 0_ajcc_pathologic_tumor_stage_Stage IV, 1_hsa.miR.144.5p, 1_hsa.miR.18a.5p, 1_hsa.miR.204.5p, 1_hsa.miR.2355.5p, 1_hsa.miR.34c.3p, 1_hsa.miR.3614.5p, 1_hsa.miR.3922.3p, 1_hsa.miR.502.3p, 1_hsa.miR.590.3p]
(0.8182225329695999, 0.30151134457776363) 10 features: [0_age_at_initial_pathologic_diagnosis, 0_ajcc_pathologic_tumor_stage_Stage IV, 1_hsa.miR.10b.3p, 1_hsa.miR.144.5p, 1_hsa.miR.194.3p, 1_hsa.miR.204.5p, 1_hsa.miR.296.5p, 1_hsa.miR.590.3p, 1_hsa.miR.7704, 1_hsa.miR.302b.3p]
(0.8163392496042787, 0.3535533905932738) 7 features: [0_age_at_initial_pathologic_diagnosis, 0_ajcc_pathologic_tumor_stage_Stage I, 0_ajcc_pathologic_tumor_stage_Stage IV, 1_hsa.miR.10b.3p, 1_hsa.miR.215.5p, 1_hsa.miR.296.5p, 1_hsa.miR.590.3p]
(0.8135413222589065, 0.3779644730092272) 6 features: [0_age_at_initial_pathologic_diagnosis, 0_ajcc_pathologic_tumor_stage_Stage I, 0_ajcc_pathologic_tumor_stage_Stage IV, 1_hsa.miR.215.5p, 1_hsa.miR.296.5p, 1_hsa.miR.590.3p]
(0.8093054950058657, 0.408248290463863) 5 features: [0_age_at_initial_pathologic_diagnosis, 0_ajcc_pathologic_tumor_stage_Stage IV, 1_hsa.miR.215.5p, 1_hsa.miR.296.5p, 1_hsa.miR.590.3p]
(0.7934469351782046, 0.4472135954999579) 4 features: [0_age_at_initial_pathologic_diagnosis, 0_ajcc_pathologic_tumor_stage_Stage IV, 1_hsa.miR.130b.3p, 1_hsa.miR.192.5p]
(0.7792688817127758, 0.5) [0_age_at_initial_pathologic_diagnosis, 0_ajcc_pathologic_tumor_stage_Stage IV, 1_hsa.miR.130b.3p]
(0.7541420497393759, 0.5773502691896257) [0_age_at_initial_pathologic_diagnosis, 0_ajcc_pathologic_tumor_stage_Stage IV]
(0.6751602149392569, 0.7071067811865476) [1_hsa.miR.130b.3p]
(0.5, 1.0) []
Features in hall of fame by prevalence:
25 features: [0_age_at_initial_pathologic_diagnosis, 0_ajcc_pathologic_tumor_stage_Stage IV, 1_hsa.miR.590.3p, 1_hsa.miR.296.5p, 1_hsa.miR.144.5p, 1_hsa.miR.204.5p, 1_hsa.miR.18a.5p, 1_hsa.miR.2355.5p, 1_hsa.miR.3614.5p, 1_hsa.miR.3922.3p, 1_hsa.miR.502.3p, 1_hsa.miR.34c.3p, 1_hsa.miR.7704, 1_hsa.miR.10b.3p, 1_hsa.miR.215.5p, 0_ajcc_pathologic_tumor_stage_Stage I, 1_hsa.miR.130b.3p, 1_hsa.miR.514a.5p, 1_hsa.miR.625.3p, 1_hsa.miR.6715b.3p, 1_hsa.miR.192.3p, 1_hsa.miR.192.5p, 1_hsa.miR.194.3p, 1_hsa.miR.34b.3p, 1_hsa.miR.302b.3p]

LAST POPULATION
Number of solutions = 500
Features in hall of fame by prevalence:
86 features: [0_ajcc_pathologic_tumor_stage_Stage IV, 0_age_at_initial_pathologic_diagnosis, 1_hsa.miR.144.5p, 1_hsa.miR.18a.5p, 1_hsa.miR.590.3p, 1_hsa.miR.2355.5p, 1_hsa.miR.3614.5p, 1_hsa.miR.34c.3p, 1_hsa.miR.204.5p, 1_hsa.miR.7704, 1_hsa.miR.3922.3p, 1_hsa.miR.296.5p, 1_hsa.miR.502.3p, 0_ajcc_pathologic_tumor_stage_Stage I, 1_hsa.miR.514a.5p, 1_hsa.miR.656.3p, 1_hsa.miR.766.3p, 1_hsa.miR.10b.3p, 1_hsa.miR.511.5p, 1_hsa.miR.194.3p, 1_hsa.miR.520a.3p, 1_hsa.miR.6715b.3p, 1_hsa.miR.138.5p, 1_hsa.miR.3607.3p, 1_hsa.miR.1248, 1_hsa.miR.6503.5p, 1_hsa.miR.34b.3p, 1_hsa.miR.130b.3p, 1_hsa.miR.625.3p, 1_hsa.miR.215.5p, 1_hsa.miR.4677.3p, 1_hsa.miR.149.5p, 1_hsa.miR.302b.3p, 1_hsa.miR.21.3p, 1_hsa.miR.1228.3p, 1_hsa.miR.10a.5p, 1_hsa.miR.21.5p, 1_hsa.miR.485.3p, 1_hsa.miR.1269a, 1_hsa.miR.214.3p, 1_hsa.miR.192.3p, 1_hsa.miR.616.5p, 1_hsa.miR.376a.3p, 1_hsa.miR.381.3p, 1_hsa.miR.194.5p, 1_hsa.miR.34c.5p, 1_hsa.miR.10b.5p, 1_hsa.miR.191.5p, 1_hsa.miR.222.3p, 1_hsa.miR.223.3p, 1_hsa.miR.376a.5p, 1_hsa.miR.376b.3p, 1_hsa.miR.92b.3p, 1_hsa.miR.101.3p, 1_hsa.miR.135b.3p, 1_hsa.miR.146b.5p, 1_hsa.miR.192.5p, 1_hsa.miR.30e.3p, 1_hsa.miR.3648, 1_hsa.miR.616.3p, 1_hsa.miR.671.5p, 1_hsa.let.7b.5p, 1_hsa.miR.151b, 1_hsa.miR.24.1.5p, 1_hsa.miR.362.3p, 1_hsa.miR.93.5p, 1_hsa.miR.9.5p, 1_hsa.miR.106b.5p, 1_hsa.miR.1197, 1_hsa.miR.1254, 1_hsa.miR.1307.3p, 1_hsa.miR.130b.5p, 1_hsa.miR.145.5p, 1_hsa.miR.15b.5p, 1_hsa.miR.22.5p, 1_hsa.miR.23b.3p, 1_hsa.miR.34b.5p, 1_hsa.miR.3651, 1_hsa.miR.423.3p, 1_hsa.miR.454.3p, 1_hsa.miR.494.3p, 1_hsa.miR.548f.3p, 1_hsa.miR.550a.5p, 1_hsa.miR.574.3p, 1_hsa.miR.590.5p, 1_hsa.miR.7.5p]

BEST SUMS WITH SIZE 50
Number of solutions = 50
Features in hall of fame by prevalence:
36 features: [0_ajcc_pathologic_tumor_stage_Stage IV, 0_age_at_initial_pathologic_diagnosis, 1_hsa.miR.1248, 1_hsa.miR.130b.3p, 1_hsa.miR.139.3p, 1_hsa.miR.146b.5p, 1_hsa.miR.18a.5p, 1_hsa.miR.194.3p, 1_hsa.miR.194.5p, 1_hsa.miR.21.5p, 1_hsa.miR.296.5p, 1_hsa.miR.34c.3p, 1_hsa.miR.34c.5p, 1_hsa.miR.92b.3p, 0_ajcc_pathologic_tumor_stage_Stage I, 1_hsa.miR.101.3p, 1_hsa.miR.10b.3p, 1_hsa.miR.10b.5p, 1_hsa.miR.130a.3p, 1_hsa.miR.130b.5p, 1_hsa.miR.144.5p, 1_hsa.miR.149.5p, 1_hsa.miR.192.5p, 1_hsa.miR.215.5p, 1_hsa.miR.221.3p, 1_hsa.miR.222.3p, 1_hsa.miR.223.3p, 1_hsa.miR.23b.3p, 1_hsa.miR.24.1.5p, 1_hsa.miR.296.3p, 1_hsa.miR.301b, 1_hsa.miR.30e.3p, 1_hsa.miR.425.3p, 1_hsa.miR.616.5p, 1_hsa.miR.671.5p, 1_hsa.miR.96.5p]

BEST SUMS WITH SIZE 100
Number of solutions = 100
Features in hall of fame by prevalence:
37 features: [0_ajcc_pathologic_tumor_stage_Stage IV, 0_ajcc_pathologic_tumor_stage_Stage I, 1_hsa.miR.130b.3p, 0_age_at_initial_pathologic_diagnosis, 1_hsa.miR.10b.3p, 1_hsa.miR.194.3p, 1_hsa.miR.223.3p, 1_hsa.miR.101.3p, 1_hsa.miR.10b.5p, 1_hsa.miR.1248, 1_hsa.miR.146b.5p, 1_hsa.miR.149.5p, 1_hsa.miR.18a.5p, 1_hsa.miR.192.5p, 1_hsa.miR.194.5p, 1_hsa.miR.215.5p, 1_hsa.miR.21.5p, 1_hsa.miR.221.3p, 1_hsa.miR.222.3p, 1_hsa.miR.296.5p, 1_hsa.miR.301b, 1_hsa.miR.30e.3p, 1_hsa.miR.34c.3p, 1_hsa.miR.34c.5p, 1_hsa.miR.671.5p, 1_hsa.miR.92b.3p, 1_hsa.miR.130a.3p, 1_hsa.miR.130b.5p, 1_hsa.miR.139.3p, 1_hsa.miR.144.5p, 1_hsa.miR.23b.3p, 1_hsa.miR.24.1.5p, 1_hsa.miR.296.3p, 1_hsa.miR.425.3p, 1_hsa.miR.616.5p, 1_hsa.miR.96.5p, 1_hsa.miR.1307.3p]

SAVING FEATURES AND FITNESSES FOR EACH SELECTED INDIVIDUAL TO FILES.
